840.51 70.51 0.05 10238.16
224.84 342.44 0.47 2137.45
198.92 395.29 0.39 10734.11
614.91 673.72 0.27 10778.94
969.36 627.84 0.15 4768.09
712.69 620.82 0.36 4088.44
822.58 300.88 0.25 6515.67
701.86 547.32 0.52 7904.11
302.63 590.87 0.54 1266.81
57.26 511.50 0.60 1577.19
378.58 95.62 0.19 2665.29
240.05 13.87 0.23 5844.54
644.31 899.30 0.18 9747.89
144.26 521.31 0.08 8981.82
556.44 657.97 0.12 4059.17
211.43 429.42 0.12 7506.74
864.91 906.06 0.55 5226.23
905.20 778.53 0.26 4767.24
138.32 822.12 0.41 2184.64
413.32 547.39 0.40 651.29
179.51 984.42 0.48 2734.61
598.18 606.01 0.37 1753.89
60.07 564.04 0.55 6134.19
889.25 904.93 0.57 9076.46
960.12 272.51 0.26 4364.39
267.88 274.35 0.05 5608.90
183.57 508.57 0.17 10790.14
393.48 863.96 0.03 4908.48
812.45 381.52 0.38 773.86
744.45 798.01 0.31 7132.62
653.53 919.05 0.04 1667.46
799.68 977.17 0.34 2991.59
454.35 365.61 0.36 1950.03
835.24 609.20 0.50 4844.21
863.03 859.91 0.12 10386.29
431.35 761.85 0.17 2115.28
828.56 331.29 0.13 7047.61
614.36 969.84 0.56 4418.83
629.85 195.14 0.47 2899.73
548.25 635.18 0.32 9120.76
774.98 349.17 0.40 3060.82
609.78 256.78 0.56 9113.08
468.66 207.37 0.08 1023.73
927.79 227.64 0.46 2551.12
371.48 826.70 0.27 2933.79
485.11 940.75 0.47 2164.78
768.09 366.63 0.20 4991.40
569.34 479.09 0.26 4618.94
606.82 290.27 0.12 10711.36
368.94 193.94 0.42 1284.56
155.08 996.32 0.06 2561.97
310.36 480.94 0.32 5810.71
292.93 766.01 0.16 2685.87
850.98 498.97 0.47 7978.82
321.48 169.11 0.43 4601.78
9.41 612.18 0.41 8159.92
965.05 881.49 0.16 5816.83
428.34 179.06 0.02 3485.34
908.27 735.23 0.09 1699.42
675.92 574.68 0.32 3203.17
520.83 546.46 0.02 6871.83
996.40 718.53 0.37 7221.02
636.90 114.15 0.26 10091.83
731.29 740.01 0.06 2245.81
580.07 732.81 0.10 8076.22
359.11 889.39 0.48 8905.52
41.95 23.94 0.22 9483.18
59.13 634.65 0.53 6366.37
800.36 320.68 0.04 5251.90
495.47 884.22 0.21 919.25
127.90 705.98 0.06 10751.17
503.08 291.19 0.33 8620.68
627.12 716.81 0.17 5723.41
221.23 126.62 0.19 2318.78
905.86 136.45 0.27 9469.89

22727.257823597087
