520.79 7.55 2377.13 0.44 
736.45 287.22 7416.77 0.32 
198.41 373.76 7680.15 0.43 
851.27 947.36 4368.44 0.39 
761.18 614.57 5857.19 0.46 
860.38 830.06 7322.20 0.55 
567.96 727.35 7661.51 0.12 
361.97 841.77 7835.66 0.49 
86.89 671.11 1314.63 0.43 
172.55 925.27 5927.02 0.55 
80.94 805.35 7999.26 0.36 
545.52 400.80 5928.35 0.30 
890.81 290.73 7446.85 0.37 
943.43 221.92 4998.32 0.38 
668.10 427.17 2670.91 0.40 
622.25 610.98 3578.57 0.44 
144.05 962.80 7040.35 0.47 
614.24 34.77 1605.94 0.38 
79.85 271.06 4474.57 0.30 
393.77 582.71 7930.44 0.41 
378.02 146.14 7248.15 0.46 
526.93 398.42 5870.87 0.58 
209.38 698.87 6582.78 0.46 
844.89 599.30 2262.76 0.45 
776.37 284.37 6598.18 0.49 
249.18 882.11 3962.52 0.44 
167.80 605.55 2232.60 0.48 
713.33 872.40 5383.88 0.36 
416.07 608.30 6892.92 0.48 
653.29 921.38 2554.80 0.40 
430.42 715.75 6070.93 0.39 
813.54 8.83 7031.84 0.39 
108.43 494.13 4737.47 0.43 
576.70 271.45 2261.95 0.22 
112.71 356.62 7131.60 0.35 
22.89 370.10 1596.48 0.50 
607.90 205.61 1035.33 0.59 
717.20 942.23 6496.93 0.38 
580.10 498.33 6032.74 0.43 
616.99 89.40 5184.81 0.26 
180.30 564.45 7438.90 0.50 
397.16 635.58 1467.36 0.53 
147.10 773.05 1751.48 0.37 
75.40 499.82 5896.35 0.57 
651.93 464.95 7855.42 0.39 
969.03 273.48 3567.22 0.36 
579.82 258.04 3356.47 0.44 
569.67 122.98 3060.45 0.55 
97.32 177.48 7347.77 0.53 
928.07 678.72 1315.92 0.22 
479.68 40.28 6378.39 0.55 
93.01 169.37 4014.67 0.37 
265.38 69.82 6194.74 0.36 
248.60 850.07 1940.68 0.49 
397.01 967.33 3793.49 0.58 
593.90 709.29 6729.70 0.33 
692.88 716.20 2965.26 0.28 
66.57 559.82 2833.11 0.24 
699.75 533.57 5525.74 0.32 
535.85 287.92 6414.55 0.46 
208.52 361.08 2337.26 0.55 
593.69 194.00 7596.18 0.46 
805.62 550.66 1419.85 0.63 
20.88 778.17 6223.59 0.48 
192.45 357.84 3253.51 0.34 
67.68 854.30 1634.01 0.36 
375.26 107.97 7298.69 0.31 
986.98 692.16 5696.22 0.37 
523.09 512.31 3713.71 0.38 
617.95 745.42 3343.66 0.47 
459.49 340.95 6156.74 0.42 
17.48 4.69 7969.41 0.48 
617.16 226.71 1015.14 0.31 
157.93 782.87 3825.39 0.41 
395.39 694.85 4954.07 0.30 
985.34 781.77 4313.49 0.23 
348.16 961.83 6912.68 0.35 
802.62 173.60 1695.88 0.38 
454.24 695.97 5264.05 0.16 
95.88 552.59 5312.50 0.12 
915.30 813.40 4712.86 0.38 
853.93 445.40 5207.51 0.65 
858.23 724.34 7252.64 0.42 
888.74 414.88 7141.60 0.39 
926.73 933.37 4806.53 0.28 
96.80 30.92 5046.13 0.63 
803.60 919.29 7686.83 0.41 
413.01 322.06 2666.44 0.33 
59.87 117.46 3920.03 0.28 
5.27 48.37 3159.34 0.47 
554.62 143.36 7665.71 0.57 
99.10 864.44 2121.60 0.43 
666.39 127.53 4545.47 0.50 
470.47 363.22 6878.24 0.53 
505.77 880.21 1218.79 0.34 
816.93 127.39 1819.09 0.47 
600.57 220.58 6557.76 0.47 
831.47 363.97 556.15 0.37 
348.64 48.63 3082.98 0.34 
231.69 886.23 6291.20 0.34 
367.17 915.87 5277.79 0.29 
315.14 139.82 5480.18 0.44 
125.85 977.31 4932.49 0.51 
847.13 480.45 2527.10 0.36 
408.47 247.21 4459.22 0.31 
472.41 909.32 7693.22 0.37 
5.75 204.33 2953.61 0.46 
60.70 199.24 2737.33 0.28 
980.11 619.91 5679.78 0.35 
836.45 616.43 3497.59 0.21 
69.88 340.02 5810.55 0.41 
145.72 905.74 4256.47 0.49 
601.63 919.82 1687.02 0.46 
821.69 583.94 5294.54 0.34 
269.28 963.81 1497.51 0.44 
322.88 929.28 6170.37 0.45 
509.56 706.82 1343.17 0.24 
833.28 994.31 5828.61 0.38 
976.42 412.92 3057.47 0.52 
986.64 962.74 5251.75 0.34 
890.05 165.63 3174.15 0.29 
662.67 753.86 5130.28 0.38 
236.03 365.03 6848.72 0.34 
711.60 816.56 4325.19 0.43 
922.68 984.06 1073.56 0.63 
507.97 988.87 7846.18 0.30 
901.41 317.12 4976.34 0.29 
879.94 401.39 4441.41 0.27 
828.04 482.08 4864.38 0.43 
376.48 20.56 3471.90 0.32 
331.78 419.05 6517.90 0.59 
642.98 238.04 1699.02 0.34 
179.43 124.78 3497.93 0.42 
202.09 171.03 5099.45 0.38 
222.01 633.36 4200.05 0.43 
457.98 126.52 6092.04 0.47 
712.45 17.78 6012.74 0.46 
741.71 163.10 4938.75 0.40 
437.52 861.37 4065.82 0.56 
626.52 345.25 6081.31 0.29 
746.08 106.22 4064.46 0.31 
202.42 194.69 5290.26 0.33 
435.41 501.36 3691.33 0.37 
100.79 896.82 6608.84 0.26 
115.06 576.26 6491.71 0.45 
595.25 991.69 5214.90 0.38 
967.13 885.41 2644.86 0.37 
321.97 868.58 1615.57 0.34 
205.91 393.00 7402.87 0.15 
11.48 273.46 2806.26 0.29 
278.13 179.87 3671.24 0.40 
99 93 141 138 78 24 63 70 98 73 37 147 125 95 42 143 151 133 90 36 115 92 64 11 66 112 74 43 23 116 54 9 41 16 5 25 96 121 40 48 18 46 110 82 15 119 14 132 61 108 150 27 26 106 55 113 29 19 33 10 17 148 117 31 44 145 65 111 86 88 34 47 107 52 49 3 135 75 69 60 105 1 102 21 140 30 146 139 83 129 91 136 51 130 39 45 57 81 50 118 124 100 122 28 4 104 84 59 22 71 131 134 94 137 62 79 38 101 35 149 123 7 114 120 6 76 128 127 2 97 53 89 142 67 12 68 13 87 77 8 58 144 103 80 20 56 109 85 126 32 72 
Best fitness: 32.10
97 98 42 31 114 24 50 48 94 39 63 9 148 125 30 8 27 135 43 139 95 70 73 37 96 138 71 61 52 72 90 36 35 117 115 54 44 33 151 1 105 19 49 133 102 69 149 111 107 108 66 144 92 112 100 55 124 122 106 75 88 21 78 34 136 86 53 99 130 62 60 132 104 15 93 40 47 143 113 26 103 5 119 82 46 25 91 22 29 10 150 134 58 23 17 64 74 16 6 4 57 18 51 89 65 142 67 121 81 118 131 12 45 59 141 137 3 20 85 87 28 146 126 116 7 110 83 68 38 145 41 79 76 147 128 127 13 84 109 129 14 123 11 77 101 56 140 2 32 80 120 
Worst fitness: 37.63

Mean: 34.74

Standard deviation: 2.56
