211.46 680.63 5469.18 0.42 
307.12 131.87 5629.20 0.25 
465.38 635.60 2761.98 0.36 
471.44 975.65 736.17 0.46 
993.37 351.91 4081.59 0.53 
536.64 320.41 5482.83 0.51 
270.20 883.62 1550.09 0.54 
295.00 573.42 546.36 0.35 
541.15 577.58 4215.99 0.25 
121.31 938.37 1397.74 0.29 
994.44 644.78 2473.66 0.53 
207.63 945.68 5876.27 0.29 
693.05 850.52 7065.84 0.42 
315.64 732.08 6108.73 0.27 
751.42 970.99 4907.46 0.52 
716.64 518.55 5065.01 0.36 
531.90 463.68 6507.60 0.47 
669.16 347.45 3909.81 0.35 
810.48 852.90 1808.53 0.51 
574.91 923.55 6316.42 0.32 
236.24 244.89 1560.05 0.39 
21 8 14 7 10 12 4 20 15 19 11 5 16 18 6 17 3 1 9 13 2 
Best fitness: 0.91
8 4 7 10 12 20 15 19 11 3 21 1 9 17 6 18 5 16 13 14 2 
Worst fitness: 1.13

Mean: 0.98

Standard deviation: 0.00
