605.46 666.67 4640.53 0.35 
713.87 597.16 2232.23 0.51 
478.61 375.50 7374.05 0.55 
513.95 795.37 5230.42 0.39 
275.85 754.13 5860.86 0.36 
38.76 478.04 6013.97 0.43 
129.20 342.58 2525.74 0.39 
325.94 556.28 5187.54 0.16 
79.58 121.00 1863.34 0.63 
410.05 193.08 5441.32 0.42 
676.32 375.45 4574.76 0.44 
421.94 541.18 1000.08 0.48 
735.32 900.35 1600.63 0.43 
950.36 551.89 6369.93 0.43 
795.71 17.32 2614.60 0.46 
37.35 636.95 5027.86 0.48 
608.71 723.90 4481.86 0.37 
118.51 177.74 5877.55 0.32 
790.69 714.06 6217.80 0.58 
984.11 547.35 5387.99 0.39 
831.92 844.89 6955.77 0.39 
690.96 944.67 4873.60 0.36 
53.85 373.19 1275.46 0.62 
513.23 270.30 4282.82 0.41 
14.24 417.67 7355.44 0.37 
902.06 911.36 5501.52 0.41 
759.07 285.92 5614.97 0.46 
901.36 386.71 905.22 0.43 
280.41 662.54 2627.50 0.39 
114.83 652.15 7386.29 0.54 
456.54 10.71 997.50 0.45 
9 23 7 12 24 31 28 2 19 13 22 17 1 11 27 15 3 8 29 30 16 6 5 4 26 21 14 20 10 18 25 
Fitness: 1.63


Mean: 1.71

Standard deviation: 0.01
9 23 7 12 24 31 28 2 19 13 22 17 1 11 27 15 3 8 29 30 16 6 5 4 26 21 14 20 10 18 25 
Fitness: 1.63


Mean: 1.71

Standard deviation: 0.01
9 23 7 12 24 31 28 2 19 13 22 17 1 11 27 15 3 8 29 30 16 6 5 4 26 21 14 20 10 18 25 
Fitness: 1.63


Mean: 1.71

Standard deviation: 0.01
9 23 7 12 24 31 28 2 19 13 22 17 1 11 27 15 3 8 29 30 16 6 5 4 26 21 14 20 10 18 25 
Fitness: 1.63


Mean: 1.71

Standard deviation: 0.01
9 23 7 12 24 31 28 2 19 13 22 17 1 11 27 15 3 8 29 30 16 6 5 4 26 21 14 20 10 18 25 
Fitness: 1.63


Mean: 1.71

Standard deviation: 0.01
9 23 7 12 24 31 28 2 19 13 22 17 1 11 27 15 3 8 29 30 16 6 5 4 26 21 14 20 10 18 25 
Fitness: 1.63


Mean: 1.71

Standard deviation: 0.01
9 23 7 12 24 31 28 2 19 13 22 17 1 11 27 15 3 8 29 30 16 6 5 4 26 21 14 20 10 18 25 
Fitness: 1.63


Mean: 1.71

Standard deviation: 0.01
9 23 7 12 24 31 28 2 19 13 22 17 1 11 27 15 3 8 29 30 16 6 5 4 26 21 14 20 10 18 25 
Fitness: 1.63


Mean: 1.71

Standard deviation: 0.01
9 23 7 12 24 31 28 2 19 13 22 17 1 11 27 15 3 8 29 30 16 6 5 4 26 21 14 20 10 18 25 
Fitness: 1.63


Mean: 1.71

Standard deviation: 0.01
9 23 7 12 24 31 28 2 19 13 22 17 1 11 27 15 3 8 29 30 16 6 5 4 26 21 14 20 10 18 25 
Fitness: 1.63


Mean: 1.71

Standard deviation: 0.01
9 23 7 12 24 31 28 2 19 13 22 17 1 11 27 15 3 8 29 30 16 6 5 4 26 21 14 20 10 18 25 
Fitness: 1.63


Mean: 1.71

Standard deviation: 0.01
9 23 7 12 24 31 28 2 19 13 22 17 1 11 27 15 3 8 29 30 16 6 5 4 26 21 14 20 10 18 25 
Fitness: 1.63


Mean: 1.71

Standard deviation: 0.01
9 23 7 12 24 31 28 2 19 13 22 17 1 11 27 15 3 8 29 30 16 6 5 4 26 21 14 20 10 18 25 
Fitness: 1.63


Mean: 1.71

Standard deviation: 0.01
9 23 7 12 24 31 28 2 19 13 22 17 1 11 27 15 3 8 29 30 16 6 5 4 26 21 14 20 10 18 25 
Fitness: 1.63


Mean: 1.71

Standard deviation: 0.01
9 23 7 12 24 31 28 2 19 13 22 17 1 11 27 15 3 8 29 30 16 6 5 4 26 21 14 20 10 18 25 
Fitness: 1.63


Mean: 1.71

Standard deviation: 0.01
9 23 7 12 24 31 28 2 19 13 22 17 1 11 27 15 3 8 29 30 16 6 5 4 26 21 14 20 10 18 25 
Fitness: 1.63


Mean: 1.71

Standard deviation: 0.01
9 23 7 12 24 31 28 2 19 13 22 17 1 11 27 15 3 8 29 30 16 6 5 4 26 21 14 20 10 18 25 
Fitness: 1.63


Mean: 1.71

Standard deviation: 0.01
9 23 7 12 24 31 28 2 19 13 22 17 1 11 27 15 3 8 29 30 16 6 5 4 26 21 14 20 10 18 25 
Fitness: 1.63


Mean: 1.71

Standard deviation: 0.01
9 23 7 12 24 31 28 2 19 13 22 17 1 11 27 15 3 8 29 30 16 6 5 4 26 21 14 20 10 18 25 
Fitness: 1.63


Mean: 1.71

Standard deviation: 0.01
9 23 7 12 24 31 28 2 19 13 22 17 1 11 27 15 3 8 29 30 16 6 5 4 26 21 14 20 10 18 25 
Fitness: 1.63


Mean: 1.71

Standard deviation: 0.01
9 23 7 12 24 31 28 2 19 13 22 17 1 11 27 15 3 8 29 30 16 6 5 4 26 21 14 20 10 18 25 
Fitness: 1.63


Mean: 1.71

Standard deviation: 0.01
9 23 7 12 24 31 28 2 19 13 22 17 1 11 27 15 3 8 29 30 16 6 5 4 26 21 14 20 10 18 25 
Fitness: 1.63


Mean: 1.71

Standard deviation: 0.01
9 23 7 12 24 31 28 2 19 13 22 17 1 11 27 15 3 8 29 30 16 6 5 4 26 21 14 20 10 18 25 
Fitness: 1.63


Mean: 1.71

Standard deviation: 0.01
9 23 7 12 24 31 28 2 19 13 22 17 1 11 27 15 3 8 29 30 16 6 5 4 26 21 14 20 10 18 25 
Fitness: 1.63


Mean: 1.71

Standard deviation: 0.01
9 23 7 12 24 31 28 2 19 13 22 17 1 11 27 15 3 8 29 30 16 6 5 4 26 21 14 20 10 18 25 
Fitness: 1.63


Mean: 1.71

Standard deviation: 0.01
9 23 7 12 24 31 28 2 19 13 22 17 1 11 27 15 3 8 29 30 16 6 5 4 26 21 14 20 10 18 25 
Fitness: 1.63


Mean: 1.71

Standard deviation: 0.01
9 23 7 12 24 31 28 2 19 13 22 17 1 11 27 15 3 8 29 30 16 6 5 4 26 21 14 20 10 18 25 
Fitness: 1.63


Mean: 1.71

Standard deviation: 0.01
9 23 7 12 24 31 28 2 19 13 22 17 1 11 27 15 3 8 29 30 16 6 5 4 26 21 14 20 10 18 25 
Fitness: 1.63


Mean: 1.71

Standard deviation: 0.01
9 23 7 12 24 31 28 2 19 13 22 17 1 11 27 15 3 8 29 30 16 6 5 4 26 21 14 20 10 18 25 
Fitness: 1.63


Mean: 1.71

Standard deviation: 0.01
9 23 7 12 24 31 28 2 19 13 22 17 1 11 27 15 3 8 29 30 16 6 5 4 26 21 14 20 10 18 25 
Fitness: 1.63


Mean: 1.71

Standard deviation: 0.01
9 23 7 12 24 31 28 2 19 13 22 17 1 11 27 15 3 8 29 30 16 6 5 4 26 21 14 20 10 18 25 
Fitness: 1.63


Mean: 1.71

Standard deviation: 0.01
9 23 7 12 24 31 28 2 19 13 22 17 1 11 27 15 3 8 29 30 16 6 5 4 26 21 14 20 10 18 25 
Fitness: 1.63


Mean: 1.71

Standard deviation: 0.01
9 23 7 12 24 31 28 2 19 13 22 17 1 11 27 15 3 8 29 30 16 6 5 4 26 21 14 20 10 18 25 
Fitness: 1.63


Mean: 1.71

Standard deviation: 0.01
9 23 7 12 24 31 28 2 19 13 22 17 1 11 27 15 3 8 29 30 16 6 5 4 26 21 14 20 10 18 25 
Fitness: 1.63


Mean: 1.71

Standard deviation: 0.01
9 23 7 12 24 31 28 2 19 13 22 17 1 11 27 15 3 8 29 30 16 6 5 4 26 21 14 20 10 18 25 
Fitness: 1.63


Mean: 1.71

Standard deviation: 0.01
9 23 7 12 24 31 28 2 19 13 22 17 1 11 27 15 3 8 29 30 16 6 5 4 26 21 14 20 10 18 25 
Fitness: 1.63


Mean: 1.71

Standard deviation: 0.01
9 23 7 12 24 31 28 2 19 13 22 17 1 11 27 15 3 8 29 30 16 6 5 4 26 21 14 20 10 18 25 
Fitness: 1.63


Mean: 1.71

Standard deviation: 0.01
9 23 7 12 24 31 28 2 19 13 22 17 1 11 27 15 3 8 29 30 16 6 5 4 26 21 14 20 10 18 25 
Fitness: 1.63


Mean: 1.71

Standard deviation: 0.01
9 23 7 12 24 31 28 2 19 13 22 17 1 11 27 15 3 8 29 30 16 6 5 4 26 21 14 20 10 18 25 
Fitness: 1.63


Mean: 1.71

Standard deviation: 0.01
9 23 7 12 24 31 28 2 19 13 22 17 1 11 27 15 3 8 29 30 16 6 5 4 26 21 14 20 10 18 25 
Fitness: 1.63


Mean: 1.71

Standard deviation: 0.01
9 23 7 12 24 31 28 2 19 13 22 17 1 11 27 15 3 8 29 30 16 6 5 4 26 21 14 20 10 18 25 
Fitness: 1.63


Mean: 1.71

Standard deviation: 0.01
9 23 7 12 24 31 28 2 19 13 22 17 1 11 27 15 3 8 29 30 16 6 5 4 26 21 14 20 10 18 25 
Fitness: 1.63


Mean: 1.71

Standard deviation: 0.01
9 23 7 12 24 31 28 2 19 13 22 17 1 11 27 15 3 8 29 30 16 6 5 4 26 21 14 20 10 18 25 
Fitness: 1.63


Mean: 1.71

Standard deviation: 0.01
9 23 7 12 24 31 28 2 19 13 22 17 1 11 27 15 3 8 29 30 16 6 5 4 26 21 14 20 10 18 25 
Fitness: 1.63


Mean: 1.71

Standard deviation: 0.01
9 23 7 12 24 31 28 2 19 13 22 17 1 11 27 15 3 8 29 30 16 6 5 4 26 21 14 20 10 18 25 
Fitness: 1.63


Mean: 1.71

Standard deviation: 0.01
9 23 7 12 24 31 28 2 19 13 22 17 1 11 27 15 3 8 29 30 16 6 5 4 26 21 14 20 10 18 25 
Fitness: 1.63


Mean: 1.71

Standard deviation: 0.01
9 23 7 12 24 31 28 2 19 13 22 17 1 11 27 15 3 8 29 30 16 6 5 4 26 21 14 20 10 18 25 
Fitness: 1.63


Mean: 1.71

Standard deviation: 0.01
9 23 7 12 24 31 28 2 19 13 22 17 1 11 27 15 3 8 29 30 16 6 5 4 26 21 14 20 10 18 25 
Fitness: 1.63


Mean: 1.71

Standard deviation: 0.01
9 23 7 12 24 31 28 2 19 13 22 17 1 11 27 15 3 8 29 30 16 6 5 4 26 21 14 20 10 18 25 
Fitness: 1.63


Mean: 1.71

Standard deviation: 0.01
9 23 7 12 24 31 28 2 19 13 22 17 1 11 27 15 3 8 29 30 16 6 5 4 26 21 14 20 10 18 25 
Fitness: 1.63


Mean: 1.71

Standard deviation: 0.01
9 23 7 12 24 31 28 2 19 13 22 17 1 11 27 15 3 8 29 30 16 6 5 4 26 21 14 20 10 18 25 
Fitness: 1.63


Mean: 1.71

Standard deviation: 0.01
9 23 7 12 24 31 28 2 19 13 22 17 1 11 27 15 3 8 29 30 16 6 5 4 26 21 14 20 10 18 25 
Fitness: 1.63


Mean: 1.71

Standard deviation: 0.01
9 23 7 12 24 31 28 2 19 13 22 17 1 11 27 15 3 8 29 30 16 6 5 4 26 21 14 20 10 18 25 
Fitness: 1.63


Mean: 1.71

Standard deviation: 0.01
9 23 7 12 24 31 28 2 19 13 22 17 1 11 27 15 3 8 29 30 16 6 5 4 26 21 14 20 10 18 25 
Fitness: 1.63


Mean: 1.71

Standard deviation: 0.01
9 23 7 12 24 31 28 2 19 13 22 17 1 11 27 15 3 8 29 30 16 6 5 4 26 21 14 20 10 18 25 
Fitness: 1.63


Mean: 1.71

Standard deviation: 0.01
9 23 7 12 24 31 28 2 19 13 22 17 1 11 27 15 3 8 29 30 16 6 5 4 26 21 14 20 10 18 25 
Fitness: 1.63


Mean: 1.71

Standard deviation: 0.01
9 23 7 12 24 31 28 2 19 13 22 17 1 11 27 15 3 8 29 30 16 6 5 4 26 21 14 20 10 18 25 
Fitness: 1.63


Mean: 1.71

Standard deviation: 0.01
9 23 7 12 24 31 28 2 19 13 22 17 1 11 27 15 3 8 29 30 16 6 5 4 26 21 14 20 10 18 25 
Fitness: 1.63


Mean: 1.71

Standard deviation: 0.01
9 23 7 12 24 31 28 2 19 13 22 17 1 11 27 15 3 8 29 30 16 6 5 4 26 21 14 20 10 18 25 
Fitness: 1.63


Mean: 1.71

Standard deviation: 0.01
9 23 7 12 24 31 28 2 19 13 22 17 1 11 27 15 3 8 29 30 16 6 5 4 26 21 14 20 10 18 25 
Fitness: 1.63


Mean: 1.71

Standard deviation: 0.01
9 23 7 12 24 31 28 2 19 13 22 17 1 11 27 15 3 8 29 30 16 6 5 4 26 21 14 20 10 18 25 
Fitness: 1.63


Mean: 1.71

Standard deviation: 0.01
9 23 7 12 24 31 28 2 19 13 22 17 1 11 27 15 3 8 29 30 16 6 5 4 26 21 14 20 10 18 25 
Fitness: 1.63


Mean: 1.71

Standard deviation: 0.01
9 23 7 12 24 31 28 2 19 13 22 17 1 11 27 15 3 8 29 30 16 6 5 4 26 21 14 20 10 18 25 
Fitness: 1.63


Mean: 1.71

Standard deviation: 0.01
9 23 7 12 24 31 28 2 19 13 22 17 1 11 27 15 3 8 29 30 16 6 5 4 26 21 14 20 10 18 25 
Fitness: 1.63


Mean: 1.71

Standard deviation: 0.01
9 23 7 12 24 31 28 2 19 13 22 17 1 11 27 15 3 8 29 30 16 6 5 4 26 21 14 20 10 18 25 
Fitness: 1.63


Mean: 1.71

Standard deviation: 0.01
9 23 7 12 24 31 28 2 19 13 22 17 1 11 27 15 3 8 29 30 16 6 5 4 26 21 14 20 10 18 25 
Fitness: 1.63


Mean: 1.71

Standard deviation: 0.01
9 23 7 12 24 31 28 2 19 13 22 17 1 11 27 15 3 8 29 30 16 6 5 4 26 21 14 20 10 18 25 
Fitness: 1.63


Mean: 1.71

Standard deviation: 0.01
9 23 7 12 24 31 28 2 19 13 22 17 1 11 27 15 3 8 29 30 16 6 5 4 26 21 14 20 10 18 25 
Fitness: 1.63


Mean: 1.71

Standard deviation: 0.01
9 23 7 12 24 31 28 2 19 13 22 17 1 11 27 15 3 8 29 30 16 6 5 4 26 21 14 20 10 18 25 
Fitness: 1.63


Mean: 1.71

Standard deviation: 0.01
9 23 7 12 24 31 28 2 19 13 22 17 1 11 27 15 3 8 29 30 16 6 5 4 26 21 14 20 10 18 25 
Fitness: 1.63


Mean: 1.71

Standard deviation: 0.01
9 23 7 12 24 31 28 2 19 13 22 17 1 11 27 15 3 8 29 30 16 6 5 4 26 21 14 20 10 18 25 
Fitness: 1.63


Mean: 1.71

Standard deviation: 0.01
9 23 7 12 24 31 28 2 19 13 22 17 1 11 27 15 3 8 29 30 16 6 5 4 26 21 14 20 10 18 25 
Fitness: 1.63


Mean: 1.71

Standard deviation: 0.01
9 23 7 12 24 31 28 2 19 13 22 17 1 11 27 15 3 8 29 30 16 6 5 4 26 21 14 20 10 18 25 
Fitness: 1.63


Mean: 1.71

Standard deviation: 0.01
9 23 7 12 24 31 28 2 19 13 22 17 1 11 27 15 3 8 29 30 16 6 5 4 26 21 14 20 10 18 25 
Fitness: 1.63


Mean: 1.71

Standard deviation: 0.01
9 23 7 12 24 31 28 2 19 13 22 17 1 11 27 15 3 8 29 30 16 6 5 4 26 21 14 20 10 18 25 
Fitness: 1.63


Mean: 1.71

Standard deviation: 0.01
9 23 7 12 24 31 28 2 19 13 22 17 1 11 27 15 3 8 29 30 16 6 5 4 26 21 14 20 10 18 25 
Fitness: 1.63


Mean: 1.71

Standard deviation: 0.01
9 23 7 12 24 31 28 2 19 13 22 17 1 11 27 15 3 8 29 30 16 6 5 4 26 21 14 20 10 18 25 
Fitness: 1.63


Mean: 1.71

Standard deviation: 0.01
9 23 7 12 24 31 28 2 19 13 22 17 1 11 27 15 3 8 29 30 16 6 5 4 26 21 14 20 10 18 25 
Fitness: 1.63


Mean: 1.71

Standard deviation: 0.01
9 23 7 12 24 31 28 2 19 13 22 17 1 11 27 15 3 8 29 30 16 6 5 4 26 21 14 20 10 18 25 
Fitness: 1.63


Mean: 1.71

Standard deviation: 0.01
9 23 7 12 24 31 28 2 19 13 22 17 1 11 27 15 3 8 29 30 16 6 5 4 26 21 14 20 10 18 25 
Fitness: 1.63


Mean: 1.71

Standard deviation: 0.01
9 23 7 12 24 31 28 2 19 13 22 17 1 11 27 15 3 8 29 30 16 6 5 4 26 21 14 20 10 18 25 
Fitness: 1.63


Mean: 1.71

Standard deviation: 0.01
9 23 7 12 24 31 28 2 19 13 22 17 1 11 27 15 3 8 29 30 16 6 5 4 26 21 14 20 10 18 25 
Fitness: 1.63


Mean: 1.71

Standard deviation: 0.01
9 23 7 12 24 31 28 2 19 13 22 17 1 11 27 15 3 8 29 30 16 6 5 4 26 21 14 20 10 18 25 
Fitness: 1.63


Mean: 1.71

Standard deviation: 0.01
9 23 7 12 24 31 28 2 19 13 22 17 1 11 27 15 3 8 29 30 16 6 5 4 26 21 14 20 10 18 25 
Fitness: 1.63


Mean: 1.71

Standard deviation: 0.01
9 23 7 12 24 31 28 2 19 13 22 17 1 11 27 15 3 8 29 30 16 6 5 4 26 21 14 20 10 18 25 
Fitness: 1.63


Mean: 1.71

Standard deviation: 0.01
9 23 7 12 24 31 28 2 19 13 22 17 1 11 27 15 3 8 29 30 16 6 5 4 26 21 14 20 10 18 25 
Fitness: 1.63


Mean: 1.71

Standard deviation: 0.01
9 23 7 12 24 31 28 2 19 13 22 17 1 11 27 15 3 8 29 30 16 6 5 4 26 21 14 20 10 18 25 
Fitness: 1.63


Mean: 1.71

Standard deviation: 0.01
9 23 7 12 24 31 28 2 19 13 22 17 1 11 27 15 3 8 29 30 16 6 5 4 26 21 14 20 10 18 25 
Fitness: 1.63


Mean: 1.71

Standard deviation: 0.01
9 23 7 12 24 31 28 2 19 13 22 17 1 11 27 15 3 8 29 30 16 6 5 4 26 21 14 20 10 18 25 
Fitness: 1.63


Mean: 1.71

Standard deviation: 0.01
9 23 7 12 24 31 28 2 19 13 22 17 1 11 27 15 3 8 29 30 16 6 5 4 26 21 14 20 10 18 25 
Fitness: 1.63


Mean: 1.71

Standard deviation: 0.01
9 23 7 12 24 31 28 2 19 13 22 17 1 11 27 15 3 8 29 30 16 6 5 4 26 21 14 20 10 18 25 
Fitness: 1.63


Mean: 1.71

Standard deviation: 0.01
9 23 7 12 24 31 28 2 19 13 22 17 1 11 27 15 3 8 29 30 16 6 5 4 26 21 14 20 10 18 25 
Fitness: 1.63


Mean: 1.71

Standard deviation: 0.01
9 23 7 12 24 31 28 2 19 13 22 17 1 11 27 15 3 8 29 30 16 6 5 4 26 21 14 20 10 18 25 
Fitness: 1.63


Mean: 1.71

Standard deviation: 0.01
9 23 7 12 24 31 28 2 19 13 22 17 1 11 27 15 3 8 29 30 16 6 5 4 26 21 14 20 10 18 25 
Fitness: 1.63


Mean: 1.71

Standard deviation: 0.01
9 23 7 12 24 31 28 2 19 13 22 17 1 11 27 15 3 8 29 30 16 6 5 4 26 21 14 20 10 18 25 
Fitness: 1.63


Mean: 1.71

Standard deviation: 0.01
9 23 7 12 24 31 28 2 19 13 22 17 1 11 27 15 3 8 29 30 16 6 5 4 26 21 14 20 10 18 25 
Fitness: 1.63


Mean: 1.71

Standard deviation: 0.01
9 23 7 12 24 31 28 2 19 13 22 17 1 11 27 15 3 8 29 30 16 6 5 4 26 21 14 20 10 18 25 
Fitness: 1.63


Mean: 1.71

Standard deviation: 0.01
9 23 7 12 24 31 28 2 19 13 22 17 1 11 27 15 3 8 29 30 16 6 5 4 26 21 14 20 10 18 25 
Fitness: 1.63


Mean: 1.71

Standard deviation: 0.01
9 23 7 12 24 31 28 2 19 13 22 17 1 11 27 15 3 8 29 30 16 6 5 4 26 21 14 20 10 18 25 
Fitness: 1.63


Mean: 1.71

Standard deviation: 0.01
9 23 7 12 24 31 28 2 19 13 22 17 1 11 27 15 3 8 29 30 16 6 5 4 26 21 14 20 10 18 25 
Fitness: 1.63


Mean: 1.71

Standard deviation: 0.01
9 23 7 12 24 31 28 2 19 13 22 17 1 11 27 15 3 8 29 30 16 6 5 4 26 21 14 20 10 18 25 
Fitness: 1.63


Mean: 1.71

Standard deviation: 0.01
9 23 7 12 24 31 28 2 19 13 22 17 1 11 27 15 3 8 29 30 16 6 5 4 26 21 14 20 10 18 25 
Fitness: 1.63


Mean: 1.71

Standard deviation: 0.01
9 23 7 12 24 31 28 2 19 13 22 17 1 11 27 15 3 8 29 30 16 6 5 4 26 21 14 20 10 18 25 
Fitness: 1.63


Mean: 1.71

Standard deviation: 0.01
9 23 7 12 24 31 28 2 19 13 22 17 1 11 27 15 3 8 29 30 16 6 5 4 26 21 14 20 10 18 25 
Fitness: 1.63


Mean: 1.71

Standard deviation: 0.01
9 23 7 12 24 31 28 2 19 13 22 17 1 11 27 15 3 8 29 30 16 6 5 4 26 21 14 20 10 18 25 
Fitness: 1.63


Mean: 1.71

Standard deviation: 0.01
9 23 7 12 24 31 28 2 19 13 22 17 1 11 27 15 3 8 29 30 16 6 5 4 26 21 14 20 10 18 25 
Fitness: 1.63


Mean: 1.71

Standard deviation: 0.01
9 23 7 12 24 31 28 2 19 13 22 17 1 11 27 15 3 8 29 30 16 6 5 4 26 21 14 20 10 18 25 
Fitness: 1.63


Mean: 1.71

Standard deviation: 0.01
9 23 7 12 24 31 28 2 19 13 22 17 1 11 27 15 3 8 29 30 16 6 5 4 26 21 14 20 10 18 25 
Fitness: 1.63


Mean: 1.71

Standard deviation: 0.01
9 23 7 12 24 31 28 2 19 13 22 17 1 11 27 15 3 8 29 30 16 6 5 4 26 21 14 20 10 18 25 
Fitness: 1.63


Mean: 1.71

Standard deviation: 0.01
9 23 7 12 24 31 28 2 19 13 22 17 1 11 27 15 3 8 29 30 16 6 5 4 26 21 14 20 10 18 25 
Fitness: 1.63


Mean: 1.71

Standard deviation: 0.01
9 23 7 12 24 31 28 2 19 13 22 17 1 11 27 15 3 8 29 30 16 6 5 4 26 21 14 20 10 18 25 
Fitness: 1.63


Mean: 1.71

Standard deviation: 0.01
9 23 7 12 24 31 28 2 19 13 22 17 1 11 27 15 3 8 29 30 16 6 5 4 26 21 14 20 10 18 25 
Fitness: 1.63


Mean: 1.71

Standard deviation: 0.01
9 23 7 12 24 31 28 2 19 13 22 17 1 11 27 15 3 8 29 30 16 6 5 4 26 21 14 20 10 18 25 
Fitness: 1.63


Mean: 1.71

Standard deviation: 0.01
9 23 7 12 24 31 28 2 19 13 22 17 1 11 27 15 3 8 29 30 16 6 5 4 26 21 14 20 10 18 25 
Fitness: 1.63


Mean: 1.71

Standard deviation: 0.01
9 23 7 12 24 31 28 2 19 13 22 17 1 11 27 15 3 8 29 30 16 6 5 4 26 21 14 20 10 18 25 
Fitness: 1.63


Mean: 1.71

Standard deviation: 0.01
9 23 7 12 24 31 28 2 19 13 22 17 1 11 27 15 3 8 29 30 16 6 5 4 26 21 14 20 10 18 25 
Fitness: 1.63


Mean: 1.71

Standard deviation: 0.01
9 23 7 12 24 31 28 2 19 13 22 17 1 11 27 15 3 8 29 30 16 6 5 4 26 21 14 20 10 18 25 
Fitness: 1.63


Mean: 1.71

Standard deviation: 0.01
9 23 7 12 24 31 28 2 19 13 22 17 1 11 27 15 3 8 29 30 16 6 5 4 26 21 14 20 10 18 25 
Fitness: 1.63


Mean: 1.71

Standard deviation: 0.01
9 23 7 12 24 31 28 2 19 13 22 17 1 11 27 15 3 8 29 30 16 6 5 4 26 21 14 20 10 18 25 
Fitness: 1.63


Mean: 1.71

Standard deviation: 0.01
9 23 7 12 24 31 28 2 19 13 22 17 1 11 27 15 3 8 29 30 16 6 5 4 26 21 14 20 10 18 25 
Fitness: 1.63


Mean: 1.71

Standard deviation: 0.01
9 23 7 12 24 31 28 2 19 13 22 17 1 11 27 15 3 8 29 30 16 6 5 4 26 21 14 20 10 18 25 
Fitness: 1.63


Mean: 1.71

Standard deviation: 0.01
9 23 7 12 24 31 28 2 19 13 22 17 1 11 27 15 3 8 29 30 16 6 5 4 26 21 14 20 10 18 25 
Fitness: 1.63


Mean: 1.71

Standard deviation: 0.01
9 23 7 12 24 31 28 2 19 13 22 17 1 11 27 15 3 8 29 30 16 6 5 4 26 21 14 20 10 18 25 
Fitness: 1.63


Mean: 1.71

Standard deviation: 0.01
9 23 7 12 24 31 28 2 19 13 22 17 1 11 27 15 3 8 29 30 16 6 5 4 26 21 14 20 10 18 25 
Fitness: 1.63


Mean: 1.71

Standard deviation: 0.01
9 23 7 12 24 31 28 2 19 13 22 17 1 11 27 15 3 8 29 30 16 6 5 4 26 21 14 20 10 18 25 
Fitness: 1.63


Mean: 1.71

Standard deviation: 0.01
9 23 7 12 24 31 28 2 19 13 22 17 1 11 27 15 3 8 29 30 16 6 5 4 26 21 14 20 10 18 25 
Fitness: 1.63


Mean: 1.71

Standard deviation: 0.01
9 23 7 12 24 31 28 2 19 13 22 17 1 11 27 15 3 8 29 30 16 6 5 4 26 21 14 20 10 18 25 
Fitness: 1.63


Mean: 1.71

Standard deviation: 0.01
9 23 7 12 24 31 28 2 19 13 22 17 1 11 27 15 3 8 29 30 16 6 5 4 26 21 14 20 10 18 25 
Fitness: 1.63


Mean: 1.71

Standard deviation: 0.01
9 23 7 12 24 31 28 2 19 13 22 17 1 11 27 15 3 8 29 30 16 6 5 4 26 21 14 20 10 18 25 
Fitness: 1.63


Mean: 1.71

Standard deviation: 0.01
9 23 7 12 24 31 28 2 19 13 22 17 1 11 27 15 3 8 29 30 16 6 5 4 26 21 14 20 10 18 25 
Fitness: 1.63


Mean: 1.71

Standard deviation: 0.01
9 23 7 12 24 31 28 2 19 13 22 17 1 11 27 15 3 8 29 30 16 6 5 4 26 21 14 20 10 18 25 
Fitness: 1.63


Mean: 1.71

Standard deviation: 0.01
9 23 7 12 24 31 28 2 19 13 22 17 1 11 27 15 3 8 29 30 16 6 5 4 26 21 14 20 10 18 25 
Fitness: 1.63


Mean: 1.71

Standard deviation: 0.01
9 23 7 12 24 31 28 2 19 13 22 17 1 11 27 15 3 8 29 30 16 6 5 4 26 21 14 20 10 18 25 
Fitness: 1.63


Mean: 1.71

Standard deviation: 0.01
9 23 7 12 24 31 28 2 19 13 22 17 1 11 27 15 3 8 29 30 16 6 5 4 26 21 14 20 10 18 25 
Fitness: 1.63


Mean: 1.71

Standard deviation: 0.01
9 23 7 12 24 31 28 2 19 13 22 17 1 11 27 15 3 8 29 30 16 6 5 4 26 21 14 20 10 18 25 
Fitness: 1.63


Mean: 1.71

Standard deviation: 0.01
9 23 7 12 24 31 28 2 19 13 22 17 1 11 27 15 3 8 29 30 16 6 5 4 26 21 14 20 10 18 25 
Fitness: 1.63


Mean: 1.71

Standard deviation: 0.01
9 23 7 12 24 31 28 2 19 13 22 17 1 11 27 15 3 8 29 30 16 6 5 4 26 21 14 20 10 18 25 
Fitness: 1.63


Mean: 1.71

Standard deviation: 0.01
9 23 7 12 24 31 28 2 19 13 22 17 1 11 27 15 3 8 29 30 16 6 5 4 26 21 14 20 10 18 25 
Fitness: 1.63


Mean: 1.71

Standard deviation: 0.01
9 23 7 12 24 31 28 2 19 13 22 17 1 11 27 15 3 8 29 30 16 6 5 4 26 21 14 20 10 18 25 
Fitness: 1.63


Mean: 1.71

Standard deviation: 0.01
9 23 7 12 24 31 28 2 19 13 22 17 1 11 27 15 3 8 29 30 16 6 5 4 26 21 14 20 10 18 25 
Fitness: 1.63


Mean: 1.71

Standard deviation: 0.01
9 23 7 12 24 31 28 2 19 13 22 17 1 11 27 15 3 8 29 30 16 6 5 4 26 21 14 20 10 18 25 
Fitness: 1.63


Mean: 1.71

Standard deviation: 0.01
9 23 7 12 24 31 28 2 19 13 22 17 1 11 27 15 3 8 29 30 16 6 5 4 26 21 14 20 10 18 25 
Fitness: 1.63


Mean: 1.71

Standard deviation: 0.01
9 23 7 12 24 31 28 2 19 13 22 17 1 11 27 15 3 8 29 30 16 6 5 4 26 21 14 20 10 18 25 
Fitness: 1.63


Mean: 1.71

Standard deviation: 0.01
9 23 7 12 24 31 28 2 19 13 22 17 1 11 27 15 3 8 29 30 16 6 5 4 26 21 14 20 10 18 25 
Fitness: 1.63


Mean: 1.71

Standard deviation: 0.01
9 23 7 12 24 31 28 2 19 13 22 17 1 11 27 15 3 8 29 30 16 6 5 4 26 21 14 20 10 18 25 
Fitness: 1.63


Mean: 1.71

Standard deviation: 0.01
9 23 7 12 24 31 28 2 19 13 22 17 1 11 27 15 3 8 29 30 16 6 5 4 26 21 14 20 10 18 25 
Fitness: 1.63


Mean: 1.71

Standard deviation: 0.01
9 23 7 12 24 31 28 2 19 13 22 17 1 11 27 15 3 8 29 30 16 6 5 4 26 21 14 20 10 18 25 
Fitness: 1.63


Mean: 1.71

Standard deviation: 0.01
9 23 7 12 24 31 28 2 19 13 22 17 1 11 27 15 3 8 29 30 16 6 5 4 26 21 14 20 10 18 25 
Fitness: 1.63


Mean: 1.71

Standard deviation: 0.01
9 23 7 12 24 31 28 2 19 13 22 17 1 11 27 15 3 8 29 30 16 6 5 4 26 21 14 20 10 18 25 
Fitness: 1.63


Mean: 1.71

Standard deviation: 0.01
9 23 7 12 24 31 28 2 19 13 22 17 1 11 27 15 3 8 29 30 16 6 5 4 26 21 14 20 10 18 25 
Fitness: 1.63


Mean: 1.71

Standard deviation: 0.01
9 23 7 12 24 31 28 2 19 13 22 17 1 11 27 15 3 8 29 30 16 6 5 4 26 21 14 20 10 18 25 
Fitness: 1.63


Mean: 1.71

Standard deviation: 0.01
9 23 7 12 24 31 28 2 19 13 22 17 1 11 27 15 3 8 29 30 16 6 5 4 26 21 14 20 10 18 25 
Fitness: 1.63


Mean: 1.71

Standard deviation: 0.01
9 23 7 12 24 31 28 2 19 13 22 17 1 11 27 15 3 8 29 30 16 6 5 4 26 21 14 20 10 18 25 
Fitness: 1.63


Mean: 1.71

Standard deviation: 0.01
9 23 7 12 24 31 28 2 19 13 22 17 1 11 27 15 3 8 29 30 16 6 5 4 26 21 14 20 10 18 25 
Fitness: 1.63


Mean: 1.71

Standard deviation: 0.01
9 23 7 12 24 31 28 2 19 13 22 17 1 11 27 15 3 8 29 30 16 6 5 4 26 21 14 20 10 18 25 
Fitness: 1.63


Mean: 1.71

Standard deviation: 0.01
9 23 7 12 24 31 28 2 19 13 22 17 1 11 27 15 3 8 29 30 16 6 5 4 26 21 14 20 10 18 25 
Fitness: 1.63


Mean: 1.71

Standard deviation: 0.01
9 23 7 12 24 31 28 2 19 13 22 17 1 11 27 15 3 8 29 30 16 6 5 4 26 21 14 20 10 18 25 
Fitness: 1.63


Mean: 1.71

Standard deviation: 0.01
9 23 7 12 24 31 28 2 19 13 22 17 1 11 27 15 3 8 29 30 16 6 5 4 26 21 14 20 10 18 25 
Fitness: 1.63


Mean: 1.71

Standard deviation: 0.01
9 23 7 12 24 31 28 2 19 13 22 17 1 11 27 15 3 8 29 30 16 6 5 4 26 21 14 20 10 18 25 
Fitness: 1.63


Mean: 1.71

Standard deviation: 0.01
9 23 7 12 24 31 28 2 19 13 22 17 1 11 27 15 3 8 29 30 16 6 5 4 26 21 14 20 10 18 25 
Fitness: 1.63


Mean: 1.71

Standard deviation: 0.01
9 23 7 12 24 31 28 2 19 13 22 17 1 11 27 15 3 8 29 30 16 6 5 4 26 21 14 20 10 18 25 
Fitness: 1.63


Mean: 1.71

Standard deviation: 0.01
9 23 7 12 24 31 28 2 19 13 22 17 1 11 27 15 3 8 29 30 16 6 5 4 26 21 14 20 10 18 25 
Fitness: 1.63


Mean: 1.71

Standard deviation: 0.01
9 23 7 12 24 31 28 2 19 13 22 17 1 11 27 15 3 8 29 30 16 6 5 4 26 21 14 20 10 18 25 
Fitness: 1.63


Mean: 1.71

Standard deviation: 0.01
9 23 7 12 24 31 28 2 19 13 22 17 1 11 27 15 3 8 29 30 16 6 5 4 26 21 14 20 10 18 25 
Fitness: 1.63


Mean: 1.71

Standard deviation: 0.01
9 23 7 12 24 31 28 2 19 13 22 17 1 11 27 15 3 8 29 30 16 6 5 4 26 21 14 20 10 18 25 
Fitness: 1.63


Mean: 1.71

Standard deviation: 0.01
9 23 7 12 24 31 28 2 19 13 22 17 1 11 27 15 3 8 29 30 16 6 5 4 26 21 14 20 10 18 25 
Fitness: 1.63


Mean: 1.71

Standard deviation: 0.01
9 23 7 12 24 31 28 2 19 13 22 17 1 11 27 15 3 8 29 30 16 6 5 4 26 21 14 20 10 18 25 
Fitness: 1.63


Mean: 1.71

Standard deviation: 0.01
9 23 7 12 24 31 28 2 19 13 22 17 1 11 27 15 3 8 29 30 16 6 5 4 26 21 14 20 10 18 25 
Fitness: 1.63


Mean: 1.71

Standard deviation: 0.01
9 23 7 12 24 31 28 2 19 13 22 17 1 11 27 15 3 8 29 30 16 6 5 4 26 21 14 20 10 18 25 
Fitness: 1.63


Mean: 1.71

Standard deviation: 0.01
9 23 7 12 24 31 28 2 19 13 22 17 1 11 27 15 3 8 29 30 16 6 5 4 26 21 14 20 10 18 25 
Fitness: 1.63


Mean: 1.71

Standard deviation: 0.01
9 23 7 12 24 31 28 2 19 13 22 17 1 11 27 15 3 8 29 30 16 6 5 4 26 21 14 20 10 18 25 
Fitness: 1.63


Mean: 1.71

Standard deviation: 0.01
9 23 7 12 24 31 28 2 19 13 22 17 1 11 27 15 3 8 29 30 16 6 5 4 26 21 14 20 10 18 25 
Fitness: 1.63


Mean: 1.71

Standard deviation: 0.01
9 23 7 12 24 31 28 2 19 13 22 17 1 11 27 15 3 8 29 30 16 6 5 4 26 21 14 20 10 18 25 
Fitness: 1.63


Mean: 1.71

Standard deviation: 0.01
9 23 7 12 24 31 28 2 19 13 22 17 1 11 27 15 3 8 29 30 16 6 5 4 26 21 14 20 10 18 25 
Fitness: 1.63


Mean: 1.71

Standard deviation: 0.01
9 23 7 12 24 31 28 2 19 13 22 17 1 11 27 15 3 8 29 30 16 6 5 4 26 21 14 20 10 18 25 
Fitness: 1.63


Mean: 1.71

Standard deviation: 0.01
9 23 7 12 24 31 28 2 19 13 22 17 1 11 27 15 3 8 29 30 16 6 5 4 26 21 14 20 10 18 25 
Fitness: 1.63


Mean: 1.71

Standard deviation: 0.01
9 23 7 12 24 31 28 2 19 13 22 17 1 11 27 15 3 8 29 30 16 6 5 4 26 21 14 20 10 18 25 
Fitness: 1.63


Mean: 1.71

Standard deviation: 0.01
9 23 7 12 24 31 28 2 19 13 22 17 1 11 27 15 3 8 29 30 16 6 5 4 26 21 14 20 10 18 25 
Fitness: 1.63


Mean: 1.71

Standard deviation: 0.01
9 23 7 12 24 31 28 2 19 13 22 17 1 11 27 15 3 8 29 30 16 6 5 4 26 21 14 20 10 18 25 
Fitness: 1.63


Mean: 1.71

Standard deviation: 0.01
9 23 7 12 24 31 28 2 19 13 22 17 1 11 27 15 3 8 29 30 16 6 5 4 26 21 14 20 10 18 25 
Fitness: 1.63


Mean: 1.71

Standard deviation: 0.01
9 23 7 12 24 31 28 2 19 13 22 17 1 11 27 15 3 8 29 30 16 6 5 4 26 21 14 20 10 18 25 
Fitness: 1.63


Mean: 1.71

Standard deviation: 0.01
9 23 7 12 24 31 28 2 19 13 22 17 1 11 27 15 3 8 29 30 16 6 5 4 26 21 14 20 10 18 25 
Fitness: 1.63


Mean: 1.71

Standard deviation: 0.01
9 23 7 12 24 31 28 2 19 13 22 17 1 11 27 15 3 8 29 30 16 6 5 4 26 21 14 20 10 18 25 
Fitness: 1.63


Mean: 1.71

Standard deviation: 0.01
9 23 7 12 24 31 28 2 19 13 22 17 1 11 27 15 3 8 29 30 16 6 5 4 26 21 14 20 10 18 25 
Fitness: 1.63


Mean: 1.71

Standard deviation: 0.01
9 23 7 12 24 31 28 2 19 13 22 17 1 11 27 15 3 8 29 30 16 6 5 4 26 21 14 20 10 18 25 
Fitness: 1.63


Mean: 1.71

Standard deviation: 0.01
9 23 7 12 24 31 28 2 19 13 22 17 1 11 27 15 3 8 29 30 16 6 5 4 26 21 14 20 10 18 25 
Fitness: 1.63


Mean: 1.71

Standard deviation: 0.01
9 23 7 12 24 31 28 2 19 13 22 17 1 11 27 15 3 8 29 30 16 6 5 4 26 21 14 20 10 18 25 
Fitness: 1.63


Mean: 1.71

Standard deviation: 0.01
9 23 7 12 24 31 28 2 19 13 22 17 1 11 27 15 3 8 29 30 16 6 5 4 26 21 14 20 10 18 25 
Fitness: 1.63


Mean: 1.71

Standard deviation: 0.01
9 23 7 12 24 31 28 2 19 13 22 17 1 11 27 15 3 8 29 30 16 6 5 4 26 21 14 20 10 18 25 
Fitness: 1.63


Mean: 1.71

Standard deviation: 0.01
9 23 7 12 24 31 28 2 19 13 22 17 1 11 27 15 3 8 29 30 16 6 5 4 26 21 14 20 10 18 25 
Fitness: 1.63


Mean: 1.71

Standard deviation: 0.01
9 23 7 12 24 31 28 2 19 13 22 17 1 11 27 15 3 8 29 30 16 6 5 4 26 21 14 20 10 18 25 
Fitness: 1.63


Mean: 1.71

Standard deviation: 0.01
9 23 7 12 24 31 28 2 19 13 22 17 1 11 27 15 3 8 29 30 16 6 5 4 26 21 14 20 10 18 25 
Fitness: 1.63


Mean: 1.71

Standard deviation: 0.01
9 23 7 12 24 31 28 2 19 13 22 17 1 11 27 15 3 8 29 30 16 6 5 4 26 21 14 20 10 18 25 
Fitness: 1.63


Mean: 1.71

Standard deviation: 0.01
9 23 7 12 24 31 28 2 19 13 22 17 1 11 27 15 3 8 29 30 16 6 5 4 26 21 14 20 10 18 25 
Fitness: 1.63


Mean: 1.71

Standard deviation: 0.01
9 23 7 12 24 31 28 2 19 13 22 17 1 11 27 15 3 8 29 30 16 6 5 4 26 21 14 20 10 18 25 
Fitness: 1.63


Mean: 1.71

Standard deviation: 0.01
9 23 7 12 24 31 28 2 19 13 22 17 1 11 27 15 3 8 29 30 16 6 5 4 26 21 14 20 10 18 25 
Fitness: 1.63


Mean: 1.71

Standard deviation: 0.01
9 23 7 12 24 31 28 2 19 13 22 17 1 11 27 15 3 8 29 30 16 6 5 4 26 21 14 20 10 18 25 
Fitness: 1.63


Mean: 1.71

Standard deviation: 0.01
9 23 7 12 24 31 28 2 19 13 22 17 1 11 27 15 3 8 29 30 16 6 5 4 26 21 14 20 10 18 25 
Fitness: 1.63


Mean: 1.71

Standard deviation: 0.01
9 23 7 12 24 31 28 2 19 13 22 17 1 11 27 15 3 8 29 30 16 6 5 4 26 21 14 20 10 18 25 
Fitness: 1.63


Mean: 1.71

Standard deviation: 0.01
9 23 7 12 24 31 28 2 19 13 22 17 1 11 27 15 3 8 29 30 16 6 5 4 26 21 14 20 10 18 25 
Fitness: 1.63


Mean: 1.71

Standard deviation: 0.01
9 23 7 12 24 31 28 2 19 13 22 17 1 11 27 15 3 8 29 30 16 6 5 4 26 21 14 20 10 18 25 
Fitness: 1.63


Mean: 1.71

Standard deviation: 0.01
9 23 7 12 24 31 28 2 19 13 22 17 1 11 27 15 3 8 29 30 16 6 5 4 26 21 14 20 10 18 25 
Fitness: 1.63


Mean: 1.71

Standard deviation: 0.01
9 23 7 12 24 31 28 2 19 13 22 17 1 11 27 15 3 8 29 30 16 6 5 4 26 21 14 20 10 18 25 
Fitness: 1.63


Mean: 1.71

Standard deviation: 0.01
9 23 7 12 24 31 28 2 19 13 22 17 1 11 27 15 3 8 29 30 16 6 5 4 26 21 14 20 10 18 25 
Fitness: 1.63


Mean: 1.71

Standard deviation: 0.01
9 23 7 12 24 31 28 2 19 13 22 17 1 11 27 15 3 8 29 30 16 6 5 4 26 21 14 20 10 18 25 
Fitness: 1.63


Mean: 1.71

Standard deviation: 0.01
9 23 7 12 24 31 28 2 19 13 22 17 1 11 27 15 3 8 29 30 16 6 5 4 26 21 14 20 10 18 25 
Fitness: 1.63


Mean: 1.71

Standard deviation: 0.01
9 23 7 12 24 31 28 2 19 13 22 17 1 11 27 15 3 8 29 30 16 6 5 4 26 21 14 20 10 18 25 
Fitness: 1.63


Mean: 1.71

Standard deviation: 0.01
9 23 7 12 24 31 28 2 19 13 22 17 1 11 27 15 3 8 29 30 16 6 5 4 26 21 14 20 10 18 25 
Fitness: 1.63


Mean: 1.71

Standard deviation: 0.01
9 23 7 12 24 31 28 2 19 13 22 17 1 11 27 15 3 8 29 30 16 6 5 4 26 21 14 20 10 18 25 
Fitness: 1.63


Mean: 1.71

Standard deviation: 0.01
9 23 7 12 24 31 28 2 19 13 22 17 1 11 27 15 3 8 29 30 16 6 5 4 26 21 14 20 10 18 25 
Fitness: 1.63


Mean: 1.71

Standard deviation: 0.01
9 23 7 12 24 31 28 2 19 13 22 17 1 11 27 15 3 8 29 30 16 6 5 4 26 21 14 20 10 18 25 
Fitness: 1.63


Mean: 1.71

Standard deviation: 0.01
9 23 7 12 24 31 28 2 19 13 22 17 1 11 27 15 3 8 29 30 16 6 5 4 26 21 14 20 10 18 25 
Fitness: 1.63


Mean: 1.71

Standard deviation: 0.01
9 23 7 12 24 31 28 2 19 13 22 17 1 11 27 15 3 8 29 30 16 6 5 4 26 21 14 20 10 18 25 
Fitness: 1.63


Mean: 1.71

Standard deviation: 0.01
9 23 7 12 24 31 28 2 19 13 22 17 1 11 27 15 3 8 29 30 16 6 5 4 26 21 14 20 10 18 25 
Fitness: 1.63


Mean: 1.71

Standard deviation: 0.01
9 23 7 12 24 31 28 2 19 13 22 17 1 11 27 15 3 8 29 30 16 6 5 4 26 21 14 20 10 18 25 
Fitness: 1.63


Mean: 1.71

Standard deviation: 0.01
9 23 7 12 24 31 28 2 19 13 22 17 1 11 27 15 3 8 29 30 16 6 5 4 26 21 14 20 10 18 25 
Fitness: 1.63


Mean: 1.71

Standard deviation: 0.01
9 23 7 12 24 31 28 2 19 13 22 17 1 11 27 15 3 8 29 30 16 6 5 4 26 21 14 20 10 18 25 
Fitness: 1.63


Mean: 1.71

Standard deviation: 0.01
9 23 7 12 24 31 28 2 19 13 22 17 1 11 27 15 3 8 29 30 16 6 5 4 26 21 14 20 10 18 25 
Fitness: 1.63


Mean: 1.71

Standard deviation: 0.01
9 23 7 12 24 31 28 2 19 13 22 17 1 11 27 15 3 8 29 30 16 6 5 4 26 21 14 20 10 18 25 
Fitness: 1.63


Mean: 1.71

Standard deviation: 0.01
9 23 7 12 24 31 28 2 19 13 22 17 1 11 27 15 3 8 29 30 16 6 5 4 26 21 14 20 10 18 25 
Fitness: 1.63


Mean: 1.71

Standard deviation: 0.01
9 23 7 12 24 31 28 2 19 13 22 17 1 11 27 15 3 8 29 30 16 6 5 4 26 21 14 20 10 18 25 
Fitness: 1.63


Mean: 1.71

Standard deviation: 0.01
9 23 7 12 24 31 28 2 19 13 22 17 1 11 27 15 3 8 29 30 16 6 5 4 26 21 14 20 10 18 25 
Fitness: 1.63


Mean: 1.71

Standard deviation: 0.01
9 23 7 12 24 31 28 2 19 13 22 17 1 11 27 15 3 8 29 30 16 6 5 4 26 21 14 20 10 18 25 
Fitness: 1.63


Mean: 1.71

Standard deviation: 0.01
9 23 7 12 24 31 28 2 19 13 22 17 1 11 27 15 3 8 29 30 16 6 5 4 26 21 14 20 10 18 25 
Fitness: 1.63


Mean: 1.71

Standard deviation: 0.01
9 23 7 12 24 31 28 2 19 13 22 17 1 11 27 15 3 8 29 30 16 6 5 4 26 21 14 20 10 18 25 
Fitness: 1.63


Mean: 1.71

Standard deviation: 0.01
9 23 7 12 24 31 28 2 19 13 22 17 1 11 27 15 3 8 29 30 16 6 5 4 26 21 14 20 10 18 25 
Fitness: 1.63


Mean: 1.71

Standard deviation: 0.01
9 23 7 12 24 31 28 2 19 13 22 17 1 11 27 15 3 8 29 30 16 6 5 4 26 21 14 20 10 18 25 
Fitness: 1.63


Mean: 1.71

Standard deviation: 0.01
9 23 7 12 24 31 28 2 19 13 22 17 1 11 27 15 3 8 29 30 16 6 5 4 26 21 14 20 10 18 25 
Fitness: 1.63


Mean: 1.71

Standard deviation: 0.01
9 23 7 12 24 31 28 2 19 13 22 17 1 11 27 15 3 8 29 30 16 6 5 4 26 21 14 20 10 18 25 
Fitness: 1.63


Mean: 1.71

Standard deviation: 0.01
9 23 7 12 24 31 28 2 19 13 22 17 1 11 27 15 3 8 29 30 16 6 5 4 26 21 14 20 10 18 25 
Fitness: 1.63


Mean: 1.71

Standard deviation: 0.01
9 23 7 12 24 31 28 2 19 13 22 17 1 11 27 15 3 8 29 30 16 6 5 4 26 21 14 20 10 18 25 
Fitness: 1.63


Mean: 1.71

Standard deviation: 0.01
9 23 7 12 24 31 28 2 19 13 22 17 1 11 27 15 3 8 29 30 16 6 5 4 26 21 14 20 10 18 25 
Fitness: 1.63


Mean: 1.71

Standard deviation: 0.01
9 23 7 12 24 31 28 2 19 13 22 17 1 11 27 15 3 8 29 30 16 6 5 4 26 21 14 20 10 18 25 
Fitness: 1.63


Mean: 1.71

Standard deviation: 0.01
9 23 7 12 24 31 28 2 19 13 22 17 1 11 27 15 3 8 29 30 16 6 5 4 26 21 14 20 10 18 25 
Fitness: 1.63


Mean: 1.71

Standard deviation: 0.01
9 23 7 12 24 31 28 2 19 13 22 17 1 11 27 15 3 8 29 30 16 6 5 4 26 21 14 20 10 18 25 
Fitness: 1.63


Mean: 1.71

Standard deviation: 0.01
9 23 7 12 24 31 28 2 19 13 22 17 1 11 27 15 3 8 29 30 16 6 5 4 26 21 14 20 10 18 25 
Fitness: 1.63


Mean: 1.71

Standard deviation: 0.01
9 23 7 12 24 31 28 2 19 13 22 17 1 11 27 15 3 8 29 30 16 6 5 4 26 21 14 20 10 18 25 
Fitness: 1.63


Mean: 1.71

Standard deviation: 0.01
9 23 7 12 24 31 28 2 19 13 22 17 1 11 27 15 3 8 29 30 16 6 5 4 26 21 14 20 10 18 25 
Fitness: 1.63


Mean: 1.71

Standard deviation: 0.01
9 23 7 12 24 31 28 2 19 13 22 17 1 11 27 15 3 8 29 30 16 6 5 4 26 21 14 20 10 18 25 
Fitness: 1.63


Mean: 1.71

Standard deviation: 0.01
9 23 7 12 24 31 28 2 19 13 22 17 1 11 27 15 3 8 29 30 16 6 5 4 26 21 14 20 10 18 25 
Fitness: 1.63


Mean: 1.71

Standard deviation: 0.01
9 23 7 12 24 31 28 2 19 13 22 17 1 11 27 15 3 8 29 30 16 6 5 4 26 21 14 20 10 18 25 
Fitness: 1.63


Mean: 1.71

Standard deviation: 0.01
9 23 7 12 24 31 28 2 19 13 22 17 1 11 27 15 3 8 29 30 16 6 5 4 26 21 14 20 10 18 25 
Fitness: 1.63


Mean: 1.71

Standard deviation: 0.01
9 23 7 12 24 31 28 2 19 13 22 17 1 11 27 15 3 8 29 30 16 6 5 4 26 21 14 20 10 18 25 
Fitness: 1.63


Mean: 1.71

Standard deviation: 0.01
9 23 7 12 24 31 28 2 19 13 22 17 1 11 27 15 3 8 29 30 16 6 5 4 26 21 14 20 10 18 25 
Fitness: 1.63


Mean: 1.71

Standard deviation: 0.01
9 23 7 12 24 31 28 2 19 13 22 17 1 11 27 15 3 8 29 30 16 6 5 4 26 21 14 20 10 18 25 
Fitness: 1.63


Mean: 1.71

Standard deviation: 0.01
9 23 7 12 24 31 28 2 19 13 22 17 1 11 27 15 3 8 29 30 16 6 5 4 26 21 14 20 10 18 25 
Fitness: 1.63


Mean: 1.71

Standard deviation: 0.01
9 23 7 12 24 31 28 2 19 13 22 17 1 11 27 15 3 8 29 30 16 6 5 4 26 21 14 20 10 18 25 
Fitness: 1.63


Mean: 1.71

Standard deviation: 0.01
9 23 7 12 24 31 28 2 19 13 22 17 1 11 27 15 3 8 29 30 16 6 5 4 26 21 14 20 10 18 25 
Fitness: 1.63


Mean: 1.71

Standard deviation: 0.01
9 23 7 12 24 31 28 2 19 13 22 17 1 11 27 15 3 8 29 30 16 6 5 4 26 21 14 20 10 18 25 
Fitness: 1.63


Mean: 1.71

Standard deviation: 0.01
9 23 7 12 24 31 28 2 19 13 22 17 1 11 27 15 3 8 29 30 16 6 5 4 26 21 14 20 10 18 25 
Fitness: 1.63


Mean: 1.71

Standard deviation: 0.01
