278.98 15.07 7833.97 0.46 
456.16 135.78 6821.59 0.25 
910.72 439.65 4889.80 0.44 
114.09 860.49 5206.73 0.42 
948.88 176.11 5421.00 0.39 
988.57 179.66 4365.97 0.45 
419.88 91.21 5523.30 0.27 
456.15 382.66 5554.79 0.30 
534.03 120.99 7881.37 0.27 
950.65 969.76 5251.74 0.50 
243.39 707.10 7284.13 0.45 
575.17 773.15 4043.88 0.41 
140.82 953.51 4416.52 0.41 
675.18 892.02 2052.23 0.27 
757.68 620.99 4862.03 0.42 
500.53 78.38 1192.62 0.33 
507.69 484.36 2285.40 0.47 
630.15 251.41 1892.10 0.37 
476.37 399.09 4538.11 0.29 
570.46 848.64 6607.22 0.47 
816.27 827.64 6493.18 0.46 
473.21 979.99 3663.57 0.56 
856.12 185.59 3597.77 0.45 
310.90 654.30 4827.76 0.51 
920.79 506.24 7740.85 0.35 
859.32 341.48 6199.47 0.53 
872.31 870.56 6241.44 0.41 
185.23 542.25 6733.75 0.37 
180.76 286.33 1155.52 0.24 
939.10 911.58 1560.25 0.32 
907.60 162.57 3474.44 0.45 
982.41 452.48 3228.55 0.40 
899.20 849.21 6545.14 0.28 
810.02 821.37 2743.94 0.37 
141.67 488.97 6806.43 0.21 
889.73 400.91 7811.15 0.44 
92.58 452.29 6581.72 0.49 
664.30 365.00 3400.08 0.45 
682.27 143.90 1186.82 0.36 
230.72 926.88 1563.71 0.45 
948.10 931.63 5572.68 0.82 
29 1 16 9 39 18 38 17 4 13 40 22 20 14 34 21 41 10 30 32 3 25 15 36 26 6 5 31 23 19 12 24 11 28 35 37 8 7 2 27 33 
Best fitness: 1.88
31 5 6 23 39 16 9 26 32 30 41 38 18 17 24 40 4 37 29 12 20 22 14 34 15 36 3 21 27 10 33 19 8 11 13 28 1 7 2 25 35 
Worst fitness: 2.73

Mean: 2.23

Standard deviation: 0.04
