557.46 923.55 3773.97 0.51 
911.66 864.87 4538.75 0.46 
282.49 353.62 3547.74 0.25 
347.32 336.29 5862.25 0.37 
696.22 730.91 4152.28 0.38 
591.29 782.28 4112.24 0.42 
817.51 585.63 2770.68 0.35 
282.52 883.08 6242.68 0.40 
5.18 257.67 7781.89 0.43 
219.78 995.29 2330.02 0.30 
343.17 788.11 6317.97 0.68 
444.58 131.15 5223.03 0.50 
576.73 60.38 7012.91 0.40 
415.44 14.19 4536.83 0.09 
846.79 414.86 3755.09 0.42 
127.68 87.67 4289.26 0.44 
803.56 829.47 4713.60 0.43 
477.26 604.70 4836.45 0.38 
293.30 843.23 5100.25 0.35 
148.56 856.26 6690.68 0.44 
333.52 446.76 2611.06 0.40 
462.41 134.62 6944.26 0.48 
979.46 623.85 1709.70 0.50 
541.64 958.21 7484.55 0.42 
475.24 504.36 1151.14 0.40 
632.82 246.55 985.48 0.52 
640.41 787.69 2760.35 0.57 
709.87 707.90 7867.28 0.39 
209.25 277.10 7603.98 0.35 
529.34 443.10 4896.71 0.52 
86.46 791.34 2800.46 0.36 
11.08 258.58 6303.20 0.37 
557.95 106.82 979.51 0.42 
288.47 81.98 7650.40 0.30 
75.26 850.07 4377.63 0.37 
568.77 173.82 2457.14 0.37 
572.49 778.63 1500.56 0.41 
329.03 95.77 2295.07 0.57 
457.37 733.59 826.89 0.43 
562.77 25.57 5912.86 0.47 
606.18 747.79 3390.54 0.31 
205.63 475.08 1587.80 0.52 
372.36 580.75 5651.08 0.37 
376.51 571.39 4395.71 0.34 
860.88 10.19 7267.15 0.33 
250.35 183.14 2349.35 0.48 
418.35 927.29 5790.73 0.48 
756.53 521.66 2214.98 0.31 
416.84 0.59 1774.03 0.36 
606.05 706.62 737.66 0.31 
269.36 934.38 4201.49 0.40 
574.18 771.49 7019.16 0.36 
86.29 149.35 7608.09 0.20 
392.02 889.33 1330.54 0.36 
173.15 756.44 5913.12 0.41 
870.34 242.84 5015.55 0.35 
467.06 632.26 2292.12 0.23 
36.95 44.51 594.73 0.58 
126.11 92.35 2676.22 0.29 
610.95 159.09 6804.50 0.34 
514.98 407.22 3859.05 0.36 
264.06 595.90 3335.09 0.27 
292.81 227.84 790.14 0.33 
984.75 657.10 3798.41 0.50 
802.58 847.44 737.48 0.45 
820.01 659.34 2885.20 0.27 
413.94 294.88 4268.95 0.45 
133.81 131.26 6735.39 0.39 
386.17 153.16 4096.42 0.54 
801.62 43.60 7018.41 0.40 
529.91 49.68 6520.86 0.50 
58 68 29 46 63 39 54 50 25 30 26 36 33 38 49 69 42 21 37 6 27 52 65 23 64 15 44 43 11 51 1 41 66 7 48 17 5 61 67 12 62 31 20 10 8 19 35 55 18 57 22 40 13 71 4 3 59 16 32 9 2 24 28 56 45 70 60 47 53 34 14 
Best fitness: 6.44
58 53 46 63 48 23 2 65 17 30 33 38 26 25 39 37 27 50 18 42 21 57 5 6 52 36 49 69 4 3 43 44 61 67 40 12 22 31 10 51 54 41 71 14 16 59 15 7 66 64 1 24 11 19 47 8 62 35 55 32 9 68 56 70 13 28 20 29 60 34 45 
Worst fitness: 7.99

Mean: 7.22

Standard deviation: 0.10
