491.56 502.79 0.14 9134.86
528.50 516.31 0.47 4575.32
536.47 500.65 0.35 6943.37
590.60 530.26 0.18 4583.73
499.98 496.65 0.48 8704.93
409.26 519.01 0.58 5744.60
506.71 468.82 0.47 5325.64
579.55 417.54 0.54 5662.36
464.35 554.46 0.20 10287.12
487.65 500.60 0.23 5133.29
510.50 539.43 0.15 7415.52
543.40 515.57 0.55 5796.32
515.24 471.45 0.16 10501.98
507.52 498.77 0.48 6284.45
496.29 468.89 0.32 3178.42
430.66 414.18 0.08 9553.14
571.52 516.85 0.01 1478.79
504.39 519.38 0.32 1674.76
446.13 632.28 0.56 8395.25
432.13 440.82 0.08 4083.01
476.41 538.11 0.57 4613.83
387.98 538.04 0.19 5992.79
552.63 519.26 0.12 1979.87
458.75 574.25 0.40 4884.70
498.11 532.87 0.33 8413.21
442.83 490.98 0.35 3605.37
448.53 555.97 0.29 10356.49
439.30 529.21 0.13 6164.35
626.46 511.23 0.14 8358.39
505.43 444.25 0.50 5102.86
541.92 544.63 0.36 744.66
531.85 489.34 0.22 9071.81
555.74 518.11 0.31 3783.78
582.94 526.28 0.55 6324.65
476.55 473.93 0.34 1994.81
557.68 507.30 0.55 3897.59
465.94 505.86 0.24 8706.73
500.45 484.85 0.54 2768.86
507.57 575.13 0.23 6927.94
475.15 518.06 0.56 5063.01
447.43 514.19 0.31 4530.13
342.29 534.85 0.13 10007.37
504.72 545.92 0.40 4371.86
485.35 460.67 0.49 4674.66
520.85 557.37 0.25 4325.38
543.87 536.46 0.59 2482.96
503.10 539.34 0.54 3664.52
510.03 507.96 0.32 2292.95
577.98 475.83 0.14 6251.48
523.07 531.79 0.06 6450.32
527.50 571.03 0.02 7772.84
498.95 602.42 0.49 2246.74
553.90 493.06 0.27 1311.88
590.17 516.79 0.37 10640.62
499.96 441.78 0.11 9188.06
502.19 631.06 0.04 6293.53
528.38 456.04 0.23 4107.97
530.27 501.64 0.57 3897.56
472.24 517.70 0.38 1008.94
518.11 508.24 0.51 6603.39
549.31 519.48 0.46 2127.34
502.69 487.23 0.60 3432.19
525.87 591.98 0.27 3929.97
380.50 529.45 0.24 2061.76
544.87 472.94 0.47 6609.01
438.00 490.14 0.11 9768.89
446.69 504.10 0.43 5333.65
480.40 586.43 0.38 5506.23
519.81 487.71 0.29 7751.30
537.36 556.37 0.10 8486.49
581.46 486.04 0.38 9078.36
425.67 549.55 0.29 6543.45
470.64 490.37 0.16 6941.55
589.64 540.26 0.11 6144.69
508.88 506.91 0.11 2950.59
458.44 495.99 0.35 6958.62
560.87 573.79 0.36 9620.60
376.78 446.89 0.52 3512.72
512.59 540.81 0.41 6945.37
459.11 539.22 0.25 4031.57
484.33 441.56 0.17 2303.07
451.90 400.99 0.33 8091.34
478.48 523.21 0.45 4014.51
449.67 568.41 0.55 3508.27
615.67 606.25 0.06 7185.13
485.92 499.08 0.30 4200.48
533.07 578.83 0.01 5903.36
529.26 489.81 0.16 2969.53
531.42 522.05 0.11 7846.69
486.60 543.35 0.43 3786.80
469.04 499.61 0.23 3877.81
378.71 549.91 0.15 9664.18
538.55 450.10 0.19 9425.47
513.89 552.48 0.56 8953.46
460.68 576.26 0.40 9528.01
504.63 509.67 0.29 9037.82
396.56 482.33 0.37 2722.37
435.60 519.05 0.01 4436.55
451.44 486.88 0.25 8252.36
511.84 482.52 0.48 7429.73
498.22 538.01 0.15 6107.37
471.52 542.72 0.41 6921.68
453.25 348.16 0.43 4638.12
541.67 571.36 0.55 9783.32
424.32 460.27 0.03 8330.46
567.98 461.44 0.20 8363.79
545.50 503.06 0.54 6114.59
439.07 499.22 0.51 4685.63
496.56 573.38 0.40 4990.76
403.21 607.89 0.54 8744.98
561.22 433.69 0.32 10134.91
529.42 588.68 0.03 9559.77
515.17 552.75 0.47 1458.91
529.82 537.73 0.51 3797.30
460.06 490.38 0.46 8766.19
358.87 477.34 0.56 4462.53
523.54 537.55 0.59 7988.34
483.13 491.36 0.27 4808.73
504.15 565.39 0.56 8070.67
621.21 506.56 0.04 5021.41
514.74 502.86 0.52 2064.61
388.74 471.22 0.40 2531.93
437.51 498.07 0.55 4751.25
524.67 519.11 0.35 4374.90
455.86 401.42 0.56 2160.11
453.98 498.11 0.52 4599.23
498.17 524.84 0.33 9146.51
388.96 472.13 0.24 9554.76
480.37 398.82 0.36 3651.44
550.04 450.76 0.21 6265.16
534.70 554.02 0.22 4420.03
513.26 485.66 0.17 10277.14
409.17 482.50 0.27 9214.14
510.79 506.93 0.38 9288.52
512.55 535.87 0.15 1425.14
438.65 581.82 0.25 10356.47
439.79 490.09 0.19 3251.29
453.83 511.18 0.25 1638.77
532.71 514.19 0.07 2053.07
566.93 514.88 0.04 8588.93
409.93 496.03 0.53 4035.21
511.07 510.77 0.14 4441.09
590.15 475.52 0.44 7016.64
545.34 421.11 0.01 9867.90
516.63 472.15 0.15 5042.43
554.76 583.22 0.38 2495.02
547.24 569.53 0.52 9750.13
472.89 478.06 0.08 8879.59
462.26 481.49 0.47 9500.99
497.13 561.91 0.23 1568.38
458.89 453.29 0.02 3075.24
480.80 496.00 0.32 9974.05
486.48 520.93 0.09 5134.54
511.07 516.59 0.49 2960.52
553.88 577.12 0.06 5263.45
439.53 505.46 0.59 2236.25
422.77 508.94 0.22 1312.34
493.75 593.37 0.03 9262.77
483.61 530.27 0.33 7935.90
463.65 419.79 0.26 10622.14
425.58 552.81 0.45 3944.94
522.01 539.20 0.25 3342.58
549.33 524.87 0.14 5014.23
429.03 526.94 0.49 4053.17
550.25 533.42 0.25 6183.79
529.96 470.16 0.02 10551.12
401.18 511.07 0.24 4855.59
522.06 403.88 0.58 7102.02
557.78 387.74 0.18 4903.99
417.81 517.13 0.39 9087.55
538.94 523.55 0.35 4324.50
531.60 488.82 0.55 6933.31
549.24 403.08 0.41 7587.31
560.07 418.02 0.04 3882.43
499.20 586.57 0.09 6623.55
