538.55 547.65 0.18 5791.61
475.71 416.20 0.17 4074.50
555.68 524.57 0.28 8690.93
454.49 511.58 0.06 8118.11
461.15 445.16 0.39 5647.27
532.93 493.49 0.18 3507.67
472.72 526.12 0.28 2471.66
443.82 460.00 0.15 4390.69
551.06 480.02 0.25 1520.93
501.84 508.71 0.11 1963.81
500.00 516.76 0.21 1900.67
427.96 454.43 0.30 3227.92
475.26 559.11 0.38 5334.72
560.41 513.66 0.30 9142.86
551.85 581.20 0.14 9765.06
565.36 491.15 0.05 4108.26
445.72 432.72 0.29 8823.83
555.37 505.05 0.29 3569.89
491.16 510.10 0.16 8413.95
490.56 504.68 0.18 1950.48
473.29 437.65 0.24 6665.53
545.18 518.11 0.07 7322.59
511.62 550.33 0.26 3241.70
416.35 498.29 0.17 1707.03
546.67 450.49 0.14 8540.30
494.58 428.25 0.20 4384.13
479.79 533.30 0.24 8117.83
529.87 551.24 0.13 2210.60
525.60 450.47 0.31 4882.80
527.68 549.06 0.15 4537.21
452.91 591.62 0.24 9372.29
527.01 511.56 0.15 3443.29
363.03 557.24 0.20 1050.02
528.40 556.39 0.17 9128.71
456.36 563.92 0.32 2516.47
533.70 530.01 0.20 9416.18
454.79 507.52 0.30 5480.30
459.97 489.83 0.15 4210.12
412.47 533.51 0.18 1994.09
585.39 514.65 0.22 8482.17
476.24 550.96 0.11 2553.35
441.84 429.05 0.37 8354.94
484.94 597.06 0.24 5930.55
493.22 483.49 0.34 3285.20
548.48 491.53 0.27 5256.44
536.18 498.34 0.25 9000.33
484.75 526.02 0.13 10319.29
515.94 488.36 0.37 3202.23
489.07 505.44 0.18 5405.20
521.65 535.08 0.25 2509.31
562.58 429.20 0.06 10800.00
523.11 589.17 0.18 4417.89
494.11 437.58 0.22 10524.05
493.87 557.09 0.12 2053.25
539.80 535.06 0.18 10360.09
549.62 518.43 0.11 5122.43
543.60 509.61 0.21 9425.50
441.40 525.83 0.09 8817.48
510.99 484.74 0.18 4371.53
530.72 628.74 0.10 10699.38
556.30 536.93 0.08 4853.16
639.41 521.83 0.31 3542.92
653.27 559.49 0.21 2597.21
535.01 488.23 0.12 6003.04
523.60 565.01 0.22 6914.81
430.48 508.73 0.21 10137.59
526.82 573.92 0.22 2743.02
462.40 443.72 0.21 4089.33
456.95 497.98 0.20 10140.08
491.64 485.60 0.07 5975.14
429.93 527.51 0.07 1591.36
469.74 574.91 0.01 1364.66
499.74 664.63 0.17 5196.42
568.34 510.21 0.28 6411.27
585.00 497.83 0.19 6451.11
512.35 488.82 0.26 6333.93
484.19 495.96 0.36 5833.60
551.88 583.77 0.29 8979.18
456.27 582.24 0.34 10024.91
512.79 458.83 0.30 7702.22
597.68 514.88 0.17 9314.00
425.72 571.20 0.26 4482.79
473.27 511.63 0.01 10711.54
473.46 439.85 0.21 4152.48
545.37 525.19 0.14 9383.34
515.43 538.22 0.21 7251.18
479.85 506.54 0.19 10674.61
461.87 504.06 0.05 2647.90
573.21 474.25 0.09 2625.20
460.91 562.27 0.20 5561.08
516.98 568.82 0.14 1032.22
445.39 507.54 0.23 10786.17
545.50 528.78 0.26 1688.00
524.27 565.54 0.02 4265.90
531.38 490.43 0.25 3636.56
554.96 471.98 0.31 7428.80
487.12 570.97 0.23 9137.20
396.61 444.30 0.36 9529.38
519.89 581.86 0.27 7295.15
520.72 579.39 0.24 2276.86
516.96 498.13 0.21 8432.19
536.92 473.71 0.30 5962.97
469.97 512.79 0.26 10434.63
472.12 477.09 0.27 8202.68
478.24 499.17 0.23 5546.20
575.04 543.33 0.16 1678.72
570.71 529.60 0.13 2697.05
527.46 450.87 0.31 6486.49
455.98 434.09 0.20 8127.33
567.53 552.21 0.34 9426.31
467.07 444.05 0.29 8955.74
511.02 469.79 0.42 4936.90
466.42 598.55 0.26 6537.01
491.85 517.56 0.35 1804.30
543.07 554.51 0.32 5572.47
503.73 532.90 0.01 987.86
531.76 523.51 0.19 7571.10
475.96 516.78 0.20 8867.23
491.57 596.43 0.17 1114.70
501.21 474.21 0.31 8162.09
454.60 481.56 0.22 9940.39
518.69 520.78 0.04 5709.21
463.53 464.98 0.26 10261.66
515.93 457.72 0.11 10523.51
476.84 466.82 0.20 3441.44
525.09 510.82 0.23 3330.70
575.69 472.74 0.05 1413.91
488.05 407.87 0.40 10254.54
458.37 602.50 0.17 8936.90
488.37 486.11 0.09 10652.72
565.66 568.66 0.18 6421.95
548.13 530.67 0.22 7542.77
466.99 536.92 0.30 7634.12
502.22 505.64 0.02 9904.85
550.90 486.03 0.28 1085.88
481.62 570.29 0.24 3694.60
505.05 584.61 0.27 4284.07
537.91 534.51 0.11 4782.89
607.14 493.65 0.21 9587.60
548.61 470.85 0.30 4355.16
395.57 577.12 0.17 5191.46
518.69 519.70 0.31 7726.27
560.28 593.09 0.32 9619.72
472.58 454.08 0.31 9182.37
501.11 470.19 0.28 6305.79
531.11 495.90 0.07 6654.58
505.85 563.16 0.32 8446.16
482.14 498.06 0.18 8415.83
536.32 573.82 0.31 8783.91
566.29 504.95 0.28 5795.80
