527.24 491.36 0.32 2839.39
559.27 480.20 0.25 5818.22
513.97 541.80 0.14 6903.85
456.89 491.21 0.15 6328.12
504.89 524.09 0.13 1363.56
515.07 457.53 0.17 6680.26
619.36 380.80 0.08 10533.89
602.41 627.11 0.05 7463.71
483.50 489.52 0.40 5465.57
589.07 459.06 0.04 5729.05
508.72 492.86 0.35 4117.14
499.31 438.33 0.28 3601.86
421.19 491.68 0.11 5978.01
593.81 461.48 0.22 8328.74
451.60 522.92 0.20 4647.13
545.72 441.26 0.28 8986.40
462.31 510.76 0.41 8802.92
486.13 488.53 0.27 5142.79
478.93 485.70 0.01 2074.72
517.30 553.98 0.27 3715.13
524.27 453.38 0.22 8188.76
475.00 595.02 0.46 6485.14
569.10 622.10 0.26 1948.58
490.52 518.75 0.19 1289.41
518.47 514.70 0.17 10616.00
499.40 531.14 0.16 6722.00
539.14 501.88 0.01 828.04
396.70 483.91 0.22 9998.53
614.54 500.15 0.26 7159.28
454.50 449.12 0.13 7607.01
593.05 646.76 0.07 10800.00
459.54 492.19 0.27 1250.36
520.49 415.59 0.40 10416.60
447.98 396.40 0.20 9005.10
562.24 503.86 0.30 10177.59
423.78 538.16 0.11 5890.32
527.49 509.06 0.28 5330.55
526.85 541.68 0.05 6665.61
526.90 591.97 0.22 10378.84
493.71 423.73 0.27 8774.90
527.51 532.10 0.27 5684.10
539.10 462.97 0.26 1399.26
537.13 560.82 0.07 6807.58
570.40 459.91 0.12 9552.18
593.10 488.85 0.20 3936.76
531.79 464.10 0.35 9174.15
425.90 555.87 0.26 5314.79
569.68 511.02 0.18 4105.56
500.36 523.03 0.09 7564.43
425.21 385.42 0.25 1900.96
426.54 458.11 0.07 10599.76
498.03 520.52 0.03 3791.34
511.71 501.62 0.23 3876.21
448.88 522.07 0.01 6682.08
608.30 527.14 0.33 2033.95
480.97 542.73 0.22 7814.11
465.94 493.99 0.24 3506.42
414.10 485.63 0.05 5594.47
446.74 436.02 0.43 7641.25
522.43 522.50 0.22 8322.92
503.44 477.15 0.26 10580.16
550.20 469.32 0.18 10071.41
484.71 517.67 0.39 8576.10
458.51 477.06 0.27 8428.05
485.00 458.53 0.31 8976.43
551.25 477.60 0.19 9330.22
463.88 528.14 0.17 5881.45
479.93 433.00 0.20 3868.46
412.94 543.76 0.24 9142.00
461.90 584.52 0.07 2665.80
449.88 537.77 0.11 9307.46
503.70 468.76 0.26 6976.38
510.98 506.19 0.17 4066.80
491.05 438.20 0.22 3151.96
576.73 509.53 0.08 8791.07
430.90 538.28 0.11 9344.52
544.84 606.69 0.04 8040.79
531.91 468.68 0.23 9233.81
533.89 582.49 0.17 7545.73
527.24 527.26 0.22 6683.00
563.58 409.71 0.37 3592.81
505.14 572.62 0.32 1375.27
543.48 499.05 0.26 9472.18
490.65 469.18 0.32 2570.39
556.54 469.16 0.15 10529.01
534.27 465.96 0.25 2997.43
456.53 504.30 0.15 6027.11
502.38 493.78 0.39 5442.43
544.42 446.04 0.17 4748.31
499.08 526.10 0.29 2099.74
461.02 486.79 0.19 3719.89
426.04 468.81 0.24 10517.84
462.26 486.50 0.31 3761.49
550.29 490.71 0.13 5077.85
535.18 552.72 0.11 9607.34
482.77 539.52 0.14 2561.28
454.71 611.99 0.24 10176.28
503.52 454.12 0.17 10672.68
488.30 534.99 0.04 5160.34
533.39 580.23 0.30 9238.36
571.41 529.58 0.23 3203.12
520.14 608.44 0.17 3284.70
480.33 487.42 0.37 2829.73
469.89 535.39 0.22 4431.38
406.98 442.92 0.02 4666.52
516.36 553.68 0.17 3937.14
540.05 508.43 0.19 4190.51
446.62 541.93 0.17 10722.15
444.02 505.30 0.13 10077.48
446.14 566.45 0.03 9996.97
477.57 575.22 0.38 9771.55
374.60 382.38 0.13 4497.78
479.69 568.04 0.09 5710.25
504.34 417.68 0.24 985.51
448.26 538.10 0.19 3458.61
576.32 533.81 0.36 6053.18
528.63 522.45 0.39 10019.46
555.92 462.29 0.32 7531.17
478.70 515.55 0.22 6387.82
486.51 509.65 0.05 6502.86
451.58 455.83 0.22 1956.86
499.33 535.70 0.17 5281.41
518.74 541.23 0.15 3802.24
441.16 460.81 0.21 1159.12
515.50 532.51 0.03 4515.96
549.53 489.35 0.15 2582.16
533.81 474.88 0.26 7535.01
451.26 482.34 0.33 7428.53
482.62 524.05 0.10 916.08
492.93 511.72 0.25 8354.46
593.62 573.53 0.19 9958.54
454.96 595.12 0.30 7247.90
504.71 501.20 0.49 3258.63
515.25 548.54 0.07 1079.54
512.22 504.99 0.25 6379.34
502.02 512.01 0.26 10089.08
578.76 356.46 0.22 10159.06
504.73 496.03 0.02 9953.04
453.56 428.99 0.05 10253.82
598.78 533.29 0.23 1102.54
467.33 530.20 0.22 8666.99
519.17 436.64 0.17 8004.54
507.25 487.38 0.13 1749.98
484.27 494.13 0.22 4432.62
566.21 497.01 0.17 3228.45
418.20 493.06 0.18 7223.97
470.39 456.74 0.24 5573.25
378.63 486.30 0.29 6424.47
559.79 569.81 0.20 5729.15
439.98 488.89 0.26 9630.00
518.02 562.68 0.11 9668.43
533.61 483.17 0.32 7918.37
519.72 524.57 0.01 5596.23
516.87 548.55 0.14 6071.73
537.91 510.01 0.04 5774.47
482.53 595.64 0.21 1029.31
503.23 422.61 0.32 7470.23
487.84 532.27 0.27 7804.27
495.51 489.99 0.30 6643.07
526.84 487.23 0.13 5582.44
490.63 592.77 0.36 3124.40
526.67 493.23 0.27 3188.26
481.39 527.79 0.16 7191.49
532.09 554.15 0.13 824.44
496.57 499.46 0.31 8311.48
507.89 576.12 0.05 5958.55
536.55 679.28 0.20 8807.29
517.59 503.87 0.28 4472.20
506.66 484.61 0.29 10011.65
435.94 418.61 0.27 6709.52
457.81 482.11 0.12 6550.81
532.46 364.99 0.19 9505.66
464.25 516.89 0.23 1915.03
527.83 490.54 0.13 10294.27
565.48 502.58 0.25 4644.61
