640.63 574.79 0.09 7909.73
535.41 487.34 0.11 6012.71
546.74 502.55 0.12 2152.79
569.42 457.50 0.13 5642.58
508.64 493.63 0.30 3395.74
529.23 418.24 0.29 3927.95
462.11 588.98 0.44 5565.82
489.63 484.58 0.23 9057.85
433.38 428.89 0.17 10102.36
501.28 549.30 0.21 5118.88
548.01 496.38 0.10 8722.30
478.39 547.85 0.20 5451.78
424.83 621.57 0.25 3799.81
473.26 542.25 0.04 4961.40
522.83 539.79 0.39 5445.97
451.07 449.06 0.10 986.19
462.52 440.24 0.06 7970.06
509.10 446.49 0.28 4169.43
576.66 465.71 0.48 2775.84
453.63 518.92 0.33 5725.56
470.86 485.50 0.23 10286.13
515.24 480.28 0.37 1992.70
557.65 533.76 0.15 6344.59
478.05 488.75 0.33 9575.92
426.83 505.27 0.07 10531.78
504.52 458.81 0.31 8668.63
517.05 460.78 0.35 10003.97
542.29 443.94 0.21 2498.50
471.81 525.47 0.27 5529.15
600.98 570.14 0.16 2631.26
474.28 492.43 0.27 6554.67
403.30 551.36 0.42 4755.31
560.37 531.36 0.18 6460.24
358.55 476.04 0.12 8240.43
467.86 473.77 0.18 4317.11
488.37 475.59 0.29 7963.04
475.81 450.27 0.39 6344.14
549.04 604.65 0.41 2566.11
509.07 484.41 0.25 7343.32
505.95 417.46 0.21 3023.14
547.89 515.42 0.25 9222.93
489.81 497.56 0.29 6448.94
540.98 439.79 0.34 1787.33
531.71 552.25 0.13 2302.08
553.86 541.02 0.02 3138.99
474.34 391.92 0.22 5419.83
544.25 510.79 0.18 5271.05
429.89 491.69 0.35 3290.40
597.83 477.67 0.21 3169.36
537.32 444.47 0.01 9971.72
506.78 443.81 0.13 10352.99
517.29 580.83 0.21 6397.99
455.52 502.57 0.13 6064.00
577.54 543.83 0.34 8041.20
510.38 507.51 0.17 3214.98
505.15 500.16 0.11 914.95
458.15 486.42 0.26 4191.15
505.99 626.97 0.22 8248.98
517.80 441.28 0.12 4212.16
411.69 501.90 0.02 719.14
495.61 584.74 0.26 4424.74
491.79 517.66 0.13 1235.58
500.44 508.71 0.30 9479.74
515.16 430.01 0.24 5041.18
440.88 514.76 0.17 9903.18
470.63 494.61 0.21 7112.37
524.09 495.15 0.34 4682.58
540.98 497.63 0.18 10775.70
448.19 432.36 0.10 5634.23
535.60 507.39 0.06 6699.41
619.82 457.73 0.10 8059.99
541.75 469.21 0.10 10483.74
379.35 523.91 0.17 10464.57
487.41 490.24 0.25 8825.33
493.77 519.21 0.19 10427.90
439.01 494.50 0.20 3874.24
500.40 505.72 0.12 2526.77
446.86 484.39 0.19 8795.21
528.76 605.31 0.17 7499.25
540.77 535.86 0.10 7728.54
424.17 435.80 0.28 1610.66
487.32 560.95 0.14 2357.07
412.86 521.03 0.14 2813.54
491.05 434.12 0.12 4521.54
539.69 550.61 0.27 3581.73
557.58 508.62 0.29 3356.11
580.15 538.54 0.19 7773.60
484.73 472.21 0.14 9580.19
472.48 608.23 0.21 9365.50
577.77 567.69 0.27 4988.26
415.06 494.66 0.16 9663.13
540.80 513.18 0.15 2074.77
487.01 598.29 0.21 10006.91
478.43 501.70 0.27 4825.00
493.36 579.94 0.35 5071.75
450.07 481.97 0.19 5985.71
536.28 496.85 0.22 10375.01
514.00 594.29 0.08 9837.84
491.18 418.04 0.25 10715.88
502.00 536.66 0.23 2367.17
479.11 402.51 0.08 2874.17
490.15 500.16 0.30 4913.15
510.97 535.10 0.30 1942.69
535.20 510.29 0.16 7928.12
489.35 485.32 0.03 6921.02
402.56 425.52 0.15 5940.54
539.82 455.97 0.17 10016.25
458.02 513.09 0.21 7978.78
481.25 530.20 0.22 3363.79
435.36 575.74 0.26 5884.33
483.58 527.85 0.13 990.89
389.01 408.28 0.27 3672.99
441.07 508.95 0.05 3641.71
506.31 555.75 0.26 8259.20
487.39 637.13 0.28 4850.35
488.15 380.14 0.15 2712.74
430.94 454.78 0.18 8737.56
508.53 513.24 0.29 4807.62
425.39 556.13 0.08 4580.14
505.98 490.91 0.11 5516.97
485.72 568.69 0.01 6207.50
540.26 431.34 0.34 8243.88
553.46 481.78 0.14 8872.29
511.60 509.77 0.28 9726.40
533.33 520.89 0.12 2273.63
445.07 465.06 0.18 2203.97
486.82 494.31 0.29 6921.45
463.21 532.51 0.32 10170.80
494.29 496.33 0.14 4279.81
513.82 475.07 0.33 8882.92
455.22 562.68 0.34 1793.36
454.18 457.44 0.37 5897.88
465.01 523.75 0.33 8492.64
430.50 524.76 0.41 2811.12
555.05 493.96 0.38 785.46
450.64 453.99 0.23 7212.72
565.12 457.50 0.18 9704.56
385.58 456.25 0.39 9739.41
497.65 500.71 0.14 3864.62
510.77 441.62 0.11 10486.11
500.07 427.91 0.21 7969.88
455.69 471.71 0.14 10796.12
501.64 580.39 0.15 7185.21
464.50 508.02 0.35 5502.69
428.12 461.82 0.09 7556.92
534.45 560.53 0.29 6136.05
508.89 473.09 0.17 1988.28
536.24 388.27 0.26 5531.76
516.67 456.91 0.25 10251.58
503.93 538.22 0.27 8833.53
453.63 514.03 0.12 2847.78
495.44 442.43 0.07 889.49
512.33 456.27 0.28 2419.39
528.06 434.93 0.16 5248.19
483.18 535.45 0.19 7343.89
574.80 423.61 0.23 1879.68
527.09 468.54 0.31 4309.95
529.15 529.94 0.38 3476.83
470.62 481.53 0.13 7323.82
414.10 439.57 0.07 1001.79
491.70 518.95 0.22 8116.12
414.28 534.00 0.16 9567.75
627.63 503.04 0.25 8645.63
472.44 581.31 0.29 6418.97
645.65 513.84 0.27 3989.96
532.91 549.17 0.24 4065.10
479.31 525.63 0.37 985.55
491.38 494.05 0.26 10371.12
563.25 479.02 0.17 2518.41
548.98 584.40 0.15 7814.34
489.84 391.92 0.06 1657.36
505.66 486.11 0.08 8025.55
577.34 497.14 0.11 8975.54
502.37 564.34 0.05 5149.48
486.18 431.38 0.26 3657.50
509.60 531.79 0.17 3005.81
610.34 605.82 0.32 9547.83
507.53 461.14 0.31 4241.02
438.33 575.07 0.35 2698.53
475.63 544.56 0.22 4448.83
517.56 433.83 0.09 5346.60
396.68 479.46 0.20 2658.98
455.63 532.38 0.01 8738.23
479.17 512.50 0.01 3959.88
543.98 515.87 0.13 7763.93
447.05 472.80 0.17 7819.58
577.04 484.17 0.11 2536.64
455.64 464.63 0.34 3229.10
581.39 471.93 0.24 4757.17
429.50 520.06 0.22 7718.35
468.17 450.87 0.07 4258.37
477.33 487.24 0.26 6060.36
518.43 513.44 0.21 2320.96
457.00 551.68 0.37 5112.98
496.23 513.23 0.20 1340.33
433.00 434.31 0.37 2873.98
450.20 462.66 0.28 6451.45
447.54 471.91 0.30 7620.14
515.52 512.35 0.17 1824.45
447.75 548.95 0.25 7085.33
