515.00 454.12 0.16 7887.03
450.15 512.82 0.06 10646.29
488.85 503.15 0.22 7885.08
619.34 525.66 0.20 8837.17
470.85 436.27 0.15 9501.49
527.38 558.72 0.17 10295.03
487.26 503.59 0.22 2579.63
564.82 592.72 0.19 8780.47
525.94 564.83 0.26 9594.17
423.89 440.15 0.09 10114.33
509.22 494.63 0.30 7157.00
437.27 444.92 0.09 10415.96
428.76 570.59 0.27 4772.48
441.62 529.35 0.19 10422.56
401.58 485.60 0.01 7748.13
434.98 506.33 0.22 5716.97
494.00 550.70 0.14 788.13
472.39 447.53 0.23 10592.52
504.81 565.84 0.51 8152.26
548.82 509.75 0.18 10697.03
498.11 484.78 0.25 6032.98
544.17 592.59 0.04 8419.95
467.18 529.93 0.04 2274.89
534.95 453.51 0.13 8240.48
477.07 467.37 0.18 8754.18
506.15 473.00 0.12 7103.49
502.75 490.87 0.37 3135.60
558.75 471.03 0.31 6696.34
540.35 472.57 0.06 4837.47
571.38 527.61 0.08 2498.90
447.87 494.28 0.27 5780.61
552.70 546.54 0.21 2669.26
489.30 461.77 0.12 9549.03
477.82 491.66 0.08 667.30
541.63 515.53 0.24 3086.40
462.40 431.62 0.15 6288.17
539.68 610.86 0.12 8073.34
496.94 547.22 0.29 10600.60
534.58 521.85 0.28 5409.87
520.68 530.09 0.36 3623.82
494.39 546.94 0.27 10782.41
339.85 531.89 0.21 9296.25
454.83 500.16 0.05 6362.69
553.14 530.61 0.12 4078.95
515.54 506.19 0.17 9124.64
449.66 532.44 0.18 10002.92
469.45 498.69 0.07 9858.17
541.57 437.63 0.18 7332.59
536.62 514.56 0.30 8947.76
581.80 519.95 0.33 8303.28
562.90 535.56 0.18 3372.28
528.70 492.62 0.47 6629.07
442.07 519.72 0.06 10312.22
520.89 521.90 0.19 3986.89
559.07 531.66 0.22 6273.72
369.45 458.21 0.09 4148.42
554.97 594.89 0.34 5686.51
493.75 551.24 0.26 6263.81
453.16 508.59 0.07 726.81
514.35 580.86 0.24 9883.61
483.94 512.56 0.27 4458.72
534.36 513.84 0.17 2014.34
425.11 486.80 0.13 8239.58
498.43 560.62 0.22 10740.40
484.78 503.11 0.47 3028.48
493.95 403.29 0.22 10110.53
463.28 531.05 0.15 9060.50
490.92 426.28 0.23 4987.42
514.35 551.26 0.28 2625.89
516.87 407.79 0.11 9714.23
550.90 430.28 0.13 2125.99
487.94 478.41 0.28 8883.20
548.59 554.33 0.28 5759.71
530.61 400.19 0.13 10425.59
511.62 607.03 0.27 10359.44
585.46 535.53 0.17 6689.39
456.41 482.82 0.19 5004.61
401.48 440.43 0.23 10224.08
439.11 543.12 0.28 10648.31
544.08 476.74 0.29 1907.01
451.14 492.86 0.18 8425.64
472.19 482.69 0.20 8596.81
458.52 494.30 0.25 7475.72
486.46 474.67 0.10 10694.63
465.19 494.10 0.36 6936.66
480.32 525.17 0.16 1082.69
426.61 505.21 0.12 6586.06
487.77 484.52 0.25 5367.61
530.05 385.79 0.43 3569.65
563.16 523.54 0.28 6628.59
493.82 422.55 0.11 10132.36
549.09 562.03 0.24 6634.59
458.93 499.32 0.28 3324.69
457.28 444.29 0.27 6577.77
402.30 508.79 0.05 10517.93
521.72 452.44 0.26 8681.00
563.02 590.83 0.32 2402.70
505.13 505.43 0.18 1734.24
413.32 500.59 0.02 5113.18
506.10 497.49 0.12 10581.67
