371.10 697.68 1847.64 0.41 
709.37 262.56 1609.41 0.34 
550.65 691.06 3011.38 0.57 
605.74 217.56 624.39 0.47 
49.47 867.41 3559.08 0.48 
940.05 459.08 3038.88 0.31 
268.84 219.52 3701.71 0.35 
990.32 178.55 6022.79 0.42 
751.13 455.76 3830.71 0.34 
552.47 860.51 1335.78 0.25 
682.81 856.16 886.15 0.29 
489.05 927.33 2600.30 0.38 
664.86 113.52 1667.16 0.68 
540.92 39.87 7485.29 0.60 
119.53 567.18 7701.68 0.28 
849.43 550.69 6236.56 0.61 
374.82 426.30 6969.32 0.26 
632.68 427.60 5760.37 0.54 
264.55 650.50 1446.03 0.38 
539.72 741.10 3213.07 0.32 
954.38 69.67 2446.33 0.43 
48.76 39.80 3715.83 0.41 
624.58 184.98 2159.34 0.30 
203.15 890.51 7011.37 0.50 
842.68 392.02 4596.21 0.57 
202.17 816.10 850.87 0.50 
694.39 239.00 3312.32 0.43 
236.82 372.37 903.49 0.44 
527.14 801.88 2399.26 0.41 
225.47 228.73 4499.34 0.32 
27.65 489.66 4044.68 0.33 
144.86 685.66 5195.17 0.33 
102.93 142.64 6328.85 0.40 
743.58 918.60 5291.37 0.47 
974.52 349.49 6291.99 0.73 
981.11 494.70 942.76 0.45 
109.70 574.00 6736.79 0.34 
363.62 990.88 5791.52 0.18 
193.79 175.63 2575.88 0.32 
892.42 240.45 7533.25 0.40 
655.99 347.94 5576.91 0.42 
940.24 259.14 6279.17 0.32 
173.25 644.96 4893.21 0.45 
501.46 921.66 4233.37 0.24 
733.49 266.46 1549.94 0.39 
793.53 165.97 7254.61 0.34 
899.08 918.60 7262.64 0.40 
626.52 848.39 7798.71 0.41 
796.15 538.70 2544.75 0.23 
705.39 327.60 7251.10 0.46 
503.77 790.84 1034.13 0.56 
626.12 655.84 7686.69 0.37 
133.21 217.35 5037.17 0.59 
701.42 651.14 7527.23 0.25 
191.58 619.78 4656.06 0.69 
477.06 632.83 4537.98 0.23 
300.54 387.09 7225.76 0.39 
337.07 754.91 3166.81 0.49 
991.71 470.86 5667.67 0.33 
547.71 467.39 7580.57 0.57 
891.43 802.41 3856.13 0.29 
450.00 986.45 7144.12 0.42 
921.32 569.59 3340.37 0.49 
911.44 840.80 7007.58 0.37 
225.60 727.81 970.09 0.45 
114.92 676.84 6701.14 0.32 
954.44 855.82 910.32 0.45 
960.79 911.92 6625.52 0.52 
114.50 320.19 7754.07 0.50 
843.10 396.39 1650.47 0.51 
786.95 159.82 5407.03 0.62 
28.67 625.15 1123.18 0.53 
721.21 11.47 1192.47 0.46 
905.33 883.95 4382.80 0.44 
764.49 278.82 7707.83 0.34 
700.97 948.20 4953.06 0.33 
674.90 998.94 2435.90 0.42 
25.51 10.19 1540.62 0.33 
496.67 22.99 5616.47 0.37 
513.22 600.20 5766.84 0.25 
22.60 131.45 2651.64 0.67 
591.39 605.47 7061.87 0.64 
619.96 121.04 3095.67 0.39 
764.48 565.57 1864.67 0.49 
305.24 191.42 7714.28 0.42 
959.58 233.55 5616.00 0.46 
891.18 728.03 1957.96 0.18 
252.49 706.10 1043.56 0.35 
30.18 815.91 3278.23 0.28 
393.99 24.57 2873.10 0.33 
294.37 162.01 7397.08 0.37 
837.03 81.41 7204.91 0.54 
79.01 74.32 2250.57 0.48 
669.92 494.52 5421.98 0.47 
126.25 410.99 3182.87 0.36 
871.85 166.87 4303.03 0.51 
137.51 26.09 3612.51 0.43 
400.48 872.86 3187.44 0.28 
88.84 898.05 7086.73 0.39 
710.96 18.73 3407.15 0.50 
63.29 418.41 7721.12 0.30 
