143.17 423.23 2246.36 0.43 
952.96 382.34 578.33 0.41 
321.14 434.31 3624.04 0.41 
35.59 755.55 650.85 0.20 
7.05 782.31 6513.88 0.57 
939.26 782.51 2597.30 0.35 
352.48 49.17 4323.13 0.32 
744.58 211.43 5177.37 0.52 
376.92 606.26 2060.89 0.32 
878.52 186.63 2067.45 0.43 
514.32 178.53 4702.04 0.43 
305.64 787.02 1894.04 0.53 
944.31 645.87 7781.75 0.43 
335.72 271.65 5033.36 0.52 
920.15 708.79 5320.85 0.34 
848.32 496.56 3709.67 0.26 
152.51 121.72 3617.10 0.38 
959.78 430.03 3070.04 0.38 
471.70 972.94 2860.86 0.33 
768.09 641.04 1449.59 0.43 
18.61 289.05 7551.07 0.31 
831.14 302.44 7273.39 0.50 
170.40 273.83 7969.54 0.39 
628.40 388.71 1745.44 0.42 
119.16 110.47 3785.50 0.31 
981.10 873.33 5444.52 0.39 
336.07 204.33 2534.12 0.37 
457.97 375.58 2095.48 0.35 
179.72 405.38 4391.31 0.30 
258.74 669.11 2634.13 0.41 
270.90 399.43 4631.04 0.53 
174.47 57.81 3206.41 0.43 
350.18 509.54 2154.81 0.52 
589.54 927.78 6587.35 0.34 
564.63 410.49 1495.48 0.54 
374.30 892.25 3823.63 0.62 
170.30 175.13 6597.41 0.39 
68.95 219.45 4271.59 0.32 
674.71 979.21 5844.88 0.35 
268.33 547.67 1710.23 0.33 
434.56 168.53 2611.74 0.52 
265.02 888.48 2020.68 0.41 
635.41 106.67 1393.66 0.13 
114.62 256.26 547.64 0.21 
650.16 782.42 1443.67 0.45 
566.08 861.09 2746.63 0.35 
750.59 962.64 1552.25 0.33 
101.85 103.65 740.27 0.58 
549.04 268.37 1680.43 0.34 
402.51 816.17 3257.46 0.52 
907.07 860.50 1033.23 0.31 
270.85 525.10 7015.25 0.40 
162.46 17.78 1198.25 0.40 
696.29 452.60 4274.14 0.39 
709.22 235.49 6489.48 0.14 
726.75 526.89 974.42 0.45 
295.84 171.20 6079.42 0.57 
947.40 602.71 802.43 0.32 
979.76 806.98 7864.98 0.45 
90.37 183.85 5220.26 0.48 
851.82 220.15 7868.40 0.21 
953.28 239.66 5846.84 0.38 
298.12 879.70 2347.66 0.37 
865.38 777.55 1660.11 0.43 
341.28 80.44 4459.15 0.48 
275.60 5.40 5432.65 0.35 
154.66 44.92 575.19 0.40 
156.13 534.55 7333.70 0.49 
94.69 62.24 1612.11 0.48 
218.11 746.32 4009.61 0.44 
987.70 379.14 1460.05 0.23 
961.30 299.74 5107.83 0.34 
140.42 139.90 6647.77 0.35 
259.76 685.25 4365.96 0.36 
839.86 606.11 1327.81 0.56 
89.91 637.45 1359.07 0.33 
451.99 933.05 7396.38 0.47 
599.65 281.50 1645.42 0.56 
621.40 587.61 3583.94 0.38 
598.49 791.00 7780.45 0.36 
282.73 850.74 4498.23 0.41 
712.94 534.33 6490.91 0.28 
0.29 938.74 7778.91 0.47 
532.30 651.72 2641.25 0.35 
604.26 921.56 5407.55 0.48 
591.88 471.07 1378.99 0.39 
752.31 525.59 7128.53 0.45 
668.26 388.66 620.49 0.50 
244.26 935.32 1234.46 0.36 
651.21 827.44 2076.75 0.29 
999.24 96.49 6827.22 0.52 
903.71 673.27 3544.02 0.36 
179.46 655.49 4624.10 0.41 
114.61 475.41 5908.90 0.29 
139.04 321.94 6785.57 0.34 
912.68 496.04 3122.82 0.18 
581.12 26.85 4419.67 0.33 
66.60 983.26 7406.92 0.47 
429.28 74.62 2990.22 0.47 
699.95 417.41 3395.88 0.20 
633.51 498.94 4027.31 0.47 
254.00 802.79 2684.59 0.38 
123.54 867.21 904.33 0.25 
723.41 720.93 864.77 0.54 
849.62 813.53 6354.41 0.29 
151.71 969.98 1104.53 0.50 
780.10 984.46 3619.67 0.38 
326.50 343.88 4268.95 0.36 
593.87 862.96 7930.15 0.46 
769.16 878.71 1728.80 0.38 
863.41 994.77 3977.61 0.43 
324.86 649.17 1231.23 0.48 
788.26 516.47 7417.63 0.38 
167.50 640.78 923.49 0.44 
40.95 7.83 2015.93 0.56 
725.39 72.03 1760.66 0.48 
326.11 632.80 2669.77 0.46 
681.41 781.23 3311.86 0.57 
641.47 256.26 1790.27 0.47 
720.68 425.82 6176.71 0.40 
546.59 829.84 5448.29 0.37 
395.58 534.18 1983.60 0.55 
585.52 322.66 1365.04 0.45 
298.38 183.78 1813.09 0.46 
233.89 965.93 5194.07 0.39 
512.49 802.62 5308.63 0.49 
725.15 607.79 4987.15 0.10 
32.25 366.76 1131.85 0.36 
996.15 702.58 2950.62 0.45 
866.45 924.43 6573.34 0.32 
936.56 441.27 4927.73 0.26 
880.66 761.91 6949.68 0.56 
552.23 964.50 4997.60 0.44 
988.20 747.32 5274.10 0.34 
498.46 573.14 601.86 0.40 
108.40 73.16 1346.50 0.54 
408.71 590.29 3710.87 0.31 
805.10 157.13 4508.62 0.49 
258.22 652.71 4214.67 0.41 
768.66 261.50 6694.05 0.44 
644.41 976.41 3187.35 0.37 
273.78 126.49 6358.83 0.37 
839.06 700.61 5793.09 0.46 
534.96 771.75 4866.75 0.55 
36.89 56.29 2118.41 0.36 
985.34 555.27 3621.28 0.43 
673.68 510.62 6206.88 0.33 
56.15 562.04 1340.74 0.45 
562.63 528.67 3703.70 0.48 
57.56 659.29 750.04 0.25 
963.27 379.71 4680.21 0.51 
