758.35 434.68 6587.71 0.48 
990.18 942.35 5221.49 0.44 
789.22 374.27 7622.99 0.33 
486.81 886.67 1102.74 0.33 
885.03 547.11 5762.46 0.40 
500.27 644.55 2080.52 0.36 
744.75 571.49 5669.76 0.40 
346.17 564.95 7867.90 0.43 
860.66 24.61 3492.50 0.35 
67.07 883.58 1535.14 0.40 
958.56 998.31 5470.92 0.36 
810.44 735.38 6097.91 0.38 
462.36 189.98 722.21 0.49 
315.62 489.73 7824.17 0.34 
225.97 603.87 7439.86 0.57 
585.18 933.39 2740.64 0.20 
932.13 695.71 1678.94 0.31 
557.64 813.50 2353.59 0.27 
277.09 482.89 1663.59 0.65 
168.39 923.51 4689.04 0.55 
595.20 771.58 5786.46 0.37 
