574.96 659.94 2089.44 0.44 
742.07 227.45 6494.58 0.40 
91.90 77.62 4887.96 0.37 
956.65 346.74 4745.21 0.43 
971.22 297.48 3977.69 0.50 
385.17 949.84 6713.84 0.64 
669.82 180.19 6185.31 0.35 
188.89 985.38 3659.90 0.27 
281.19 857.09 737.18 0.45 
512.79 932.63 7100.06 0.40 
966.52 784.42 929.37 0.30 
358.96 799.40 3881.67 0.29 
455.83 48.82 7510.33 0.47 
569.18 77.11 5107.99 0.44 
179.91 712.41 2137.60 0.37 
189.93 936.49 5047.36 0.40 
111.27 912.18 7399.20 0.41 
709.87 35.04 2363.92 0.50 
385.77 341.77 6684.70 0.47 
79.27 423.44 7845.94 0.22 
357.59 293.63 2577.01 0.33 
128.05 871.44 6158.25 0.43 
533.84 415.12 1987.63 0.44 
223.20 937.36 1549.17 0.37 
233.22 915.44 574.95 0.54 
364.36 750.18 1856.48 0.37 
223.54 971.35 1863.58 0.35 
667.56 493.94 1732.37 0.44 
687.07 231.26 6756.50 0.40 
480.96 231.70 3136.47 0.36 
830.99 461.25 4819.18 0.15 
502.81 997.81 1510.44 0.26 
254.79 756.92 4304.11 0.39 
911.48 54.24 4536.72 0.45 
778.61 244.60 2035.37 0.47 
991.50 147.86 6647.33 0.51 
60.68 589.38 7548.35 0.38 
260.28 333.20 7114.24 0.56 
739.49 830.50 4902.34 0.33 
19.54 19.79 3658.15 0.44 
543.53 382.44 6208.73 0.55 
317.64 958.54 2323.75 0.45 
351.19 418.99 5491.47 0.18 
896.06 757.99 6332.23 0.25 
352.41 134.63 6566.82 0.33 
82.00 595.48 540.27 0.33 
576.73 529.77 6867.13 0.36 
191.93 201.10 1602.73 0.49 
187.64 763.07 3357.51 0.25 
635.81 101.39 6136.21 0.50 
195.62 762.31 2720.36 0.39 
3.19 937.77 5713.94 0.45 
972.49 586.22 642.18 0.34 
308.83 360.19 1771.07 0.40 
33.55 22.10 2328.20 0.38 
753.12 243.86 1970.66 0.51 
632.60 519.43 7198.84 0.32 
680.48 505.04 3276.74 0.27 
446.64 868.56 7028.27 0.54 
405.66 587.20 7636.08 0.54 
933.32 998.79 568.47 0.22 
622.50 251.56 1164.88 0.53 
264.66 993.14 1705.91 0.53 
752.65 902.93 7474.04 0.31 
278.82 392.24 4794.38 0.43 
763.83 595.42 3083.98 0.43 
867.18 219.64 7023.33 0.21 
258.94 640.07 1749.66 0.31 
112.64 931.01 3601.95 0.51 
471.50 442.29 1193.42 0.28 
318.00 833.93 7974.31 0.25 
801.82 659.35 7608.22 0.39 
575.47 0.52 2269.64 0.49 
684.32 832.27 1399.11 0.40 
514.93 496.53 4646.15 0.36 
524.90 422.39 1726.61 0.45 
374.27 966.25 1799.30 0.35 
710.95 297.34 6971.39 0.47 
125.72 468.99 7431.27 0.55 
941.84 554.03 6613.41 0.39 
395.56 578.88 2243.33 0.37 
409.22 547.33 2119.40 0.32 
675.82 393.95 5894.69 0.43 
371.45 782.60 4704.81 0.24 
456.35 401.80 5709.76 0.49 
0.67 118.47 1968.36 0.48 
529.28 408.57 2231.30 0.29 
763.33 466.77 841.37 0.49 
727.53 635.26 7582.07 0.30 
142.45 838.33 4715.99 0.28 
661.60 942.48 4836.30 0.49 
981.82 403.25 2377.91 0.49 
787.57 173.00 5120.32 0.50 
778.08 961.97 5212.95 0.49 
61.64 154.01 6846.33 0.22 
656.39 375.86 6033.13 0.38 
968.48 720.54 3952.12 0.49 
719.16 616.19 2738.06 0.38 
319.58 591.88 3364.82 0.48 
777.50 954.74 3428.73 0.38 
641.17 328.71 6758.11 0.48 
872.31 752.45 2303.91 0.42 
458.81 335.10 7084.87 0.40 
319.92 383.32 5618.84 0.44 
354.14 751.49 2324.71 0.34 
518.39 153.50 2890.82 0.66 
351.82 559.65 6585.74 0.49 
308.77 0.94 6489.52 0.43 
287.17 624.51 7239.17 0.34 
75.83 165.18 6928.00 0.22 
123.73 208.30 1525.00 0.26 
909.25 541.02 6335.64 0.38 
310.79 578.29 656.73 0.48 
335.32 731.45 1539.46 0.23 
791.77 198.70 2717.07 0.23 
316.59 817.01 6417.71 0.41 
52.78 50.04 7597.64 0.60 
240.11 999.75 4169.34 0.35 
14.99 394.81 901.50 0.49 
450.87 762.80 1404.69 0.33 
764.27 738.32 1853.29 0.34 
904.42 233.27 6556.34 0.48 
235.77 388.05 5399.06 0.42 
719.90 529.60 6640.74 0.39 
451.30 356.91 6014.63 0.40 
711.64 17.60 6200.07 0.32 
683.05 987.32 4592.57 0.30 
403.25 357.68 1453.32 0.42 
691.26 587.27 3183.90 0.29 
14.96 781.67 7793.78 0.42 
677.14 200.35 6910.52 0.35 
532.21 239.47 4728.26 0.37 
789.56 903.52 4210.85 0.24 
174.77 466.20 5207.01 0.31 
426.65 404.42 5056.48 0.45 
492.58 969.46 4293.26 0.39 
447.93 249.32 1008.80 0.54 
410.30 767.80 2749.62 0.36 
40.60 350.36 5974.71 0.41 
961.26 36.76 2275.45 0.43 
914.08 383.30 5152.11 0.43 
217.76 762.42 5654.20 0.43 
792.06 621.51 5793.63 0.36 
202.47 957.75 7791.13 0.47 
661.18 77.48 4317.22 0.43 
912.26 869.73 6817.81 0.39 
764.49 178.04 7142.55 0.50 
195.86 69.11 2525.85 0.38 
6.17 252.69 3961.91 0.46 
188.43 57.81 6525.90 0.19 
887.81 657.10 2974.24 0.43 
546.29 505.65 7812.00 0.60 
717.57 565.80 7684.05 0.40 
462.15 907.75 1761.38 0.42 
28.67 170.37 2506.26 0.41 
633.62 72.65 5787.23 0.46 
586.01 925.25 5640.18 0.29 
155.82 658.47 7480.07 0.57 
237.58 443.56 2097.27 0.41 
1.34 989.13 7142.21 0.44 
135.17 904.60 2936.72 0.35 
19.70 634.38 1710.01 0.26 
475.59 275.62 581.10 0.24 
553.63 26.15 7099.02 0.31 
135.97 48.45 612.40 0.45 
44.29 522.05 2806.79 0.30 
143.90 461.00 1170.83 0.40 
733.48 393.49 3482.32 0.45 
353.38 620.30 6248.79 0.30 
511.41 806.61 7549.36 0.31 
522.24 514.15 4938.26 0.36 
487.88 838.43 2474.90 0.42 
3.33 429.37 2578.12 0.44 
256.46 304.72 3551.72 0.30 
785.25 763.36 589.46 0.50 
491.36 811.74 1066.34 0.49 
725.99 991.11 4641.99 0.60 
269.68 138.17 2894.72 0.41 
610.65 639.51 3696.72 0.24 
795.44 229.17 4448.86 0.41 
492.38 425.80 1353.15 0.42 
351.36 680.55 3209.05 0.54 
519.38 275.56 4768.79 0.34 
798.95 310.39 2808.16 0.47 
752.51 180.19 3763.30 0.36 
654.07 979.30 4965.82 0.42 
994.58 853.83 3006.97 0.32 
193.17 213.31 2378.49 0.36 
306.37 869.17 6044.47 0.45 
594.22 906.19 5673.94 0.47 
115.30 490.58 4842.79 0.55 
325.49 697.52 1421.24 0.42 
833.12 277.43 2588.76 0.41 
796.26 821.86 6505.51 0.49 
910.06 831.36 5244.47 0.29 
247.01 849.21 6243.87 0.32 
749.13 835.67 5142.04 0.56 
444.36 853.23 4749.10 0.34 
886.78 945.43 734.20 0.46 
561.53 978.49 4742.56 0.34 
82.13 691.48 6050.55 0.23 
