990.43 841.94 5401.86 0.22 
254.07 219.23 7614.20 0.40 
259.93 420.72 1087.10 0.52 
525.08 325.93 3265.30 0.45 
500.00 588.87 3110.57 0.50 
668.46 459.27 6887.97 0.37 
288.90 72.48 7050.45 0.51 
135.62 105.34 659.82 0.39 
845.75 981.03 5652.23 0.45 
356.15 862.28 6412.22 0.40 
170.82 893.94 1716.05 0.52 
424.92 51.70 7055.83 0.23 
170.75 747.87 4247.29 0.32 
450.80 190.38 701.92 0.47 
972.48 2.96 7096.54 0.34 
805.24 302.87 1708.85 0.49 
575.26 808.44 2753.01 0.30 
126.08 41.30 4607.71 0.29 
211.18 209.69 618.62 0.42 
230.74 230.49 7681.80 0.46 
440.02 457.24 6058.73 0.33 
81.37 183.03 4980.72 0.55 
515.82 451.78 1025.18 0.46 
522.48 602.63 677.36 0.48 
869.27 438.63 5770.50 0.35 
719.12 303.14 6893.12 0.33 
355.71 538.67 4528.11 0.37 
491.16 269.52 2086.27 0.38 
943.00 252.96 3687.25 0.27 
138.22 745.46 2067.74 0.48 
742.39 24.77 3695.55 0.26 
