387.60 481.49 639.20 0.35 
8.89 11.95 4733.68 0.48 
812.06 617.41 1420.48 0.52 
939.00 616.36 2575.09 0.52 
270.87 710.37 4868.58 0.39 
55.42 831.36 6496.65 0.40 
350.91 41.76 7404.81 0.39 
163.48 69.27 1072.28 0.44 
369.53 183.26 2782.55 0.36 
629.81 976.27 7051.35 0.32 
42.47 357.74 1674.93 0.37 
698.74 954.99 2845.38 0.24 
499.11 570.87 3784.47 0.53 
654.11 809.88 1948.16 0.32 
502.08 473.01 7603.97 0.56 
990.32 565.04 1885.29 0.53 
298.66 890.53 1019.21 0.22 
836.34 453.65 6474.36 0.53 
892.37 246.10 4223.92 0.31 
175.31 74.98 5475.31 0.55 
316.81 850.46 2045.82 0.53 
788.73 226.34 725.75 0.45 
377.65 113.86 2085.65 0.39 
837.01 680.37 6691.60 0.49 
225.00 806.79 4972.25 0.39 
966.65 443.11 1260.65 0.39 
466.00 448.23 7925.43 0.72 
348.04 811.52 4556.92 0.44 
530.68 959.57 1271.07 0.40 
28.71 883.66 1877.27 0.38 
881.86 776.95 2721.61 0.46 
4.74 357.77 5467.30 0.33 
898.68 438.03 770.44 0.42 
930.62 301.66 2919.73 0.35 
862.95 167.32 1024.83 0.50 
8.01 660.42 2462.40 0.32 
205.49 481.32 3743.42 0.33 
308.45 192.63 6881.03 0.48 
807.60 268.79 5287.74 0.42 
229.53 144.67 5149.46 0.49 
749.13 7.62 5940.47 0.46 
