959.74 630.03 2291.65 0.43 
740.06 639.84 7128.23 0.53 
568.78 125.71 4519.48 0.42 
518.84 553.22 6545.60 0.41 
307.30 369.67 6560.25 0.31 
109.08 105.44 3863.82 0.27 
656.89 697.40 6069.11 0.57 
696.39 321.27 7491.96 0.51 
128.37 532.81 7892.66 0.48 
114.11 690.05 5149.80 0.37 
309.44 945.74 3510.26 0.30 
895.53 182.01 1215.45 0.49 
759.57 561.70 3426.51 0.28 
976.42 876.77 6091.97 0.35 
394.56 644.58 5951.64 0.63 
327.98 788.07 3964.85 0.17 
164.85 171.28 2767.89 0.44 
18.55 5.72 821.52 0.63 
753.31 961.17 5481.46 0.50 
358.83 514.13 2964.59 0.37 
841.35 953.27 7010.10 0.43 
248.21 190.40 3857.84 0.41 
373.97 469.66 1746.03 0.39 
617.03 753.44 5766.90 0.38 
617.38 337.78 2615.74 0.40 
852.07 315.02 2629.40 0.48 
586.28 527.31 4334.99 0.40 
338.61 673.86 5099.14 0.28 
325.00 92.82 4584.77 0.47 
184.52 362.34 5857.62 0.52 
277.88 694.06 5029.01 0.49 
879.39 484.44 1039.31 0.60 
564.56 425.59 1675.72 0.53 
48.29 619.73 7024.67 0.51 
886.14 650.47 7379.19 0.46 
687.05 77.06 1940.66 0.46 
295.50 664.72 955.19 0.28 
806.92 890.24 6430.17 0.47 
450.90 375.01 5794.75 0.46 
405.70 502.39 5611.62 0.41 
785.34 448.59 1261.17 0.40 
143.73 695.77 5954.16 0.38 
326.85 178.11 6634.95 0.44 
201.49 115.52 7141.46 0.26 
528.02 322.78 3000.41 0.32 
87.28 600.94 2784.20 0.33 
249.39 559.12 3894.71 0.38 
843.92 383.44 7383.88 0.43 
102.97 658.19 3356.54 0.59 
260.43 209.25 6972.64 0.43 
323.39 751.19 7939.21 0.41 
555.05 285.73 7890.93 0.56 
588.19 841.58 2866.31 0.33 
178.29 87.28 7687.31 0.48 
161.85 250.19 1542.50 0.44 
147.77 958.66 6887.78 0.50 
62.92 761.43 3344.56 0.55 
819.58 857.74 2323.09 0.43 
839.68 585.32 3177.16 0.44 
513.94 734.71 4475.28 0.39 
940.27 714.75 2265.00 0.41 
626.82 969.14 2395.22 0.43 
547.63 82.65 7267.81 0.18 
95.09 11.24 6021.75 0.49 
354.98 994.04 2873.61 0.20 
552.52 197.36 4275.90 0.43 
832.42 396.81 4100.13 0.43 
570.30 445.52 3037.89 0.42 
598.29 578.87 2844.10 0.46 
761.72 763.90 7724.98 0.37 
91.39 142.02 6588.48 0.44 
