605.37 629.97 6436.41 0.26 
226.80 521.89 4641.39 0.56 
687.79 98.12 2052.94 0.41 
612.49 538.12 4150.69 0.32 
491.41 907.04 753.30 0.39 
501.11 702.54 842.35 0.39 
535.89 398.54 6980.46 0.46 
188.89 430.18 7408.90 0.23 
177.34 245.68 4024.94 0.56 
464.15 778.10 5096.48 0.36 
97.64 813.33 4898.67 0.42 
676.14 895.61 1690.10 0.41 
626.73 810.72 5311.77 0.47 
589.10 496.90 5593.70 0.35 
262.70 96.98 3681.40 0.39 
48.13 213.32 1866.56 0.48 
272.10 88.13 1983.86 0.31 
514.34 852.24 1589.67 0.42 
673.71 602.27 2239.27 0.52 
68.45 702.00 6427.70 0.28 
921.67 582.99 4154.00 0.29 
325.12 157.72 2356.07 0.23 
662.56 765.55 3070.54 0.33 
25.65 195.61 3605.06 0.34 
515.32 442.22 2954.21 0.31 
704.88 953.28 7173.80 0.10 
648.49 379.31 1163.07 0.51 
472.07 757.38 5351.08 0.40 
256.18 116.08 2112.73 0.30 
456.65 19.03 3256.15 0.42 
880.79 203.99 4356.33 0.33 
92.18 148.43 4642.80 0.46 
926.90 930.90 2425.30 0.35 
28.87 946.98 1011.31 0.34 
956.40 119.97 2327.74 0.44 
850.86 255.40 4645.92 0.27 
262.91 235.75 3274.02 0.38 
845.02 174.49 2505.21 0.41 
372.05 201.89 6816.41 0.34 
127.73 150.96 1237.17 0.31 
99.64 606.94 2769.76 0.36 
432.55 119.19 2044.53 0.34 
480.80 808.79 6479.10 0.29 
630.48 712.63 5423.90 0.56 
636.87 446.76 3920.21 0.40 
574.52 71.17 5906.98 0.32 
614.56 27.31 5048.31 0.44 
498.45 756.88 3958.47 0.38 
570.44 196.77 4334.46 0.36 
965.67 796.46 4401.51 0.53 
806.83 579.06 2870.28 0.25 
156.90 459.52 2982.01 0.33 
30.04 300.92 3107.08 0.45 
145.06 384.71 5224.67 0.32 
504.20 609.32 3201.99 0.31 
163.37 427.76 3587.21 0.38 
231.59 0.00 6720.27 0.30 
798.62 734.43 930.71 0.39 
890.43 610.98 3020.60 0.57 
499.17 165.55 1463.23 0.37 
503.67 16.66 5260.53 0.43 
877.24 210.84 5373.14 0.25 
963.44 105.82 666.02 0.35 
502.37 830.73 4996.78 0.49 
879.70 198.76 3028.30 0.37 
360.26 433.91 2343.28 0.39 
303.53 604.57 6078.20 0.39 
912.98 121.36 7813.22 0.41 
760.93 229.08 5963.25 0.33 
908.84 858.67 5387.13 0.27 
550.28 798.11 7983.95 0.47 
306.82 848.09 4329.06 0.56 
250.24 580.63 3935.84 0.69 
100.25 794.97 6066.41 0.53 
965.62 893.70 7715.53 0.34 
531.22 250.35 632.78 0.27 
632.56 999.26 6186.76 0.39 
411.57 780.57 7561.71 0.31 
102.58 503.61 4442.49 0.48 
624.25 396.65 2975.03 0.39 
134.97 929.16 3509.56 0.39 
