300.70 282.65 3703.49 0.25 
798.52 762.19 6599.43 0.28 
990.56 972.11 1869.62 0.29 
181.48 718.64 1651.36 0.48 
656.57 23.65 6325.15 0.45 
423.76 48.23 3574.74 0.35 
224.97 577.17 6451.88 0.44 
506.16 52.93 557.22 0.58 
122.98 824.76 5170.43 0.28 
78.24 731.45 611.72 0.34 
40.40 979.74 3076.26 0.36 
890.37 968.58 1623.41 0.53 
704.53 96.45 2816.43 0.37 
631.63 44.55 3190.78 0.54 
422.18 305.32 6168.40 0.48 
743.08 664.99 5458.80 0.32 
62.94 697.72 5050.83 0.28 
353.47 307.52 1261.65 0.30 
301.98 305.10 6296.35 0.33 
206.67 342.76 1328.80 0.37 
121.43 358.88 872.72 0.33 
231.22 896.46 4604.02 0.42 
367.43 926.81 6739.30 0.44 
548.32 824.46 4073.61 0.36 
167.66 621.40 2088.83 0.48 
171.72 35.68 1556.91 0.32 
94.55 31.93 2620.17 0.33 
258.06 50.44 6019.06 0.33 
486.02 899.24 1388.03 0.25 
496.67 466.19 2240.75 0.36 
451.98 528.22 5454.22 0.49 
452.37 530.61 5969.51 0.12 
956.72 103.15 2746.05 0.50 
401.66 419.47 679.06 0.57 
398.76 164.31 6568.39 0.22 
331.15 974.53 2991.47 0.44 
248.19 637.56 6253.99 0.38 
338.25 482.76 7167.32 0.14 
251.88 241.57 7552.11 0.46 
117.05 745.28 6823.99 0.55 
198.68 479.04 5539.11 0.35 
599.82 880.57 2095.26 0.28 
234.56 538.87 7129.29 0.56 
117.62 486.26 3226.93 0.50 
733.97 476.01 994.66 0.49 
744.62 416.83 5946.04 0.31 
33.46 816.88 1873.31 0.38 
294.27 255.94 3282.19 0.52 
200.40 971.32 7156.48 0.32 
873.04 823.09 7590.76 0.34 
990.43 371.18 6382.10 0.31 
996.09 771.65 2374.40 0.42 
305.96 342.44 7918.47 0.31 
191.38 540.27 4829.85 0.49 
633.74 237.28 5928.72 0.26 
322.59 911.84 3757.33 0.41 
956.64 78.42 5206.57 0.42 
740.42 25.23 7484.48 0.27 
613.93 815.53 1664.55 0.50 
916.09 454.93 7280.31 0.25 
151.65 568.47 6531.41 0.39 
644.94 517.89 3830.49 0.43 
751.19 880.54 7436.45 0.44 
852.73 143.49 3264.95 0.37 
757.82 863.95 4153.34 0.48 
748.81 830.65 6454.77 0.39 
823.84 166.73 7827.47 0.30 
700.56 554.04 7566.51 0.48 
422.48 293.53 4720.65 0.39 
40.57 129.26 700.07 0.34 
931.79 980.99 4241.26 0.42 
743.63 925.45 4146.73 0.51 
103.48 961.11 3021.41 0.42 
845.63 862.51 6907.83 0.40 
753.98 583.06 1644.26 0.23 
833.25 53.34 4885.22 0.31 
696.14 836.20 1502.71 0.32 
363.54 968.04 7370.62 0.49 
785.64 395.67 3237.32 0.32 
320.33 592.80 2284.98 0.20 
19.13 358.88 4997.08 0.41 
763.05 232.54 7965.97 0.52 
688.87 459.14 548.13 0.33 
47.49 628.82 5464.56 0.43 
984.83 224.34 1755.29 0.30 
712.21 216.56 3581.54 0.49 
219.24 928.63 4899.52 0.33 
435.16 171.30 2013.80 0.21 
124.13 286.42 1397.04 0.32 
917.32 468.09 5417.87 0.34 
801.44 827.67 4835.18 0.46 
