36 65 7 77 45 4 85 52 18 42 67 50 90 17 86 6 14 60 58 47 48 61 35 20 22 44 89 27 41 5 93 62 56 34 28 87 94 82 84 66 72 73 78 51 74 49 13 24 88 79 81 91 32 33 80 57 19 9 15 21 30 76 10 69 26 97 8 68 75 16 1 37 96 64 59 43 12 2 95 11 99 40 29 63 98 39 31 46 38 71 55 3 70 92 25 23 54 53 83 100 
Moving time: 21.46 82.61 93.94 135.59 201.28 208.29 230.10 252.78 278.75 357.24 372.96 481.71 618.32 672.60 706.46 723.11 770.29 795.39 816.95 882.49 892.33 919.27 1048.13 1049.74 1149.15 1178.87 1227.15 1275.65 1291.96 1313.99 1374.88 1392.66 1500.40 1554.77 1569.42 1612.23 1689.84 1712.50 1728.85 1763.42 1876.60 1899.72 1934.93 1963.09 2034.18 2053.00 2094.60 2155.31 2210.81 2255.20 2351.42 2368.14 2387.29 2447.82 2506.96 2557.77 2619.76 2685.58 2745.87 2804.37 2829.00 2874.68 2886.88 2918.04 2930.15 2978.39 3032.73 3039.32 3058.93 3106.90 3154.85 3206.90 3216.11 3268.55 3363.82 3442.01 3460.10 3470.15 3490.83 3528.44 3577.55 3626.93 3657.02 3762.21 3808.35 3913.64 3952.36 3984.33 4035.30 4045.41 4099.30 4160.78 4207.48 4390.51 4434.79 4478.39 4496.35 4609.64 4662.11 4698.17 4754.01 
Best fitness: 9.00
Worst fitness: 17.0
Average fitness: 12.30
Alpha: 0.50
K: 0.02
Crossover probability: 0.50
Mutation probability: 0.10
Change mutation operator probability 1: 0.15
Change mutation operator probability 2: 0.15