59 82 6 41 99 37 26 42 5 34 93 46 48 20 98 24 8 76 30 16 71 79 58 60 27 14 25 94 23 83 90 15 32 96 29 10 2 89 13 19 47 33 53 57 77 4 63 80 11 44 1 31 81 3 51 95 92 97 18 88 65 84 54 74 66 28 86 9 91 38 67 78 43 75 39 61 62 35 17 87 21 50 55 7 12 56 36 69 64 45 70 22 85 68 52 72 40 73 49 100 
Moving time: 33.99 111.43 140.09 156.62 176.45 204.43 216.12 297.55 358.76 395.83 448.98 518.37 570.22 643.01 658.65 709.93 719.49 742.33 807.90 818.30 874.06 940.06 1002.35 1026.12 1123.84 1172.92 1209.36 1280.71 1326.92 1379.39 1387.59 1454.22 1540.32 1661.74 1682.75 1746.39 1831.74 1899.63 1960.98 2019.11 2065.12 2112.66 2231.17 2282.33 2305.59 2362.75 2378.03 2436.60 2501.04 2605.47 2663.77 2757.24 2795.33 2804.22 2810.18 2944.74 3081.60 3223.99 3226.76 3246.71 3249.59 3286.94 3445.92 3549.07 3615.64 3721.00 3820.86 3864.14 3942.61 3962.23 4008.47 4035.02 4070.98 4190.71 4251.44 4293.05 4304.64 4455.68 4501.33 4550.49 4622.64 4669.87 4703.33 4818.17 4963.78 5033.43 5113.64 5216.05 5248.84 5300.91 5419.56 5469.72 5493.75 5632.14 5691.23 5796.21 5904.18 5952.68 6019.48 6183.63 6242.35 
Best fitness: 36.00
Worst fitness: 48.0
Average fitness: 42.00
Alpha: 0.50
K: 0.02
Crossover probability: 0.50
Mutation probability: 0.10
Change mutation operator probability 1: 0.15
Change mutation operator probability 2: 0.15