20 31 14 22 2 34 24 9 15 7 32 3 27 16 37 11 28 1 39 6 33 36 23 35 40 12 38 10 4 13 17 18 26 30 19 5 8 25 29 21 
Moving time: 70.31 149.20 260.36 307.25 330.54 383.02 446.02 503.56 579.85 600.80 617.26 621.48 664.70 678.05 749.89 766.34 803.50 919.15 963.79 1020.03 1068.09 1145.83 1164.93 1232.68 1327.47 1443.67 1529.42 1599.71 1640.64 1659.61 1713.57 1750.15 1785.89 1974.82 2021.92 2076.10 2118.06 2125.11 2160.00 2203.96 2393.81 
Best fitness: 5.00
Worst fitness: 7.0
Average fitness: 5.90
Alpha: 0.50
K: 0.02
Crossover probability: 0.50
Mutation probability: 0.10
Change mutation operator probability 1: 0.15
Change mutation operator probability 2: 0.15