27 55 59 39 2 77 58 37 40 25 69 8 17 56 5 41 74 68 61 63 10 49 45 24 52 3 64 72 14 43 42 19 4 50 80 13 76 66 21 46 57 16 47 75 79 34 35 28 62 44 38 29 71 33 15 7 1 78 36 54 30 6 31 18 26 32 70 23 60 65 53 11 20 73 48 22 9 51 12 67 
Moving time: 60.94 96.93 148.96 223.81 270.80 338.16 397.47 466.98 513.02 608.39 736.87 787.86 863.72 1012.61 1092.05 1250.84 1265.66 1385.43 1461.72 1512.71 1624.78 1645.29 1709.44 1743.44 1776.83 1854.57 1936.61 2024.82 2079.71 2114.08 2185.29 2251.53 2276.97 2337.09 2471.36 2489.08 2503.16 2513.80 2580.66 2600.23 2681.31 2771.58 2791.33 2925.55 2974.54 3029.83 3111.68 3135.10 3137.44 3224.72 3252.11 3295.50 3334.70 3400.29 3476.25 3497.84 3512.94 3646.74 3655.16 3777.93 3792.14 3863.76 3922.66 3998.83 4154.35 4254.00 4316.42 4361.55 4506.72 4700.61 4838.37 4889.28 4967.48 4990.34 5090.58 5195.45 5361.88 5443.71 5487.80 5656.07 5793.94 
Best fitness: 33.00
Worst fitness: 38.0
Average fitness: 35.40
Alpha: 0.50
K: 0.02
Crossover probability: 0.50
Mutation probability: 0.10
Change mutation operator probability 1: 0.15
Change mutation operator probability 2: 0.15