472.71 459.26 0.58 7468.56
161.28 495.04 0.15 8744.06
254.53 274.81 0.05 7398.76
536.03 109.05 0.06 7383.61
897.39 168.67 0.51 5153.33
553.70 221.54 0.46 6449.34
271.91 495.82 0.41 7229.29
145.53 147.84 0.52 6826.90
332.66 344.73 0.54 6070.48
491.15 293.10 0.10 7530.62
577.53 189.34 0.58 7103.68
258.11 358.85 0.32 5935.96
459.21 728.05 0.49 7636.25
414.70 78.93 0.53 5844.65
569.57 142.66 0.50 5957.26
290.25 586.01 0.12 7092.89
78.97 171.33 0.50 7962.46
887.73 609.37 0.21 8597.84
222.04 905.90 0.32 8608.47
165.03 569.57 0.39 9368.29
399.25 105.51 0.17 7920.87
597.28 198.76 0.11 5698.73
368.00 595.44 0.08 8359.94
537.83 314.54 0.14 6289.46
834.70 876.12 0.20 7049.38
434.31 87.16 0.04 6295.04
345.64 240.99 0.14 8692.37
802.83 830.71 0.52 7412.46
160.17 7.96 0.08 5573.61
784.94 848.85 0.55 6472.39
620.60 354.82 0.51 6738.37
752.06 696.25 0.31 6490.90
840.46 964.29 0.49 6725.69
412.56 976.76 0.04 6913.99
712.74 872.42 0.29 5637.26
610.84 923.12 0.27 7892.07
312.24 246.47 0.13 7598.47
965.65 770.68 0.38 6274.32
304.97 739.31 0.34 7412.34
270.81 728.06 0.49 6640.85
827.90 156.62 0.39 8597.40
964.38 258.64 0.22 5687.06
815.82 812.67 0.30 5449.15
989.74 425.54 0.60 8215.18
507.43 699.44 0.55 7022.17
454.92 283.41 0.48 7852.80
993.22 578.09 0.36 9259.59
735.65 229.80 0.53 8297.63
839.76 444.73 0.02 6441.15
441.43 403.11 0.32 7229.43
586.66 579.56 0.30 8504.57
116.70 567.50 0.28 8755.15
747.88 810.59 0.56 5817.01
805.22 6.27 0.09 6803.61
633.23 13.64 0.21 8273.97
771.84 883.73 0.15 6102.29
962.82 499.94 0.37 6121.88
439.94 653.49 0.44 7645.73
636.48 226.68 0.48 6242.42
558.67 970.41 0.10 7066.27
364.74 230.55 0.39 6365.54
96.81 749.42 0.44 6800.64
952.60 883.39 0.36 6059.45
841.16 28.92 0.23 6969.26
284.40 460.11 0.32 7803.25
769.44 890.85 0.21 8310.38
620.76 64.49 0.15 7542.67
662.72 714.93 0.32 7189.53
777.90 982.07 0.31 5696.62
412.86 358.44 0.36 6152.45
674.66 159.90 0.18 7114.09
295.86 445.60 0.37 6141.04
875.63 467.21 0.06 7068.85
396.17 356.49 0.26 7894.63
672.10 414.20 0.51 6747.44
804.36 47.75 0.31 6994.47
631.20 755.49 0.56 6128.04
882.30 429.81 0.17 8025.24
517.26 573.15 0.01 5323.47
29.72 754.54 0.55 7758.71
788.37 285.76 0.41 7403.31
491.39 793.73 0.21 7884.98
970.64 978.28 0.44 4936.06
837.49 192.11 0.54 5822.15
516.65 587.90 0.11 6779.21
734.90 796.69 0.22 7440.42
356.74 778.13 0.47 7698.04
242.88 440.67 0.47 7475.03
264.95 109.73 0.21 5163.34
390.04 956.53 0.05 5606.58
739.16 637.54 0.13 6582.81
510.76 400.75 0.26 7461.79
496.35 741.50 0.34 7122.36
973.38 290.91 0.33 7175.40
515.41 47.08 0.13 6840.03
474.33 999.87 0.35 6543.76
669.67 949.12 0.39 6752.41
113.46 508.64 0.53 7773.53
870.60 450.07 0.16 7088.46
410.46 372.67 0.14 7340.16
