262.50 506.11 0.41 7654.22
871.22 233.62 0.19 7368.13
860.75 151.62 0.16 5941.68
418.39 79.07 0.04 5589.60
949.36 193.95 0.06 5559.26
529.48 574.61 0.13 8364.89
580.08 742.83 0.22 7764.01
611.85 150.23 0.31 7167.25
536.90 356.97 0.46 7172.77
151.54 590.65 0.23 5478.27
983.71 317.33 0.57 8072.16
892.11 809.73 0.54 6780.87
170.81 672.41 0.59 7799.49
26.24 441.87 0.12 4889.46
32.13 69.37 0.34 7814.30
177.38 675.57 0.01 7651.40
71.10 510.86 0.36 7072.19
752.93 478.68 0.13 7743.74
340.61 404.34 0.42 7182.87
207.59 106.72 0.19 7147.92
240.91 417.08 0.10 6574.53
446.99 179.46 0.35 7706.18
119.63 403.10 0.14 6339.29
212.69 84.41 0.43 7857.41
421.38 390.06 0.58 5694.88
116.18 393.64 0.00 8504.27
293.06 124.58 0.03 8037.71
833.86 971.37 0.58 8214.31
76.30 538.96 0.26 5431.16
487.20 820.73 0.32 7414.15
657.94 242.39 0.32 5960.57
67.20 506.65 0.16 7334.13
182.15 458.95 0.45 5731.54
7.63 318.49 0.33 6547.44
368.16 120.77 0.40 4737.17
840.32 864.16 0.01 7638.09
680.27 711.65 0.06 6792.73
219.05 22.45 0.20 6870.91
171.06 968.38 0.34 7694.44
76.99 937.68 0.51 8495.23
408.73 938.92 0.40 7483.50
120.75 151.42 0.59 8478.14
649.67 418.33 0.05 6464.16
689.56 406.45 0.12 6176.37
913.51 654.46 0.46 7881.30
946.81 904.32 0.16 7272.40
604.13 733.29 0.35 8851.68
6.81 214.52 0.49 7086.73
523.23 407.42 0.19 7052.59
105.94 354.53 0.02 5836.02
586.43 771.04 0.10 7117.28
624.94 203.36 0.26 6087.64
506.71 705.06 0.20 6615.59
234.36 433.21 0.33 7119.37
528.06 298.68 0.08 8645.44
167.98 55.15 0.14 7372.97
78.59 615.14 0.01 6666.70
917.49 93.60 0.30 7851.11
665.32 934.43 0.35 8160.65
451.57 643.38 0.44 8194.17
781.11 298.22 0.28 6670.38
810.43 908.80 0.11 6083.28
955.62 263.03 0.05 5653.54
123.96 51.36 0.00 6992.85
276.95 12.24 0.30 6293.60
910.67 995.24 0.25 8416.13
403.50 711.78 0.14 5821.21
813.24 905.42 0.19 8036.24
672.67 831.24 0.02 8966.27
542.03 642.35 0.27 7122.24
305.34 310.63 0.42 5747.25
298.25 461.12 0.15 7342.60
548.47 516.74 0.46 7759.24
802.47 747.27 0.48 6534.71
756.83 546.96 0.31 7411.61
84.13 415.49 0.57 5016.86
82.14 368.59 0.06 7506.13
740.51 647.37 0.26 8582.76
389.24 859.14 0.51 9431.12
356.62 948.78 0.57 7217.09
653.39 818.38 0.44 7261.02
499.89 533.29 0.10 7298.55
724.36 388.34 0.42 7193.83
447.79 386.62 0.39 6664.99
997.56 384.91 0.45 8762.48
616.49 770.80 0.22 7625.06
539.44 491.57 0.40 7309.02
104.44 181.57 0.24 8189.91
914.15 878.79 0.35 6156.59
706.38 807.36 0.13 6587.51
464.66 829.42 0.36 6299.11
844.27 110.12 0.59 6366.99
690.43 460.09 0.10 6795.89
723.72 350.57 0.09 6228.90
58.29 318.05 0.05 6223.44
567.37 506.15 0.38 5683.88
709.13 503.28 0.18 6042.19
506.65 107.58 0.14 7239.62
130.74 688.91 0.36 7234.91
486.24 421.04 0.40 6141.32
871.00 266.59 0.52 6274.32
760.61 523.63 0.35 5128.31
461.23 309.02 0.34 7911.48
584.20 175.46 0.41 6646.10
215.04 132.09 0.07 6491.36
471.32 696.74 0.57 6098.05
333.74 549.33 0.27 7835.00
778.22 789.49 0.08 8091.05
325.84 364.86 0.31 6609.79
386.74 931.06 0.48 7323.77
763.36 631.89 0.42 7845.05
560.53 543.72 0.18 7085.22
896.11 518.59 0.42 7569.00
98.09 177.25 0.48 8721.08
381.91 164.57 0.36 5817.21
720.88 977.46 0.50 6919.71
831.90 365.51 0.12 6735.42
965.25 316.15 0.20 6586.16
986.20 247.85 0.18 6886.09
320.32 480.48 0.12 6006.04
337.13 266.26 0.48 6910.17
965.30 727.21 0.26 7048.85
751.56 116.07 0.29 5546.16
873.67 353.34 0.24 7894.18
858.59 391.43 0.08 6457.51
831.61 416.23 0.12 7496.33
189.74 359.68 0.06 6485.64
931.52 129.54 0.41 7970.57
427.33 82.45 0.32 7358.37
136.40 54.99 0.53 5924.05
936.30 516.77 0.51 4991.85
719.72 695.47 0.54 7849.87
331.36 533.74 0.14 7687.78
970.08 445.00 0.48 5160.17
656.64 444.88 0.23 6322.09
23.04 502.87 0.10 6589.83
791.23 282.34 0.40 6182.84
542.43 323.67 0.53 8822.73
563.17 585.03 0.18 8209.20
650.73 54.29 0.49 7016.14
661.90 933.67 0.13 7206.26
473.57 351.03 0.02 7267.25
323.40 395.73 0.49 9847.16
788.36 694.67 0.39 5690.21
218.47 593.39 0.24 7598.17
575.66 698.35 0.09 7401.16
604.38 531.50 0.16 7418.13
447.26 847.14 0.24 6662.59
156.94 412.30 0.16 7472.57
579.12 463.14 0.23 6770.92
173.39 633.28 0.29 3960.85
234.16 732.63 0.50 7278.84
530.83 960.05 0.09 6395.42
963.81 742.41 0.51 8275.48
76.60 199.48 0.14 9072.54
172.03 499.44 0.20 5991.30
671.30 823.61 0.06 7487.96
973.34 771.65 0.12 5882.26
86.00 529.75 0.44 6994.86
702.08 150.39 0.34 7861.81
86.69 135.88 0.28 8820.24
86.80 424.85 0.32 6540.31
684.87 788.98 0.27 9396.83
259.83 562.25 0.17 6285.53
953.01 645.95 0.54 5370.62
140.68 988.42 0.53 6691.81
133.81 269.54 0.53 6474.89
787.15 217.63 0.42 7323.08
368.50 408.13 0.38 7647.93
943.01 365.88 0.40 7154.84
105.76 45.52 0.39 7541.52
805.23 660.69 0.26 6486.34
899.69 542.16 0.41 5193.94
917.23 352.14 0.03 5821.52
430.95 266.37 0.15 7469.91
137.05 998.66 0.44 7787.60
838.58 403.11 0.30 6232.02
139.75 652.15 0.18 6877.74
19.75 937.12 0.43 6497.23
26.40 485.68 0.52 7229.27
798.03 16.25 0.19 7297.55
739.02 418.50 0.42 6751.60
489.26 822.75 0.47 7707.62
17.10 82.97 0.29 6495.67
408.56 887.97 0.04 8299.16
881.79 417.75 0.09 7131.55
772.72 199.67 0.23 4543.72
944.68 752.24 0.47 7209.34
591.65 683.81 0.28 7430.05
966.48 892.21 0.46 8014.95
204.95 638.64 0.04 6134.44
379.39 194.08 0.38 7303.07
899.91 682.89 0.36 7038.98
390.89 539.45 0.04 6870.69
249.09 396.55 0.49 8433.52
737.18 490.34 0.18 6767.19
952.05 498.21 0.57 6214.49
5.81 478.24 0.31 7846.25
380.70 229.09 0.10 6247.65
847.53 132.53 0.24 7178.14

11019.228956046652
