2 90 23 54 34 88 46 55 68 48 30 3 72 1 63 27 49 70 18 41 52 17 29 93 62 9 77 67 65 7 42 6 16 78 64 60 13 15 14 73 53 59 4 5 89 24 58 20 28 35 92 80 19 71 94 31 84 22 96 76 10 69 21 61 98 75 47 37 26 66 82 97 39 87 86 51 44 8 38 57 25 50 56 79 100 45 74 99 95 33 32 91 85 11 12 36 43 40 81 83 
Best fitness: 4.46
7 58 87 88 46 55 8 47 3 1 13 41 63 61 48 30 6 29 59 4 62 56 28 20 86 73 51 16 60 53 52 45 93 100 12 95 99 32 92 65 90 2 17 9 67 78 24 80 19 5 18 27 77 42 79 54 23 34 84 22 82 96 21 98 75 89 94 31 38 71 97 14 72 49 37 66 26 39 57 25 81 91 50 69 68 15 40 76 10 44 64 70 74 85 36 11 83 43 33 35 
Worst fitness: 6.02

Alpha: 0.50
K: 0.01
Crossover probability: 0.50
Mutation probability: 0.10
Change mutation operator probability 1: 0.15
Change mutation operator probability 2: 0.00