41 45 36 59 51 64 35 25 18 11 2 44 46 16 4 32 10 3 33 69 58 40 5 34 38 70 60 27 42 55 8 37 66 28 53 13 15 24 21 49 52 6 62 65 22 68 1 50 9 47 67 48 61 26 30 14 29 7 56 17 19 31 12 57 20 63 43 54 39 23 
Best fitness: 2.16
41 36 32 67 4 40 55 8 12 25 42 27 38 70 44 62 65 28 37 66 7 33 10 49 3 2 20 11 18 58 69 46 16 9 6 1 68 13 15 21 48 61 30 35 59 53 22 57 64 14 5 47 24 56 50 52 29 26 34 60 39 31 45 51 19 17 23 43 63 54 
Worst fitness: 3.05

Alpha: 0.50
K: 0.01
Crossover probability: 0.50
Mutation probability: 0.10
Change mutation operator probability 1: 0.15
Change mutation operator probability 2: 0.00