36 71 57 59 41 14 47 4 2 60 52 18 12 9 55 70 79 64 54 31 1 8 51 50 11 65 40 23 17 80 25 72 46 19 58 16 74 69 3 28 22 35 20 13 39 5 76 21 32 42 61 30 78 38 24 66 33 73 75 26 49 43 63 6 29 37 56 10 68 62 45 7 77 34 44 15 27 67 53 48 
Best fitness: 2.77
16 1 64 50 24 54 25 52 42 14 41 17 5 40 65 11 79 33 38 69 28 60 78 61 4 2 62 45 36 46 56 80 76 75 3 71 19 74 68 35 13 39 22 10 57 59 47 58 8 51 66 70 9 26 12 37 23 55 31 72 30 18 21 32 15 43 63 49 29 6 67 53 34 20 7 77 48 44 27 73 
Worst fitness: 3.44

Alpha: 0.50
K: 0.01
Crossover probability: 0.50
Mutation probability: 0.10
Change mutation operator probability 1: 0.15
Change mutation operator probability 2: 0.00