71 36 17 63 90 55 14 42 66 4 85 57 56 60 26 6 8 33 9 72 46 5 2 28 35 29 23 84 52 75 88 40 49 70 59 65 68 67 86 44 77 69 87 61 80 39 45 19 76 83 47 15 89 18 10 43 7 20 37 41 74 24 48 32 22 31 12 13 11 73 38 64 53 27 62 58 78 21 30 16 54 81 79 34 3 51 82 50 25 1 
Best fitness: 3.47
71 35 31 45 70 40 15 36 17 85 4 42 43 2 33 72 46 28 49 29 55 10 52 75 37 62 58 69 8 80 6 56 57 24 48 66 7 90 23 76 83 32 84 63 74 18 41 38 87 21 65 39 73 11 59 19 22 88 26 77 79 3 44 68 67 86 78 5 50 9 20 12 13 61 81 16 53 34 60 89 27 54 82 25 30 51 47 14 1 64 
Worst fitness: 4.51

Alpha: 0.50
K: 0.01
Crossover probability: 0.50
Mutation probability: 0.10
Change mutation operator probability 1: 0.15
Change mutation operator probability 2: 0.00