353.84 67.09 0.35 7128.29
136.82 49.30 0.28 7648.70
368.58 757.74 0.08 9260.14
256.40 255.89 0.28 6361.50
663.16 826.01 0.28 4254.02
896.28 363.24 0.20 8712.94
907.45 94.11 0.20 7181.49
932.08 766.45 0.01 7957.49
886.20 994.02 0.30 9834.09
477.03 615.50 0.23 4503.24
878.85 136.75 0.07 7953.04
165.11 397.92 0.02 7380.57
517.23 46.92 0.14 5407.12
219.68 804.59 0.35 6140.04
876.38 640.37 0.19 9681.24
931.17 873.07 0.27 6219.31
456.63 639.13 0.23 7589.39
154.49 72.72 0.25 5742.80
433.49 858.37 0.27 6620.41
367.94 958.26 0.24 9339.44
160.89 188.38 0.24 6589.72
682.09 644.50 0.08 8828.92
779.42 265.57 0.10 5415.47
638.74 377.00 0.22 8273.64
832.26 590.56 0.16 7140.31
868.58 473.41 0.35 5245.30
934.13 632.44 0.14 5496.87
767.12 33.51 0.21 9767.73
227.75 437.18 0.01 10699.19
966.30 145.62 0.27 6590.46
697.36 108.99 0.20 8635.40
837.62 769.66 0.06 5657.48
117.96 416.65 0.12 9624.32
936.22 327.30 0.26 6344.93
41.54 273.66 0.22 7891.82
720.38 284.14 0.23 6066.76
966.45 120.21 0.24 6837.71
811.99 274.36 0.02 8037.44
984.49 122.42 0.29 4728.91
248.34 502.56 0.28 5870.30
264.80 269.51 0.22 7583.81
828.82 681.33 0.10 8065.04
83.80 667.81 0.24 8156.44
302.47 100.34 0.15 7018.85
183.49 584.94 0.04 7123.39
451.63 938.16 0.24 6058.89
669.08 97.30 0.28 6096.34
937.83 713.73 0.09 10330.52
6.30 541.04 0.15 6948.67
278.89 677.47 0.27 6735.52
626.11 590.21 0.14 4632.94
954.81 952.76 0.11 5466.55
813.34 138.40 0.29 6157.80
695.92 121.30 0.37 6213.86
744.43 779.23 0.18 7240.89
729.87 199.74 0.34 4452.73
163.30 456.58 0.16 4478.41
116.14 201.58 0.25 6733.50
59.14 838.61 0.27 7530.67
746.96 721.31 0.43 5598.91
674.55 812.39 0.24 10161.82
121.01 560.91 0.20 5542.71
386.31 772.40 0.25 10465.24
339.96 720.68 0.11 10174.22
569.00 201.86 0.26 10567.13
190.93 536.93 0.04 8775.75
237.17 212.23 0.30 6295.62
802.45 239.52 0.15 6214.87
280.49 44.27 0.33 5913.97
372.40 329.39 0.26 7019.47
843.25 757.90 0.07 7966.79
713.77 782.65 0.32 7253.08
228.66 981.14 0.19 5590.35
354.16 898.32 0.26 7006.05
0.53 330.38 0.30 6427.71
779.20 81.45 0.16 4886.65
916.07 694.95 0.28 8037.85
230.53 972.78 0.24 6072.11
818.15 270.75 0.17 5942.74
151.06 224.98 0.05 7173.58
892.01 502.16 0.15 8037.05
141.09 949.50 0.31 5345.29
826.78 132.79 0.24 6252.81
323.63 551.14 0.10 9904.79
213.68 426.12 0.14 7956.96
814.61 596.03 0.02 6598.86
922.35 813.39 0.15 6449.57
91.73 479.68 0.12 7435.72
989.69 309.97 0.20 8971.77
937.62 26.46 0.17 7581.27
12.91 355.37 0.22 6231.09
367.68 369.98 0.03 6858.08
171.95 968.20 0.08 7483.46
162.46 608.26 0.30 6488.33
402.49 160.14 0.23 8157.18
399.55 567.80 0.13 6281.86
423.91 714.05 0.34 6667.62
630.18 199.68 0.27 9676.59
974.54 772.98 0.08 8075.65
379.90 581.86 0.04 7612.10
329.56 459.85 0.24 6560.42
35.96 198.65 0.24 10324.28
809.93 680.02 0.43 4549.10
598.84 738.55 0.16 5527.08
880.21 866.31 0.17 6418.98
367.82 122.24 0.35 6575.95
99.25 184.73 0.40 4973.34
880.60 90.04 0.23 5595.34
453.26 264.90 0.10 5927.26
533.82 145.93 0.24 5266.67
239.58 680.99 0.13 8219.51
347.08 803.49 0.16 6907.19
244.11 205.09 0.13 7217.56
48.27 548.87 0.13 7818.48
24.97 500.77 0.07 9420.74
837.75 704.46 0.22 5747.80
351.55 917.49 0.17 8361.64
450.99 733.77 0.20 7867.10
879.83 70.73 0.15 7628.04
715.12 769.02 0.11 9854.51
550.33 331.30 0.09 9261.26
196.61 937.66 0.32 4547.36
137.75 939.20 0.24 9294.08
356.22 820.92 0.03 7969.90
769.39 929.59 0.22 7550.70
790.01 510.69 0.16 5603.11
236.83 541.55 0.20 6140.69
965.41 214.44 0.11 6242.23
199.82 525.94 0.14 6904.85
267.26 741.70 0.11 6769.23
528.40 328.17 0.18 6631.17
364.76 28.81 0.38 5950.76
279.89 783.70 0.27 7530.29
180.26 312.52 0.25 5386.69
101.71 510.53 0.27 6374.09
411.67 805.66 0.31 6771.59
381.15 992.23 0.34 8017.37
342.91 958.92 0.25 6990.72
291.92 113.51 0.30 4534.82
254.59 739.55 0.11 10561.41
679.64 720.98 0.33 5981.15
661.42 707.56 0.27 6733.62
156.89 17.00 0.21 6113.72
127.13 665.31 0.14 9236.91
311.20 310.68 0.09 7716.68
137.83 982.22 0.25 8917.07
491.02 417.08 0.02 6963.25
882.32 307.37 0.12 4570.23
958.84 569.88 0.20 10090.79
401.66 976.20 0.14 6000.62
