954.31 857.33 0.18 6337.72
727.50 480.70 0.25 4961.85
695.15 977.78 0.10 7779.55
774.40 303.93 0.20 6512.99
444.14 910.39 0.17 8686.24
871.93 778.26 0.17 9587.35
666.61 267.08 0.20 5762.02
600.53 243.32 0.25 8855.60
520.49 191.38 0.05 6663.57
8.87 337.68 0.26 5753.06
448.95 451.57 0.32 5102.63
242.19 662.33 0.21 4721.39
561.27 505.74 0.43 6772.10
218.34 339.24 0.07 6570.69
83.28 547.42 0.18 8677.63
338.32 998.00 0.19 6885.68
718.87 168.68 0.14 7897.66
105.70 431.42 0.29 5417.24
27.18 407.30 0.13 6786.58
706.82 280.91 0.27 5480.69
722.19 336.88 0.09 7734.69
856.70 762.26 0.12 7495.48
70.34 763.17 0.07 5564.45
717.94 364.59 0.26 6897.80
851.64 481.66 0.23 5807.48
864.44 476.54 0.08 6940.42
419.16 410.56 0.18 5820.18
860.49 43.33 0.15 7011.40
309.15 535.13 0.31 10764.80
690.81 921.65 0.26 5569.91
269.01 410.81 0.16 8367.05
43.54 447.54 0.32 5904.34
72.15 251.72 0.33 9101.91
214.00 876.25 0.10 8649.74
408.94 851.71 0.40 6305.70
476.23 628.26 0.29 9078.96
349.40 977.73 0.10 6366.31
330.75 11.72 0.09 6782.20
432.69 696.75 0.16 6161.60
70.53 80.50 0.07 10626.50
301.59 609.94 0.16 7347.09
470.94 594.18 0.14 6239.73
559.55 822.12 0.27 6590.91
800.42 820.19 0.13 4177.29
672.48 928.89 0.21 5287.75
951.57 958.98 0.20 6682.95
138.84 822.10 0.23 7840.34
368.45 591.79 0.21 7102.03
347.83 689.74 0.17 6433.67
716.60 420.35 0.10 7863.88
714.44 605.26 0.06 7046.59
330.74 335.53 0.15 7882.99
553.69 376.09 0.17 6853.27
424.18 384.53 0.04 6762.25
246.05 594.48 0.14 8325.57
741.71 39.78 0.15 6446.49
739.32 922.59 0.24 10730.00
256.74 423.60 0.28 5868.50
974.94 8.12 0.18 5630.66
726.71 207.10 0.32 5937.65
336.18 120.46 0.22 4691.63
666.54 905.69 0.20 6560.87
42.81 959.87 0.26 9111.76
649.24 952.75 0.31 9496.41
890.27 179.55 0.19 10370.25
258.43 885.34 0.21 6205.66
199.85 619.92 0.05 7723.33
904.97 767.84 0.14 7978.76
135.90 198.39 0.22 4696.67
80.81 320.96 0.50 8254.38
481.13 912.70 0.07 7987.14
894.31 917.15 0.28 4642.48
702.35 315.04 0.16 4330.31
610.50 139.36 0.11 6650.29
150.24 734.03 0.17 5690.16
599.27 581.38 0.31 6001.14
515.97 790.18 0.03 6818.05
860.14 997.58 0.14 8808.25
336.89 860.47 0.31 7627.11
328.29 858.50 0.33 5913.56
3.11 894.23 0.19 5857.79
745.92 709.63 0.33 4945.92
985.44 523.91 0.16 7604.30
930.35 96.51 0.17 9118.12
898.10 157.34 0.14 5443.00
316.84 696.96 0.15 6089.33
554.40 81.36 0.30 5334.68
227.46 699.70 0.22 7193.34
717.69 53.62 0.09 9425.33
529.96 405.13 0.17 5502.14
253.49 970.95 0.14 8472.49
959.97 240.18 0.22 4671.53
69.32 439.29 0.13 6045.09
909.48 463.13 0.30 9380.82
521.65 376.07 0.17 5436.10
176.03 845.09 0.26 5685.59
11.42 757.61 0.13 10665.38
896.68 783.71 0.27 6076.92
598.78 313.54 0.27 5313.69
446.07 191.86 0.31 4192.37
575.29 397.22 0.27 7128.93
829.97 592.79 0.22 5876.70
5.13 852.80 0.21 4787.99
287.63 816.43 0.03 9130.97
461.65 540.91 0.02 5735.82
732.06 837.87 0.15 5810.14
64.15 5.27 0.08 9831.18
697.01 38.66 0.11 7959.39
562.96 353.78 0.20 6389.97
223.84 725.83 0.04 4565.41
11.92 111.22 0.25 4857.91
474.77 912.70 0.17 7167.72
156.34 272.78 0.07 6894.62
316.28 87.49 0.31 6592.67
0.67 889.83 0.27 6245.72
64.40 841.10 0.20 6752.70
657.87 863.73 0.11 6553.18
645.66 352.96 0.22 5956.56
504.70 382.22 0.29 5056.44
419.64 603.95 0.08 6025.48
815.56 796.38 0.05 5958.63
5.63 286.41 0.08 7091.11
651.76 539.89 0.26 9796.05
731.44 707.15 0.25 6913.24
637.39 460.18 0.16 5986.41
984.66 810.58 0.23 8892.23
616.79 245.74 0.31 8359.76
135.08 677.85 0.14 5700.96
541.67 232.78 0.18 5020.15
241.13 313.46 0.05 4712.35
186.85 299.42 0.09 5067.51
976.12 594.70 0.27 4523.86
883.53 610.73 0.07 6772.58
492.05 875.49 0.19 6030.96
228.19 826.81 0.33 6195.80
896.95 104.21 0.40 6600.90
248.00 274.28 0.17 5041.31
747.81 741.14 0.17 6032.55
178.00 337.34 0.37 5464.22
906.41 571.27 0.15 6522.41
38.56 180.57 0.23 5110.97
772.28 96.27 0.14 7409.36
491.46 139.78 0.23 5980.08
844.32 743.89 0.17 5972.86
169.12 966.91 0.35 5000.86
994.78 797.93 0.27 7807.49
958.61 26.66 0.11 5858.05
900.90 727.22 0.36 8092.22
531.92 265.92 0.24 5580.47
157.64 861.29 0.01 6889.64
962.27 198.06 0.08 8116.01
103.49 827.28 0.27 5347.93
1.31 447.85 0.20 7029.88
451.23 761.66 0.07 5633.75
135.39 513.95 0.18 10777.77
24.99 662.90 0.21 4495.32
827.33 159.41 0.44 5281.73
897.77 203.61 0.14 5979.21
609.69 892.97 0.32 8320.41
461.44 592.63 0.08 7958.63
491.50 598.02 0.08 10682.32
244.62 598.55 0.10 6210.33
921.11 511.80 0.11 7969.96
160.24 531.23 0.17 7015.15
973.82 211.62 0.28 6901.75
624.66 917.61 0.31 6102.86
921.60 657.24 0.43 5508.99
855.48 394.79 0.32 7327.80
361.34 138.13 0.23 8616.94
776.44 977.55 0.35 7432.32
991.20 473.88 0.06 7027.34
27.38 509.35 0.19 8163.75
297.64 601.55 0.20 5431.18
216.23 556.68 0.30 7276.07
545.80 8.64 0.07 5551.62
