62.56 299.57 0.01 9659.08
603.81 367.65 0.17 7683.34
715.12 79.54 0.12 6821.84
328.63 740.09 0.14 6731.20
308.88 368.23 0.25 8194.52
589.42 466.62 0.32 7422.49
727.51 702.65 0.49 10315.72
414.00 440.19 0.19 7055.21
771.82 232.34 0.31 5906.48
131.57 490.50 0.24 9590.83
237.68 664.29 0.33 6133.55
632.29 540.12 0.31 7602.97
324.85 1.40 0.21 10374.45
34.06 950.07 0.13 9197.85
359.28 53.50 0.26 6201.59
209.83 512.85 0.15 9849.08
856.17 918.61 0.12 9955.36
394.01 365.37 0.32 8695.15
977.62 866.15 0.19 5594.61
649.24 328.88 0.32 7418.71
191.84 914.65 0.25 5119.31
254.17 988.14 0.15 6002.19
956.58 170.54 0.13 6709.31
962.41 298.81 0.21 7077.62
616.89 358.15 0.18 5851.47
518.99 333.24 0.15 7810.85
35.27 261.38 0.29 5291.95
798.31 946.44 0.30 8980.17
979.32 659.50 0.11 10356.26
961.00 8.30 0.04 7247.57
2.15 320.31 0.30 7916.36
181.61 447.00 0.17 7580.93
820.03 630.49 0.25 10133.28
774.86 996.38 0.10 10107.78
360.54 820.99 0.15 7306.15
251.01 920.14 0.09 9120.21
809.79 928.01 0.02 6707.94
115.10 304.21 0.26 6425.75
15.44 417.40 0.29 6939.34
647.70 881.59 0.24 8422.54
859.17 730.34 0.31 10263.01
602.17 694.28 0.12 5829.61
856.98 511.91 0.40 6813.19
827.26 671.02 0.09 10684.73
159.57 283.93 0.25 8866.30
990.31 164.04 0.29 10440.41
683.91 558.05 0.30 9425.33
499.98 453.15 0.04 6914.19
162.54 688.99 0.19 6212.14
619.04 79.09 0.13 6961.67
401.96 244.30 0.30 6540.84
602.89 556.57 0.34 4652.28
299.64 513.59 0.18 9392.44
353.64 110.17 0.38 6033.92
69.76 846.14 0.23 8099.22
648.65 626.98 0.32 9671.91
940.14 727.07 0.26 9093.68
296.94 698.65 0.30 5035.41
920.98 167.93 0.35 10702.30
633.50 636.84 0.19 7405.31
903.20 933.91 0.21 10561.57
35.96 922.13 0.01 5448.91
106.46 309.58 0.20 5325.62
507.17 866.43 0.37 6380.38
296.95 82.27 0.02 7679.67
630.00 283.63 0.18 5851.58
528.44 622.06 0.23 6376.18
754.46 402.43 0.14 6079.23
636.53 824.82 0.08 6353.88
476.70 703.36 0.43 8740.42
427.10 1.04 0.01 6545.65
683.99 185.19 0.22 10695.40
809.80 752.06 0.14 6456.06
513.30 178.99 0.19 6934.66
686.84 230.81 0.08 9848.48
770.75 135.11 0.20 8679.60
536.21 530.66 0.14 5777.85
337.79 119.28 0.04 7459.60
510.51 430.25 0.17 8525.29
38.36 320.99 0.01 8813.12
652.03 370.33 0.44 7816.15
14.75 280.18 0.18 8655.87
453.68 484.01 0.30 5518.54
796.19 36.17 0.17 9377.06
783.04 245.99 0.22 6668.29
402.02 724.46 0.23 6115.40
92.53 750.46 0.26 6631.31
420.68 220.51 0.19 6434.68
227.59 448.00 0.18 5831.47
239.20 847.61 0.21 5406.27
742.69 356.35 0.40 7190.60
938.38 830.10 0.11 6480.70
271.93 460.89 0.21 8677.49
908.46 732.18 0.12 6067.59
219.78 304.21 0.45 6830.17
515.43 109.12 0.17 6655.31
649.19 29.73 0.16 9431.54
413.89 593.90 0.01 6609.34
408.72 781.43 0.23 6022.97
939.05 13.33 0.39 6138.77
