77 36 72 78 50 34 30 12 53 65 58 45 64 60 26 62 59 68 19 43 79 46 3 33 71 24 61 48 75 38 5 4 6 42 1 74 14 49 66 54 32 39 23 44 8 2 73 51 57 67 21 28 29 52 20 37 22 13 69 7 63 76 11 35 47 27 31 70 16 40 10 25 9 80 55 56 17 15 18 41 
Best fitness: 0.71
77 48 3 79 19 43 50 72 74 62 26 4 40 36 45 37 58 65 21 53 22 34 30 12 44 60 71 61 24 41 66 32 54 78 39 56 67 80 57 2 52 73 51 63 7 69 13 23 28 64 68 33 29 46 8 75 59 6 31 42 1 14 49 17 76 47 38 5 9 20 25 55 15 35 70 27 16 10 11 18 
Worst fitness: 0.81

Alpha: 0.50
K: 0.01
Crossover probability: 0.50
Mutation probability: 0.10
Change mutation operator probability 1: 0.15
Change mutation operator probability 2: 0.00