85 5 46 59 3 28 23 35 60 12 21 48 20 18 34 54 29 78 42 43 27 68 31 15 24 11 40 70 45 72 56 89 47 62 57 76 63 64 49 53 32 61 80 4 65 50 81 41 66 90 19 33 87 30 1 86 55 36 6 7 67 13 9 26 69 82 58 51 84 25 88 71 74 83 16 37 77 2 10 44 75 38 79 14 73 22 52 8 39 17 
Best fitness: 1.73
84 28 35 29 30 62 18 34 63 36 6 47 78 21 32 12 90 72 45 56 42 48 43 66 23 89 27 68 76 31 15 11 38 75 40 3 69 5 26 51 77 37 80 39 16 83 41 70 59 46 7 24 55 86 57 1 54 33 87 20 19 81 61 50 82 67 71 13 9 14 53 8 60 79 64 74 52 73 88 17 85 58 2 10 4 65 49 22 25 44 
Worst fitness: 2.16

Alpha: 0.50
K: 0.01
Crossover probability: 0.50
Mutation probability: 0.10
Change mutation operator probability 1: 0.15
Change mutation operator probability 2: 0.00