39 55 66 48 47 35 83 38 33 76 58 64 90 5 82 81 11 3 19 65 50 10 14 21 27 12 41 2 77 61 17 87 18 15 43 89 30 9 80 86 20 22 60 37 63 31 79 53 62 34 32 59 72 29 13 45 44 52 36 57 46 54 7 49 1 24 74 23 84 70 4 40 51 71 67 88 28 75 56 8 73 69 25 16 42 85 26 6 78 68 
Best fitness: 0.80
39 65 27 14 5 90 82 50 48 87 8 11 61 64 58 21 43 47 59 46 45 38 89 51 15 83 35 30 9 17 77 41 76 72 13 33 3 10 66 18 22 60 84 31 2 73 4 20 1 74 80 62 79 52 53 29 54 7 34 32 57 86 69 12 19 55 78 88 71 85 40 26 23 67 6 81 75 16 42 56 44 63 28 24 70 25 68 49 36 37 
Worst fitness: 0.97

Alpha: 0.50
K: 0.01
Crossover probability: 0.50
Mutation probability: 0.10
Change mutation operator probability 1: 0.15
Change mutation operator probability 2: 0.00