7 37 40 11 22 20 4 29 2 21 17 19 13 6 28 3 18 31 39 35 12 10 1 38 33 36 34 16 9 25 32 24 30 8 15 14 26 27 23 5 
Moving time: 136.29 143.34 163.60 179.60 200.79 237.90 246.36 254.76 278.91 302.93 318.89 345.44 363.33 384.14 404.25 424.56 436.16 447.69 450.32 467.13 485.49 505.92 516.15 539.25 576.41 609.98 620.82 638.52 651.35 660.11 674.98 698.83 707.09 717.97 738.22 751.81 771.12 772.38 792.74 800.66 949.74 
Best fitness: 0.00
Worst fitness: 0.0
Average fitness: 0.00
Alpha: 0.50
K: 0.02
Crossover probability: 0.50
Mutation probability: 0.10
Change mutation operator probability 1: 0.15
Change mutation operator probability 2: 0.15