32 75 23 7 25 10 42 60 8 21 6 14 72 63 68 29 5 45 13 77 67 71 39 70 15 50 34 11 61 73 69 43 9 65 40 64 19 38 2 17 47 49 27 18 4 74 57 46 79 66 55 35 78 26 44 76 30 53 62 24 56 36 31 58 3 37 80 1 51 33 52 48 28 16 12 20 59 54 41 22 
Moving time: 141.00 162.38 187.79 195.98 202.16 226.18 251.16 256.70 266.69 281.32 293.81 310.72 337.95 358.90 373.33 404.86 433.65 458.39 495.42 536.80 575.55 586.98 610.50 620.07 628.28 645.75 667.99 684.03 697.74 711.82 723.91 742.55 773.12 775.98 789.99 824.83 830.93 845.62 856.70 886.53 902.08 919.96 947.76 971.36 990.52 999.75 1017.03 1048.44 1069.60 1074.91 1089.13 1108.90 1114.64 1126.22 1136.25 1150.46 1157.99 1170.09 1202.77 1223.71 1237.77 1257.37 1260.55 1276.07 1299.53 1326.64 1337.30 1345.65 1359.43 1370.85 1397.26 1401.02 1415.21 1435.00 1454.83 1466.50 1486.85 1499.97 1508.09 1511.58 1656.10 
Best fitness: 0.00
Worst fitness: 0.0
Average fitness: 0.00
Alpha: 0.50
K: 0.02
Crossover probability: 0.50
Mutation probability: 0.10
Change mutation operator probability 1: 0.15
Change mutation operator probability 2: 0.15