95 71 57 18 28 36 53 49 8 41 17 33 29 80 52 16 98 88 9 19 100 66 50 15 74 67 39 23 31 44 78 59 92 60 83 56 65 55 85 70 77 81 38 68 61 54 1 21 69 63 32 5 90 79 27 46 99 82 40 20 84 97 24 35 75 91 26 14 25 94 13 51 10 62 34 42 89 2 30 73 76 43 58 48 11 93 12 22 4 87 72 47 96 64 3 86 45 7 37 6 
Moving time: 124.58 156.86 170.37 201.31 230.52 245.94 260.54 289.20 315.13 326.42 339.32 347.55 361.31 372.99 398.50 418.25 455.50 474.29 497.66 502.30 527.86 553.88 579.35 584.48 607.76 619.52 622.83 632.04 653.96 668.53 695.35 709.33 731.64 743.31 764.98 769.44 779.14 790.18 804.52 811.37 827.22 853.64 856.27 868.80 884.72 900.42 918.81 948.25 990.55 993.10 1018.68 1038.40 1063.57 1079.93 1100.60 1118.11 1143.65 1148.72 1155.45 1161.94 1171.29 1195.08 1210.64 1255.57 1302.40 1333.26 1340.11 1351.93 1361.78 1367.38 1369.08 1387.38 1396.56 1402.13 1419.97 1429.52 1459.95 1475.30 1482.78 1507.13 1548.60 1566.15 1570.08 1580.98 1584.72 1603.19 1620.21 1635.66 1654.23 1663.32 1672.24 1686.35 1691.82 1714.59 1730.28 1742.86 1760.74 1797.67 1816.06 1831.82 1961.55 
Best fitness: 0.00
Worst fitness: 0.0
Average fitness: 0.00
Alpha: 0.50
K: 0.02
Crossover probability: 0.50
Mutation probability: 0.10
Change mutation operator probability 1: 0.15
Change mutation operator probability 2: 0.15