53 39 58 37 61 27 9 51 6 11 20 5 17 56 10 63 55 65 14 66 32 59 3 50 19 57 22 30 54 68 60 16 44 48 42 15 40 36 4 13 18 49 70 35 31 25 33 38 47 45 8 46 12 23 21 1 26 64 29 52 7 24 34 2 43 69 67 62 41 28 
Moving time: 126.28 152.82 167.51 172.71 184.93 206.85 227.31 231.36 257.60 277.62 291.16 310.00 324.66 342.70 347.18 367.97 381.44 396.62 407.92 421.92 438.54 452.35 464.51 485.16 504.08 519.48 525.03 547.44 564.33 578.52 599.38 607.69 617.25 636.91 643.57 651.41 654.61 668.72 683.22 685.26 698.29 704.50 715.24 729.08 742.88 773.51 792.77 802.78 813.26 830.81 848.74 873.12 889.59 896.54 924.15 924.76 939.35 969.21 982.57 997.69 1040.82 1081.87 1110.13 1124.86 1141.04 1159.50 1179.74 1184.42 1200.68 1231.21 1379.95 
Best fitness: 0.00
Worst fitness: 0.0
Average fitness: 0.00
Alpha: 0.50
K: 0.02
Crossover probability: 0.50
Mutation probability: 0.10
Change mutation operator probability 1: 0.15
Change mutation operator probability 2: 0.15