82 60 81 79 33 17 26 72 22 76 13 6 48 3 16 78 32 24 43 44 30 49 19 90 58 69 83 42 67 1 39 62 73 12 70 25 53 45 41 21 15 59 54 71 31 11 35 86 63 85 50 75 4 74 55 40 5 23 80 88 2 66 84 52 65 47 87 8 20 46 27 37 10 61 14 68 18 34 56 7 89 77 38 57 29 28 51 9 36 64 
Moving time: 141.75 160.16 171.49 185.28 206.36 227.72 240.32 267.34 281.25 298.80 310.42 319.74 331.58 335.55 346.41 357.27 382.65 408.12 428.49 439.40 455.06 465.79 503.17 545.41 561.68 577.48 607.22 627.70 645.20 656.01 664.35 679.51 715.57 742.00 765.48 774.57 793.98 801.66 822.42 825.84 835.98 850.32 860.59 869.12 891.10 907.21 918.47 925.03 932.26 939.40 962.84 993.20 1012.58 1026.80 1039.85 1054.41 1073.18 1111.22 1133.22 1137.57 1151.74 1162.33 1169.40 1187.18 1198.42 1209.16 1220.48 1248.36 1275.59 1294.81 1327.08 1346.15 1378.64 1407.53 1415.11 1426.58 1445.30 1460.44 1467.01 1473.71 1497.89 1503.51 1525.31 1540.47 1550.50 1568.10 1577.51 1584.26 1591.26 1593.86 1735.69 
Best fitness: 0.00
Worst fitness: 0.0
Average fitness: 0.00
Alpha: 0.50
K: 0.02
Crossover probability: 0.50
Mutation probability: 0.10
Change mutation operator probability 1: 0.15
Change mutation operator probability 2: 0.15