25 35 24 55 67 2 39 11 61 80 51 18 40 54 32 56 65 49 28 29 64 10 20 78 46 26 8 58 27 4 13 41 70 63 12 30 74 3 76 68 36 43 79 59 52 71 60 75 37 69 73 77 47 72 6 7 17 19 62 48 42 5 15 38 31 57 21 44 1 50 14 66 22 16 9 53 23 45 34 33 
Moving time: 139.97 180.17 193.49 241.06 298.49 346.31 354.25 400.26 405.09 437.84 454.64 480.51 513.94 543.69 566.44 598.37 646.89 673.16 715.75 772.03 806.55 869.64 933.79 999.84 1015.80 1055.03 1099.11 1173.24 1220.71 1246.65 1306.01 1347.38 1389.22 1398.28 1434.06 1464.48 1502.15 1546.59 1589.43 1623.96 1637.82 1680.62 1743.66 1792.14 1849.58 1859.43 1893.86 1929.23 1953.39 1986.30 2041.75 2064.90 2096.74 2153.49 2199.85 2223.09 2240.10 2291.76 2316.38 2363.28 2416.77 2475.59 2562.72 2625.39 2643.20 2698.81 2746.77 2803.80 2811.81 2815.77 2858.03 2928.85 2973.65 2997.69 3029.32 3044.44 3088.63 3101.57 3133.22 3194.95 3330.31 
Best fitness: 0.00
Worst fitness: 0.0
Average fitness: 0.00
Alpha: 0.50
K: 0.02
Crossover probability: 0.50
Mutation probability: 0.10
Change mutation operator probability 1: 0.15
Change mutation operator probability 2: 0.15