54 22 90 47 11 27 43 67 84 39 18 7 82 32 58 49 30 38 16 87 29 20 40 73 1 46 51 52 56 70 57 77 15 72 28 55 25 75 34 60 50 86 4 59 5 9 3 80 14 42 78 45 85 74 19 36 26 33 79 37 13 81 12 69 88 35 64 53 61 31 17 23 66 48 24 21 83 68 10 6 71 65 2 8 62 44 76 41 63 89 
Moving time: 152.98 165.19 187.59 197.29 216.01 239.76 278.02 297.88 334.26 372.36 400.53 450.73 498.85 535.92 601.65 649.49 685.87 745.99 764.17 793.28 815.99 852.49 902.63 945.70 953.90 1032.62 1093.00 1099.18 1133.94 1144.80 1169.33 1193.98 1229.94 1267.51 1285.70 1335.70 1345.97 1396.05 1422.45 1447.50 1504.63 1546.33 1577.17 1630.35 1648.13 1656.47 1669.18 1679.54 1701.81 1751.91 1793.29 1830.32 1862.57 1893.53 1951.54 1974.01 1999.87 2017.23 2046.68 2089.74 2107.40 2144.30 2174.56 2209.55 2239.79 2299.52 2344.61 2379.76 2424.65 2451.84 2469.08 2519.85 2590.23 2623.36 2689.89 2757.72 2808.49 2847.59 2885.21 2907.79 2917.46 2956.85 2968.89 3002.82 3059.56 3102.59 3146.30 3170.72 3200.39 3210.69 3359.93 
Best fitness: 0.00
Worst fitness: 0.0
Average fitness: 0.00
Alpha: 0.50
K: 0.02
Crossover probability: 0.50
Mutation probability: 0.10
Change mutation operator probability 1: 0.15
Change mutation operator probability 2: 0.15