49 48 45 1 59 61 6 31 38 21 52 36 26 7 55 5 25 44 67 42 14 30 28 10 60 68 8 33 63 17 51 58 50 27 16 9 23 11 57 35 3 70 46 24 22 2 20 29 32 56 62 47 15 66 53 19 39 43 34 65 4 41 18 12 64 37 40 54 13 69 
Moving time: 141.10 175.73 182.14 220.71 244.11 255.37 259.24 277.20 307.95 338.92 362.80 401.83 416.35 455.29 489.10 517.96 581.83 653.85 680.41 721.26 778.02 805.69 830.29 874.20 891.49 929.32 968.62 1010.25 1063.59 1111.47 1142.10 1161.43 1187.83 1229.01 1270.35 1322.05 1333.51 1355.80 1390.73 1415.28 1459.75 1495.88 1514.90 1539.13 1568.09 1654.95 1694.11 1747.44 1800.52 1806.80 1853.38 1871.33 1910.80 1936.06 1956.59 1969.53 2003.91 2046.32 2066.34 2098.13 2110.97 2135.07 2152.25 2166.52 2236.41 2297.09 2335.69 2389.70 2445.33 2512.13 2689.11 
Best fitness: 0.00
Worst fitness: 0.0
Average fitness: 0.00
Alpha: 0.50
K: 0.02
Crossover probability: 0.50
Mutation probability: 0.10
Change mutation operator probability 1: 0.15
Change mutation operator probability 2: 0.15