18 11 79 76 60 35 83 93 33 38 73 68 53 40 74 14 1 94 7 84 47 86 98 88 16 65 87 36 20 9 49 31 71 80 39 21 51 72 52 77 55 41 19 99 85 30 45 25 27 13 23 66 6 95 22 90 50 24 28 54 4 32 15 43 89 92 58 3 67 48 75 64 56 100 42 82 96 12 78 17 69 61 81 62 97 37 34 59 91 2 44 8 63 57 29 26 70 10 46 5 
Moving time: 110.54 129.23 145.74 168.31 202.08 242.41 284.66 298.06 308.63 325.42 348.87 384.12 434.36 448.95 469.21 498.50 518.13 527.55 539.65 571.04 638.10 690.90 714.09 717.53 739.07 798.56 839.39 857.56 874.18 894.58 936.16 958.10 967.13 972.85 988.38 1008.10 1023.61 1041.10 1088.51 1128.55 1164.77 1194.78 1245.13 1270.58 1309.52 1403.22 1473.67 1493.21 1502.10 1521.81 1555.15 1613.58 1631.40 1676.28 1725.58 1755.74 1786.44 1842.48 1869.70 1912.42 1963.75 1992.93 2000.28 2020.02 2037.13 2068.19 2107.59 2113.94 2127.12 2170.86 2189.07 2247.64 2298.88 2333.59 2347.23 2382.54 2471.02 2496.59 2533.76 2548.86 2569.51 2609.69 2639.59 2669.02 2688.42 2743.16 2783.09 2820.61 2890.00 2926.37 2959.78 2993.00 3033.19 3071.13 3137.28 3190.73 3222.10 3230.01 3247.70 3265.83 3416.92 
Best fitness: 0.00
Worst fitness: 0.0
Average fitness: 0.00
Alpha: 0.50
K: 0.02
Crossover probability: 0.50
Mutation probability: 0.10
Change mutation operator probability 1: 0.15
Change mutation operator probability 2: 0.15