7 39 33 8 6 13 24 40 34 16 36 12 1 15 21 30 2 14 9 19 32 20 11 3 4 29 35 22 25 31 23 38 26 28 18 10 5 37 27 17 
Moving time: 172.25 204.69 229.02 285.10 303.18 347.45 362.60 410.53 450.62 480.57 511.25 514.47 543.21 585.11 611.56 642.71 643.05 665.94 720.48 772.63 811.40 842.53 868.83 891.99 898.73 932.96 964.30 997.18 1006.91 1052.13 1057.65 1116.82 1139.38 1150.28 1180.34 1202.23 1239.83 1256.51 1271.41 1298.26 1459.53 
Best fitness: 0.00
Worst fitness: 0.0
Average fitness: 0.00
Alpha: 0.50
K: 0.02
Crossover probability: 0.50
Mutation probability: 0.10
Change mutation operator probability 1: 0.15
Change mutation operator probability 2: 0.15