70 79 85 27 68 88 37 91 82 7 56 69 54 49 45 99 63 19 43 92 11 31 3 48 62 93 71 9 94 64 76 35 77 20 74 89 57 59 53 73 18 14 17 12 26 65 60 81 83 75 50 22 41 97 8 52 40 38 95 34 47 13 66 72 61 51 29 2 25 90 21 55 58 46 44 78 1 67 16 86 10 36 33 4 28 96 39 5 42 80 24 87 15 32 100 30 23 84 6 98 
Moving time: 155.06 165.33 224.11 329.68 355.77 380.27 483.77 552.33 625.79 661.05 681.58 699.65 746.77 786.53 831.93 871.36 901.76 980.36 1020.72 1124.79 1196.91 1209.77 1247.02 1305.25 1379.45 1405.85 1446.45 1500.78 1544.74 1591.07 1629.39 1695.11 1755.76 1847.94 1945.74 1997.27 2059.85 2111.35 2131.50 2151.71 2206.26 2295.30 2322.25 2366.67 2451.47 2525.77 2589.14 2636.63 2638.05 2678.73 2716.44 2741.90 2793.65 2837.39 2923.49 2940.26 3023.91 3057.10 3169.51 3298.06 3348.68 3392.42 3506.59 3602.89 3637.00 3641.91 3685.94 3765.48 3872.19 3951.94 4000.40 4044.73 4086.26 4122.20 4197.78 4287.58 4361.52 4386.80 4428.71 4480.73 4537.78 4576.71 4626.83 4670.82 4687.04 4742.20 4818.60 4886.37 4923.19 4962.64 5008.91 5066.07 5098.98 5168.44 5226.07 5276.98 5400.86 5465.32 5521.91 5599.23 5741.15 
Best fitness: 0.00
Worst fitness: 0.0
Average fitness: 0.00
Alpha: 0.50
K: 0.02
Crossover probability: 0.50
Mutation probability: 0.10
Change mutation operator probability 1: 0.15
Change mutation operator probability 2: 0.15