8 20 21 9 14 4 27 25 11 23 30 3 29 26 33 18 12 31 17 34 36 6 39 32 15 2 22 38 24 5 28 13 19 16 1 37 7 40 10 35 
Moving time: 168.13 188.43 247.32 302.93 340.68 387.25 460.86 563.40 625.68 723.29 766.76 848.53 891.08 976.80 1046.88 1132.05 1214.67 1244.12 1303.25 1364.90 1388.53 1434.09 1505.47 1556.81 1646.58 1685.52 1728.18 1820.34 1896.74 1968.60 2025.37 2061.57 2109.23 2140.94 2161.90 2218.49 2252.78 2285.09 2318.71 2426.69 2641.43 
Best fitness: 0.00
Worst fitness: 0.0
Average fitness: 0.00
Alpha: 0.50
K: 0.02
Crossover probability: 0.50
Mutation probability: 0.10
Change mutation operator probability 1: 0.15
Change mutation operator probability 2: 0.15