48 55 2 56 21 38 34 59 20 13 12 16 33 27 25 19 42 6 24 40 28 10 17 45 4 58 1 69 23 18 8 60 32 9 5 49 35 30 3 54 31 43 14 68 29 63 47 57 36 37 22 65 44 39 62 70 67 50 52 66 15 61 51 26 53 41 11 7 46 64 
Moving time: 197.82 234.02 243.29 302.05 364.62 468.14 524.82 595.29 700.89 796.27 848.15 890.87 943.16 1028.97 1118.30 1185.36 1285.11 1358.39 1405.48 1433.29 1469.39 1533.34 1559.53 1586.06 1630.50 1733.59 1793.63 1841.39 1905.90 1940.66 1978.78 2001.69 2089.42 2121.42 2200.09 2242.38 2282.87 2365.69 2401.27 2466.92 2553.97 2683.95 2724.84 2770.30 2850.87 2889.00 2921.38 2965.97 3003.41 3037.79 3101.44 3164.01 3224.07 3272.85 3360.32 3375.54 3385.10 3417.38 3456.25 3488.67 3544.12 3604.86 3639.37 3723.72 3828.31 3965.13 4022.03 4116.70 4159.36 4188.11 4290.47 
Best fitness: 0.00
Worst fitness: 0.0
Average fitness: 0.00
Alpha: 0.50
K: 0.02
Crossover probability: 0.50
Mutation probability: 0.10
Change mutation operator probability 1: 0.15
Change mutation operator probability 2: 0.15