38 84 69 16 80 53 43 22 40 58 13 30 26 79 18 28 52 2 27 15 5 32 51 73 41 70 87 61 81 14 36 44 59 60 90 24 72 55 88 71 45 6 12 78 37 31 50 9 8 82 7 65 76 29 23 21 74 64 46 35 33 19 20 66 77 63 68 89 62 1 17 48 86 10 25 85 49 67 57 56 34 39 42 47 54 3 83 11 4 75 
Moving time: 147.17 169.04 237.59 280.08 304.96 321.33 350.52 370.82 458.76 530.05 536.27 597.51 633.01 682.97 756.03 793.65 807.78 883.58 931.96 967.90 1013.58 1070.22 1102.74 1209.85 1228.50 1333.31 1397.48 1431.52 1525.74 1648.92 1742.49 1794.32 1873.13 1887.17 1934.75 1987.26 2013.20 2073.86 2083.00 2144.85 2231.40 2359.47 2395.04 2449.97 2496.92 2639.80 2739.18 2759.38 2824.86 2896.13 2942.65 2998.30 3052.68 3117.58 3152.44 3199.56 3250.93 3326.71 3418.20 3482.16 3559.00 3608.33 3650.04 3675.51 3724.62 3768.87 3784.30 3841.09 3891.04 3901.78 3919.26 3972.93 3981.50 4032.13 4119.03 4200.39 4255.40 4323.20 4370.76 4439.61 4550.10 4631.47 4726.26 4775.26 4782.29 4809.27 4865.51 4940.55 4976.59 4998.20 5153.53 
Best fitness: 0.00
Worst fitness: 0.0
Average fitness: 0.00
Alpha: 0.50
K: 0.02
Crossover probability: 0.50
Mutation probability: 0.10
Change mutation operator probability 1: 0.15
Change mutation operator probability 2: 0.15