79 37 49 40 38 4 36 14 66 50 60 22 5 48 41 11 19 46 30 61 23 9 64 6 53 16 8 63 13 51 52 57 1 15 65 74 27 3 70 55 76 17 47 54 58 31 75 67 80 2 43 32 12 21 33 59 24 68 71 69 29 78 73 39 45 7 25 28 34 62 42 44 35 20 10 72 56 77 18 26 
Moving time: 158.58 223.11 265.40 331.98 362.40 396.39 446.98 506.07 594.98 667.96 691.28 712.65 730.04 771.20 796.36 830.29 897.68 906.63 952.49 1000.66 1021.78 1126.82 1224.23 1260.45 1315.48 1359.60 1387.75 1425.31 1478.38 1525.34 1581.88 1632.02 1651.32 1691.35 1722.04 1770.47 1773.27 1799.83 1817.60 1859.55 1938.15 1970.45 1995.04 2047.34 2072.78 2087.72 2174.41 2278.04 2318.11 2392.24 2464.27 2532.82 2590.67 2634.91 2691.31 2745.81 2831.50 2878.25 2918.84 2996.64 3069.63 3111.50 3135.78 3183.43 3211.98 3267.80 3316.04 3339.17 3357.79 3420.91 3474.79 3570.28 3656.83 3731.41 3791.40 3799.60 3863.63 3931.13 3982.68 4031.23 4174.37 
Best fitness: 0.00
Worst fitness: 0.0
Average fitness: 0.00
Alpha: 0.50
K: 0.02
Crossover probability: 0.50
Mutation probability: 0.10
Change mutation operator probability 1: 0.15
Change mutation operator probability 2: 0.15