224.76 177.78 0.03 6003.82
836.62 358.79 0.11 7620.76
742.10 827.92 0.60 6513.49
520.46 883.54 0.07 6349.70
175.34 489.35 0.21 6611.90
722.39 49.98 0.07 7582.15
442.52 406.91 0.17 7516.34
386.38 120.31 0.58 7585.02
884.01 37.13 0.43 7059.42
663.39 834.55 0.11 8571.63
595.41 885.08 0.56 7347.23
347.70 755.24 0.15 7904.28
496.44 882.71 0.30 6372.41
945.75 988.36 0.16 8328.45
660.20 561.26 0.17 8593.49
984.86 585.48 0.56 6390.35
859.80 913.65 0.45 8703.29
652.67 229.77 0.48 8503.50
507.65 664.98 0.25 7981.77
747.68 311.49 0.29 5984.11
211.68 119.94 0.53 6396.50
716.60 532.80 0.35 8220.47
523.52 245.79 0.20 5980.67
746.02 7.45 0.04 6403.73
113.14 626.78 0.24 8308.86

8922.639012912929
