578.17 568.10 4022.81 0.44 
740.12 908.01 5029.68 0.34 
692.30 1062.80 4377.29 0.35 
683.55 575.04 4723.02 0.36 
719.24 767.86 3855.43 0.36 
666.42 694.31 3922.23 0.43 
740.99 972.87 3838.27 0.39 
583.17 598.02 4592.77 0.39 
551.97 552.53 2215.63 0.40 
739.27 951.06 2848.45 0.42 
629.43 929.41 3185.46 0.43 
701.66 882.42 4146.80 0.38 
738.92 1100.40 3365.30 0.32 
1006.18 604.33 3569.86 0.25 
684.25 704.31 4444.70 0.38 
902.49 952.29 3349.19 0.54 
672.46 758.38 4215.74 0.24 
1015.88 557.57 4734.81 0.47 
596.42 655.28 4763.11 0.31 
1116.21 597.64 5045.45 0.28 
919.62 695.44 2454.11 0.51 
568.77 745.12 4546.33 0.40 
637.62 588.42 3774.27 0.26 
870.18 607.50 3970.44 0.28 
603.09 684.20 2736.91 0.22 
615.23 639.98 3968.97 0.46 
738.17 712.94 3061.32 0.28 
876.71 721.53 4663.23 0.32 
575.23 741.37 3196.44 0.47 
654.34 794.69 4707.11 0.33 
980.16 569.74 3093.40 0.25 
585.63 1019.94 4678.65 0.34 
818.30 612.85 3961.80 0.39 
592.36 599.42 4215.03 0.44 
607.03 677.08 3874.00 0.48 
659.76 629.72 2994.22 0.34 
674.03 712.34 4086.07 0.32 
621.57 661.32 3139.75 0.40 
681.33 601.04 3623.21 0.21 
790.48 695.22 4868.48 0.39 
1084.25 855.96 4401.16 0.57 
613.47 815.24 4301.99 0.37 
836.45 734.00 3240.34 0.42 
750.71 698.06 4292.97 0.34 
920.80 822.96 4248.60 0.55 
638.10 615.78 3287.93 0.51 
813.52 728.12 4735.38 0.54 
925.03 609.32 3357.03 0.43 
557.31 731.90 4619.04 0.52 
546.07 695.42 4698.47 0.36 
649.21 657.12 4947.28 0.46 
704.45 609.28 4945.74 0.30 
602.42 605.23 3170.49 0.37 
777.73 593.65 4233.13 0.53 
868.97 689.10 5262.00 0.44 
657.46 623.92 3908.87 0.48 
567.54 579.03 3691.69 0.38 
670.75 652.48 3032.97 0.33 
1104.80 928.01 3912.39 0.31 
647.47 616.71 3521.27 0.45 
553.73 541.40 1843.90 0.42 
1039.33 911.68 3161.26 0.40 
1002.31 883.79 3651.05 0.47 
608.12 954.87 3432.95 0.44 
716.86 617.75 3985.17 0.28 
620.63 820.15 3730.89 0.26 
594.15 615.20 4465.60 0.52 
645.62 705.06 4737.67 0.60 
588.79 703.77 4894.31 0.49 
564.11 733.32 3207.83 0.22 
887.79 781.27 3625.87 0.39 
939.03 621.62 3545.44 0.30 
870.78 1025.36 3776.79 0.48 
645.82 827.98 3595.07 0.49 
588.19 794.53 4194.21 0.41 
1013.81 773.34 5179.27 0.51 
673.89 616.71 3769.09 0.19 
884.61 601.31 4840.28 0.32 
593.16 1144.22 4949.12 0.48 
590.13 670.04 3529.50 0.68 
648.95 829.74 3648.11 0.34 
667.58 693.59 3318.63 0.48 
700.08 614.29 3185.92 0.41 
702.69 844.66 3946.22 0.38 
553.71 929.05 3960.58 0.50 
713.94 722.05 3433.65 0.52 
733.84 590.10 2802.40 0.26 
736.12 697.45 3901.21 0.50 
729.28 717.62 3687.14 0.33 
705.52 833.21 2962.16 0.56 
576.49 587.64 2799.39 0.39 
61 91 57 9 23 36 38 35 29 22 50 49 70 80 51 58 56 39 83 87 54 82 47 43 44 88 65 34 1 60 46 67 19 25 68 37 86 89 52 4 77 53 8 26 69 5 84 90 74 30 11 7 10 64 85 27 71 28 55 21 78 24 33 40 15 75 81 42 6 17 12 2 73 59 41 76 45 16 62 63 72 31 48 14 18 3 32 79 13 20 66 
Best fitness: 4.96
91 82 15 37 86 85 64 16 47 56 46 53 34 61 9 54 48 18 14 21 43 68 80 38 49 70 29 60 36 83 33 72 78 71 45 27 51 6 58 65 52 87 4 77 23 19 50 11 81 74 69 22 8 67 26 25 35 57 1 39 17 88 44 5 90 84 12 10 2 40 89 76 62 41 28 55 24 63 73 30 42 75 66 32 79 7 3 13 59 20 31 
Worst fitness: 6.28

Mean: 5.64

Standard deviation: 0.10
