985.01 604.87 4997.65 0.40 
656.36 627.72 3407.03 0.29 
874.51 1163.08 4321.16 0.21 
619.96 687.38 3309.38 0.32 
636.72 806.67 3845.26 0.37 
800.04 839.65 4750.38 0.40 
850.06 563.31 4493.65 0.38 
710.84 700.46 5071.22 0.30 
634.00 944.25 3674.86 0.47 
890.45 579.71 3226.29 0.63 
955.66 905.26 3823.88 0.57 
853.51 688.75 3845.45 0.41 
777.50 946.79 3382.96 0.25 
606.63 610.66 4637.65 0.24 
575.90 566.63 4459.69 0.37 
904.75 754.73 4607.64 0.36 
775.73 1023.40 3311.47 0.31 
776.60 696.41 4976.02 0.44 
1057.06 717.08 3146.28 0.53 
548.09 559.56 5345.92 0.45 
1069.01 1143.01 5422.02 0.37 
1031.52 775.96 4182.31 0.54 
915.35 558.46 3050.85 0.38 
718.72 543.08 4789.61 0.14 
914.00 571.67 3187.11 0.31 
875.52 545.65 4918.64 0.49 
939.46 734.93 3951.15 0.55 
859.66 598.80 4382.24 0.57 
682.65 697.10 3953.49 0.46 
594.72 1050.05 3275.05 0.45 
578.41 560.83 4359.44 0.33 
874.99 935.36 3192.90 0.43 
850.07 801.97 4775.51 0.44 
681.29 639.03 4244.77 0.28 
655.88 630.03 3616.04 0.43 
665.10 622.77 3238.17 0.21 
691.18 849.73 4734.28 0.34 
779.66 747.47 4674.05 0.49 
697.29 585.53 4259.92 0.46 
647.35 594.54 2956.73 0.41 
822.10 566.00 4457.33 0.44 
971.66 792.07 3785.36 0.42 
720.04 776.67 4477.10 0.47 
739.72 626.20 3775.53 0.57 
604.95 866.28 3894.55 0.37 
815.77 554.81 3970.04 0.27 
642.20 662.20 4748.89 0.41 
791.50 762.56 4530.73 0.31 
687.22 592.61 3059.82 0.41 
780.03 558.34 4281.84 0.45 
564.29 561.06 4760.28 0.43 
762.87 651.57 3661.03 0.21 
572.65 839.07 3790.39 0.41 
914.55 675.97 3301.07 0.30 
636.67 567.00 4344.63 0.40 
797.64 696.59 4535.25 0.29 
880.12 902.41 3608.38 0.49 
678.30 836.23 5025.51 0.37 
672.12 565.58 4458.66 0.36 
556.94 562.82 3353.85 0.39 
720.47 544.77 4482.78 0.45 
545.78 607.18 2881.06 0.33 
556.91 611.62 3841.82 0.48 
895.65 744.48 4584.55 0.41 
657.25 724.24 4201.46 0.43 
609.22 583.92 3842.56 0.40 
897.01 660.92 4865.55 0.30 
752.01 850.54 4532.66 0.46 
596.66 867.38 4824.31 0.23 
614.97 600.95 4433.42 0.42 
789.87 991.70 4620.56 0.43 
683.97 689.25 3964.09 0.48 
649.35 781.80 3531.15 0.40 
666.28 656.85 3862.36 0.22 
957.68 609.57 4662.62 0.38 
562.58 551.82 3962.52 0.27 
673.25 698.96 3776.14 0.34 
694.69 567.25 3939.29 0.40 
677.66 656.18 3176.37 0.44 
718.66 1056.16 4585.07 0.30 
703.33 544.98 4613.54 0.50 
646.76 848.66 3024.17 0.48 
606.79 657.18 3584.74 0.40 
888.72 810.68 3926.01 0.45 
641.67 632.10 3992.95 0.52 
684.74 781.63 4029.81 0.32 
991.45 823.40 4701.21 0.37 
1022.60 840.35 4176.04 0.27 
659.90 763.15 4900.02 0.47 
714.97 718.69 5175.95 0.46 
971.43 664.50 3546.89 0.38 
694.25 821.25 4084.33 0.48 
797.47 598.43 2469.22 0.45 
691.28 737.54 4706.04 0.41 
556.74 755.42 4862.81 0.24 
656.92 784.61 3312.45 0.51 
707.97 671.92 4744.52 0.42 
798.67 607.00 3871.85 0.64 
542.04 592.09 3679.52 0.36 
767.90 746.00 3199.05 0.40 
891.10 715.39 2977.46 0.29 
900.02 671.70 4053.76 0.20 
995.82 584.55 4556.58 0.46 
663.66 596.46 3886.35 0.51 
730.42 842.59 4497.01 0.44 
671.74 767.99 4080.47 0.20 
939.65 551.04 4756.83 0.38 
707.41 977.81 3616.65 0.26 
612.67 575.98 3686.11 0.44 
590.94 878.11 3898.39 0.30 
740.10 1066.02 3097.06 0.42 
725.91 597.26 3851.58 0.44 
898.14 770.57 4058.59 0.44 
1239.90 596.32 4084.44 0.60 
748.09 667.23 3689.60 0.47 
801.21 928.20 4831.34 0.48 
750.52 1144.56 4231.73 0.41 
733.32 715.57 4175.24 0.38 
663.26 741.20 3302.71 0.56 
548.11 750.49 4283.82 0.38 
687.54 851.18 4671.67 0.44 
1040.59 944.77 4012.43 0.15 
598.22 817.16 4783.23 0.48 
685.02 661.86 3657.52 0.46 
597.42 699.61 3415.70 0.27 
632.41 691.82 3610.26 0.38 
781.75 739.11 3358.94 0.49 
791.25 614.86 4366.59 0.67 
759.80 580.45 3524.19 0.37 
674.49 753.38 4524.15 0.35 
673.15 600.39 3138.40 0.34 
586.69 982.69 3182.33 0.55 
665.62 930.03 4804.94 0.49 
739.89 1095.12 5366.44 0.36 
665.38 858.36 4199.78 0.38 
654.37 826.87 3678.75 0.39 
782.58 569.51 4572.38 0.33 
718.68 643.98 4630.24 0.32 
605.82 550.51 3954.39 0.30 
689.63 721.52 4030.60 0.46 
545.84 645.63 4460.47 0.45 
671.05 983.70 4115.59 0.40 
736.54 593.82 3503.43 0.45 
696.70 932.66 2893.50 0.37 
980.51 777.46 6220.39 0.47 
568.33 814.36 4406.16 0.47 
920.80 811.06 3814.36 0.49 
688.68 1010.00 5084.40 0.29 
909.70 954.31 5353.28 0.40 
605.22 554.07 4772.81 0.27 
749.10 993.49 4116.32 0.34 
78 59 104 124 29 90 113 27 33 144 92 106 82 9 110 65 126 125 85 129 97 79 4 47 35 66 139 55 112 49 131 14 62 83 40 39 143 10 147 11 32 57 38 2 70 109 31 60 51 36 34 81 61 93 128 44 8 115 98 118 73 53 146 123 136 96 127 18 7 46 28 12 140 30 132 45 135 68 22 25 23 75 54 101 100 43 86 37 58 119 77 72 19 145 91 16 88 87 42 84 56 26 50 89 94 5 142 122 149 105 63 20 141 95 116 71 151 74 138 137 48 6 121 13 80 148 133 69 64 52 76 150 15 120 99 130 67 102 41 114 103 107 24 17 111 134 117 108 21 3 1 
Best fitness: 15.55
96 37 119 141 133 144 111 32 147 27 84 72 138 38 28 54 19 98 143 104 112 44 74 63 15 51 99 60 40 49 97 29 18 93 7 10 50 128 94 121 9 105 48 100 34 81 78 85 33 101 67 12 4 146 120 95 83 31 150 109 59 131 79 36 66 14 35 136 57 11 22 113 55 139 2 47 89 140 77 20 76 62 53 43 65 126 70 61 129 24 26 23 124 73 5 123 71 17 80 117 42 52 115 118 46 41 25 64 149 116 6 130 92 45 132 30 142 151 13 68 135 82 8 114 103 1 127 90 39 137 145 87 88 58 106 125 107 91 56 102 148 108 69 86 75 21 3 134 16 122 110 
Worst fitness: 17.82

Mean: 16.61

Standard deviation: 0.24
