816.09 950.81 2858.86 0.47 
805.87 908.68 4099.99 0.45 
589.09 853.73 2343.98 0.41 
722.42 634.03 3774.64 0.27 
633.29 836.60 4454.16 0.35 
594.20 904.62 4161.13 0.42 
1225.96 632.56 3997.77 0.31 
888.80 633.83 3349.56 0.56 
942.65 541.44 4070.55 0.41 
601.13 706.94 4888.53 0.28 
743.49 541.38 3750.21 0.43 
801.03 635.73 4672.99 0.46 
610.60 597.79 3781.68 0.40 
544.92 726.36 2769.08 0.56 
571.56 697.95 3519.59 0.55 
652.78 681.71 4334.83 0.29 
640.24 714.57 3798.67 0.46 
847.87 645.98 3002.48 0.30 
663.50 642.46 4559.88 0.30 
702.19 817.73 4646.11 0.53 
556.45 574.79 3523.76 0.29 
881.00 575.18 2994.07 0.20 
644.70 614.99 3345.95 0.32 
548.03 638.37 3855.83 0.29 
712.44 1254.13 3875.01 0.47 
678.90 645.02 3780.29 0.50 
540.19 779.34 3871.68 0.57 
803.66 890.45 3761.64 0.36 
796.81 700.73 4298.33 0.33 
553.82 838.07 3660.06 0.46 
563.20 789.19 3546.29 0.15 
21 13 23 24 14 3 6 30 31 27 15 10 17 26 11 12 8 9 22 18 28 2 1 20 16 19 4 29 5 25 7 
Fitness: 0.86


Mean: 0.85

Standard deviation: 0.00
21 13 23 24 14 3 6 30 31 27 15 10 17 26 11 12 8 9 22 18 28 2 1 20 16 19 4 29 5 25 7 
Fitness: 0.86


Mean: 0.85

Standard deviation: 0.00
21 13 23 24 14 3 6 30 31 27 15 10 17 26 11 12 8 9 22 18 28 2 1 20 16 19 4 29 5 25 7 
Fitness: 0.86


Mean: 0.85

Standard deviation: 0.00
21 13 23 24 14 3 6 30 31 27 15 10 17 26 11 12 8 9 22 18 28 2 1 20 16 19 4 29 5 25 7 
Fitness: 0.86


Mean: 0.85

Standard deviation: 0.00
21 13 23 24 14 3 6 30 31 27 15 10 17 26 11 12 8 9 22 18 28 2 1 20 16 19 4 29 5 25 7 
Fitness: 0.86


Mean: 0.85

Standard deviation: 0.00
21 13 23 24 14 3 6 30 31 27 15 10 17 26 11 12 8 9 22 18 28 2 1 20 16 19 4 29 5 25 7 
Fitness: 0.86


Mean: 0.85

Standard deviation: 0.00
21 13 23 24 14 3 6 30 31 27 15 10 17 26 11 12 8 9 22 18 28 2 1 20 16 19 4 29 5 25 7 
Fitness: 0.86


Mean: 0.85

Standard deviation: 0.00
21 13 23 24 14 3 6 30 31 27 15 10 17 26 11 12 8 9 22 18 28 2 1 20 16 19 4 29 5 25 7 
Fitness: 0.86


Mean: 0.85

Standard deviation: 0.00
21 13 23 24 14 3 6 30 31 27 15 10 17 26 11 12 8 9 22 18 28 2 1 20 16 19 4 29 5 25 7 
Fitness: 0.86


Mean: 0.85

Standard deviation: 0.00
21 13 23 24 14 3 6 30 31 27 15 10 17 26 11 12 8 9 22 18 28 2 1 20 16 19 4 29 5 25 7 
Fitness: 0.86


Mean: 0.85

Standard deviation: 0.00
21 13 23 24 14 3 6 30 31 27 15 10 17 26 11 12 8 9 22 18 28 2 1 20 16 19 4 29 5 25 7 
Fitness: 0.86


Mean: 0.85

Standard deviation: 0.00
21 13 23 24 14 3 6 30 31 27 15 10 17 26 11 12 8 9 22 18 28 2 1 20 16 19 4 29 5 25 7 
Fitness: 0.86


Mean: 0.85

Standard deviation: 0.00
21 13 23 24 14 3 6 30 31 27 15 10 17 26 11 12 8 9 22 18 28 2 1 20 16 19 4 29 5 25 7 
Fitness: 0.86


Mean: 0.85

Standard deviation: 0.00
21 13 23 24 14 3 6 30 31 27 15 10 17 26 11 12 8 9 22 18 28 2 1 20 16 19 4 29 5 25 7 
Fitness: 0.86


Mean: 0.85

Standard deviation: 0.00
21 13 23 24 14 3 6 30 31 27 15 10 17 26 11 12 8 9 22 18 28 2 1 20 16 19 4 29 5 25 7 
Fitness: 0.86


Mean: 0.85

Standard deviation: 0.00
21 13 23 24 14 3 6 30 31 27 15 10 17 26 11 12 8 9 22 18 28 2 1 20 16 19 4 29 5 25 7 
Fitness: 0.86


Mean: 0.85

Standard deviation: 0.00
21 13 23 24 14 3 6 30 31 27 15 10 17 26 11 12 8 9 22 18 28 2 1 20 16 19 4 29 5 25 7 
Fitness: 0.86


Mean: 0.85

Standard deviation: 0.00
21 13 23 24 14 3 6 30 31 27 15 10 17 26 11 12 8 9 22 18 28 2 1 20 16 19 4 29 5 25 7 
Fitness: 0.86


Mean: 0.85

Standard deviation: 0.00
21 13 23 24 14 3 6 30 31 27 15 10 17 26 11 12 8 9 22 18 28 2 1 20 16 19 4 29 5 25 7 
Fitness: 0.86


Mean: 0.85

Standard deviation: 0.00
21 13 23 24 14 3 6 30 31 27 15 10 17 26 11 12 8 9 22 18 28 2 1 20 16 19 4 29 5 25 7 
Fitness: 0.86


Mean: 0.85

Standard deviation: 0.00
21 13 23 24 14 3 6 30 31 27 15 10 17 26 11 12 8 9 22 18 28 2 1 20 16 19 4 29 5 25 7 
Fitness: 0.86


Mean: 0.85

Standard deviation: 0.00
21 13 23 24 14 3 6 30 31 27 15 10 17 26 11 12 8 9 22 18 28 2 1 20 16 19 4 29 5 25 7 
Fitness: 0.86


Mean: 0.85

Standard deviation: 0.00
21 13 23 24 14 3 6 30 31 27 15 10 17 26 11 12 8 9 22 18 28 2 1 20 16 19 4 29 5 25 7 
Fitness: 0.86


Mean: 0.85

Standard deviation: 0.00
21 13 23 24 14 3 6 30 31 27 15 10 17 26 11 12 8 9 22 18 28 2 1 20 16 19 4 29 5 25 7 
Fitness: 0.86


Mean: 0.85

Standard deviation: 0.00
21 13 23 24 14 3 6 30 31 27 15 10 17 26 11 12 8 9 22 18 28 2 1 20 16 19 4 29 5 25 7 
Fitness: 0.86


Mean: 0.85

Standard deviation: 0.00
21 13 23 24 14 3 6 30 31 27 15 10 17 26 11 12 8 9 22 18 28 2 1 20 16 19 4 29 5 25 7 
Fitness: 0.86


Mean: 0.85

Standard deviation: 0.00
21 13 23 24 14 3 6 30 31 27 15 10 17 26 11 12 8 9 22 18 28 2 1 20 16 19 4 29 5 25 7 
Fitness: 0.86


Mean: 0.85

Standard deviation: 0.00
21 13 23 24 14 3 6 30 31 27 15 10 17 26 11 12 8 9 22 18 28 2 1 20 16 19 4 29 5 25 7 
Fitness: 0.86


Mean: 0.85

Standard deviation: 0.00
21 13 23 24 14 3 6 30 31 27 15 10 17 26 11 12 8 9 22 18 28 2 1 20 16 19 4 29 5 25 7 
Fitness: 0.86


Mean: 0.85

Standard deviation: 0.00
21 13 23 24 14 3 6 30 31 27 15 10 17 26 11 12 8 9 22 18 28 2 1 20 16 19 4 29 5 25 7 
Fitness: 0.86


Mean: 0.85

Standard deviation: 0.00
21 13 23 24 14 3 6 30 31 27 15 10 17 26 11 12 8 9 22 18 28 2 1 20 16 19 4 29 5 25 7 
Fitness: 0.86


Mean: 0.85

Standard deviation: 0.00
21 13 23 24 14 3 6 30 31 27 15 10 17 26 11 12 8 9 22 18 28 2 1 20 16 19 4 29 5 25 7 
Fitness: 0.86


Mean: 0.85

Standard deviation: 0.00
21 13 23 24 14 3 6 30 31 27 15 10 17 26 11 12 8 9 22 18 28 2 1 20 16 19 4 29 5 25 7 
Fitness: 0.86


Mean: 0.85

Standard deviation: 0.00
21 13 23 24 14 3 6 30 31 27 15 10 17 26 11 12 8 9 22 18 28 2 1 20 16 19 4 29 5 25 7 
Fitness: 0.86


Mean: 0.85

Standard deviation: 0.00
21 13 23 24 14 3 6 30 31 27 15 10 17 26 11 12 8 9 22 18 28 2 1 20 16 19 4 29 5 25 7 
Fitness: 0.86


Mean: 0.85

Standard deviation: 0.00
21 13 23 24 14 3 6 30 31 27 15 10 17 26 11 12 8 9 22 18 28 2 1 20 16 19 4 29 5 25 7 
Fitness: 0.86


Mean: 0.85

Standard deviation: 0.00
21 13 23 24 14 3 6 30 31 27 15 10 17 26 11 12 8 9 22 18 28 2 1 20 16 19 4 29 5 25 7 
Fitness: 0.86


Mean: 0.85

Standard deviation: 0.00
21 13 23 24 14 3 6 30 31 27 15 10 17 26 11 12 8 9 22 18 28 2 1 20 16 19 4 29 5 25 7 
Fitness: 0.86


Mean: 0.85

Standard deviation: 0.00
21 13 23 24 14 3 6 30 31 27 15 10 17 26 11 12 8 9 22 18 28 2 1 20 16 19 4 29 5 25 7 
Fitness: 0.86


Mean: 0.85

Standard deviation: 0.00
21 13 23 24 14 3 6 30 31 27 15 10 17 26 11 12 8 9 22 18 28 2 1 20 16 19 4 29 5 25 7 
Fitness: 0.86


Mean: 0.85

Standard deviation: 0.00
21 13 23 24 14 3 6 30 31 27 15 10 17 26 11 12 8 9 22 18 28 2 1 20 16 19 4 29 5 25 7 
Fitness: 0.86


Mean: 0.85

Standard deviation: 0.00
21 13 23 24 14 3 6 30 31 27 15 10 17 26 11 12 8 9 22 18 28 2 1 20 16 19 4 29 5 25 7 
Fitness: 0.86


Mean: 0.85

Standard deviation: 0.00
21 13 23 24 14 3 6 30 31 27 15 10 17 26 11 12 8 9 22 18 28 2 1 20 16 19 4 29 5 25 7 
Fitness: 0.86


Mean: 0.85

Standard deviation: 0.00
21 13 23 24 14 3 6 30 31 27 15 10 17 26 11 12 8 9 22 18 28 2 1 20 16 19 4 29 5 25 7 
Fitness: 0.86


Mean: 0.85

Standard deviation: 0.00
21 13 23 24 14 3 6 30 31 27 15 10 17 26 11 12 8 9 22 18 28 2 1 20 16 19 4 29 5 25 7 
Fitness: 0.86


Mean: 0.85

Standard deviation: 0.00
21 13 23 24 14 3 6 30 31 27 15 10 17 26 11 12 8 9 22 18 28 2 1 20 16 19 4 29 5 25 7 
Fitness: 0.86


Mean: 0.85

Standard deviation: 0.00
21 13 23 24 14 3 6 30 31 27 15 10 17 26 11 12 8 9 22 18 28 2 1 20 16 19 4 29 5 25 7 
Fitness: 0.86


Mean: 0.85

Standard deviation: 0.00
21 13 23 24 14 3 6 30 31 27 15 10 17 26 11 12 8 9 22 18 28 2 1 20 16 19 4 29 5 25 7 
Fitness: 0.86


Mean: 0.85

Standard deviation: 0.00
21 13 23 24 14 3 6 30 31 27 15 10 17 26 11 12 8 9 22 18 28 2 1 20 16 19 4 29 5 25 7 
Fitness: 0.86


Mean: 0.85

Standard deviation: 0.00
21 13 23 24 14 3 6 30 31 27 15 10 17 26 11 12 8 9 22 18 28 2 1 20 16 19 4 29 5 25 7 
Fitness: 0.86


Mean: 0.85

Standard deviation: 0.00
21 13 23 24 14 3 6 30 31 27 15 10 17 26 11 12 8 9 22 18 28 2 1 20 16 19 4 29 5 25 7 
Fitness: 0.86


Mean: 0.85

Standard deviation: 0.00
21 13 23 24 14 3 6 30 31 27 15 10 17 26 11 12 8 9 22 18 28 2 1 20 16 19 4 29 5 25 7 
Fitness: 0.86


Mean: 0.85

Standard deviation: 0.00
21 13 23 24 14 3 6 30 31 27 15 10 17 26 11 12 8 9 22 18 28 2 1 20 16 19 4 29 5 25 7 
Fitness: 0.86


Mean: 0.85

Standard deviation: 0.00
21 13 23 24 14 3 6 30 31 27 15 10 17 26 11 12 8 9 22 18 28 2 1 20 16 19 4 29 5 25 7 
Fitness: 0.86


Mean: 0.85

Standard deviation: 0.00
21 13 23 24 14 3 6 30 31 27 15 10 17 26 11 12 8 9 22 18 28 2 1 20 16 19 4 29 5 25 7 
Fitness: 0.86


Mean: 0.85

Standard deviation: 0.00
21 13 23 24 14 3 6 30 31 27 15 10 17 26 11 12 8 9 22 18 28 2 1 20 16 19 4 29 5 25 7 
Fitness: 0.86


Mean: 0.85

Standard deviation: 0.00
21 13 23 24 14 3 6 30 31 27 15 10 17 26 11 12 8 9 22 18 28 2 1 20 16 19 4 29 5 25 7 
Fitness: 0.86


Mean: 0.85

Standard deviation: 0.00
21 13 23 24 14 3 6 30 31 27 15 10 17 26 11 12 8 9 22 18 28 2 1 20 16 19 4 29 5 25 7 
Fitness: 0.86


Mean: 0.85

Standard deviation: 0.00
21 13 23 24 14 3 6 30 31 27 15 10 17 26 11 12 8 9 22 18 28 2 1 20 16 19 4 29 5 25 7 
Fitness: 0.86


Mean: 0.85

Standard deviation: 0.00
21 13 23 24 14 3 6 30 31 27 15 10 17 26 11 12 8 9 22 18 28 2 1 20 16 19 4 29 5 25 7 
Fitness: 0.86


Mean: 0.85

Standard deviation: 0.00
21 13 23 24 14 3 6 30 31 27 15 10 17 26 11 12 8 9 22 18 28 2 1 20 16 19 4 29 5 25 7 
Fitness: 0.86


Mean: 0.85

Standard deviation: 0.00
21 13 23 24 14 3 6 30 31 27 15 10 17 26 11 12 8 9 22 18 28 2 1 20 16 19 4 29 5 25 7 
Fitness: 0.86


Mean: 0.85

Standard deviation: 0.00
21 13 23 24 14 3 6 30 31 27 15 10 17 26 11 12 8 9 22 18 28 2 1 20 16 19 4 29 5 25 7 
Fitness: 0.86


Mean: 0.85

Standard deviation: 0.00
21 13 23 24 14 3 6 30 31 27 15 10 17 26 11 12 8 9 22 18 28 2 1 20 16 19 4 29 5 25 7 
Fitness: 0.86


Mean: 0.85

Standard deviation: 0.00
21 13 23 24 14 3 6 30 31 27 15 10 17 26 11 12 8 9 22 18 28 2 1 20 16 19 4 29 5 25 7 
Fitness: 0.86


Mean: 0.85

Standard deviation: 0.00
21 13 23 24 14 3 6 30 31 27 15 10 17 26 11 12 8 9 22 18 28 2 1 20 16 19 4 29 5 25 7 
Fitness: 0.86


Mean: 0.85

Standard deviation: 0.00
21 13 23 24 14 3 6 30 31 27 15 10 17 26 11 12 8 9 22 18 28 2 1 20 16 19 4 29 5 25 7 
Fitness: 0.86


Mean: 0.85

Standard deviation: 0.00
21 13 23 24 14 3 6 30 31 27 15 10 17 26 11 12 8 9 22 18 28 2 1 20 16 19 4 29 5 25 7 
Fitness: 0.86


Mean: 0.85

Standard deviation: 0.00
21 13 23 24 14 3 6 30 31 27 15 10 17 26 11 12 8 9 22 18 28 2 1 20 16 19 4 29 5 25 7 
Fitness: 0.86


Mean: 0.85

Standard deviation: 0.00
21 13 23 24 14 3 6 30 31 27 15 10 17 26 11 12 8 9 22 18 28 2 1 20 16 19 4 29 5 25 7 
Fitness: 0.86


Mean: 0.85

Standard deviation: 0.00
21 13 23 24 14 3 6 30 31 27 15 10 17 26 11 12 8 9 22 18 28 2 1 20 16 19 4 29 5 25 7 
Fitness: 0.86


Mean: 0.85

Standard deviation: 0.00
21 13 23 24 14 3 6 30 31 27 15 10 17 26 11 12 8 9 22 18 28 2 1 20 16 19 4 29 5 25 7 
Fitness: 0.86


Mean: 0.85

Standard deviation: 0.00
21 13 23 24 14 3 6 30 31 27 15 10 17 26 11 12 8 9 22 18 28 2 1 20 16 19 4 29 5 25 7 
Fitness: 0.86


Mean: 0.85

Standard deviation: 0.00
21 13 23 24 14 3 6 30 31 27 15 10 17 26 11 12 8 9 22 18 28 2 1 20 16 19 4 29 5 25 7 
Fitness: 0.86


Mean: 0.85

Standard deviation: 0.00
21 13 23 24 14 3 6 30 31 27 15 10 17 26 11 12 8 9 22 18 28 2 1 20 16 19 4 29 5 25 7 
Fitness: 0.86


Mean: 0.85

Standard deviation: 0.00
21 13 23 24 14 3 6 30 31 27 15 10 17 26 11 12 8 9 22 18 28 2 1 20 16 19 4 29 5 25 7 
Fitness: 0.86


Mean: 0.85

Standard deviation: 0.00
21 13 23 24 14 3 6 30 31 27 15 10 17 26 11 12 8 9 22 18 28 2 1 20 16 19 4 29 5 25 7 
Fitness: 0.86


Mean: 0.85

Standard deviation: 0.00
21 13 23 24 14 3 6 30 31 27 15 10 17 26 11 12 8 9 22 18 28 2 1 20 16 19 4 29 5 25 7 
Fitness: 0.86


Mean: 0.85

Standard deviation: 0.00
21 13 23 24 14 3 6 30 31 27 15 10 17 26 11 12 8 9 22 18 28 2 1 20 16 19 4 29 5 25 7 
Fitness: 0.86


Mean: 0.85

Standard deviation: 0.00
21 13 23 24 14 3 6 30 31 27 15 10 17 26 11 12 8 9 22 18 28 2 1 20 16 19 4 29 5 25 7 
Fitness: 0.86


Mean: 0.85

Standard deviation: 0.00
21 13 23 24 14 3 6 30 31 27 15 10 17 26 11 12 8 9 22 18 28 2 1 20 16 19 4 29 5 25 7 
Fitness: 0.86


Mean: 0.85

Standard deviation: 0.00
21 13 23 24 14 3 6 30 31 27 15 10 17 26 11 12 8 9 22 18 28 2 1 20 16 19 4 29 5 25 7 
Fitness: 0.86


Mean: 0.85

Standard deviation: 0.00
21 13 23 24 14 3 6 30 31 27 15 10 17 26 11 12 8 9 22 18 28 2 1 20 16 19 4 29 5 25 7 
Fitness: 0.86


Mean: 0.85

Standard deviation: 0.00
21 13 23 24 14 3 6 30 31 27 15 10 17 26 11 12 8 9 22 18 28 2 1 20 16 19 4 29 5 25 7 
Fitness: 0.86


Mean: 0.85

Standard deviation: 0.00
21 13 23 24 14 3 6 30 31 27 15 10 17 26 11 12 8 9 22 18 28 2 1 20 16 19 4 29 5 25 7 
Fitness: 0.86


Mean: 0.85

Standard deviation: 0.00
21 13 23 24 14 3 6 30 31 27 15 10 17 26 11 12 8 9 22 18 28 2 1 20 16 19 4 29 5 25 7 
Fitness: 0.86


Mean: 0.85

Standard deviation: 0.00
21 13 23 24 14 3 6 30 31 27 15 10 17 26 11 12 8 9 22 18 28 2 1 20 16 19 4 29 5 25 7 
Fitness: 0.86


Mean: 0.85

Standard deviation: 0.00
21 13 23 24 14 3 6 30 31 27 15 10 17 26 11 12 8 9 22 18 28 2 1 20 16 19 4 29 5 25 7 
Fitness: 0.86


Mean: 0.85

Standard deviation: 0.00
21 13 23 24 14 3 6 30 31 27 15 10 17 26 11 12 8 9 22 18 28 2 1 20 16 19 4 29 5 25 7 
Fitness: 0.86


Mean: 0.85

Standard deviation: 0.00
21 13 23 24 14 3 6 30 31 27 15 10 17 26 11 12 8 9 22 18 28 2 1 20 16 19 4 29 5 25 7 
Fitness: 0.86


Mean: 0.85

Standard deviation: 0.00
21 13 23 24 14 3 6 30 31 27 15 10 17 26 11 12 8 9 22 18 28 2 1 20 16 19 4 29 5 25 7 
Fitness: 0.86


Mean: 0.85

Standard deviation: 0.00
21 13 23 24 14 3 6 30 31 27 15 10 17 26 11 12 8 9 22 18 28 2 1 20 16 19 4 29 5 25 7 
Fitness: 0.86


Mean: 0.85

Standard deviation: 0.00
21 13 23 24 14 3 6 30 31 27 15 10 17 26 11 12 8 9 22 18 28 2 1 20 16 19 4 29 5 25 7 
Fitness: 0.86


Mean: 0.85

Standard deviation: 0.00
21 13 23 24 14 3 6 30 31 27 15 10 17 26 11 12 8 9 22 18 28 2 1 20 16 19 4 29 5 25 7 
Fitness: 0.86


Mean: 0.85

Standard deviation: 0.00
21 13 23 24 14 3 6 30 31 27 15 10 17 26 11 12 8 9 22 18 28 2 1 20 16 19 4 29 5 25 7 
Fitness: 0.86


Mean: 0.85

Standard deviation: 0.00
21 13 23 24 14 3 6 30 31 27 15 10 17 26 11 12 8 9 22 18 28 2 1 20 16 19 4 29 5 25 7 
Fitness: 0.86


Mean: 0.85

Standard deviation: 0.00
21 13 23 24 14 3 6 30 31 27 15 10 17 26 11 12 8 9 22 18 28 2 1 20 16 19 4 29 5 25 7 
Fitness: 0.86


Mean: 0.85

Standard deviation: 0.00
21 13 23 24 14 3 6 30 31 27 15 10 17 26 11 12 8 9 22 18 28 2 1 20 16 19 4 29 5 25 7 
Fitness: 0.86


Mean: 0.85

Standard deviation: 0.00
21 13 23 24 14 3 6 30 31 27 15 10 17 26 11 12 8 9 22 18 28 2 1 20 16 19 4 29 5 25 7 
Fitness: 0.86


Mean: 0.85

Standard deviation: 0.00
21 13 23 24 14 3 6 30 31 27 15 10 17 26 11 12 8 9 22 18 28 2 1 20 16 19 4 29 5 25 7 
Fitness: 0.86


Mean: 0.85

Standard deviation: 0.00
21 13 23 24 14 3 6 30 31 27 15 10 17 26 11 12 8 9 22 18 28 2 1 20 16 19 4 29 5 25 7 
Fitness: 0.86


Mean: 0.85

Standard deviation: 0.00
21 13 23 24 14 3 6 30 31 27 15 10 17 26 11 12 8 9 22 18 28 2 1 20 16 19 4 29 5 25 7 
Fitness: 0.86


Mean: 0.85

Standard deviation: 0.00
21 13 23 24 14 3 6 30 31 27 15 10 17 26 11 12 8 9 22 18 28 2 1 20 16 19 4 29 5 25 7 
Fitness: 0.86


Mean: 0.85

Standard deviation: 0.00
21 13 23 24 14 3 6 30 31 27 15 10 17 26 11 12 8 9 22 18 28 2 1 20 16 19 4 29 5 25 7 
Fitness: 0.86


Mean: 0.85

Standard deviation: 0.00
21 13 23 24 14 3 6 30 31 27 15 10 17 26 11 12 8 9 22 18 28 2 1 20 16 19 4 29 5 25 7 
Fitness: 0.86


Mean: 0.85

Standard deviation: 0.00
21 13 23 24 14 3 6 30 31 27 15 10 17 26 11 12 8 9 22 18 28 2 1 20 16 19 4 29 5 25 7 
Fitness: 0.86


Mean: 0.85

Standard deviation: 0.00
21 13 23 24 14 3 6 30 31 27 15 10 17 26 11 12 8 9 22 18 28 2 1 20 16 19 4 29 5 25 7 
Fitness: 0.86


Mean: 0.85

Standard deviation: 0.00
21 13 23 24 14 3 6 30 31 27 15 10 17 26 11 12 8 9 22 18 28 2 1 20 16 19 4 29 5 25 7 
Fitness: 0.86


Mean: 0.85

Standard deviation: 0.00
21 13 23 24 14 3 6 30 31 27 15 10 17 26 11 12 8 9 22 18 28 2 1 20 16 19 4 29 5 25 7 
Fitness: 0.86


Mean: 0.85

Standard deviation: 0.00
21 13 23 24 14 3 6 30 31 27 15 10 17 26 11 12 8 9 22 18 28 2 1 20 16 19 4 29 5 25 7 
Fitness: 0.86


Mean: 0.85

Standard deviation: 0.00
21 13 23 24 14 3 6 30 31 27 15 10 17 26 11 12 8 9 22 18 28 2 1 20 16 19 4 29 5 25 7 
Fitness: 0.86


Mean: 0.85

Standard deviation: 0.00
21 13 23 24 14 3 6 30 31 27 15 10 17 26 11 12 8 9 22 18 28 2 1 20 16 19 4 29 5 25 7 
Fitness: 0.86


Mean: 0.85

Standard deviation: 0.00
21 13 23 24 14 3 6 30 31 27 15 10 17 26 11 12 8 9 22 18 28 2 1 20 16 19 4 29 5 25 7 
Fitness: 0.86


Mean: 0.85

Standard deviation: 0.00
21 13 23 24 14 3 6 30 31 27 15 10 17 26 11 12 8 9 22 18 28 2 1 20 16 19 4 29 5 25 7 
Fitness: 0.86


Mean: 0.85

Standard deviation: 0.00
21 13 23 24 14 3 6 30 31 27 15 10 17 26 11 12 8 9 22 18 28 2 1 20 16 19 4 29 5 25 7 
Fitness: 0.86


Mean: 0.85

Standard deviation: 0.00
21 13 23 24 14 3 6 30 31 27 15 10 17 26 11 12 8 9 22 18 28 2 1 20 16 19 4 29 5 25 7 
Fitness: 0.86


Mean: 0.85

Standard deviation: 0.00
21 13 23 24 14 3 6 30 31 27 15 10 17 26 11 12 8 9 22 18 28 2 1 20 16 19 4 29 5 25 7 
Fitness: 0.86


Mean: 0.85

Standard deviation: 0.00
21 13 23 24 14 3 6 30 31 27 15 10 17 26 11 12 8 9 22 18 28 2 1 20 16 19 4 29 5 25 7 
Fitness: 0.86


Mean: 0.85

Standard deviation: 0.00
21 13 23 24 14 3 6 30 31 27 15 10 17 26 11 12 8 9 22 18 28 2 1 20 16 19 4 29 5 25 7 
Fitness: 0.86


Mean: 0.85

Standard deviation: 0.00
21 13 23 24 14 3 6 30 31 27 15 10 17 26 11 12 8 9 22 18 28 2 1 20 16 19 4 29 5 25 7 
Fitness: 0.86


Mean: 0.85

Standard deviation: 0.00
21 13 23 24 14 3 6 30 31 27 15 10 17 26 11 12 8 9 22 18 28 2 1 20 16 19 4 29 5 25 7 
Fitness: 0.86


Mean: 0.85

Standard deviation: 0.00
21 13 23 24 14 3 6 30 31 27 15 10 17 26 11 12 8 9 22 18 28 2 1 20 16 19 4 29 5 25 7 
Fitness: 0.86


Mean: 0.85

Standard deviation: 0.00
21 13 23 24 14 3 6 30 31 27 15 10 17 26 11 12 8 9 22 18 28 2 1 20 16 19 4 29 5 25 7 
Fitness: 0.86


Mean: 0.85

Standard deviation: 0.00
21 13 23 24 14 3 6 30 31 27 15 10 17 26 11 12 8 9 22 18 28 2 1 20 16 19 4 29 5 25 7 
Fitness: 0.86


Mean: 0.85

Standard deviation: 0.00
21 13 23 24 14 3 6 30 31 27 15 10 17 26 11 12 8 9 22 18 28 2 1 20 16 19 4 29 5 25 7 
Fitness: 0.86


Mean: 0.85

Standard deviation: 0.00
21 13 23 24 14 3 6 30 31 27 15 10 17 26 11 12 8 9 22 18 28 2 1 20 16 19 4 29 5 25 7 
Fitness: 0.86


Mean: 0.85

Standard deviation: 0.00
21 13 23 24 14 3 6 30 31 27 15 10 17 26 11 12 8 9 22 18 28 2 1 20 16 19 4 29 5 25 7 
Fitness: 0.86


Mean: 0.85

Standard deviation: 0.00
21 13 23 24 14 3 6 30 31 27 15 10 17 26 11 12 8 9 22 18 28 2 1 20 16 19 4 29 5 25 7 
Fitness: 0.86


Mean: 0.85

Standard deviation: 0.00
21 13 23 24 14 3 6 30 31 27 15 10 17 26 11 12 8 9 22 18 28 2 1 20 16 19 4 29 5 25 7 
Fitness: 0.86


Mean: 0.85

Standard deviation: 0.00
21 13 23 24 14 3 6 30 31 27 15 10 17 26 11 12 8 9 22 18 28 2 1 20 16 19 4 29 5 25 7 
Fitness: 0.86


Mean: 0.85

Standard deviation: 0.00
21 13 23 24 14 3 6 30 31 27 15 10 17 26 11 12 8 9 22 18 28 2 1 20 16 19 4 29 5 25 7 
Fitness: 0.86


Mean: 0.85

Standard deviation: 0.00
21 13 23 24 14 3 6 30 31 27 15 10 17 26 11 12 8 9 22 18 28 2 1 20 16 19 4 29 5 25 7 
Fitness: 0.86


Mean: 0.85

Standard deviation: 0.00
21 13 23 24 14 3 6 30 31 27 15 10 17 26 11 12 8 9 22 18 28 2 1 20 16 19 4 29 5 25 7 
Fitness: 0.86


Mean: 0.85

Standard deviation: 0.00
21 13 23 24 14 3 6 30 31 27 15 10 17 26 11 12 8 9 22 18 28 2 1 20 16 19 4 29 5 25 7 
Fitness: 0.86


Mean: 0.85

Standard deviation: 0.00
21 13 23 24 14 3 6 30 31 27 15 10 17 26 11 12 8 9 22 18 28 2 1 20 16 19 4 29 5 25 7 
Fitness: 0.86


Mean: 0.85

Standard deviation: 0.00
21 13 23 24 14 3 6 30 31 27 15 10 17 26 11 12 8 9 22 18 28 2 1 20 16 19 4 29 5 25 7 
Fitness: 0.86


Mean: 0.85

Standard deviation: 0.00
21 13 23 24 14 3 6 30 31 27 15 10 17 26 11 12 8 9 22 18 28 2 1 20 16 19 4 29 5 25 7 
Fitness: 0.86


Mean: 0.85

Standard deviation: 0.00
21 13 23 24 14 3 6 30 31 27 15 10 17 26 11 12 8 9 22 18 28 2 1 20 16 19 4 29 5 25 7 
Fitness: 0.86


Mean: 0.85

Standard deviation: 0.00
21 13 23 24 14 3 6 30 31 27 15 10 17 26 11 12 8 9 22 18 28 2 1 20 16 19 4 29 5 25 7 
Fitness: 0.86


Mean: 0.85

Standard deviation: 0.00
21 13 23 24 14 3 6 30 31 27 15 10 17 26 11 12 8 9 22 18 28 2 1 20 16 19 4 29 5 25 7 
Fitness: 0.86


Mean: 0.85

Standard deviation: 0.00
21 13 23 24 14 3 6 30 31 27 15 10 17 26 11 12 8 9 22 18 28 2 1 20 16 19 4 29 5 25 7 
Fitness: 0.86


Mean: 0.85

Standard deviation: 0.00
21 13 23 24 14 3 6 30 31 27 15 10 17 26 11 12 8 9 22 18 28 2 1 20 16 19 4 29 5 25 7 
Fitness: 0.86


Mean: 0.85

Standard deviation: 0.00
21 13 23 24 14 3 6 30 31 27 15 10 17 26 11 12 8 9 22 18 28 2 1 20 16 19 4 29 5 25 7 
Fitness: 0.86


Mean: 0.85

Standard deviation: 0.00
21 13 23 24 14 3 6 30 31 27 15 10 17 26 11 12 8 9 22 18 28 2 1 20 16 19 4 29 5 25 7 
Fitness: 0.86


Mean: 0.85

Standard deviation: 0.00
21 13 23 24 14 3 6 30 31 27 15 10 17 26 11 12 8 9 22 18 28 2 1 20 16 19 4 29 5 25 7 
Fitness: 0.86


Mean: 0.85

Standard deviation: 0.00
21 13 23 24 14 3 6 30 31 27 15 10 17 26 11 12 8 9 22 18 28 2 1 20 16 19 4 29 5 25 7 
Fitness: 0.86


Mean: 0.85

Standard deviation: 0.00
21 13 23 24 14 3 6 30 31 27 15 10 17 26 11 12 8 9 22 18 28 2 1 20 16 19 4 29 5 25 7 
Fitness: 0.86


Mean: 0.85

Standard deviation: 0.00
21 13 23 24 14 3 6 30 31 27 15 10 17 26 11 12 8 9 22 18 28 2 1 20 16 19 4 29 5 25 7 
Fitness: 0.86


Mean: 0.85

Standard deviation: 0.00
21 13 23 24 14 3 6 30 31 27 15 10 17 26 11 12 8 9 22 18 28 2 1 20 16 19 4 29 5 25 7 
Fitness: 0.86


Mean: 0.85

Standard deviation: 0.00
21 13 23 24 14 3 6 30 31 27 15 10 17 26 11 12 8 9 22 18 28 2 1 20 16 19 4 29 5 25 7 
Fitness: 0.86


Mean: 0.85

Standard deviation: 0.00
21 13 23 24 14 3 6 30 31 27 15 10 17 26 11 12 8 9 22 18 28 2 1 20 16 19 4 29 5 25 7 
Fitness: 0.86


Mean: 0.85

Standard deviation: 0.00
21 13 23 24 14 3 6 30 31 27 15 10 17 26 11 12 8 9 22 18 28 2 1 20 16 19 4 29 5 25 7 
Fitness: 0.86


Mean: 0.85

Standard deviation: 0.00
21 13 23 24 14 3 6 30 31 27 15 10 17 26 11 12 8 9 22 18 28 2 1 20 16 19 4 29 5 25 7 
Fitness: 0.86


Mean: 0.85

Standard deviation: 0.00
21 13 23 24 14 3 6 30 31 27 15 10 17 26 11 12 8 9 22 18 28 2 1 20 16 19 4 29 5 25 7 
Fitness: 0.86


Mean: 0.85

Standard deviation: 0.00
21 13 23 24 14 3 6 30 31 27 15 10 17 26 11 12 8 9 22 18 28 2 1 20 16 19 4 29 5 25 7 
Fitness: 0.86


Mean: 0.85

Standard deviation: 0.00
21 13 23 24 14 3 6 30 31 27 15 10 17 26 11 12 8 9 22 18 28 2 1 20 16 19 4 29 5 25 7 
Fitness: 0.86


Mean: 0.85

Standard deviation: 0.00
21 13 23 24 14 3 6 30 31 27 15 10 17 26 11 12 8 9 22 18 28 2 1 20 16 19 4 29 5 25 7 
Fitness: 0.86


Mean: 0.85

Standard deviation: 0.00
21 13 23 24 14 3 6 30 31 27 15 10 17 26 11 12 8 9 22 18 28 2 1 20 16 19 4 29 5 25 7 
Fitness: 0.86


Mean: 0.85

Standard deviation: 0.00
21 13 23 24 14 3 6 30 31 27 15 10 17 26 11 12 8 9 22 18 28 2 1 20 16 19 4 29 5 25 7 
Fitness: 0.86


Mean: 0.85

Standard deviation: 0.00
21 13 23 24 14 3 6 30 31 27 15 10 17 26 11 12 8 9 22 18 28 2 1 20 16 19 4 29 5 25 7 
Fitness: 0.86


Mean: 0.85

Standard deviation: 0.00
21 13 23 24 14 3 6 30 31 27 15 10 17 26 11 12 8 9 22 18 28 2 1 20 16 19 4 29 5 25 7 
Fitness: 0.86


Mean: 0.85

Standard deviation: 0.00
21 13 23 24 14 3 6 30 31 27 15 10 17 26 11 12 8 9 22 18 28 2 1 20 16 19 4 29 5 25 7 
Fitness: 0.86


Mean: 0.85

Standard deviation: 0.00
21 13 23 24 14 3 6 30 31 27 15 10 17 26 11 12 8 9 22 18 28 2 1 20 16 19 4 29 5 25 7 
Fitness: 0.86


Mean: 0.85

Standard deviation: 0.00
21 13 23 24 14 3 6 30 31 27 15 10 17 26 11 12 8 9 22 18 28 2 1 20 16 19 4 29 5 25 7 
Fitness: 0.86


Mean: 0.85

Standard deviation: 0.00
21 13 23 24 14 3 6 30 31 27 15 10 17 26 11 12 8 9 22 18 28 2 1 20 16 19 4 29 5 25 7 
Fitness: 0.86


Mean: 0.85

Standard deviation: 0.00
21 13 23 24 14 3 6 30 31 27 15 10 17 26 11 12 8 9 22 18 28 2 1 20 16 19 4 29 5 25 7 
Fitness: 0.86


Mean: 0.85

Standard deviation: 0.00
21 13 23 24 14 3 6 30 31 27 15 10 17 26 11 12 8 9 22 18 28 2 1 20 16 19 4 29 5 25 7 
Fitness: 0.86


Mean: 0.85

Standard deviation: 0.00
21 13 23 24 14 3 6 30 31 27 15 10 17 26 11 12 8 9 22 18 28 2 1 20 16 19 4 29 5 25 7 
Fitness: 0.86


Mean: 0.85

Standard deviation: 0.00
21 13 23 24 14 3 6 30 31 27 15 10 17 26 11 12 8 9 22 18 28 2 1 20 16 19 4 29 5 25 7 
Fitness: 0.86


Mean: 0.85

Standard deviation: 0.00
21 13 23 24 14 3 6 30 31 27 15 10 17 26 11 12 8 9 22 18 28 2 1 20 16 19 4 29 5 25 7 
Fitness: 0.86


Mean: 0.85

Standard deviation: 0.00
21 13 23 24 14 3 6 30 31 27 15 10 17 26 11 12 8 9 22 18 28 2 1 20 16 19 4 29 5 25 7 
Fitness: 0.86


Mean: 0.85

Standard deviation: 0.00
21 13 23 24 14 3 6 30 31 27 15 10 17 26 11 12 8 9 22 18 28 2 1 20 16 19 4 29 5 25 7 
Fitness: 0.86


Mean: 0.85

Standard deviation: 0.00
21 13 23 24 14 3 6 30 31 27 15 10 17 26 11 12 8 9 22 18 28 2 1 20 16 19 4 29 5 25 7 
Fitness: 0.86


Mean: 0.85

Standard deviation: 0.00
21 13 23 24 14 3 6 30 31 27 15 10 17 26 11 12 8 9 22 18 28 2 1 20 16 19 4 29 5 25 7 
Fitness: 0.86


Mean: 0.85

Standard deviation: 0.00
21 13 23 24 14 3 6 30 31 27 15 10 17 26 11 12 8 9 22 18 28 2 1 20 16 19 4 29 5 25 7 
Fitness: 0.86


Mean: 0.85

Standard deviation: 0.00
21 13 23 24 14 3 6 30 31 27 15 10 17 26 11 12 8 9 22 18 28 2 1 20 16 19 4 29 5 25 7 
Fitness: 0.86


Mean: 0.85

Standard deviation: 0.00
21 13 23 24 14 3 6 30 31 27 15 10 17 26 11 12 8 9 22 18 28 2 1 20 16 19 4 29 5 25 7 
Fitness: 0.86


Mean: 0.85

Standard deviation: 0.00
21 13 23 24 14 3 6 30 31 27 15 10 17 26 11 12 8 9 22 18 28 2 1 20 16 19 4 29 5 25 7 
Fitness: 0.86


Mean: 0.85

Standard deviation: 0.00
21 13 23 24 14 3 6 30 31 27 15 10 17 26 11 12 8 9 22 18 28 2 1 20 16 19 4 29 5 25 7 
Fitness: 0.86


Mean: 0.85

Standard deviation: 0.00
21 13 23 24 14 3 6 30 31 27 15 10 17 26 11 12 8 9 22 18 28 2 1 20 16 19 4 29 5 25 7 
Fitness: 0.86


Mean: 0.85

Standard deviation: 0.00
21 13 23 24 14 3 6 30 31 27 15 10 17 26 11 12 8 9 22 18 28 2 1 20 16 19 4 29 5 25 7 
Fitness: 0.86


Mean: 0.85

Standard deviation: 0.00
21 13 23 24 14 3 6 30 31 27 15 10 17 26 11 12 8 9 22 18 28 2 1 20 16 19 4 29 5 25 7 
Fitness: 0.86


Mean: 0.85

Standard deviation: 0.00
21 13 23 24 14 3 6 30 31 27 15 10 17 26 11 12 8 9 22 18 28 2 1 20 16 19 4 29 5 25 7 
Fitness: 0.86


Mean: 0.85

Standard deviation: 0.00
21 13 23 24 14 3 6 30 31 27 15 10 17 26 11 12 8 9 22 18 28 2 1 20 16 19 4 29 5 25 7 
Fitness: 0.86


Mean: 0.85

Standard deviation: 0.00
21 13 23 24 14 3 6 30 31 27 15 10 17 26 11 12 8 9 22 18 28 2 1 20 16 19 4 29 5 25 7 
Fitness: 0.86


Mean: 0.85

Standard deviation: 0.00
21 13 23 24 14 3 6 30 31 27 15 10 17 26 11 12 8 9 22 18 28 2 1 20 16 19 4 29 5 25 7 
Fitness: 0.86


Mean: 0.85

Standard deviation: 0.00
21 13 23 24 14 3 6 30 31 27 15 10 17 26 11 12 8 9 22 18 28 2 1 20 16 19 4 29 5 25 7 
Fitness: 0.86


Mean: 0.85

Standard deviation: 0.00
21 13 23 24 14 3 6 30 31 27 15 10 17 26 11 12 8 9 22 18 28 2 1 20 16 19 4 29 5 25 7 
Fitness: 0.86


Mean: 0.85

Standard deviation: 0.00
21 13 23 24 14 3 6 30 31 27 15 10 17 26 11 12 8 9 22 18 28 2 1 20 16 19 4 29 5 25 7 
Fitness: 0.86


Mean: 0.85

Standard deviation: 0.00
21 13 23 24 14 3 6 30 31 27 15 10 17 26 11 12 8 9 22 18 28 2 1 20 16 19 4 29 5 25 7 
Fitness: 0.86


Mean: 0.85

Standard deviation: 0.00
21 13 23 24 14 3 6 30 31 27 15 10 17 26 11 12 8 9 22 18 28 2 1 20 16 19 4 29 5 25 7 
Fitness: 0.86


Mean: 0.85

Standard deviation: 0.00
21 13 23 24 14 3 6 30 31 27 15 10 17 26 11 12 8 9 22 18 28 2 1 20 16 19 4 29 5 25 7 
Fitness: 0.86


Mean: 0.85

Standard deviation: 0.00
21 13 23 24 14 3 6 30 31 27 15 10 17 26 11 12 8 9 22 18 28 2 1 20 16 19 4 29 5 25 7 
Fitness: 0.86


Mean: 0.85

Standard deviation: 0.00
21 13 23 24 14 3 6 30 31 27 15 10 17 26 11 12 8 9 22 18 28 2 1 20 16 19 4 29 5 25 7 
Fitness: 0.86


Mean: 0.85

Standard deviation: 0.00
21 13 23 24 14 3 6 30 31 27 15 10 17 26 11 12 8 9 22 18 28 2 1 20 16 19 4 29 5 25 7 
Fitness: 0.86


Mean: 0.85

Standard deviation: 0.00
21 13 23 24 14 3 6 30 31 27 15 10 17 26 11 12 8 9 22 18 28 2 1 20 16 19 4 29 5 25 7 
Fitness: 0.86


Mean: 0.85

Standard deviation: 0.00
21 13 23 24 14 3 6 30 31 27 15 10 17 26 11 12 8 9 22 18 28 2 1 20 16 19 4 29 5 25 7 
Fitness: 0.86


Mean: 0.85

Standard deviation: 0.00
21 13 23 24 14 3 6 30 31 27 15 10 17 26 11 12 8 9 22 18 28 2 1 20 16 19 4 29 5 25 7 
Fitness: 0.86


Mean: 0.85

Standard deviation: 0.00
21 13 23 24 14 3 6 30 31 27 15 10 17 26 11 12 8 9 22 18 28 2 1 20 16 19 4 29 5 25 7 
Fitness: 0.86


Mean: 0.85

Standard deviation: 0.00
21 13 23 24 14 3 6 30 31 27 15 10 17 26 11 12 8 9 22 18 28 2 1 20 16 19 4 29 5 25 7 
Fitness: 0.86


Mean: 0.85

Standard deviation: 0.00
21 13 23 24 14 3 6 30 31 27 15 10 17 26 11 12 8 9 22 18 28 2 1 20 16 19 4 29 5 25 7 
Fitness: 0.86


Mean: 0.85

Standard deviation: 0.00
21 13 23 24 14 3 6 30 31 27 15 10 17 26 11 12 8 9 22 18 28 2 1 20 16 19 4 29 5 25 7 
Fitness: 0.86


Mean: 0.85

Standard deviation: 0.00
21 13 23 24 14 3 6 30 31 27 15 10 17 26 11 12 8 9 22 18 28 2 1 20 16 19 4 29 5 25 7 
Fitness: 0.86


Mean: 0.85

Standard deviation: 0.00
21 13 23 24 14 3 6 30 31 27 15 10 17 26 11 12 8 9 22 18 28 2 1 20 16 19 4 29 5 25 7 
Fitness: 0.86


Mean: 0.85

Standard deviation: 0.00
21 13 23 24 14 3 6 30 31 27 15 10 17 26 11 12 8 9 22 18 28 2 1 20 16 19 4 29 5 25 7 
Fitness: 0.86


Mean: 0.85

Standard deviation: 0.00
21 13 23 24 14 3 6 30 31 27 15 10 17 26 11 12 8 9 22 18 28 2 1 20 16 19 4 29 5 25 7 
Fitness: 0.86


Mean: 0.85

Standard deviation: 0.00
21 13 23 24 14 3 6 30 31 27 15 10 17 26 11 12 8 9 22 18 28 2 1 20 16 19 4 29 5 25 7 
Fitness: 0.86


Mean: 0.85

Standard deviation: 0.00
21 13 23 24 14 3 6 30 31 27 15 10 17 26 11 12 8 9 22 18 28 2 1 20 16 19 4 29 5 25 7 
Fitness: 0.86


Mean: 0.85

Standard deviation: 0.00
21 13 23 24 14 3 6 30 31 27 15 10 17 26 11 12 8 9 22 18 28 2 1 20 16 19 4 29 5 25 7 
Fitness: 0.86


Mean: 0.85

Standard deviation: 0.00
21 13 23 24 14 3 6 30 31 27 15 10 17 26 11 12 8 9 22 18 28 2 1 20 16 19 4 29 5 25 7 
Fitness: 0.86


Mean: 0.85

Standard deviation: 0.00
21 13 23 24 14 3 6 30 31 27 15 10 17 26 11 12 8 9 22 18 28 2 1 20 16 19 4 29 5 25 7 
Fitness: 0.86


Mean: 0.85

Standard deviation: 0.00
21 13 23 24 14 3 6 30 31 27 15 10 17 26 11 12 8 9 22 18 28 2 1 20 16 19 4 29 5 25 7 
Fitness: 0.86


Mean: 0.85

Standard deviation: 0.00
21 13 23 24 14 3 6 30 31 27 15 10 17 26 11 12 8 9 22 18 28 2 1 20 16 19 4 29 5 25 7 
Fitness: 0.86


Mean: 0.85

Standard deviation: 0.00
21 13 23 24 14 3 6 30 31 27 15 10 17 26 11 12 8 9 22 18 28 2 1 20 16 19 4 29 5 25 7 
Fitness: 0.86


Mean: 0.85

Standard deviation: 0.00
21 13 23 24 14 3 6 30 31 27 15 10 17 26 11 12 8 9 22 18 28 2 1 20 16 19 4 29 5 25 7 
Fitness: 0.86


Mean: 0.85

Standard deviation: 0.00
21 13 23 24 14 3 6 30 31 27 15 10 17 26 11 12 8 9 22 18 28 2 1 20 16 19 4 29 5 25 7 
Fitness: 0.86


Mean: 0.85

Standard deviation: 0.00
21 13 23 24 14 3 6 30 31 27 15 10 17 26 11 12 8 9 22 18 28 2 1 20 16 19 4 29 5 25 7 
Fitness: 0.86


Mean: 0.85

Standard deviation: 0.00
21 13 23 24 14 3 6 30 31 27 15 10 17 26 11 12 8 9 22 18 28 2 1 20 16 19 4 29 5 25 7 
Fitness: 0.86


Mean: 0.85

Standard deviation: 0.00
21 13 23 24 14 3 6 30 31 27 15 10 17 26 11 12 8 9 22 18 28 2 1 20 16 19 4 29 5 25 7 
Fitness: 0.86


Mean: 0.85

Standard deviation: 0.00
21 13 23 24 14 3 6 30 31 27 15 10 17 26 11 12 8 9 22 18 28 2 1 20 16 19 4 29 5 25 7 
Fitness: 0.86


Mean: 0.85

Standard deviation: 0.00
21 13 23 24 14 3 6 30 31 27 15 10 17 26 11 12 8 9 22 18 28 2 1 20 16 19 4 29 5 25 7 
Fitness: 0.86


Mean: 0.85

Standard deviation: 0.00
21 13 23 24 14 3 6 30 31 27 15 10 17 26 11 12 8 9 22 18 28 2 1 20 16 19 4 29 5 25 7 
Fitness: 0.86


Mean: 0.85

Standard deviation: 0.00
21 13 23 24 14 3 6 30 31 27 15 10 17 26 11 12 8 9 22 18 28 2 1 20 16 19 4 29 5 25 7 
Fitness: 0.86


Mean: 0.85

Standard deviation: 0.00
21 13 23 24 14 3 6 30 31 27 15 10 17 26 11 12 8 9 22 18 28 2 1 20 16 19 4 29 5 25 7 
Fitness: 0.86


Mean: 0.85

Standard deviation: 0.00
21 13 23 24 14 3 6 30 31 27 15 10 17 26 11 12 8 9 22 18 28 2 1 20 16 19 4 29 5 25 7 
Fitness: 0.86


Mean: 0.85

Standard deviation: 0.00
21 13 23 24 14 3 6 30 31 27 15 10 17 26 11 12 8 9 22 18 28 2 1 20 16 19 4 29 5 25 7 
Fitness: 0.86


Mean: 0.85

Standard deviation: 0.00
21 13 23 24 14 3 6 30 31 27 15 10 17 26 11 12 8 9 22 18 28 2 1 20 16 19 4 29 5 25 7 
Fitness: 0.86


Mean: 0.85

Standard deviation: 0.00
21 13 23 24 14 3 6 30 31 27 15 10 17 26 11 12 8 9 22 18 28 2 1 20 16 19 4 29 5 25 7 
Fitness: 0.86


Mean: 0.85

Standard deviation: 0.00
21 13 23 24 14 3 6 30 31 27 15 10 17 26 11 12 8 9 22 18 28 2 1 20 16 19 4 29 5 25 7 
Fitness: 0.86


Mean: 0.85

Standard deviation: 0.00
21 13 23 24 14 3 6 30 31 27 15 10 17 26 11 12 8 9 22 18 28 2 1 20 16 19 4 29 5 25 7 
Fitness: 0.86


Mean: 0.85

Standard deviation: 0.00
21 13 23 24 14 3 6 30 31 27 15 10 17 26 11 12 8 9 22 18 28 2 1 20 16 19 4 29 5 25 7 
Fitness: 0.86


Mean: 0.85

Standard deviation: 0.00
21 13 23 24 14 3 6 30 31 27 15 10 17 26 11 12 8 9 22 18 28 2 1 20 16 19 4 29 5 25 7 
Fitness: 0.86


Mean: 0.85

Standard deviation: 0.00
21 13 23 24 14 3 6 30 31 27 15 10 17 26 11 12 8 9 22 18 28 2 1 20 16 19 4 29 5 25 7 
Fitness: 0.86


Mean: 0.85

Standard deviation: 0.00
21 13 23 24 14 3 6 30 31 27 15 10 17 26 11 12 8 9 22 18 28 2 1 20 16 19 4 29 5 25 7 
Fitness: 0.86


Mean: 0.85

Standard deviation: 0.00
21 13 23 24 14 3 6 30 31 27 15 10 17 26 11 12 8 9 22 18 28 2 1 20 16 19 4 29 5 25 7 
Fitness: 0.86


Mean: 0.85

Standard deviation: 0.00
21 13 23 24 14 3 6 30 31 27 15 10 17 26 11 12 8 9 22 18 28 2 1 20 16 19 4 29 5 25 7 
Fitness: 0.86


Mean: 0.85

Standard deviation: 0.00
21 13 23 24 14 3 6 30 31 27 15 10 17 26 11 12 8 9 22 18 28 2 1 20 16 19 4 29 5 25 7 
Fitness: 0.86


Mean: 0.85

Standard deviation: 0.00
21 13 23 24 14 3 6 30 31 27 15 10 17 26 11 12 8 9 22 18 28 2 1 20 16 19 4 29 5 25 7 
Fitness: 0.86


Mean: 0.85

Standard deviation: 0.00
21 13 23 24 14 3 6 30 31 27 15 10 17 26 11 12 8 9 22 18 28 2 1 20 16 19 4 29 5 25 7 
Fitness: 0.86


Mean: 0.85

Standard deviation: 0.00
21 13 23 24 14 3 6 30 31 27 15 10 17 26 11 12 8 9 22 18 28 2 1 20 16 19 4 29 5 25 7 
Fitness: 0.86


Mean: 0.85

Standard deviation: 0.00
21 13 23 24 14 3 6 30 31 27 15 10 17 26 11 12 8 9 22 18 28 2 1 20 16 19 4 29 5 25 7 
Fitness: 0.86


Mean: 0.85

Standard deviation: 0.00
21 13 23 24 14 3 6 30 31 27 15 10 17 26 11 12 8 9 22 18 28 2 1 20 16 19 4 29 5 25 7 
Fitness: 0.86


Mean: 0.85

Standard deviation: 0.00
21 13 23 24 14 3 6 30 31 27 15 10 17 26 11 12 8 9 22 18 28 2 1 20 16 19 4 29 5 25 7 
Fitness: 0.86


Mean: 0.85

Standard deviation: 0.00
21 13 23 24 14 3 6 30 31 27 15 10 17 26 11 12 8 9 22 18 28 2 1 20 16 19 4 29 5 25 7 
Fitness: 0.86


Mean: 0.85

Standard deviation: 0.00
21 13 23 24 14 3 6 30 31 27 15 10 17 26 11 12 8 9 22 18 28 2 1 20 16 19 4 29 5 25 7 
Fitness: 0.86


Mean: 0.85

Standard deviation: 0.00
21 13 23 24 14 3 6 30 31 27 15 10 17 26 11 12 8 9 22 18 28 2 1 20 16 19 4 29 5 25 7 
Fitness: 0.86


Mean: 0.85

Standard deviation: 0.00
21 13 23 24 14 3 6 30 31 27 15 10 17 26 11 12 8 9 22 18 28 2 1 20 16 19 4 29 5 25 7 
Fitness: 0.86


Mean: 0.85

Standard deviation: 0.00
21 13 23 24 14 3 6 30 31 27 15 10 17 26 11 12 8 9 22 18 28 2 1 20 16 19 4 29 5 25 7 
Fitness: 0.86


Mean: 0.85

Standard deviation: 0.00
21 13 23 24 14 3 6 30 31 27 15 10 17 26 11 12 8 9 22 18 28 2 1 20 16 19 4 29 5 25 7 
Fitness: 0.86


Mean: 0.85

Standard deviation: 0.00
21 13 23 24 14 3 6 30 31 27 15 10 17 26 11 12 8 9 22 18 28 2 1 20 16 19 4 29 5 25 7 
Fitness: 0.86


Mean: 0.85

Standard deviation: 0.00
