614.27 849.24 3646.86 0.35 
918.06 544.70 3947.60 0.25 
640.37 680.33 2814.84 0.43 
569.12 702.06 4596.36 0.36 
829.24 756.09 3839.80 0.38 
849.60 562.47 3845.70 0.24 
675.31 907.13 2357.44 0.42 
844.89 543.12 3529.70 0.47 
862.85 714.18 4860.85 0.38 
708.37 655.10 3706.17 0.46 
681.90 659.04 3682.81 0.32 
643.72 595.88 4621.29 0.32 
566.13 889.52 3469.52 0.39 
811.30 986.37 3812.55 0.40 
647.63 692.22 4552.36 0.29 
626.14 647.40 3059.85 0.51 
697.89 792.46 3912.56 0.33 
557.57 705.85 4431.00 0.47 
645.49 692.86 4127.82 0.52 
958.20 849.99 3296.08 0.36 
791.42 638.15 3014.38 0.31 
699.11 733.76 4074.87 0.34 
582.75 691.48 4562.68 0.23 
675.45 601.67 5275.82 0.29 
606.78 555.53 3583.98 0.36 
602.37 775.76 4019.21 0.54 
831.77 1163.00 3825.96 0.56 
943.80 761.41 3391.19 0.52 
714.08 737.70 4026.53 0.34 
745.97 951.98 3572.91 0.33 
555.96 568.61 3314.81 0.43 
692.53 670.58 3890.01 0.42 
762.87 733.61 3936.92 0.32 
573.41 794.02 5445.07 0.33 
614.59 757.05 2970.93 0.41 
796.17 638.02 3175.85 0.50 
615.78 712.91 5492.72 0.50 
809.35 562.80 4178.62 0.43 
603.24 801.97 3969.06 0.34 
869.13 758.42 3338.06 0.29 
810.99 729.47 4301.82 0.39 
599.23 1001.48 3057.13 0.50 
594.21 601.10 3489.70 0.24 
586.89 769.62 3557.40 0.16 
631.32 1048.04 4424.05 0.52 
836.51 545.18 4571.05 0.47 
705.25 688.17 3801.79 0.40 
542.91 918.13 4086.54 0.41 
643.87 566.30 3004.39 0.48 
745.20 660.72 3717.23 0.53 
726.95 947.71 3869.50 0.35 
645.07 765.34 3752.64 0.47 
676.66 796.76 4557.66 0.53 
702.01 560.62 4648.56 0.46 
699.68 991.69 3468.79 0.35 
566.19 762.79 4747.33 0.29 
626.55 575.46 4355.54 0.45 
730.29 863.08 4296.89 0.37 
626.79 699.84 4557.25 0.28 
660.24 556.11 3958.98 0.33 
1025.89 838.91 1931.27 0.66 
746.18 854.69 3112.97 0.49 
542.99 544.08 2727.76 0.41 
616.66 760.98 4120.18 0.30 
854.05 882.56 2890.64 0.49 
784.32 711.93 4989.80 0.49 
650.41 723.93 4608.68 0.44 
1024.04 572.41 4584.52 0.42 
770.07 631.31 3897.11 0.39 
603.38 806.34 3313.82 0.39 
551.47 947.13 4892.78 0.29 
63 31 25 49 10 36 28 61 20 65 52 3 19 67 11 32 47 29 53 70 35 59 15 50 69 21 8 38 41 5 66 22 17 62 58 26 39 37 16 23 18 13 48 42 45 55 30 51 7 1 44 64 33 40 9 46 54 43 57 12 24 60 6 68 2 4 34 56 14 27 71 
Best fitness: 3.26
31 63 47 54 49 25 46 8 20 61 28 26 35 67 3 19 10 11 50 32 16 59 37 22 29 52 64 70 1 7 65 27 14 55 48 42 62 41 66 69 21 36 5 39 34 13 60 43 57 12 53 17 30 51 6 38 2 68 33 44 56 18 4 23 24 15 9 40 58 71 45 
Worst fitness: 4.06

Mean: 3.63

Standard deviation: 0.04
