692.90 669.88 7722.36 0.45 
576.46 547.79 5812.53 0.69 
574.66 609.48 6945.98 0.42 
580.58 540.40 7844.29 0.53 
637.48 628.05 6408.60 0.42 
670.41 645.29 5656.17 0.45 
680.02 580.67 6474.62 0.30 
540.17 761.32 5737.79 0.35 
610.50 638.47 6582.73 0.24 
623.47 671.82 7519.20 0.45 
696.20 600.75 7126.39 0.38 
551.52 659.70 7271.02 0.30 
567.30 776.43 6181.86 0.38 
578.85 562.09 7571.68 0.34 
552.98 553.20 6192.56 0.19 
589.66 585.40 6917.65 0.37 
554.38 588.30 5714.15 0.39 
562.74 660.82 6777.84 0.54 
633.88 630.98 6742.04 0.38 
613.89 599.18 7779.22 0.46 
582.66 628.01 7112.52 0.27 
595.55 602.64 6410.83 0.58 
706.62 551.81 7240.61 0.20 
542.81 611.20 6449.96 0.31 
614.76 699.40 6361.34 0.42 
612.68 558.43 6398.53 0.41 
553.43 636.38 5892.77 0.22 
691.64 679.27 6677.48 0.37 
566.27 542.69 7247.23 0.51 
573.68 572.14 7958.27 0.48 
728.17 615.25 5976.63 0.46 
544.20 624.31 6895.14 0.50 
643.34 570.86 6602.84 0.36 
590.51 663.97 6786.42 0.52 
669.37 610.51 5452.15 0.36 
553.26 550.28 6142.63 0.49 
597.77 635.51 7642.03 0.30 
625.93 672.09 5672.40 0.34 
590.43 593.78 6967.99 0.44 
602.44 635.94 7847.66 0.52 
601.58 645.00 6591.58 0.27 
594.87 619.58 7075.31 0.27 
669.97 556.27 5850.12 0.35 
576.57 610.86 6530.08 0.39 
632.27 690.07 5888.43 0.46 
599.92 552.45 5957.79 0.55 
609.14 659.71 7579.97 0.35 
792.98 557.07 6372.23 0.37 
659.48 672.43 6559.93 0.56 
548.25 680.17 7426.62 0.45 
557.41 552.13 6713.26 0.41 
609.13 608.36 6686.15 0.34 
749.66 592.92 6580.94 0.54 
669.69 762.89 4677.42 0.41 
649.62 667.58 7948.08 0.29 
664.34 652.22 6242.85 0.44 
639.58 683.67 7422.69 0.43 
553.84 553.90 7621.52 0.42 
558.71 616.83 5835.72 0.40 
635.23 557.88 5773.99 0.47 
637.53 623.49 6857.22 0.54 
722.36 703.59 5870.37 0.40 
554.43 646.42 6176.33 0.56 
664.95 649.60 7449.68 0.32 
688.28 634.38 6778.15 0.35 
603.58 540.48 7158.07 0.43 
605.68 570.01 7166.50 0.46 
551.08 561.14 6823.82 0.21 
702.89 789.28 5484.50 0.54 
561.99 551.75 6980.84 0.38 
569.44 636.54 7054.89 0.47 
742.95 665.14 6261.69 0.27 
674.07 618.48 6621.23 0.55 
658.32 609.00 6528.10 0.39 
560.02 631.60 6589.62 0.44 
738.20 624.80 6351.89 0.56 
579.03 552.80 7257.30 0.19 
602.91 590.13 7628.37 0.42 
581.90 628.42 6152.10 0.44 
593.44 624.11 7003.68 0.37 
570.02 586.32 6471.71 0.47 
690.96 657.75 6797.44 0.40 
676.26 548.57 7434.10 0.46 
616.65 639.08 7445.23 0.40 
655.70 570.33 6602.49 0.32 
554.52 668.43 5881.64 0.26 
591.93 623.49 6674.89 0.39 
633.23 651.01 7230.27 0.45 
614.39 727.60 6136.71 0.36 
581.78 561.02 6802.12 0.37 
559.28 598.89 6432.30 0.39 
