855.49 580.39 6022.33 0.25 
565.27 542.40 6244.83 0.50 
599.48 560.11 6312.81 0.29 
856.36 603.40 7109.85 0.58 
619.09 618.63 5962.12 0.51 
683.56 720.10 7787.48 0.41 
644.34 557.74 4855.73 0.54 
548.24 612.13 7017.54 0.54 
585.80 541.15 7000.60 0.46 
644.41 772.73 7404.45 0.40 
567.91 706.89 6026.63 0.36 
587.25 560.67 6612.44 0.55 
614.92 584.18 4835.67 0.35 
553.99 624.14 6684.67 0.45 
601.21 545.06 7400.07 0.23 
542.74 721.17 5976.16 0.52 
545.00 758.76 7347.88 0.58 
695.82 578.89 7250.23 0.38 
557.66 705.82 7395.08 0.47 
541.96 629.82 7498.86 0.36 
623.41 562.49 6701.21 0.28 
575.82 676.99 5205.32 0.41 
541.54 631.74 7782.56 0.55 
680.82 680.33 5842.51 0.36 
597.88 816.51 7278.02 0.41 
698.12 703.92 6263.21 0.43 
588.54 576.28 7171.55 0.51 
591.27 762.26 6581.05 0.35 
580.74 742.80 6643.18 0.32 
713.93 650.79 6742.95 0.49 
702.20 705.31 6146.55 0.37 
571.22 583.51 5901.64 0.32 
549.49 613.20 5525.81 0.63 
546.36 648.71 6985.69 0.35 
609.96 570.07 6535.63 0.38 
621.68 544.95 5995.79 0.52 
831.82 553.39 7543.67 0.35 
554.69 625.31 6464.83 0.40 
762.90 601.73 6108.42 0.31 
608.10 560.72 7654.69 0.26 
600.38 669.28 5982.75 0.41 
541.32 577.83 7096.24 0.24 
868.96 600.04 6252.02 0.23 
568.97 577.43 6317.05 0.46 
559.54 549.55 5637.56 0.54 
611.80 567.00 6331.47 0.45 
644.85 899.99 6113.26 0.36 
615.20 604.66 6415.55 0.33 
570.13 587.73 6687.49 0.44 
591.51 547.07 6647.22 0.48 
566.88 703.46 7030.90 0.45 
591.61 549.83 6429.10 0.50 
699.75 689.91 6658.60 0.51 
554.16 565.86 6112.28 0.36 
579.23 634.36 6209.40 0.31 
590.04 562.20 6608.08 0.42 
762.19 581.49 6986.51 0.33 
595.84 636.07 7782.73 0.40 
590.73 631.87 7639.27 0.32 
654.47 687.51 7559.51 0.65 
588.39 580.69 6563.44 0.29 
613.41 599.15 7015.15 0.22 
570.79 619.53 5806.45 0.41 
787.37 682.39 6658.83 0.41 
726.38 612.17 6970.82 0.53 
677.08 681.79 6153.37 0.52 
880.21 726.05 6778.02 0.33 
566.34 561.04 7468.32 0.34 
607.12 602.81 6746.75 0.37 
630.07 622.73 6433.17 0.27 
678.34 689.16 7018.49 0.46 
565.33 588.92 7744.11 0.35 
587.31 556.19 6211.31 0.53 
604.33 567.78 6620.23 0.36 
572.29 656.30 6403.07 0.45 
679.94 706.98 6094.57 0.39 
700.31 579.58 6321.53 0.45 
699.93 541.03 6329.87 0.28 
684.32 721.10 6173.37 0.28 
620.62 603.69 7643.88 0.26 
547.61 651.72 5912.22 0.50 
