616.33 585.49 6837.74 0.46 
809.13 679.59 6483.77 0.38 
632.49 553.97 7141.95 0.39 
602.79 567.72 7576.59 0.35 
659.72 590.28 6150.92 0.22 
644.55 544.69 6315.84 0.44 
637.27 602.07 7387.07 0.41 
684.26 548.86 5788.40 0.49 
570.90 577.66 6625.76 0.48 
548.86 571.59 6140.35 0.38 
545.91 663.79 6901.29 0.52 
654.21 607.09 6407.46 0.53 
635.93 733.77 7325.16 0.45 
565.08 590.90 6495.73 0.33 
698.26 700.89 7143.14 0.44 
609.91 759.35 6555.02 0.43 
560.17 617.45 6282.37 0.25 
589.64 597.89 5789.68 0.29 
636.93 553.80 5918.31 0.56 
546.45 554.42 7129.99 0.34 
651.54 590.57 6163.77 0.27 
