649.04 582.43 7816.84 0.34 
663.13 553.22 5577.51 0.43 
585.04 573.58 6838.52 0.65 
597.16 699.04 6189.20 0.43 
629.41 639.42 7011.75 0.26 
547.42 550.82 6422.84 0.27 
587.26 564.02 6509.70 0.37 
696.43 744.33 7784.28 0.43 
545.40 578.12 5013.27 0.38 
644.89 684.96 5713.90 0.33 
686.89 541.90 7048.65 0.58 
578.33 745.11 6773.90 0.25 
544.69 596.39 6769.99 0.34 
604.34 629.15 6937.60 0.46 
743.67 591.42 7108.39 0.36 
640.05 666.95 5738.26 0.40 
546.28 678.64 6550.06 0.31 
648.37 689.82 6536.05 0.48 
588.38 702.35 5730.98 0.34 
658.13 598.31 6963.01 0.43 
588.38 878.30 5520.02 0.54 
808.66 638.68 6950.54 0.34 
695.93 598.93 6582.21 0.27 
586.57 757.21 6706.73 0.32 
648.86 908.29 6531.95 0.62 
731.22 574.46 6908.80 0.36 
636.25 545.26 7266.33 0.38 
545.70 603.83 6726.39 0.38 
730.83 557.82 6149.07 0.44 
586.97 585.21 7056.65 0.43 
596.72 678.99 6353.44 0.45 
624.42 608.90 5744.39 0.35 
606.52 583.93 5503.82 0.52 
659.89 675.96 6348.31 0.56 
569.09 575.19 6823.59 0.33 
679.00 656.98 5561.82 0.27 
542.83 546.89 6927.04 0.52 
667.17 606.44 5042.89 0.40 
690.92 609.93 6739.59 0.54 
614.28 584.80 7028.22 0.40 
658.58 761.32 6409.58 0.28 
550.53 549.03 6652.59 0.42 
702.11 599.35 6667.74 0.22 
699.23 598.29 6645.99 0.55 
561.21 570.87 6762.78 0.49 
730.03 794.32 6059.00 0.62 
553.20 614.28 7108.69 0.31 
543.80 611.14 5429.64 0.42 
682.38 621.55 7276.43 0.54 
882.80 596.29 7859.49 0.63 
563.07 611.64 6692.66 0.38 
688.69 583.95 6330.64 0.53 
656.02 559.05 7902.37 0.42 
688.89 652.24 5830.33 0.46 
581.26 589.32 7069.96 0.55 
617.10 647.87 6893.67 0.48 
643.06 581.26 5602.35 0.36 
593.66 611.18 7140.44 0.46 
573.15 562.06 6679.89 0.49 
665.55 720.43 5620.21 0.42 
612.81 708.52 6513.24 0.35 
639.26 679.50 5357.21 0.50 
779.23 572.90 7321.83 0.41 
653.57 564.94 6233.47 0.43 
573.47 548.98 7319.12 0.43 
615.47 700.68 7329.27 0.28 
702.56 602.41 6210.58 0.28 
559.42 547.65 5940.67 0.43 
584.26 653.71 6996.60 0.36 
699.55 561.57 6539.10 0.30 
550.11 612.15 4999.16 0.25 
550.19 654.55 7116.01 0.52 
553.53 595.76 6764.62 0.33 
711.93 655.44 6503.83 0.53 
540.54 561.15 7274.33 0.52 
569.65 612.77 6957.88 0.41 
574.39 729.60 6177.03 0.45 
606.93 601.08 6493.89 0.37 
581.42 587.84 7718.35 0.58 
694.61 634.60 5513.23 0.32 
600.54 628.18 7436.07 0.22 
552.06 598.98 6694.06 0.34 
586.93 599.78 4646.67 0.27 
573.56 545.68 7115.63 0.39 
737.43 609.25 7587.01 0.47 
581.58 572.26 6801.30 0.38 
673.81 614.68 6504.18 0.40 
711.43 627.90 6463.92 0.46 
573.36 686.55 7227.70 0.30 
572.04 575.22 6659.47 0.28 
540.02 581.43 7031.14 0.57 
716.20 594.38 6073.98 0.30 
579.78 644.57 6951.50 0.48 
828.00 566.04 6333.58 0.50 
609.83 779.21 6029.49 0.47 
561.33 565.15 6948.94 0.38 
647.13 556.59 6191.62 0.37 
649.58 671.92 6203.56 0.29 
748.38 569.40 6012.11 0.41 
659.14 647.38 6615.45 0.44 
640.44 765.70 7042.39 0.41 
