662.85 771.78 7820.98 0.42 
593.20 682.45 6381.23 0.37 
589.94 600.54 6633.68 0.46 
575.01 625.14 6336.32 0.44 
586.58 691.04 6871.59 0.40 
573.13 627.63 6871.29 0.30 
631.85 543.31 7194.25 0.46 
730.65 587.87 6483.73 0.44 
640.83 600.03 5987.81 0.35 
630.74 607.51 6696.07 0.32 
598.64 567.61 7003.22 0.34 
542.59 696.11 7119.17 0.41 
716.39 714.40 6434.33 0.52 
672.95 691.21 5090.92 0.27 
802.36 541.11 6538.82 0.56 
616.15 684.20 6050.19 0.32 
652.77 788.74 7568.17 0.50 
698.78 546.79 7410.03 0.42 
548.87 679.45 5958.35 0.32 
555.75 554.95 5962.02 0.54 
597.99 583.97 6892.98 0.30 
591.15 562.80 6464.54 0.48 
586.35 654.29 5829.44 0.38 
545.04 816.55 6385.12 0.34 
584.08 584.83 7259.67 0.40 
590.98 705.85 7519.51 0.36 
585.56 674.02 6602.37 0.18 
647.62 598.19 6827.38 0.58 
554.83 657.04 7890.41 0.42 
624.32 639.66 5744.66 0.38 
544.86 556.71 6241.76 0.39 
