627.14 559.47 5451.79 0.50 
544.85 657.28 6294.40 0.38 
612.62 601.28 6379.67 0.46 
641.14 597.96 7326.88 0.37 
663.53 662.71 6988.06 0.42 
677.71 567.83 6751.80 0.33 
660.87 701.66 6086.23 0.34 
620.93 566.11 7116.43 0.26 
667.06 545.16 6978.16 0.32 
653.64 573.46 6109.10 0.47 
553.26 573.28 6417.79 0.57 
573.52 677.13 6701.39 0.49 
606.42 883.41 7139.21 0.24 
635.70 592.77 6673.90 0.44 
671.17 568.75 6460.95 0.43 
772.94 546.23 6490.92 0.44 
562.97 647.20 5831.24 0.32 
548.50 702.58 6695.75 0.43 
772.73 551.11 6029.36 0.40 
752.73 623.76 6988.41 0.38 
696.83 692.72 6288.10 0.53 
683.31 644.01 6261.48 0.39 
548.70 662.14 7241.46 0.40 
595.33 560.73 6564.37 0.41 
576.69 686.63 7326.88 0.31 
677.22 629.93 6854.21 0.35 
571.81 655.54 7930.36 0.42 
602.49 675.44 7834.71 0.50 
573.54 656.53 5889.20 0.44 
565.80 609.31 6305.44 0.42 
647.39 601.94 7062.12 0.45 
863.20 581.68 6379.90 0.56 
594.64 603.83 7645.35 0.31 
544.40 603.27 5455.98 0.20 
709.01 563.41 6779.33 0.51 
590.44 716.02 7274.98 0.64 
540.90 707.45 5739.51 0.37 
682.11 647.53 6122.08 0.26 
613.40 568.89 7661.04 0.40 
577.92 590.80 6349.86 0.32 
598.65 658.82 6793.39 0.46 
552.53 560.89 5804.43 0.52 
566.86 587.42 7043.10 0.35 
753.65 810.00 5632.38 0.57 
633.41 564.74 5941.56 0.50 
557.25 637.06 7590.07 0.43 
546.46 593.30 5674.74 0.42 
540.02 678.65 6096.62 0.27 
641.50 695.52 6664.20 0.39 
634.20 648.85 6554.87 0.48 
572.32 587.66 6924.25 0.53 
604.81 715.02 6603.59 0.33 
679.40 546.53 6471.82 0.39 
615.13 564.37 6956.59 0.38 
765.72 595.49 7039.05 0.44 
603.84 845.81 7566.42 0.39 
621.88 581.13 6773.23 0.54 
751.78 573.53 5929.96 0.31 
553.14 546.68 6223.84 0.29 
545.02 641.59 6011.26 0.24 
638.09 547.93 7074.66 0.19 
544.25 610.21 6583.84 0.52 
717.94 633.42 6448.23 0.35 
675.53 546.14 6718.79 0.37 
614.31 547.88 6239.55 0.49 
574.41 606.65 5785.72 0.50 
658.59 589.30 6887.23 0.49 
722.22 705.75 6374.54 0.54 
604.04 559.79 6414.87 0.38 
701.99 556.49 5699.40 0.46 
636.87 541.77 7452.55 0.47 
568.31 781.59 6080.39 0.49 
566.63 584.39 7433.65 0.21 
587.33 615.64 7695.82 0.43 
546.39 586.75 7243.34 0.44 
553.27 677.49 6440.81 0.40 
715.11 566.86 6360.70 0.39 
664.01 656.53 6537.24 0.30 
642.55 714.65 4685.69 0.42 
670.36 555.60 5780.60 0.35 
723.94 570.87 7502.36 0.62 
688.34 640.36 6607.67 0.27 
553.54 542.89 6572.02 0.41 
590.00 598.95 7360.09 0.45 
583.40 734.78 6237.77 0.50 
684.02 665.87 7438.23 0.45 
587.82 562.22 7356.67 0.37 
627.43 550.77 6604.39 0.37 
599.15 694.97 7837.58 0.42 
616.44 595.50 7067.31 0.51 
684.82 664.06 6248.75 0.43 
613.51 692.72 7194.62 0.46 
575.22 583.65 5838.91 0.21 
597.00 603.14 6767.44 0.43 
651.06 564.02 6262.55 0.28 
607.01 621.15 7108.72 0.48 
775.84 580.63 6941.24 0.24 
684.47 685.89 7878.82 0.43 
796.37 556.29 6921.20 0.47 
576.38 653.32 6616.96 0.45 
564.70 664.95 6334.53 0.37 
621.49 691.59 6817.15 0.43 
613.50 672.70 7389.55 0.39 
546.92 864.54 6835.46 0.38 
647.79 582.22 7100.99 0.51 
562.45 563.31 6439.85 0.38 
647.06 665.53 6220.24 0.34 
557.06 690.84 6826.65 0.30 
645.84 561.61 6375.73 0.42 
670.00 609.21 6639.33 0.54 
740.06 612.10 7622.83 0.27 
588.36 742.83 5700.21 0.30 
577.78 756.27 7624.23 0.51 
595.51 545.91 6114.84 0.25 
566.84 585.47 7510.54 0.25 
639.91 557.80 7244.22 0.49 
569.81 580.14 6717.13 0.28 
550.46 554.10 5978.66 0.29 
657.94 640.26 6691.28 0.41 
755.32 610.96 6946.97 0.54 
705.70 541.72 6084.35 0.52 
719.32 690.73 7861.51 0.52 
651.24 652.92 7391.22 0.36 
601.49 672.02 6966.01 0.30 
573.07 617.49 7396.24 0.48 
611.49 633.82 5492.73 0.33 
651.66 541.09 7421.80 0.19 
627.22 658.55 6233.66 0.41 
669.12 540.62 6203.19 0.55 
568.64 545.53 6448.14 0.36 
711.68 597.75 6770.50 0.39 
577.40 739.26 7214.44 0.38 
630.98 606.06 7836.15 0.50 
686.11 638.68 7131.12 0.37 
597.19 597.28 6828.03 0.45 
554.30 582.76 6039.08 0.34 
671.91 701.06 6577.04 0.31 
676.50 614.76 6379.56 0.38 
592.29 575.89 6112.31 0.46 
644.09 568.35 6124.16 0.50 
640.07 577.96 6082.37 0.34 
629.92 603.63 7048.43 0.35 
656.76 541.04 7771.60 0.47 
569.00 598.78 6510.81 0.15 
564.48 734.97 7543.20 0.40 
551.33 609.38 6630.21 0.42 
582.74 540.19 6398.24 0.36 
604.56 622.19 6531.40 0.42 
573.04 603.12 6780.19 0.51 
608.37 671.08 6949.99 0.53 
546.29 709.00 6891.38 0.40 
796.46 563.17 6856.25 0.27 
585.79 540.08 5976.74 0.39 
586.48 650.25 6660.66 0.51 
632.49 672.09 5800.03 0.43 
671.68 690.23 6903.67 0.47 
649.21 724.43 6889.97 0.53 
600.33 574.53 5478.46 0.55 
597.82 621.90 6990.60 0.46 
650.62 645.75 6394.52 0.31 
603.16 674.24 7223.11 0.28 
593.13 601.85 7341.33 0.50 
612.77 621.42 5578.06 0.40 
592.93 589.11 6597.27 0.45 
572.16 706.32 6642.81 0.48 
588.35 594.08 5569.02 0.34 
552.12 588.12 7518.41 0.46 
545.24 560.78 6219.62 0.40 
581.72 563.12 6987.45 0.18 
586.05 702.43 7146.62 0.63 
646.54 627.59 6426.77 0.47 
610.16 571.06 7275.50 0.40 
549.93 676.23 6931.70 0.30 
593.33 599.97 6249.97 0.19 
774.72 647.19 6292.34 0.37 
713.56 540.50 5910.62 0.21 
724.59 547.60 6421.09 0.25 
855.74 610.57 6571.63 0.29 
693.23 569.25 5553.62 0.36 
665.71 700.35 5814.11 0.41 
722.04 553.31 5953.16 0.29 
544.73 626.60 7080.38 0.34 
577.98 555.88 7276.51 0.15 
620.60 715.52 6135.12 0.44 
750.00 541.63 6629.15 0.22 
696.44 629.35 6751.27 0.50 
571.77 664.77 7543.91 0.45 
622.56 826.19 6078.13 0.42 
579.55 554.32 6666.96 0.54 
712.25 694.27 7072.41 0.46 
665.25 643.90 6160.74 0.42 
659.78 641.49 7044.20 0.39 
540.29 545.82 6329.47 0.41 
687.37 560.91 7053.17 0.50 
603.93 663.17 6612.86 0.22 
684.82 543.56 6913.03 0.41 
704.21 540.70 7373.34 0.51 
646.02 620.04 7477.10 0.47 
614.71 646.04 6666.91 0.39 
553.49 633.97 6570.14 0.23 
543.84 614.23 5462.36 0.48 
