693.48 546.64 7372.51 0.46 
563.75 577.62 6869.72 0.35 
543.82 590.34 7216.18 0.57 
561.45 651.35 7361.88 0.26 
617.83 593.69 6167.28 0.40 
781.19 613.49 6992.74 0.35 
649.61 592.23 6141.64 0.12 
723.49 599.99 7572.99 0.44 
552.93 552.47 6066.85 0.44 
598.92 566.63 6669.23 0.47 
612.79 829.69 6939.63 0.33 
600.34 643.32 7788.43 0.14 
693.17 673.47 6023.85 0.43 
625.56 560.82 5756.07 0.46 
548.01 671.21 6538.04 0.45 
603.73 540.09 6774.99 0.36 
608.72 621.28 7368.79 0.51 
564.25 585.88 6345.45 0.37 
683.65 581.74 7412.57 0.32 
689.77 712.70 5535.83 0.22 
625.51 732.87 7987.66 0.35 
548.06 597.14 6930.45 0.39 
671.73 552.51 7270.51 0.21 
574.10 549.19 5868.71 0.42 
569.70 559.28 7303.14 0.43 
575.56 561.36 5824.27 0.42 
638.15 628.38 6421.79 0.37 
594.18 594.68 6223.05 0.49 
561.50 546.76 7116.51 0.29 
717.47 614.86 6372.37 0.70 
551.51 612.35 6675.05 0.21 
678.63 653.76 7033.83 0.33 
728.58 692.07 6782.15 0.27 
613.96 566.13 5970.40 0.55 
552.07 640.03 6876.18 0.48 
752.25 576.79 6834.36 0.21 
562.60 681.27 7107.22 0.44 
561.70 546.62 7810.40 0.32 
554.42 613.25 7337.34 0.28 
607.14 609.55 7570.74 0.16 
675.75 596.80 6570.90 0.62 
593.88 629.83 6726.54 0.24 
590.24 551.88 6982.35 0.40 
562.04 577.22 5594.18 0.40 
715.32 782.23 6467.89 0.37 
727.56 618.99 6357.14 0.49 
725.06 623.88 7417.67 0.40 
651.23 609.03 6030.01 0.41 
840.48 654.53 6474.26 0.29 
613.26 546.51 6636.92 0.42 
644.52 733.74 6833.50 0.36 
547.10 626.72 6201.24 0.53 
627.46 710.78 6570.57 0.53 
550.72 642.72 6627.45 0.49 
653.85 575.50 7565.65 0.39 
576.51 643.07 5832.72 0.37 
563.30 609.69 6702.66 0.37 
611.97 601.72 6993.20 0.18 
637.58 542.93 7286.93 0.49 
599.60 586.69 5804.99 0.48 
649.29 561.77 7028.59 0.44 
553.81 631.72 7021.30 0.45 
652.36 609.31 6829.59 0.54 
587.56 677.85 5645.07 0.50 
701.76 579.74 6852.45 0.32 
598.63 557.89 6304.72 0.39 
633.33 585.11 6628.30 0.46 
602.80 614.66 6570.53 0.57 
733.33 654.14 7782.53 0.24 
774.83 707.60 5153.94 0.25 
685.15 554.59 6824.94 0.43 
649.33 596.41 6585.85 0.31 
540.53 547.29 6439.83 0.39 
545.87 808.60 6647.49 0.43 
574.53 649.83 7448.50 0.22 
740.76 609.74 6079.87 0.44 
546.73 591.96 5046.74 0.44 
589.05 582.62 6246.16 0.32 
549.84 676.45 7712.45 0.24 
657.50 542.21 7793.89 0.36 
563.45 646.22 6533.79 0.22 
562.06 590.17 5746.34 0.31 
553.46 694.42 6971.24 0.39 
598.34 572.81 6230.03 0.35 
573.83 601.97 6368.24 0.32 
644.42 712.63 7021.51 0.45 
696.71 565.76 7684.82 0.43 
630.54 760.17 7044.41 0.25 
746.23 661.93 7075.35 0.47 
777.90 739.84 7337.30 0.29 
627.37 595.53 6890.32 0.24 
735.18 645.54 6718.28 0.41 
707.88 627.78 6326.07 0.48 
685.27 561.42 7786.61 0.38 
714.95 740.35 6917.50 0.28 
647.32 597.29 5747.26 0.34 
591.59 794.83 5996.17 0.54 
600.96 657.35 5495.91 0.37 
567.12 591.00 6463.04 0.33 
650.34 641.92 6712.50 0.49 
668.65 548.27 7423.18 0.27 
547.43 569.82 7384.18 0.35 
776.20 581.91 6812.32 0.41 
711.48 554.43 7170.84 0.18 
705.20 559.02 7389.58 0.36 
570.93 723.98 7658.49 0.56 
542.06 591.81 5502.42 0.48 
567.15 706.89 5997.65 0.41 
583.53 665.27 7388.59 0.43 
577.71 582.39 7289.68 0.49 
633.82 560.12 6014.18 0.46 
690.06 625.18 7384.36 0.29 
662.67 550.43 6855.02 0.26 
713.03 766.64 7261.66 0.34 
578.45 564.28 7378.06 0.33 
647.00 642.18 6534.62 0.56 
715.15 577.47 7186.31 0.35 
556.32 710.36 5968.64 0.21 
589.74 771.62 6348.39 0.39 
653.58 577.24 6651.52 0.45 
547.27 766.76 6221.57 0.46 
626.41 574.76 5760.99 0.45 
601.39 593.44 6505.14 0.29 
626.82 570.62 6491.93 0.38 
568.20 560.20 6793.34 0.32 
555.27 670.16 6367.42 0.34 
562.83 557.64 5764.09 0.39 
589.36 661.21 7095.37 0.59 
557.18 568.49 6385.23 0.34 
562.28 713.28 6100.75 0.48 
567.29 559.68 6806.49 0.43 
605.51 660.06 6945.31 0.30 
586.91 553.82 6041.98 0.55 
584.90 584.03 6818.15 0.52 
693.85 548.97 6352.65 0.23 
554.85 576.59 7476.81 0.52 
564.79 639.00 6813.91 0.36 
651.04 586.69 7202.33 0.40 
581.28 667.29 7592.80 0.51 
592.68 667.79 6232.54 0.39 
717.80 583.58 5620.99 0.23 
586.15 715.41 7895.98 0.42 
612.74 548.40 7779.60 0.42 
690.45 599.62 6703.16 0.41 
631.00 718.95 6139.86 0.27 
572.40 602.03 6657.71 0.29 
630.32 638.93 5685.94 0.51 
648.28 580.63 6448.42 0.30 
626.68 789.38 5647.36 0.48 
649.63 674.38 6564.49 0.34 
550.89 567.07 6918.15 0.23 
