630.75 579.12 7844.37 0.35 
703.45 560.47 5762.75 0.24 
582.92 561.54 5959.17 0.71 
695.50 544.94 6307.75 0.24 
562.41 653.60 6043.35 0.32 
554.49 560.63 5759.59 0.44 
610.75 640.95 6637.57 0.34 
554.10 756.76 6162.59 0.45 
596.98 761.88 6557.24 0.38 
610.27 555.98 6490.20 0.47 
687.83 733.84 6831.98 0.45 
604.76 555.17 5862.61 0.34 
637.33 544.71 5947.34 0.39 
636.05 573.24 5949.13 0.55 
543.47 604.02 6930.94 0.31 
549.93 709.07 4998.46 0.39 
574.97 565.28 6230.58 0.50 
576.96 591.56 6637.47 0.32 
592.01 572.88 7550.77 0.28 
610.29 687.39 6244.33 0.43 
542.99 547.52 7126.46 0.34 
556.84 733.67 7161.42 0.32 
547.90 590.04 6603.78 0.26 
615.83 573.69 6702.60 0.48 
643.30 819.70 6867.09 0.52 
586.99 548.83 6673.66 0.50 
552.93 556.45 6945.28 0.27 
594.84 656.02 6474.17 0.38 
602.51 545.86 6059.64 0.60 
639.91 541.63 5607.16 0.34 
585.09 678.36 7098.41 0.39 
685.14 679.10 6650.14 0.45 
544.25 567.01 7904.90 0.24 
565.40 632.56 6344.71 0.55 
599.09 546.85 7531.94 0.33 
769.42 573.02 6746.10 0.28 
720.93 644.63 7089.76 0.39 
756.28 587.83 6062.82 0.37 
791.52 547.92 6820.65 0.42 
608.31 634.66 6559.87 0.38 
638.21 764.01 7274.01 0.53 
