699.66 576.15 6861.51 0.36 
580.04 568.67 6667.56 0.52 
542.87 562.22 6794.48 0.29 
848.54 665.34 6928.99 0.31 
680.57 607.26 5389.28 0.43 
631.18 548.08 7399.67 0.45 
660.10 573.73 6099.64 0.58 
559.50 570.99 6734.03 0.42 
725.80 601.98 6141.83 0.38 
592.80 587.48 6540.05 0.39 
562.45 748.79 5423.61 0.23 
604.54 541.55 6579.06 0.39 
640.86 598.77 7123.95 0.47 
588.91 603.75 6852.74 0.38 
557.35 568.19 6415.50 0.28 
644.80 595.32 7669.58 0.36 
748.90 598.28 6340.27 0.54 
577.48 596.19 6995.46 0.53 
556.42 747.60 6671.93 0.48 
574.95 583.14 6891.49 0.39 
603.56 561.28 7101.62 0.34 
722.25 573.60 6796.90 0.27 
556.02 616.36 7150.98 0.24 
588.84 576.39 5961.65 0.17 
565.59 792.45 6797.43 0.27 
552.14 618.82 6026.43 0.41 
579.09 570.46 6743.80 0.19 
745.24 675.36 6963.36 0.18 
569.89 636.61 7327.43 0.33 
713.41 727.75 6695.69 0.37 
617.58 689.25 7035.85 0.51 
669.64 630.07 6720.57 0.61 
583.77 849.32 6646.99 0.37 
542.08 672.04 6039.06 0.32 
729.31 649.21 6953.63 0.34 
642.72 804.98 6928.85 0.33 
639.47 609.99 7357.13 0.40 
579.47 617.94 6847.59 0.35 
540.71 740.84 6106.74 0.52 
563.21 556.10 5643.00 0.34 
662.55 543.16 4753.26 0.44 
631.29 591.39 7871.14 0.25 
549.98 581.97 6831.15 0.44 
574.88 555.48 6384.89 0.40 
704.71 567.24 6750.14 0.38 
548.10 592.56 5701.43 0.41 
752.86 606.08 5968.06 0.38 
591.69 597.95 7393.96 0.40 
680.71 543.16 5658.07 0.43 
684.28 606.89 6902.82 0.50 
654.43 686.08 6011.70 0.41 
639.17 579.63 7092.35 0.35 
584.31 548.41 7583.44 0.38 
568.11 586.97 6911.71 0.52 
540.48 591.34 7411.83 0.38 
608.77 599.58 6211.78 0.38 
697.82 677.74 6280.10 0.37 
676.18 716.78 6306.31 0.37 
689.93 823.99 7264.98 0.44 
605.69 588.72 6822.20 0.37 
548.06 642.83 7011.21 0.51 
641.51 574.38 5880.50 0.43 
592.93 608.77 7196.29 0.53 
564.31 616.76 5812.04 0.48 
576.45 552.32 6742.35 0.47 
725.71 565.70 4923.75 0.37 
572.89 579.68 7060.25 0.37 
709.71 689.20 6315.24 0.64 
604.93 743.31 6918.83 0.41 
732.36 636.49 6770.48 0.39 
572.74 641.76 6539.13 0.32 
