377.61 404.88 0.52 8149.23
621.21 643.92 0.11 7624.19
585.76 363.19 0.39 6929.88
787.04 529.54 0.10 7620.77
61.13 55.58 0.08 8654.27
463.24 283.90 0.44 7272.37
314.17 455.84 0.57 4854.84
53.79 215.93 0.55 10504.59
828.20 335.44 0.53 4965.86
759.19 409.49 0.58 6670.71
56.44 962.18 0.23 5503.39
899.96 66.14 0.23 7541.00
690.38 537.82 0.22 7982.83
898.99 583.75 0.34 9312.27
528.39 412.92 0.07 8045.78
120.53 142.19 0.37 6470.09
834.85 123.74 0.48 6631.37
979.87 333.84 0.55 5438.15
986.32 726.04 0.07 6913.09
666.92 237.68 0.21 6243.78
443.65 373.93 0.08 6732.61
462.75 989.44 0.07 8501.06
860.60 484.77 0.40 6069.31
712.91 879.98 0.52 6105.87
452.93 234.80 0.56 7958.90
904.37 115.83 0.02 6679.72
969.53 904.18 0.14 8065.44
563.62 106.80 0.30 4852.70
326.26 173.70 0.45 6879.69
917.56 844.63 0.20 9764.75
693.87 435.34 0.40 5081.67
580.04 9.77 0.41 7387.47
12.62 953.38 0.51 5515.93
943.36 362.82 0.36 6905.92
330.29 498.34 0.36 5719.49
61.28 526.38 0.13 8117.39
26.29 778.61 0.60 6385.43
57.90 779.13 0.03 7825.33
323.62 580.24 0.53 7455.90
443.03 730.70 0.28 6367.87
316.10 240.36 0.06 7755.21
236.10 526.13 0.27 6381.00
137.34 451.73 0.30 6271.25
534.29 55.64 0.45 7271.35
443.41 32.25 0.19 6521.76
951.20 633.60 0.57 6117.87
629.33 995.96 0.60 10681.29
600.36 843.78 0.15 8122.20
798.35 255.83 0.36 7113.27
466.38 131.61 0.39 5548.75
197.25 99.80 0.51 5119.74
996.58 871.47 0.23 5966.54
19.17 135.47 0.26 5651.76
559.10 834.70 0.54 6689.15
268.87 474.57 0.31 7753.57
292.16 829.53 0.23 5403.37
462.55 289.90 0.14 10023.49
38.46 886.30 0.29 5490.17
54.06 264.72 0.35 5985.46
414.94 840.16 0.12 6100.82
969.01 979.43 0.03 8580.13
80.20 983.75 0.19 4350.95
639.38 536.75 0.33 7161.09
685.46 25.04 0.35 8773.38
656.33 203.95 0.44 6537.44
618.82 20.52 0.37 9565.89
650.30 393.36 0.51 7912.29
672.13 553.69 0.58 6889.88
491.14 411.89 0.16 6490.13
50.84 665.14 0.20 6254.29
338.25 833.81 0.15 6831.43
254.75 472.70 0.18 8042.34
271.87 664.80 0.13 5968.08
94.70 330.41 0.40 6744.05
602.72 975.82 0.09 6496.26
89.36 831.68 0.54 6015.30
541.04 546.03 0.09 8735.75
928.16 48.96 0.29 6502.63
486.27 820.17 0.17 7012.99
923.69 980.91 0.53 9848.99
533.64 695.72 0.15 5582.82
467.36 452.14 0.27 9100.05
85.85 514.08 0.44 7185.13
620.41 461.09 0.03 8894.28
35.74 578.40 0.23 5723.88
385.95 169.91 0.22 6550.69
604.45 955.38 0.46 7272.94
52.95 443.40 0.54 3791.54
807.88 254.03 0.24 5974.42
232.62 641.84 0.11 7180.56
945.33 196.44 0.14 6101.39
497.83 392.13 0.15 5556.52
39.15 690.69 0.22 9870.35
409.84 50.27 0.24 5467.26
974.64 328.91 0.17 5908.53
833.23 644.95 0.31 5766.78
723.80 305.48 0.55 7132.24
656.36 62.37 0.34 5338.25
644.73 231.03 0.51 7236.77
495.79 863.81 0.14 8802.58
256.49 486.42 0.19 7566.48
48.35 693.54 0.53 5960.84
68.67 194.72 0.14 4564.88
55.22 878.50 0.22 6581.84
792.25 896.57 0.58 5359.95
33.03 722.12 0.47 9014.72
174.52 348.63 0.43 6324.88
146.03 890.65 0.25 5555.00
79.52 496.24 0.06 6804.70
295.57 144.10 0.47 7753.94
609.20 156.27 0.49 7889.36
327.15 780.10 0.53 6901.98
523.61 339.39 0.26 8902.47
191.89 102.02 0.12 7204.01
585.15 978.32 0.24 6551.28
713.09 87.35 0.02 6963.67
974.42 468.51 0.16 6808.36
583.10 12.83 0.22 6583.20
819.46 79.53 0.19 4684.63
848.30 782.10 0.08 6980.30
279.13 583.95 0.24 10371.99
341.91 797.54 0.22 6205.27
655.19 302.54 0.49 4812.06
823.56 566.95 0.27 7315.40
15.06 501.17 0.37 4892.24
86.25 232.28 0.32 8018.79
792.95 775.06 0.02 6256.45
634.79 457.63 0.26 6683.34
417.62 40.04 0.20 4861.05
395.24 38.99 0.07 8746.79
810.16 178.40 0.29 5105.94
464.11 740.30 0.48 8872.86
229.65 232.98 0.52 6516.93
117.67 452.14 0.07 6561.64
769.42 719.26 0.42 6550.05
122.71 646.64 0.38 6426.43
516.23 806.65 0.40 6586.58
274.01 652.84 0.30 8341.61
607.51 279.70 0.60 7184.06
995.25 476.37 0.54 4319.41
544.54 890.62 0.14 8023.14
363.30 151.95 0.39 7596.23
691.89 727.72 0.60 6222.50
387.38 440.98 0.23 7029.74
544.24 422.66 0.19 8442.49
145.22 744.91 0.39 6339.68
411.26 726.86 0.06 7744.48
117.38 590.15 0.44 7164.74
288.05 702.12 0.56 5850.40
949.76 679.16 0.57 4524.54
