47.82 332.49 0.17 5600.40
740.94 706.01 0.07 8284.47
72.44 574.36 0.49 9069.19
525.68 597.16 0.40 8195.55
650.22 950.26 0.17 5693.21
388.39 761.55 0.01 8555.47
706.66 758.51 0.23 9534.44
575.23 382.61 0.43 6833.79
271.47 943.87 0.03 7028.60
357.54 2.72 0.11 7463.74
141.23 411.46 0.16 8134.94
18.44 629.36 0.02 7898.06
397.25 68.75 0.36 5419.91
749.39 391.98 0.40 4903.59
223.16 319.92 0.21 7799.31
585.77 20.79 0.11 7988.65
632.96 922.88 0.02 4694.33
328.72 213.14 0.60 5706.93
327.94 95.82 0.14 7188.97
256.07 110.39 0.20 9074.01
695.05 869.92 0.02 7430.31
807.55 67.80 0.35 6002.52
444.17 601.19 0.39 8912.28
403.91 993.65 0.36 6679.25
99.56 601.95 0.57 5154.86
471.54 600.10 0.13 5079.10
974.04 549.51 0.54 6374.85
167.36 11.63 0.03 7482.11
210.18 75.73 0.17 8665.78
921.54 316.40 0.00 10065.02
435.90 489.45 0.28 6122.62
225.91 574.65 0.40 6418.94
168.19 904.40 0.24 7477.56
714.56 880.79 0.37 10795.07
617.12 268.31 0.32 7256.76
699.95 970.88 0.11 6688.83
427.98 589.71 0.17 8132.59
223.06 549.62 0.01 6978.74
690.76 810.89 0.23 7663.89
402.95 935.93 0.52 6853.54
941.29 339.85 0.35 6526.52
67.01 827.27 0.04 10178.07
452.44 828.15 0.55 6549.87
951.09 868.36 0.22 6900.81
282.92 837.96 0.40 6521.77
526.29 155.39 0.15 6838.11
313.91 984.81 0.34 10293.58
612.88 725.51 0.44 5548.40
677.00 242.27 0.41 5635.85
542.05 750.28 0.12 10232.31
346.26 173.35 0.13 6324.15
411.70 622.04 0.24 8085.97
889.92 438.89 0.46 6060.34
527.99 552.86 0.02 7090.46
127.42 937.00 0.16 7603.29
24.82 516.47 0.21 9183.02
169.68 221.64 0.24 4053.97
258.23 791.54 0.31 6950.11
414.12 458.57 0.50 6854.89
968.14 296.40 0.35 8923.68
248.98 820.57 0.26 8805.09
499.92 703.94 0.19 7054.79
382.47 496.49 0.33 9009.06
945.31 303.14 0.23 7210.53
87.50 466.90 0.59 10138.90
371.10 102.89 0.43 8040.86
262.86 846.18 0.58 6067.39
549.32 890.22 0.05 8752.60
921.24 721.76 0.09 5201.48
79.93 16.86 0.18 7483.89
451.60 296.47 0.53 9572.33
858.03 434.72 0.37 3454.11
267.56 152.85 0.30 7346.85
92.86 243.48 0.37 6553.01
204.03 526.08 0.43 6016.16
649.95 889.70 0.18 7680.43
510.83 28.44 0.57 6747.52
794.66 705.68 0.01 5884.84
139.01 393.05 0.15 6549.11
237.01 934.27 0.46 5420.86
396.25 784.63 0.59 6219.88
294.23 30.81 0.09 7175.08
60.48 748.73 0.32 7743.59
502.49 32.19 0.27 7939.68
140.42 353.48 0.18 7136.64
758.67 960.98 0.28 7347.86
431.60 646.77 0.20 7319.99
188.30 975.18 0.22 9057.23
343.62 469.22 0.31 8108.80
788.93 368.41 0.38 5898.94
749.51 545.72 0.36 8202.52
543.11 10.53 0.42 6949.41
736.76 710.12 0.22 10295.40
409.20 333.64 0.46 8347.11
45.15 900.84 0.42 5731.27
142.31 299.85 0.11 6562.07
528.34 163.23 0.05 5077.23
347.90 661.76 0.21 6713.75
913.26 737.27 0.21 9635.13
876.18 721.66 0.49 10672.16
