448.46 224.19 0.46 5847.82
645.90 813.30 0.11 7427.29
348.21 501.42 0.42 5969.39
794.07 942.52 0.30 4863.01
744.23 161.59 0.20 4840.10
357.65 614.90 0.27 6883.30
637.89 489.50 0.16 6892.27
995.86 221.34 0.14 5504.74
974.43 835.60 0.07 8283.88
444.20 955.67 0.23 6979.93
871.77 759.36 0.22 5787.72
976.97 366.34 0.39 4674.67
475.04 489.20 0.49 4778.17
525.03 721.68 0.59 5265.00
968.01 146.83 0.58 4824.72
970.14 383.19 0.08 6750.18
8.50 576.82 0.24 5577.15
653.02 282.75 0.08 7905.82
925.78 351.21 0.40 8229.68
157.08 790.73 0.10 7382.63
696.23 847.11 0.49 8593.05
502.99 73.29 0.53 6464.38
255.17 991.80 0.36 7285.65
331.43 875.81 0.17 8547.27
586.12 483.02 0.39 4189.96
666.10 90.24 0.17 6102.63
35.16 991.74 0.30 5990.92
628.16 885.54 0.03 6750.46
959.66 193.17 0.55 6430.01
813.44 877.97 0.49 6630.12
170.65 157.94 0.24 5617.27
764.96 191.99 0.55 8433.83
491.23 599.08 0.28 4532.99
626.36 633.20 0.38 5168.12
510.64 300.34 0.08 8437.98
878.59 472.36 0.52 7445.92
239.27 819.75 0.21 6623.30
563.70 383.05 0.24 4887.59
526.21 506.13 0.09 6896.67
738.09 472.17 0.19 6762.16
55.74 623.16 0.25 6091.21
196.69 501.81 0.48 6200.81
488.81 984.69 0.49 3833.84
197.31 89.00 0.44 6139.36
682.13 131.53 0.24 8692.51
250.38 698.52 0.19 4491.84
466.22 860.03 0.47 4882.96
370.80 582.56 0.33 7679.55
215.99 363.75 0.29 9465.74
332.53 924.21 0.45 5535.07
472.21 607.93 0.15 5727.97
468.48 596.99 0.09 6903.68
824.12 537.51 0.01 6199.74
282.17 374.23 0.60 5350.66
792.80 365.65 0.36 4978.35
584.63 794.66 0.55 4655.54
334.39 904.28 0.42 10010.02
158.01 709.42 0.51 4347.44
864.10 853.40 0.59 8386.50
750.38 891.63 0.04 8797.36
779.03 816.86 0.20 6053.00
824.04 864.42 0.28 5332.09
546.90 521.90 0.50 7131.49
975.35 993.02 0.35 4814.05
857.40 296.55 0.56 6614.32
201.95 828.38 0.12 9283.86
652.69 176.31 0.32 7909.34
726.26 866.38 0.27 5942.05
540.99 687.06 0.05 4758.97
462.62 17.51 0.08 4305.72
101.18 64.59 0.33 7534.23
633.33 224.50 0.13 4304.89
317.23 27.25 0.03 5093.05
117.69 966.39 0.40 5728.30
266.83 456.17 0.09 7696.00
976.70 827.59 0.28 4674.21
285.40 471.82 0.07 6869.31
909.22 116.71 0.27 7043.69
865.18 777.19 0.55 6468.88
899.46 870.70 0.20 6188.68
527.89 828.71 0.58 7833.20
671.42 627.14 0.16 5674.01
969.91 579.34 0.52 6074.33
21.16 14.46 0.25 10544.08
152.66 395.93 0.24 5327.56
709.77 33.86 0.27 5231.46
655.31 76.75 0.11 6254.54
884.01 77.41 0.09 7382.63
193.03 696.46 0.02 7373.79
922.53 166.88 0.36 6362.28
809.23 718.19 0.05 7582.57
121.48 832.59 0.46 5635.30
367.60 369.77 0.04 7867.04
739.77 192.91 0.02 5922.58
784.48 573.88 0.42 7763.93
494.62 483.47 0.43 4694.07
648.08 544.95 0.42 7251.61
309.92 17.43 0.11 6586.98
266.52 920.76 0.60 6531.78
618.83 83.31 0.16 7373.00
618.63 924.37 0.29 4642.07
440.41 44.90 0.47 10277.77
135.90 324.81 0.42 5915.02
912.44 188.36 0.09 7954.45
634.35 73.37 0.31 6663.46
325.67 79.87 0.55 6094.32
302.90 155.75 0.10 7234.76
162.50 909.03 0.24 5184.60
526.53 408.15 0.31 7647.13
380.48 44.54 0.55 8490.21
871.67 367.75 0.22 7109.00
779.77 421.18 0.14 7243.13
511.32 490.43 0.34 9261.15
60.70 226.85 0.10 5161.37
796.28 817.19 0.45 6809.09
667.70 189.93 0.33 7028.20
723.83 191.69 0.60 6335.75
188.05 976.35 0.45 5362.67
402.87 171.96 0.27 4207.23
521.78 302.35 0.48 6749.99
21.04 420.73 0.38 5155.24
297.96 725.93 0.54 6986.58
904.48 784.25 0.01 6576.53
894.38 620.80 0.58 7937.58
791.36 864.61 0.35 5936.71
799.52 731.03 0.03 7894.20
643.13 319.41 0.50 6895.11
297.79 415.22 0.26 6002.61
430.13 425.72 0.43 4614.12
853.45 621.65 0.49 5329.67
892.54 273.73 0.23 6228.35
439.03 816.93 0.40 7281.70
171.87 919.80 0.42 7593.38
230.47 138.78 0.55 7709.75
273.46 846.53 0.57 4944.99
973.78 181.29 0.31 7176.20
893.13 8.15 0.07 7949.53
293.75 975.30 0.47 7471.82
848.04 194.11 0.55 6016.36
676.43 757.59 0.52 6441.09
281.50 330.65 0.22 5923.37
927.29 752.45 0.55 6673.94
542.81 304.86 0.14 8184.18
84.99 324.87 0.18 6828.25
622.32 301.15 0.24 5074.23
281.63 923.33 0.15 7428.18
795.62 795.18 0.47 4908.87
202.83 306.06 0.19 5778.89
834.07 286.83 0.03 8126.70
192.75 447.24 0.18 4977.10
645.75 589.44 0.20 5970.99
432.23 363.77 0.58 10152.36
221.71 711.42 0.15 5586.95
277.04 759.49 0.16 6838.78
21.04 302.64 0.44 5763.24
833.67 814.88 0.53 6075.53
465.96 501.13 0.41 5493.82
676.30 756.10 0.45 9773.91
386.95 684.12 0.00 7010.56
248.60 902.03 0.07 7399.68
730.60 604.97 0.19 6609.31
184.85 302.06 0.28 5512.36
555.65 696.57 0.44 7116.85
223.61 723.47 0.13 7647.02
42.40 794.47 0.55 3890.81
316.53 407.82 0.19 6382.51
203.12 509.36 0.19 5182.14
851.19 900.19 0.12 7736.01
210.71 986.89 0.23 5778.11
587.46 498.84 0.28 5662.14
578.60 419.57 0.18 7103.77
939.14 771.94 0.34 4862.93
672.26 681.06 0.39 4674.35
641.19 780.84 0.57 6018.06
504.03 123.65 0.13 8230.41
