40 8 17 66 4 15 24 64 19 70 28 34 21 3 48 30 16 35 45 55 13 69 53 11 14 29 38 50 56 39 37 26 60 43 49 47 41 46 33 54 10 7 67 6 59 31 9 65 61 57 51 32 52 62 5 12 23 68 22 58 27 20 1 2 44 36 42 18 63 25 
Moving time: 23.11 117.63 179.70 196.38 248.63 276.26 333.97 397.90 533.66 583.17 604.08 685.06 776.52 836.20 871.61 895.62 974.00 1016.20 1033.43 1163.65 1207.82 1283.03 1339.35 1359.35 1402.03 1493.92 1527.27 1585.78 1605.50 1675.63 1754.41 1811.43 1848.08 1888.87 1986.97 2031.40 2087.46 2116.67 2213.64 2249.23 2260.44 2384.79 2449.64 2553.37 2598.27 2680.58 2686.21 2701.50 2780.15 2827.78 2862.13 2876.69 2911.08 2979.40 3109.77 3202.58 3300.98 3340.47 3503.02 3526.15 3594.60 3660.53 3820.08 4012.66 4041.73 4137.81 4247.77 4330.97 4474.89 4568.31 4592.79 
Best fitness: 23.00
Worst fitness: 27.0
Average fitness: 24.67
Alpha: 0.50
K: 0.02
Crossover probability: 0.50
Mutation probability: 0.10
Change mutation operator probability 1: 0.15
Change mutation operator probability 2: 0.15