45 5 65 26 62 80 57 2 77 82 6 46 58 53 84 19 54 28 17 68 38 47 70 69 43 31 83 75 90 30 25 67 48 74 66 51 23 14 39 3 40 50 44 79 86 15 88 29 35 87 27 60 32 49 59 12 52 73 61 64 63 21 81 22 33 71 4 36 10 72 41 85 7 34 20 13 18 78 55 11 9 56 37 24 42 8 76 1 16 89 
Moving time: 53.52 93.46 227.08 245.01 260.47 298.96 347.61 374.37 401.02 430.49 471.29 544.12 600.00 680.15 717.66 748.32 778.33 849.23 859.81 978.63 1004.66 1009.03 1072.99 1143.16 1255.92 1278.47 1287.68 1321.20 1354.51 1499.19 1526.89 1587.65 1622.19 1641.08 1711.26 1819.72 1842.87 1859.37 1943.76 1985.95 2022.32 2099.01 2103.85 2243.60 2281.89 2330.80 2450.46 2492.53 2516.68 2570.53 2610.94 2644.26 2699.10 2773.54 2905.44 2940.42 2994.13 3129.14 3266.53 3282.69 3299.54 3370.37 3382.91 3407.29 3487.73 3596.25 3631.35 3696.43 3774.58 3802.16 3909.37 3935.01 4066.47 4086.18 4123.57 4224.90 4271.96 4286.56 4298.98 4356.15 4380.95 4411.09 4491.46 4585.24 4724.73 4801.22 4922.78 5024.73 5078.86 5107.17 5295.63 
Best fitness: 33.00
Worst fitness: 39.0
Average fitness: 35.77
Alpha: 0.50
K: 0.02
Crossover probability: 0.50
Mutation probability: 0.10
Change mutation operator probability 1: 0.15
Change mutation operator probability 2: 0.15