22.22 344.93 3980.53 0.37 
118.71 92.39 4847.16 0.49 
99.18 453.41 4385.07 0.38 
419.05 838.35 3756.79 0.51 
196.41 618.73 3617.55 0.41 
894.39 358.88 4219.34 0.51 
210.25 315.93 4632.73 0.15 
95.52 43.10 4883.38 0.37 
792.63 647.22 4574.22 0.37 
360.26 368.04 4236.60 0.49 
590.98 791.72 3934.12 0.42 
800.93 281.85 4145.51 0.49 
56.56 791.52 4915.07 0.50 
744.41 443.01 4353.08 0.37 
799.44 435.10 4898.99 0.40 
15.63 565.02 3138.64 0.58 
519.68 2.50 3174.25 0.30 
586.74 804.63 4262.00 0.23 
840.23 111.72 3785.22 0.16 
43.12 707.73 5189.59 0.47 
798.03 251.29 4514.38 0.39 
161.76 129.29 3902.17 0.42 
224.85 340.22 4384.18 0.42 
416.50 976.52 3552.63 0.61 
939.29 754.13 4037.83 0.43 
67.05 807.17 3731.84 0.42 
266.51 266.88 4245.45 0.30 
445.47 732.89 5412.73 0.27 
355.00 741.40 4907.21 0.51 
304.36 732.31 4128.35 0.38 
541.55 766.02 3644.00 0.38 
458.11 135.98 4166.33 0.38 
360.18 764.21 3320.58 0.36 
142.65 487.91 5624.33 0.62 
950.19 42.56 2946.54 0.50 
394.20 264.52 3745.00 0.28 
609.33 306.05 4414.19 0.25 
545.13 604.01 3419.84 0.60 
91.73 28.43 4791.48 0.20 
540.70 597.19 3434.11 0.39 
265.25 772.80 4068.60 0.23 
967.15 159.28 4314.94 0.35 
732.97 810.45 3991.14 0.38 
364.92 651.17 4348.22 0.38 
566.75 771.37 3666.02 0.41 
887.14 374.64 3678.91 0.41 
992.94 305.27 4062.49 0.47 
597.22 719.88 4070.69 0.38 
571.25 955.09 1615.81 0.24 
519.93 3.65 4195.07 0.40 
493.37 405.29 4565.75 0.36 
942.88 74.07 4163.30 0.27 
240.06 613.90 4084.00 0.35 
779.80 263.21 2888.74 0.39 
131.40 859.92 3081.58 0.44 
61.03 694.38 3304.27 0.25 
706.91 617.64 3773.99 0.41 
710.17 767.56 3513.90 0.56 
319.59 227.66 2522.03 0.46 
739.23 588.87 4394.47 0.44 
524.59 282.63 3720.43 0.22 
277.32 429.92 3745.47 0.33 
507.79 336.80 5422.17 0.54 
512.95 15.56 4377.34 0.44 
919.53 225.41 3545.86 0.24 
637.63 578.03 4353.22 0.51 
552.74 826.90 4741.74 0.28 
332.27 478.05 4395.62 0.59 
601.14 291.16 3764.87 0.28 
730.90 593.34 3507.17 0.34 
33.32 507.57 4172.02 0.33 
261.46 191.16 3581.05 0.15 
470.44 200.70 4535.75 0.34 
326.65 228.74 4344.26 0.31 
922.72 467.89 4904.11 0.26 
612.55 824.04 4649.35 0.28 
651.40 646.37 4177.42 0.35 
456.17 384.93 2472.61 0.52 
123.80 97.07 3985.82 0.27 
359.92 719.79 3618.90 0.64 
629.26 185.56 3697.76 0.29 
499.79 533.62 4044.72 0.47 
249.71 435.76 4420.67 0.52 
160.76 463.32 3084.93 0.50 
921.09 429.94 4999.40 0.59 
67.14 163.57 4259.86 0.29 
689.13 567.71 4237.98 0.44 
814.86 623.61 4151.65 0.31 
627.24 709.08 4419.46 0.55 
207.49 595.50 3722.27 0.28 
433.81 82.28 3947.78 0.33 
537.31 731.50 3915.00 0.46 
416.04 599.22 3854.82 0.43 
418.10 262.86 4105.62 0.46 
366.18 991.41 4036.38 0.49 
989.04 70.98 3990.50 0.28 
979.78 450.91 4840.39 0.45 
380.09 87.59 3874.64 0.47 
705.36 867.99 3228.12 0.26 
612.44 659.78 4335.01 0.51 
766.25 323.79 3452.52 0.40 
