741.95 605.58 5040.17 0.57 
586.13 353.45 3908.13 0.36 
94.49 865.32 3514.04 0.35 
848.18 109.06 4352.36 0.23 
551.34 474.73 4051.30 0.58 
8.65 650.40 4262.65 0.63 
816.70 407.06 4211.62 0.42 
910.74 674.98 4573.90 0.38 
575.03 804.35 3816.51 0.15 
459.09 380.39 4514.23 0.36 
535.41 17.78 4286.61 0.35 
968.49 258.36 4601.82 0.48 
408.76 915.68 2910.61 0.48 
652.74 599.86 3079.14 0.42 
832.63 420.51 2998.50 0.29 
964.93 949.21 2050.07 0.54 
14.12 463.20 3505.33 0.32 
876.31 89.25 3380.11 0.56 
303.97 598.94 4214.47 0.35 
303.53 901.57 4279.70 0.42 
763.61 31.51 3113.75 0.46 
836.38 31.27 4850.12 0.38 
27.33 1.13 3380.25 0.38 
640.34 369.01 3804.35 0.30 
894.92 554.41 4319.63 0.34 
15.06 131.23 3841.53 0.43 
382.24 923.31 4088.38 0.31 
71.94 728.23 4427.89 0.37 
691.13 774.11 4506.83 0.35 
487.22 626.99 4128.23 0.37 
283.07 768.66 4161.13 0.64 
314.62 278.46 3869.73 0.30 
16.86 420.29 4921.35 0.51 
569.11 637.11 3092.64 0.48 
968.47 478.40 3557.82 0.50 
275.97 371.26 3332.58 0.53 
935.43 781.88 4354.30 0.42 
114.34 77.84 4272.24 0.39 
849.79 66.51 4355.32 0.48 
757.37 472.99 3803.74 0.44 
7.70 868.78 3787.34 0.59 
750.56 943.29 3576.97 0.53 
562.76 854.10 4007.93 0.43 
893.81 91.38 4661.44 0.48 
530.87 416.59 4739.47 0.32 
859.28 87.58 3471.05 0.39 
289.63 696.11 4591.48 0.37 
336.88 108.00 4268.03 0.31 
413.66 574.22 4486.74 0.38 
641.00 774.00 4417.23 0.39 
623.03 220.38 3988.42 0.48 
117.48 949.94 5620.03 0.51 
604.21 232.28 4525.20 0.43 
179.41 163.41 4032.63 0.45 
728.16 857.74 2791.72 0.38 
586.88 207.09 4093.44 0.29 
987.97 599.88 3524.60 0.34 
20.65 602.19 5251.97 0.35 
326.56 232.34 3232.30 0.44 
827.47 755.14 4115.84 0.35 
455.09 817.84 4136.19 0.34 
417.65 40.50 5065.54 0.32 
72.50 301.99 4670.48 0.46 
449.57 180.17 4183.93 0.34 
400.26 108.41 4618.16 0.38 
54.53 161.90 3960.90 0.39 
222.22 491.52 3085.47 0.38 
745.74 317.01 4638.25 0.57 
262.65 204.60 3719.90 0.47 
762.30 837.92 2821.83 0.40 
106.44 945.57 2905.45 0.43 
761.39 11.53 3908.58 0.38 
839.70 576.85 4498.20 0.45 
464.58 334.77 4203.93 0.37 
808.49 942.21 3192.87 0.30 
958.41 796.15 3158.50 0.25 
15.68 280.24 4110.17 0.31 
351.10 293.73 4368.74 0.35 
622.71 455.48 4255.73 0.42 
797.97 28.06 3484.17 0.37 
234.25 82.43 4474.83 0.23 
66.47 883.17 4097.23 0.37 
322.55 831.89 3534.22 0.37 
749.52 181.46 3214.98 0.45 
514.31 900.67 4152.32 0.43 
523.18 676.94 3493.70 0.64 
2.58 555.37 3515.66 0.51 
944.57 407.74 4986.82 0.37 
59.02 475.69 4014.52 0.52 
800.27 752.80 4459.95 0.26 
275.49 114.55 4531.39 0.27 
937.33 181.92 4318.47 0.34 
540.54 640.92 4741.41 0.49 
472.99 223.89 4410.31 0.39 
903.02 58.09 4142.78 0.40 
808.54 838.61 4434.33 0.42 
956.03 507.23 3710.98 0.32 
633.61 917.40 4176.25 0.42 
518.79 425.90 4097.19 0.26 
154.46 67.80 3944.54 0.31 
545.56 376.89 4947.83 0.59 
810.05 196.86 3539.04 0.39 
961.36 878.21 4617.80 0.35 
340.06 988.33 4000.63 0.58 
638.39 224.57 4637.20 0.41 
966.43 987.98 4090.09 0.50 
877.38 9.24 4812.57 0.32 
763.40 246.13 4224.39 0.54 
451.29 138.94 5129.42 0.36 
778.39 912.32 4542.65 0.50 
677.86 528.57 4814.04 0.41 
777.76 694.54 3452.11 0.39 
801.20 205.49 4603.65 0.40 
416.18 59.68 3880.49 0.53 
634.18 221.07 3783.95 0.52 
348.75 605.89 4836.21 0.40 
413.95 929.05 3467.77 0.46 
139.70 336.74 4476.28 0.32 
886.21 854.59 3447.40 0.49 
485.41 36.05 4185.25 0.47 
12.17 444.27 5162.43 0.34 
112.31 518.39 4377.38 0.41 
401.53 495.19 3423.61 0.18 
977.57 917.92 3927.55 0.51 
647.28 442.71 4051.94 0.37 
973.93 97.47 3646.51 0.22 
472.08 10.44 4070.44 0.46 
996.24 695.25 3491.34 0.27 
804.33 957.20 4204.07 0.40 
879.02 780.23 4447.50 0.42 
164.51 894.33 4410.96 0.46 
669.21 824.67 4168.67 0.53 
652.96 887.23 2598.80 0.35 
901.39 6.34 4599.72 0.46 
249.99 930.79 3879.62 0.62 
831.25 271.60 4287.07 0.48 
443.66 423.82 4198.98 0.48 
935.17 186.32 4001.45 0.37 
531.39 628.04 4343.23 0.39 
766.20 205.10 3583.73 0.40 
456.09 337.49 4330.59 0.44 
480.22 443.74 3640.66 0.29 
158.59 802.18 3798.39 0.48 
907.90 456.63 4616.70 0.32 
94.21 430.31 3902.31 0.33 
990.25 525.47 3805.57 0.27 
476.25 166.01 2835.29 0.39 
147.35 949.77 2894.52 0.35 
693.17 320.97 3993.01 0.48 
783.09 200.69 3250.95 0.34 
184.52 287.89 2825.08 0.37 
