688.50 278.49 4412.54 0.39 
229.64 527.67 4884.67 0.35 
196.84 555.39 4416.70 0.34 
458.93 198.69 4121.29 0.35 
598.56 469.37 3194.58 0.36 
446.05 415.42 4756.00 0.10 
382.16 13.52 5151.94 0.38 
936.66 755.04 2817.97 0.34 
940.74 964.60 3717.98 0.10 
603.18 593.29 2836.32 0.43 
387.27 814.50 5218.69 0.54 
495.43 933.09 4262.56 0.47 
11.16 274.99 2820.57 0.37 
825.36 44.69 4711.23 0.53 
202.75 197.41 3545.65 0.49 
15.85 272.95 3795.77 0.28 
303.86 37.21 4799.18 0.43 
121.59 533.24 5319.89 0.50 
897.86 946.88 3932.07 0.47 
970.41 976.13 3515.72 0.45 
531.21 959.19 3105.47 0.45 
