412.32 788.56 3115.77 0.36 
565.97 639.67 4118.17 0.26 
112.85 36.65 3554.25 0.33 
947.08 883.71 3323.21 0.47 
135.36 830.10 3919.61 0.59 
633.40 343.69 3673.64 0.32 
591.11 111.71 3571.20 0.45 
680.92 112.06 4939.16 0.23 
685.67 672.60 4098.31 0.35 
646.36 526.87 2398.85 0.42 
29.84 755.90 4152.80 0.42 
480.55 27.64 3950.43 0.32 
242.08 749.00 4492.71 0.43 
501.88 895.99 5028.79 0.36 
721.92 308.28 5210.44 0.29 
628.37 80.21 4537.93 0.40 
947.98 477.44 3682.75 0.38 
589.69 483.70 4315.33 0.39 
431.88 352.03 5615.25 0.33 
936.01 554.75 4183.06 0.47 
136.05 118.93 3565.95 0.58 
253.73 673.58 3623.61 0.30 
598.41 257.94 4562.90 0.44 
928.20 129.23 3446.87 0.51 
577.20 875.02 4090.28 0.41 
35.08 618.76 3522.12 0.16 
875.51 472.36 4096.22 0.38 
866.27 403.31 4309.43 0.47 
285.42 521.78 3348.61 0.67 
209.41 6.00 3335.59 0.55 
728.15 455.85 3556.31 0.27 
703.08 635.50 4540.57 0.36 
598.44 729.10 3819.67 0.41 
422.37 133.75 3495.21 0.37 
751.92 422.04 3663.83 0.40 
741.87 958.70 4255.85 0.33 
223.93 97.98 4595.90 0.53 
547.21 570.59 2645.19 0.37 
621.87 800.50 3687.16 0.48 
983.47 157.33 3174.02 0.45 
691.99 863.73 4005.93 0.37 
242.00 239.58 2988.82 0.55 
92.18 653.21 3535.31 0.36 
889.37 684.00 4795.03 0.40 
186.82 158.97 3212.00 0.18 
67.06 634.28 3206.93 0.44 
266.12 110.98 3003.30 0.51 
562.74 969.91 4122.25 0.34 
44.04 708.23 3060.83 0.49 
438.69 13.96 4503.86 0.54 
435.00 264.49 4485.42 0.55 
154.89 239.92 3890.12 0.43 
294.69 834.40 3938.50 0.49 
141.35 848.25 3305.01 0.58 
144.97 843.98 4087.38 0.39 
641.91 982.19 3762.61 0.38 
513.08 697.58 4084.44 0.43 
597.93 485.64 4700.67 0.41 
792.30 452.16 5604.66 0.50 
984.09 941.74 4802.76 0.46 
882.90 757.98 3156.50 0.57 
606.81 5.56 3432.71 0.33 
970.63 77.07 4059.08 0.56 
80.33 8.25 3702.13 0.49 
834.26 557.18 4472.62 0.48 
794.12 480.41 4042.37 0.34 
997.53 104.53 3494.41 0.41 
860.25 650.85 3580.85 0.40 
824.26 45.84 3460.33 0.28 
601.16 421.78 3873.53 0.10 
533.39 74.46 3561.71 0.54 
318.89 615.91 3996.51 0.31 
834.69 850.83 3606.54 0.44 
229.32 14.03 3667.25 0.42 
972.10 980.77 4913.60 0.41 
291.64 448.60 3798.09 0.35 
942.47 71.37 4334.12 0.51 
598.68 849.03 3658.02 0.41 
330.78 1.77 3431.50 0.35 
291.98 25.22 4838.70 0.41 
882.13 420.88 3405.17 0.36 
41.54 267.26 4175.80 0.50 
695.01 165.74 3738.05 0.37 
789.71 690.05 3350.17 0.44 
864.26 790.41 3024.96 0.29 
148.39 83.31 4224.90 0.25 
886.39 606.25 3582.64 0.55 
894.74 779.47 2391.73 0.33 
39.83 599.41 3741.51 0.42 
911.32 428.13 5045.53 0.43 
910.74 742.10 3222.31 0.49 
529.43 285.39 4254.98 0.30 
907.59 620.68 4615.73 0.43 
68.83 675.47 3800.49 0.51 
918.24 928.72 4310.25 0.48 
821.88 161.34 4873.01 0.29 
650.09 319.41 3558.64 0.24 
345.72 936.66 3196.67 0.45 
860.73 871.27 3108.34 0.31 
633.31 306.54 3372.30 0.40 
853.77 129.36 3484.17 0.48 
103.45 405.93 5714.42 0.46 
767.05 363.77 4002.51 0.15 
844.64 576.92 4886.56 0.47 
319.33 504.81 3283.70 0.59 
768.49 917.07 3235.76 0.28 
573.46 724.46 4785.75 0.53 
270.32 266.72 3222.18 0.44 
701.09 32.84 4606.51 0.42 
290.28 433.24 3820.37 0.46 
744.48 634.53 3398.94 0.40 
842.16 380.24 3661.79 0.40 
527.18 368.28 4605.92 0.39 
795.31 832.73 4393.73 0.30 
498.32 955.28 4338.44 0.43 
11.32 670.59 4594.42 0.48 
747.55 262.31 4604.39 0.27 
550.03 276.72 4762.53 0.52 
311.45 498.51 3765.03 0.37 
153.71 860.85 3020.18 0.31 
332.30 495.72 3901.90 0.33 
323.16 649.04 3943.89 0.57 
518.55 655.37 4850.13 0.45 
132.18 682.52 3800.77 0.32 
600.49 99.34 3488.97 0.35 
246.36 43.28 3387.65 0.47 
246.87 250.84 4762.63 0.46 
68.16 367.37 4002.96 0.39 
897.68 846.33 3859.39 0.29 
312.53 39.25 3612.07 0.32 
628.18 984.36 3116.21 0.28 
806.27 10.92 4517.17 0.38 
960.62 635.21 3867.74 0.45 
722.30 558.61 5485.83 0.32 
216.71 341.29 4486.48 0.41 
517.22 789.30 3905.06 0.49 
807.91 47.19 4362.74 0.35 
391.50 418.56 4016.71 0.21 
808.33 915.64 3865.36 0.45 
377.47 355.89 4484.57 0.40 
278.28 57.94 2837.60 0.54 
66.73 312.91 4478.17 0.37 
403.74 671.62 5049.77 0.27 
288.64 870.13 3641.37 0.22 
401.18 611.25 4463.08 0.54 
660.57 841.45 4096.43 0.45 
887.90 789.29 3249.42 0.19 
155.21 18.27 4260.62 0.28 
629.33 520.95 3511.21 0.26 
614.80 381.21 3225.32 0.57 
107.99 389.52 4223.10 0.33 
325.98 74.09 5066.98 0.43 
588.68 957.56 4104.82 0.19 
327.15 47.63 3621.01 0.49 
423.91 613.65 5410.02 0.37 
423.06 517.41 3135.20 0.51 
408.67 597.16 2993.03 0.29 
936.17 728.63 4263.92 0.52 
478.22 245.57 4666.74 0.55 
931.27 979.39 5844.88 0.46 
883.98 362.83 2984.30 0.24 
48.57 191.55 4395.77 0.31 
886.50 306.82 4188.19 0.41 
602.02 315.46 3628.11 0.56 
688.72 572.60 5322.42 0.49 
315.04 560.50 4035.76 0.35 
784.35 829.75 3448.38 0.18 
936.90 420.55 4898.83 0.61 
615.11 222.98 4832.68 0.39 
112.60 40.79 3669.55 0.30 
683.96 319.69 4341.45 0.31 
760.19 995.87 4527.84 0.43 
340.72 83.29 4674.35 0.43 
975.87 627.74 5247.36 0.56 
891.18 253.68 3548.70 0.46 
163.28 852.41 3878.37 0.45 
541.98 253.82 3734.47 0.50 
834.28 678.34 4279.42 0.39 
812.66 331.65 4301.33 0.26 
910.00 493.69 5050.50 0.49 
266.41 849.33 3656.94 0.43 
558.64 647.44 2670.03 0.39 
843.54 95.28 3228.22 0.33 
728.62 658.64 3908.57 0.50 
351.75 509.61 3787.24 0.25 
798.14 994.08 4164.61 0.35 
167.35 960.60 4367.62 0.48 
784.57 225.34 2813.86 0.57 
337.82 510.18 4612.18 0.38 
597.56 248.94 2718.86 0.59 
722.89 671.96 4319.37 0.45 
27.17 377.19 3778.33 0.54 
754.92 348.46 3602.45 0.45 
824.41 500.52 3491.61 0.33 
796.74 678.58 2961.24 0.34 
34.52 215.48 3998.32 0.38 
892.77 814.94 4008.02 0.37 
7.24 105.51 3849.53 0.42 
185.71 958.98 3941.74 0.31 
442.44 65.53 3615.60 0.49 
154.65 723.49 4350.40 0.52 
