321.80 783.06 4419.13 0.37 
727.93 583.43 5062.35 0.53 
204.41 568.17 3346.30 0.37 
27.17 527.36 4124.51 0.40 
119.08 997.72 4246.29 0.44 
275.34 4.54 5049.09 0.37 
541.76 278.28 4724.90 0.49 
526.31 586.79 2944.70 0.46 
657.06 115.95 5446.78 0.47 
429.45 270.35 4300.73 0.41 
417.82 708.88 2981.25 0.33 
375.77 323.95 4368.32 0.47 
22.77 583.52 3928.09 0.51 
290.42 194.66 4149.32 0.46 
244.76 319.63 4319.66 0.37 
700.30 680.40 3251.82 0.47 
764.48 673.05 3953.47 0.46 
480.02 573.74 3263.13 0.43 
731.46 692.59 3443.38 0.40 
915.53 464.89 4554.77 0.39 
704.90 743.20 4857.85 0.49 
165.34 126.85 2894.58 0.39 
450.81 882.28 4613.77 0.34 
228.28 677.01 3951.95 0.39 
589.50 425.88 4062.34 0.46 
418.76 563.18 3850.45 0.44 
109.98 309.29 5017.79 0.30 
520.35 922.70 4548.00 0.37 
376.21 657.97 3121.80 0.33 
41.83 339.20 3857.46 0.42 
537.51 895.39 5061.29 0.24 
