295.99 267.29 4368.69 0.54 
825.43 306.79 3382.11 0.36 
996.83 947.81 3530.45 0.32 
886.50 673.49 3656.54 0.32 
440.34 197.20 3383.16 0.38 
657.44 279.04 4299.82 0.44 
696.61 40.90 4414.92 0.49 
9.30 125.38 3581.42 0.28 
271.35 110.56 3966.55 0.21 
185.35 964.73 3825.52 0.25 
395.72 169.67 3806.27 0.51 
901.62 680.13 4217.54 0.31 
809.04 557.81 4480.20 0.52 
562.96 229.99 4331.23 0.28 
585.65 557.73 5093.75 0.53 
248.72 845.00 3622.64 0.30 
131.52 47.17 4275.55 0.46 
588.33 274.73 5058.78 0.29 
816.08 665.10 4382.03 0.46 
665.77 979.32 2754.22 0.48 
545.79 125.04 3939.65 0.46 
376.34 312.40 5006.01 0.30 
179.20 410.10 3632.92 0.30 
61.27 774.37 5647.22 0.37 
44.34 942.85 5330.01 0.37 
8.37 174.40 3607.78 0.41 
982.55 632.25 3275.59 0.45 
414.83 135.96 4811.60 0.45 
603.18 48.33 2745.76 0.52 
434.62 440.04 3085.78 0.57 
607.70 89.74 3803.08 0.39 
894.12 614.05 4866.47 0.40 
705.77 7.96 4329.87 0.44 
460.14 350.10 4211.26 0.60 
396.89 793.76 4120.54 0.55 
431.15 446.59 3914.99 0.38 
587.83 866.33 3229.92 0.53 
732.49 200.56 3353.24 0.60 
35.68 21.84 4254.53 0.43 
106.44 488.74 4127.72 0.39 
89.36 379.03 3588.31 0.47 
