9.23 578.03 3687.99 0.39 
559.47 253.28 3742.80 0.55 
570.76 101.42 4259.31 0.47 
958.49 205.94 3152.76 0.29 
613.23 162.75 4199.78 0.39 
743.97 141.61 4351.27 0.47 
605.39 739.42 3481.81 0.49 
813.39 458.00 3528.80 0.37 
775.68 253.00 4058.47 0.46 
341.64 955.11 2878.34 0.30 
200.86 998.22 4375.12 0.22 
897.56 674.56 3907.13 0.50 
749.02 326.49 3168.71 0.49 
737.43 498.02 3906.47 0.41 
452.45 57.93 3772.40 0.45 
47.77 848.32 3694.62 0.20 
966.83 831.96 3438.34 0.39 
581.12 953.20 3986.12 0.45 
436.02 119.99 4522.06 0.38 
473.80 333.54 3833.38 0.38 
356.98 220.81 4037.89 0.43 
936.29 559.55 4025.28 0.34 
226.90 186.26 4958.70 0.31 
741.22 239.63 4632.06 0.38 
665.75 618.76 3536.08 0.50 
913.62 544.54 4475.67 0.24 
923.00 119.91 3143.44 0.33 
61.49 964.81 3921.16 0.38 
791.46 720.28 4288.24 0.29 
315.51 109.26 3339.02 0.50 
823.32 392.04 3752.27 0.29 
713.66 101.09 4207.34 0.43 
751.71 138.47 3709.29 0.41 
46.55 951.45 3971.04 0.36 
304.60 707.87 4423.57 0.28 
40.02 395.78 4341.90 0.17 
315.79 623.35 2993.39 0.59 
302.80 281.98 3990.78 0.39 
611.77 527.67 3309.50 0.47 
607.56 190.35 4614.43 0.28 
522.42 273.70 3867.85 0.50 
843.35 540.96 4446.32 0.26 
731.82 350.08 3270.65 0.52 
807.78 773.88 5094.23 0.46 
272.29 110.62 4629.53 0.48 
968.63 52.28 3330.24 0.49 
756.21 509.46 4879.51 0.46 
379.17 386.15 3469.66 0.47 
936.34 155.32 3837.17 0.41 
182.58 668.30 4105.71 0.28 
653.50 153.64 3925.56 0.37 
79.95 184.81 4688.77 0.43 
452.58 459.61 3529.61 0.33 
899.40 51.69 4367.61 0.44 
171.62 15.02 3803.64 0.19 
13.08 351.00 3994.90 0.35 
697.87 374.07 4965.02 0.51 
971.09 617.10 3824.40 0.44 
668.49 565.30 2666.35 0.55 
911.25 649.79 3747.90 0.33 
15.85 707.36 3371.27 0.49 
257.63 312.57 5008.72 0.31 
29.97 152.99 4420.69 0.44 
26.22 184.31 3667.29 0.37 
658.03 329.46 3052.69 0.50 
939.84 359.08 3401.21 0.27 
475.52 763.04 3785.66 0.50 
135.45 786.93 3542.45 0.21 
552.57 202.17 5251.35 0.41 
783.20 786.62 4518.68 0.34 
975.31 108.78 3946.84 0.26 
