671.31 121.66 4039.14 0.48 
228.50 236.43 4470.26 0.46 
309.36 999.78 3699.88 0.39 
472.23 214.30 4523.73 0.39 
376.31 440.58 3991.81 0.48 
335.54 701.84 4198.04 0.31 
454.78 727.43 3968.79 0.45 
253.70 823.80 3512.05 0.47 
263.63 401.02 3964.73 0.34 
592.09 122.64 4520.62 0.24 
355.41 642.29 4102.87 0.31 
571.16 146.84 5000.67 0.41 
320.43 999.80 4511.26 0.42 
966.44 227.91 3269.51 0.32 
934.71 273.73 3930.92 0.44 
861.39 185.45 4509.25 0.44 
670.42 639.37 5234.11 0.46 
520.64 921.83 4074.70 0.27 
459.26 221.26 3415.03 0.51 
527.88 234.27 4503.11 0.27 
331.57 844.22 3847.04 0.51 
101.64 655.44 5338.31 0.53 
396.93 320.39 4240.45 0.46 
567.65 36.57 3413.03 0.54 
760.37 566.97 5186.60 0.41 
390.40 789.07 4915.35 0.34 
138.76 975.25 3488.96 0.58 
709.34 909.57 4159.04 0.48 
736.49 608.28 3732.14 0.33 
704.48 915.63 4632.34 0.27 
19.35 36.21 4005.36 0.41 
249.61 729.58 5194.16 0.53 
380.39 422.68 4920.02 0.33 
572.07 57.09 2678.38 0.41 
888.19 51.52 3630.12 0.47 
100.33 437.99 4694.55 0.51 
742.54 984.89 3956.32 0.46 
373.33 495.54 4137.95 0.37 
207.93 328.09 3273.95 0.42 
40.23 905.86 3738.21 0.46 
454.27 451.38 3884.39 0.24 
279.66 754.64 4380.12 0.42 
285.36 999.28 4615.75 0.60 
802.60 578.03 3500.32 0.43 
388.41 67.46 3465.12 0.49 
312.49 908.72 4175.82 0.19 
777.21 216.60 4554.68 0.34 
424.48 306.70 3411.84 0.52 
142.17 142.32 4292.19 0.41 
589.97 964.07 3522.99 0.27 
55.11 657.38 3187.42 0.38 
232.90 180.12 4014.90 0.11 
425.05 942.71 3914.06 0.41 
733.42 530.48 2841.95 0.45 
362.61 771.85 3316.52 0.41 
950.45 953.72 3604.54 0.41 
111.71 40.65 3135.08 0.22 
964.95 381.31 3378.19 0.32 
952.45 580.85 3993.70 0.50 
664.64 898.94 4156.94 0.31 
802.17 991.27 5579.28 0.37 
643.52 785.98 4034.78 0.30 
552.70 379.31 3797.31 0.37 
825.15 499.51 4881.62 0.39 
221.52 213.93 3729.36 0.50 
858.67 691.68 4113.81 0.25 
578.61 400.82 3731.48 0.26 
7.60 445.09 3881.99 0.53 
686.47 603.21 3965.12 0.47 
229.52 929.43 5556.61 0.43 
479.85 355.02 3392.43 0.56 
914.35 799.31 3583.11 0.28 
167.97 705.83 5197.30 0.53 
241.29 624.56 4055.14 0.52 
493.31 762.42 4092.97 0.27 
970.36 51.93 3458.33 0.38 
187.11 265.39 3657.72 0.41 
292.32 902.76 4861.98 0.47 
857.41 179.79 5081.10 0.41 
916.10 4.40 4764.43 0.51 
895.83 558.96 4292.91 0.43 
