241.99 491.10 4327.17 0.31 
528.63 258.04 3144.32 0.45 
127.60 955.20 4042.97 0.64 
222.12 398.51 4334.15 0.39 
387.35 131.88 3856.98 0.45 
372.80 999.66 3031.77 0.56 
681.49 577.92 3180.02 0.46 
448.56 466.44 3815.29 0.47 
964.09 103.64 5072.82 0.39 
418.23 564.73 3895.16 0.39 
534.21 613.10 3613.59 0.57 
21.10 791.20 3759.92 0.45 
667.69 763.81 3630.32 0.50 
607.88 207.98 4794.35 0.49 
860.51 23.07 3567.56 0.37 
409.77 104.14 3904.19 0.34 
460.06 194.07 4052.72 0.53 
490.55 865.28 3693.87 0.39 
411.90 268.60 3910.84 0.35 
333.14 61.04 3989.49 0.35 
39.74 996.45 4649.97 0.54 
890.55 1.41 4912.96 0.40 
502.18 447.16 3214.59 0.25 
766.76 630.52 3685.96 0.51 
645.39 70.31 3939.60 0.50 
899.73 405.99 3830.69 0.38 
975.68 970.35 3828.24 0.46 
3.13 798.15 4496.62 0.32 
3.41 825.23 2731.74 0.37 
31.26 801.89 5063.41 0.51 
121.91 759.78 4352.46 0.42 
899.85 713.10 3650.53 0.36 
856.53 590.71 4927.69 0.46 
601.98 725.51 4468.62 0.43 
891.87 886.63 4772.28 0.48 
70.89 264.29 5498.45 0.43 
917.39 820.13 3681.94 0.51 
669.12 514.15 3872.90 0.36 
444.18 557.71 4530.84 0.42 
925.37 214.86 2326.66 0.43 
279.59 55.16 3933.04 0.26 
137.14 392.88 3357.19 0.38 
3.11 359.79 3787.54 0.37 
138.66 446.35 2410.01 0.34 
288.39 515.54 3227.57 0.30 
971.65 591.93 3275.58 0.51 
246.28 713.78 3896.89 0.34 
352.97 568.46 4013.01 0.31 
624.42 610.40 2764.80 0.37 
810.13 145.15 3862.99 0.38 
955.90 561.81 4573.03 0.46 
647.26 135.16 2666.05 0.40 
885.59 628.87 3941.73 0.45 
642.69 521.34 3593.32 0.43 
465.86 412.64 3964.27 0.62 
591.11 974.83 4319.09 0.34 
266.39 360.94 3802.07 0.25 
651.33 522.12 3165.35 0.31 
515.61 4.90 1956.54 0.27 
502.55 690.02 4255.60 0.22 
27.95 424.15 4646.24 0.24 
742.42 943.87 3517.97 0.35 
482.29 12.19 4034.45 0.36 
867.15 211.10 4365.38 0.57 
328.70 627.00 3979.29 0.37 
784.62 345.76 4793.39 0.51 
604.32 411.06 4744.13 0.41 
743.30 398.97 4908.42 0.52 
642.22 787.22 3707.46 0.33 
73.28 891.78 4819.41 0.33 
732.14 359.69 4704.61 0.25 
378.52 83.18 4110.45 0.33 
427.87 40.98 5127.09 0.58 
82.29 642.26 3128.34 0.69 
346.42 694.49 4909.52 0.40 
192.10 594.90 2369.21 0.32 
939.02 828.71 2494.49 0.47 
135.90 858.49 3589.13 0.46 
68.77 441.47 4759.30 0.38 
741.19 808.10 3454.75 0.51 
54.98 423.65 3636.81 0.36 
235.32 853.96 4110.09 0.45 
657.29 60.75 3107.05 0.17 
280.73 937.87 5437.40 0.42 
804.93 81.39 4077.96 0.55 
908.69 676.70 4250.67 0.44 
526.39 495.03 3590.18 0.32 
52.13 861.21 4129.88 0.31 
815.41 631.68 4044.13 0.35 
618.35 439.27 4005.16 0.43 
160.19 476.59 3866.68 0.54 
