452.48 143.50 0.04 4806.25
18.27 520.78 0.23 6633.53
199.69 812.55 0.40 7576.98
329.73 90.68 0.27 5741.52
161.00 428.20 0.28 7501.89
52.06 470.61 0.28 7351.62
911.98 850.75 0.25 7925.31
155.48 128.43 0.53 5984.24
38.02 435.06 0.15 4284.83
497.88 341.94 0.37 6082.02
495.38 534.14 0.03 6984.59
566.70 933.28 0.13 7157.22
745.20 781.94 0.23 7375.42
374.58 45.61 0.18 6701.10
302.96 479.03 0.33 6648.76
368.41 804.54 0.52 7315.71
773.87 525.79 0.22 5338.30
301.65 15.98 0.40 5119.38
974.50 663.99 0.25 8634.82
555.90 584.06 0.59 7409.62
626.50 736.78 0.54 6425.16
718.59 930.00 0.10 9778.22
85.94 134.12 0.43 6363.36
362.31 703.66 0.47 6851.58
901.75 974.90 0.20 6538.68
432.04 441.90 0.33 7008.47
815.91 270.07 0.25 8864.28
97.62 91.06 0.60 5616.81
24.46 327.69 0.15 7575.28
137.64 908.55 0.31 7198.69
538.44 988.45 0.10 7646.33
14.04 174.19 0.06 6140.04
16.16 653.46 0.59 5926.44
222.71 874.87 0.36 8546.78
844.73 742.92 0.19 7934.99
47.39 165.05 0.46 8892.10
268.95 729.85 0.28 6138.66
848.15 792.09 0.57 7341.37
140.63 947.99 0.50 7605.39
895.66 171.36 0.45 8048.58
664.76 848.96 0.13 8566.61
555.83 333.96 0.51 6729.56
664.85 39.16 0.30 8986.90
12.78 218.71 0.02 8147.04
259.76 873.24 0.39 4557.51
487.29 6.49 0.33 6598.47
85.10 928.72 0.48 7481.56
877.57 451.77 0.10 6609.53
197.95 994.47 0.48 6522.98
406.94 746.76 0.51 6698.35
433.90 91.98 0.36 7110.55
928.00 139.77 0.06 5907.84
388.93 117.62 0.20 7093.78
412.36 427.09 0.27 6610.94
536.64 937.04 0.29 6544.83
349.14 326.72 0.47 8584.46
262.70 112.73 0.16 6694.85
788.82 227.55 0.09 7245.88
846.47 796.45 0.37 5652.15
324.67 244.10 0.03 6042.82
20.18 917.79 0.47 6848.77
379.55 869.22 0.37 6793.10
734.94 933.49 0.40 9518.71
95.24 418.28 0.24 6644.54
311.61 858.52 0.41 7159.62
198.55 51.86 0.45 7156.30
795.55 758.77 0.38 6286.49
628.70 840.03 0.34 7827.59
83.01 265.59 0.30 6169.61
706.87 28.49 0.29 5141.34
120.33 598.71 0.26 6557.69
527.83 826.97 0.31 6708.42
394.15 769.35 0.48 5863.32
949.16 209.85 0.36 6459.20
502.26 612.83 0.18 6201.66
976.96 971.62 0.54 7968.40
697.77 844.12 0.11 7944.99
569.67 90.37 0.59 8023.04
272.40 54.67 0.53 7776.94
137.96 827.87 0.52 6981.54
182.18 615.51 0.31 5888.97
93.35 720.75 0.01 7499.60
805.94 76.48 0.02 7988.14
869.12 741.62 0.30 7312.32
161.64 138.25 0.07 6257.63
850.71 679.62 0.28 6463.53
320.17 501.32 0.09 7663.45
729.68 730.21 0.19 5786.02
601.84 310.27 0.45 5241.61
948.13 154.56 0.53 7758.22
301.26 5.74 0.05 6430.57
742.65 913.83 0.57 5738.58
761.38 580.62 0.57 7634.64
984.84 918.82 0.19 5281.58
585.02 299.35 0.04 6767.62
983.54 846.13 0.48 6224.18
20.81 465.03 0.44 7628.06
698.40 203.66 0.57 7095.75
809.05 67.51 0.58 6558.74
809.25 2.40 0.11 6210.76
501.27 513.88 0.58 6759.49
185.98 606.36 0.32 5954.18
633.50 680.92 0.03 9226.60
334.54 639.00 0.35 7388.48
937.33 308.87 0.06 8299.82
207.74 313.85 0.11 8140.94
251.89 210.13 0.37 7373.45
343.93 719.05 0.36 5451.25
660.67 215.88 0.10 5607.65
589.16 851.26 0.13 4324.68
368.19 407.69 0.48 7854.54
639.17 68.08 0.43 5860.43
312.87 350.22 0.42 9259.82
177.93 973.33 0.21 6297.62
622.88 391.20 0.43 6679.30
690.59 870.53 0.60 5906.31
508.96 791.48 0.48 6750.89
35.85 49.55 0.45 7913.80
458.52 349.31 0.04 7796.81
529.33 67.98 0.51 7947.87
845.34 106.70 0.10 8406.43
678.17 810.35 0.49 8149.62
288.83 812.21 0.00 5647.36
807.69 487.70 0.15 4429.14
410.49 512.02 0.29 6026.28

21019.19
