424.27 548.01 0.13 10741.90
587.79 464.38 0.29 8540.31
503.51 361.17 0.29 6221.99
623.18 451.14 0.06 8210.32
530.75 566.81 0.17 5930.36
456.12 489.25 0.30 7865.25
534.84 519.26 0.17 10040.51
419.38 476.29 0.29 5829.36
503.61 465.25 0.28 9820.45
489.38 495.21 0.20 8113.81
429.01 491.22 0.03 8107.86
483.70 473.86 0.26 5798.84
476.52 533.88 0.29 7099.51
496.09 531.72 0.27 9291.83
509.46 503.17 0.26 8818.36
512.62 535.13 0.30 10676.56
456.41 586.49 0.16 9253.53
530.91 518.80 0.21 10607.90
513.06 473.77 0.18 8147.18
416.24 536.76 0.25 5670.10
476.13 516.72 0.09 7736.47
473.27 524.91 0.13 9647.43
601.51 468.03 0.40 8724.40
613.59 579.70 0.30 7212.75
411.68 491.01 0.23 10662.50
502.67 509.97 0.14 10037.50
513.93 412.62 0.24 6936.69
545.55 490.23 0.16 8486.33
539.22 420.39 0.16 10472.89
540.22 473.60 0.16 10294.89
523.54 457.24 0.15 10198.58
435.40 563.10 0.05 8603.30
452.33 460.90 0.21 10146.06
420.38 485.10 0.13 7855.06
424.84 562.62 0.20 9761.70
508.39 463.47 0.20 7496.00
519.04 479.78 0.29 4984.87
480.56 418.88 0.04 7672.72
561.23 528.10 0.13 8976.32
459.91 512.37 0.08 8346.15
498.21 511.34 0.20 6184.90
476.31 505.72 0.33 7530.51
408.58 487.17 0.40 7132.68
448.96 503.67 0.15 5401.23
515.11 453.50 0.29 6908.70
398.01 500.94 0.29 8357.53
445.85 519.92 0.31 7259.71
429.21 502.18 0.35 9621.56
585.95 466.02 0.14 8825.46
477.32 491.90 0.23 7040.35
524.49 578.45 0.24 7427.67
532.39 406.01 0.27 9649.54
440.23 471.62 0.19 8597.58
482.74 501.89 0.23 7849.72
521.30 530.66 0.30 9415.74
515.47 519.16 0.18 5815.17
538.61 644.09 0.38 7609.15
448.56 470.71 0.22 7290.90
487.21 463.26 0.38 6374.26
503.15 471.27 0.24 6592.40
493.18 490.98 0.20 8944.17
480.78 438.87 0.04 10077.07
440.71 550.41 0.17 10183.63
546.63 489.89 0.18 10771.94
486.49 420.88 0.29 8944.52
462.21 505.02 0.20 10659.69
444.53 436.69 0.27 6748.71
495.57 555.47 0.41 7202.31
494.35 485.24 0.12 9429.42
460.71 487.25 0.16 7565.01
512.82 434.72 0.16 10411.38
393.28 477.66 0.14 10336.06
439.95 486.80 0.17 6761.73
457.44 471.07 0.32 8288.70
517.82 480.24 0.17 5731.76
660.85 458.11 0.26 10195.44
502.80 582.80 0.18 9738.38
541.62 446.74 0.34 8165.38
510.85 480.20 0.28 8545.33
575.93 620.53 0.18 5691.83
477.69 507.15 0.12 6073.10
457.89 562.79 0.22 9037.34
519.66 538.03 0.33 5644.62
495.73 544.91 0.18 8888.95
576.34 541.95 0.22 8514.50
550.04 558.15 0.25 5088.93
556.90 526.36 0.37 8891.59
514.71 450.71 0.36 7871.78
562.28 525.91 0.12 9110.98
460.02 470.36 0.10 9449.74
503.39 391.17 0.05 10742.37
485.46 482.94 0.13 8435.91
514.10 541.22 0.11 8833.41
448.59 511.40 0.22 8062.15
488.23 558.17 0.16 8841.73
476.53 496.20 0.29 5341.10
511.14 429.21 0.30 7299.53
613.08 569.80 0.13 10392.72
557.15 457.48 0.18 6781.92
488.81 444.19 0.24 7947.03
