510.52 434.55 0.27 7573.59
544.08 495.92 0.09 6358.68
532.33 513.07 0.30 8339.57
477.42 493.26 0.21 6165.53
482.06 465.62 0.26 3294.35
553.44 431.27 0.05 8901.47
516.81 393.33 0.17 7699.08
515.94 535.65 0.17 7087.79
509.64 489.71 0.15 10045.60
440.96 485.20 0.26 8046.48
582.44 537.58 0.26 10502.88
507.66 531.02 0.28 6228.35
568.91 611.19 0.20 7664.93
520.60 482.90 0.09 10701.30
547.34 463.14 0.11 7334.84
530.96 504.84 0.08 6668.84
504.59 499.33 0.19 9646.71
445.95 404.16 0.18 9178.94
482.14 448.42 0.30 8106.39
529.30 537.08 0.18 6168.47
564.47 458.14 0.24 4942.73
479.44 549.76 0.11 9585.57
504.69 498.01 0.10 7041.16
497.13 603.70 0.03 10800.00
492.74 480.85 0.13 6984.46
457.25 502.17 0.19 7833.40
466.83 493.42 0.28 8319.16
490.10 466.45 0.22 5886.68
541.23 491.20 0.38 6520.76
437.19 516.60 0.17 10698.11
471.34 429.87 0.34 6087.55
561.35 571.00 0.11 7935.40
463.89 541.46 0.05 5108.95
464.36 454.97 0.21 4119.72
549.20 515.15 0.13 6913.36
508.72 535.25 0.10 10506.22
545.41 513.71 0.09 10057.45
427.59 481.98 0.12 6185.91
623.14 477.20 0.27 7716.17
471.03 472.36 0.19 6958.36
474.56 520.44 0.27 7189.28
513.52 557.67 0.26 6538.88
405.30 514.96 0.23 9870.06
477.25 447.48 0.17 9252.42
469.43 531.77 0.19 3985.88
466.70 507.49 0.09 8388.40
550.07 502.75 0.13 5966.04
469.63 440.15 0.14 8422.59
405.11 579.29 0.10 7678.52
526.97 472.03 0.08 5725.05
448.80 541.83 0.28 5067.28
369.08 475.77 0.25 8329.93
509.74 534.41 0.25 5364.01
547.75 489.40 0.30 6814.85
537.05 458.69 0.46 7895.79
446.64 502.69 0.25 6501.17
499.00 428.88 0.28 6292.83
552.33 505.01 0.29 5285.84
523.29 452.24 0.17 8301.46
543.90 555.89 0.25 5199.75
536.92 552.98 0.04 7422.42
542.49 572.57 0.24 7445.63
485.08 539.83 0.21 5072.82
521.23 482.26 0.28 7311.11
487.41 529.61 0.29 6197.12
472.08 506.22 0.16 7304.17
419.13 509.43 0.11 9275.97
525.86 473.04 0.28 10182.20
547.93 453.70 0.17 8149.92
468.15 510.60 0.22 6423.90
455.50 564.92 0.21 5799.15
487.50 444.36 0.20 9282.78
502.82 571.19 0.34 9001.28
479.52 495.62 0.32 7804.17
592.50 562.87 0.33 8402.01
439.28 628.39 0.37 9983.78
482.78 478.61 0.25 7640.17
469.51 601.41 0.06 7676.50
543.64 480.13 0.26 9537.51
501.80 495.57 0.25 6653.06
612.67 514.09 0.17 7314.73
462.92 514.36 0.08 7414.84
460.65 497.06 0.13 4130.08
464.24 533.66 0.38 9076.13
492.49 491.94 0.15 7489.55
507.47 408.24 0.20 5853.48
538.70 436.70 0.33 8145.27
541.94 472.10 0.08 9857.97
425.50 484.06 0.23 10563.84
527.16 505.96 0.09 7213.97
440.76 615.59 0.16 9546.16
516.10 462.31 0.01 6039.91
488.18 496.38 0.17 6405.30
536.63 502.03 0.28 5296.62
540.51 479.13 0.32 7601.70
514.44 429.20 0.32 6346.97
517.19 588.38 0.17 7279.45
602.91 471.24 0.23 8244.03
497.58 470.18 0.14 5499.39
504.82 514.10 0.27 5941.27
525.14 423.78 0.20 5853.20
474.74 462.58 0.03 6628.17
388.11 432.36 0.34 10173.40
519.80 424.54 0.25 4790.80
444.70 453.06 0.25 7207.61
506.17 560.25 0.15 6955.70
581.55 513.55 0.35 10356.85
486.19 479.49 0.39 7600.30
541.07 510.63 0.19 8616.00
461.39 538.54 0.33 10307.74
520.93 426.77 0.27 5736.83
429.06 519.55 0.14 5662.12
524.00 455.65 0.15 7282.97
543.68 496.96 0.14 9687.36
583.89 528.55 0.11 7472.98
462.59 483.36 0.12 5377.20
478.24 463.24 0.26 8312.30
497.01 497.65 0.28 8982.35
442.42 512.30 0.15 6515.92
473.48 522.12 0.11 7612.41
426.68 515.87 0.11 7493.89
490.14 528.41 0.25 8983.97
402.69 565.71 0.12 8558.44
501.83 437.87 0.15 6273.52
524.02 473.28 0.18 6015.66
502.21 490.14 0.11 8825.18
571.61 557.58 0.24 6396.43
467.84 444.34 0.06 7202.09
517.17 639.29 0.29 9960.52
516.47 529.65 0.13 8836.28
441.59 516.37 0.06 5059.05
526.71 464.98 0.15 9904.05
429.86 526.58 0.32 7483.72
508.71 468.47 0.08 6521.94
428.81 489.92 0.35 6350.78
489.63 547.20 0.28 7504.56
556.77 464.25 0.13 7242.44
530.24 488.62 0.24 10693.65
496.93 500.84 0.37 6042.66
443.82 498.33 0.47 6652.54
522.75 495.62 0.42 7853.49
525.51 499.97 0.31 7725.82
464.10 552.31 0.25 5909.37
495.19 472.76 0.21 8901.41
532.30 464.76 0.22 6734.86
487.73 622.98 0.11 10217.91
536.50 461.92 0.25 9590.52
519.86 537.33 0.28 6391.15
519.94 413.59 0.17 8720.21
584.72 569.43 0.12 10260.37
498.67 484.56 0.15 8051.99
471.99 586.05 0.40 8520.12
485.16 541.75 0.07 6136.73
588.01 431.92 0.06 7447.87
472.53 553.86 0.08 7920.92
527.75 481.78 0.28 6734.21
515.27 448.12 0.16 8166.53
452.54 469.75 0.08 9549.49
503.22 513.97 0.20 6906.69
478.88 494.72 0.19 7252.59
673.37 417.76 0.20 5569.81
470.91 504.05 0.40 7572.34
594.58 507.18 0.12 7673.03
602.99 456.32 0.17 9294.64
489.53 493.13 0.29 6807.00
526.37 435.64 0.24 6297.95
458.74 506.53 0.24 7564.36
540.04 487.71 0.19 7443.21
459.83 472.92 0.33 6260.46
495.42 515.16 0.13 5589.29
425.96 610.23 0.21 8167.18
495.06 537.32 0.22 7068.58
532.01 471.54 0.30 10169.01
509.21 462.81 0.23 10013.07
565.90 478.20 0.18 7623.15
