29.81 186.14 0.02 3364.27
158.90 127.78 0.46 4678.83
7.99 153.92 0.35 4416.62
69.15 194.26 0.54 8086.25
45.09 327.70 0.52 2462.63
174.46 361.54 0.47 8862.62
3.90 345.42 0.21 4257.70
4.44 304.28 0.56 5020.81
154.39 425.46 0.49 3184.06
62.49 547.02 0.55 4060.16
91.03 548.93 0.36 6887.77
4.42 581.43 0.44 10201.54
24.26 615.36 0.55 6674.57
166.33 733.69 0.60 2242.36
25.46 644.38 0.49 884.90
119.89 610.24 0.50 7725.73
118.30 883.59 0.50 10535.97
51.00 885.21 0.45 10538.34
3.33 987.66 0.51 5392.72
33.19 990.66 0.35 8875.68
327.81 35.93 0.50 1114.98
380.64 44.79 0.46 9542.23
232.55 47.51 0.49 5746.87
211.32 186.68 0.40 9208.71
200.79 398.67 0.45 1470.54
218.84 372.46 0.45 2933.45
242.99 247.78 0.46 837.59
290.93 319.66 0.41 7384.91
220.64 444.29 0.40 4296.14
300.70 457.41 0.59 5785.25
216.68 530.32 0.53 701.18
213.63 510.63 0.54 4213.63
390.66 730.65 0.35 9091.98
386.27 689.97 0.41 7850.84
368.71 689.59 0.46 4650.06
376.08 729.53 0.20 4396.72
375.70 904.02 0.47 4134.95
324.45 868.42 0.55 5392.09
245.02 866.86 0.49 3343.98
209.40 834.56 0.44 4831.33
567.49 104.58 0.27 7791.57
580.06 5.49 0.10 6034.85
429.13 24.92 0.43 4660.03
507.60 50.26 0.50 7125.35
533.27 262.83 0.50 10404.67
596.90 379.83 0.57 3109.22
446.57 255.93 0.46 2501.51
457.31 243.70 0.41 7249.62
457.44 478.92 0.10 6519.89
591.86 404.34 0.55 6710.49
434.53 522.86 0.54 3767.95
534.21 419.87 0.35 2523.96
407.48 721.02 0.39 1830.99
457.66 602.62 0.37 1750.81
468.13 628.60 0.52 3874.32
515.76 791.87 0.16 9382.79
576.11 919.87 0.54 4159.37
592.16 983.49 0.32 5682.39
465.27 884.15 0.49 1654.09
583.27 983.52 0.49 3441.74
798.42 99.74 0.44 5764.14
725.54 2.55 0.56 3895.67
604.87 92.84 0.39 5909.00
660.39 67.63 0.60 2711.82
698.14 333.34 0.59 1587.38
704.48 276.26 0.01 1624.53
662.57 270.86 0.43 726.31
618.20 269.83 0.39 7425.86
601.60 463.72 0.47 3490.91
765.22 440.61 0.57 2258.51
755.75 504.25 0.32 6144.36
649.84 458.43 0.54 1922.72
705.88 603.02 0.38 3262.22
776.27 765.08 0.46 3725.23
616.98 785.03 0.43 2154.68
753.87 607.35 0.38 7486.69
703.38 899.01 0.56 3975.79
744.35 844.29 0.53 1609.91
602.95 801.22 0.36 9782.01
718.63 811.48 0.37 8804.16
811.60 141.10 0.50 1097.48
990.32 29.46 0.56 1459.31
978.67 63.82 0.56 5836.73
941.23 36.14 0.44 8915.94
835.28 305.51 0.51 916.72
852.55 331.22 0.46 9873.14
878.00 394.83 0.48 1846.39
985.10 208.33 0.41 2700.99
829.00 518.14 0.41 3798.01
840.97 486.46 0.37 9270.89
899.94 486.72 0.60 4000.29
985.55 406.48 0.45 3084.57
948.06 658.78 0.59 4694.60
995.72 624.70 0.26 1166.87
927.96 782.27 0.45 7999.75
930.38 657.16 0.42 5612.70
995.09 991.89 0.49 6490.06
891.59 876.65 0.42 2589.79
920.08 915.84 0.44 9552.34
900.69 804.16 0.58 3790.22
