362.36 455.42 0.47 3125.64
487.55 431.95 0.63 9399.85
505.82 568.48 0.65 8089.07
495.74 559.76 0.61 5091.15
485.93 552.56 0.37 1939.90
487.63 475.12 0.49 3937.14
517.83 511.61 0.40 10768.90
480.90 522.85 0.58 4225.13
528.44 507.37 0.24 9173.61
638.28 469.44 0.26 3475.10
510.54 580.74 0.48 10664.56
367.59 534.31 0.46 8046.47
534.39 503.61 0.62 3661.08
601.77 476.26 0.66 8499.31
540.73 501.01 0.56 1701.33
441.71 491.07 0.45 6173.14
455.53 492.62 0.42 3228.14
536.95 487.35 0.44 10413.84
493.26 546.49 0.48 5798.54
505.29 581.03 0.55 7239.59
497.67 444.97 0.51 8595.59
485.02 454.08 0.36 10288.72
549.93 546.76 0.63 9844.20
464.67 598.83 0.42 7439.39
440.61 548.95 0.46 6997.51
490.84 493.60 0.30 6923.39
585.43 488.13 0.57 5838.98
470.81 411.42 0.68 6674.82
431.39 509.19 0.55 4561.00
466.61 405.08 0.38 2805.68
522.07 519.93 0.58 10437.48
467.58 495.01 0.49 6276.71
458.19 443.02 0.68 1903.10
472.98 475.15 0.46 8583.22
526.33 541.23 0.54 1726.78
552.17 526.71 0.35 3677.14
528.16 475.37 0.64 7402.67
528.94 559.39 0.56 1788.55
420.09 434.04 0.63 4725.86
429.83 471.57 0.52 6144.74
540.54 507.97 0.53 803.79
524.54 561.77 0.48 6372.62
430.20 471.61 0.54 8493.91
496.12 438.55 0.59 4256.45
490.89 538.21 0.37 5902.53
529.20 520.60 0.51 4454.02
562.91 523.23 0.52 3695.67
459.18 505.97 0.59 952.96
506.61 416.19 0.33 2904.37
410.12 506.26 0.56 10476.47
434.32 447.76 0.52 2870.11
441.93 525.22 0.66 895.46
465.51 480.82 0.44 3352.11
580.86 587.13 0.62 3451.24
482.28 514.93 0.37 2038.92
563.80 674.66 0.36 6299.57
403.92 536.98 0.53 8370.40
518.64 493.56 0.61 9372.45
508.95 533.25 0.53 1068.38
442.19 559.01 0.50 2983.21
578.20 553.33 0.45 4332.19
570.56 579.66 0.49 5923.28
329.07 508.14 0.48 5373.94
507.18 506.95 0.29 2000.91
588.27 496.11 0.52 4520.17
488.40 590.68 0.57 5675.08
522.85 494.21 0.50 9733.83
580.48 416.80 0.42 3131.52
484.34 532.88 0.33 5328.92
578.35 531.18 0.49 8112.11
604.26 423.80 0.53 8182.79
417.51 501.99 0.53 2404.11
471.14 524.06 0.37 7545.06
509.92 576.84 0.53 5119.46
536.50 523.47 0.47 9283.05
398.14 484.46 0.45 1785.46
386.07 559.24 0.44 2945.67
579.55 510.54 0.55 913.13
460.62 551.94 0.67 8425.98
522.28 504.13 0.56 6555.51
455.18 499.18 0.67 9405.71
534.18 528.49 0.59 7567.91
547.45 534.90 0.49 4233.41
484.98 466.17 0.52 8653.19
557.48 454.31 0.36 9303.87
463.72 477.21 0.37 6130.50
487.33 585.40 0.33 4338.34
500.15 513.78 0.69 7547.99
549.93 538.18 0.35 4754.54
536.09 539.66 0.56 8968.79
500.08 546.36 0.59 10323.04
513.22 453.11 0.53 8834.84
491.27 502.25 0.56 8444.57
478.78 537.72 0.50 7763.85
526.31 496.95 0.42 7515.33
535.11 607.48 0.32 5052.55
581.53 436.31 0.45 9268.81
497.70 614.18 0.45 2531.76
442.24 498.95 0.64 7300.37
543.80 586.01 0.48 10397.96
439.13 519.83 0.52 1209.08
511.39 447.04 0.47 1488.47
461.94 499.71 0.55 3249.16
456.02 571.77 0.48 6291.00
441.44 486.06 0.61 3633.61
499.23 514.44 0.51 998.48
510.44 563.40 0.56 4816.96
472.54 560.04 0.41 2977.43
427.53 550.02 0.49 3087.79
477.60 498.80 0.50 6780.28
485.00 538.15 0.53 9155.18
393.78 477.38 0.48 1077.40
598.24 489.41 0.61 7338.08
552.87 562.70 0.41 992.74
550.03 466.11 0.56 10653.85
423.57 527.27 0.48 9587.85
470.68 439.94 0.40 3732.66
475.01 433.00 0.49 9057.64
571.76 465.90 0.51 2415.91
557.88 543.88 0.61 8555.47
404.71 465.17 0.47 7918.82
543.18 532.84 0.52 6899.17
598.76 447.62 0.47 1388.13
527.51 489.04 0.57 5701.71
434.06 502.88 0.63 3689.49
515.15 562.85 0.47 8042.17
463.73 485.83 0.49 3539.07
583.19 499.10 0.63 4248.01
443.38 512.26 0.56 10766.71
478.48 562.37 0.50 3961.27
537.11 476.17 0.43 9933.83
467.12 560.50 0.57 800.61
411.18 499.60 0.53 3153.18
461.58 476.06 0.54 1076.63
546.91 538.86 0.55 8389.40
577.03 445.86 0.72 5951.19
476.83 483.91 0.46 1930.88
436.77 457.84 0.63 8173.70
481.87 404.82 0.50 695.84
567.19 525.86 0.47 6382.00
521.45 476.86 0.47 2367.38
497.41 584.15 0.58 9912.37
532.32 497.41 0.72 6199.46
461.12 555.98 0.52 6696.86
516.34 544.44 0.33 6133.34
462.03 419.80 0.69 8548.72
521.96 449.85 0.51 3224.16
470.33 543.56 0.45 10497.84
535.93 495.69 0.52 1461.56
474.75 503.26 0.46 1348.39
574.68 539.37 0.62 1876.77
469.50 488.50 0.36 5208.70
514.78 410.84 0.47 6242.22
519.74 539.80 0.60 8290.43
531.48 462.69 0.57 3048.18
505.81 538.10 0.56 10717.99
572.21 527.12 0.44 8819.24
546.04 563.51 0.42 2336.79
477.96 598.69 0.47 7575.11
567.11 540.92 0.45 8226.02
523.99 439.18 0.51 9730.58
556.32 505.50 0.46 5251.21
485.24 545.58 0.46 3755.66
540.50 455.86 0.46 9360.16
436.97 427.10 0.37 2444.06
481.61 499.46 0.73 8417.19
479.07 505.51 0.35 2136.61
582.20 414.71 0.58 7613.43
468.98 431.17 0.40 10756.64
558.76 394.47 0.47 9055.05
431.04 390.00 0.63 6576.78
505.25 540.61 0.41 2898.05
531.10 435.20 0.61 9929.16
459.88 513.97 0.31 4379.18
506.83 495.47 0.60 7292.97
