390.00 476.52 0.30 4324.05
491.22 445.74 0.50 8296.43
477.78 527.06 0.37 2280.50
501.09 491.80 0.60 8023.85
414.51 556.68 0.52 10192.90
481.88 523.24 0.32 1342.37
496.84 570.30 0.48 5464.92
488.42 573.08 0.47 3550.54
496.08 518.24 0.52 7993.89
511.12 534.46 0.31 7157.77
578.19 519.97 0.60 8015.37
515.14 487.04 0.43 2214.28
464.88 533.25 0.60 5335.54
425.85 454.29 0.60 6374.74
457.77 494.32 0.50 5924.39
517.05 555.86 0.44 6088.60
495.49 537.24 0.48 2165.23
460.04 514.28 0.56 3146.71
541.55 465.78 0.41 6188.14
465.91 424.59 0.47 4997.22
509.59 580.77 0.60 2146.71
496.04 515.78 0.60 6458.13
502.81 490.74 0.31 4029.48
525.16 543.70 0.52 5028.14
517.70 403.84 0.52 6594.11
591.00 518.65 0.38 5693.47
527.41 541.67 0.37 7756.53
557.26 524.16 0.43 3118.32
546.05 621.09 0.49 4448.71
438.54 387.83 0.52 1897.19
517.77 498.19 0.40 4736.68
396.70 437.72 0.54 4039.80
483.92 457.08 0.60 2796.46
452.44 541.27 0.52 5600.23
523.88 503.25 0.45 4850.17
549.83 472.44 0.59 5507.94
526.88 505.73 0.60 4731.86
504.29 451.38 0.59 5350.92
566.02 478.10 0.55 3876.24
439.90 555.57 0.50 8011.49
489.58 478.42 0.60 1170.26
415.05 509.75 0.52 7409.65
481.47 522.47 0.60 7511.35
504.69 508.46 0.43 1164.77
458.60 532.91 0.43 5271.27
593.02 538.25 0.50 3726.36
536.82 508.61 0.42 4431.16
533.01 545.74 0.53 1450.59
513.15 564.73 0.60 10799.49
516.82 579.59 0.60 9247.43
531.44 420.40 0.58 5348.18
431.17 454.84 0.60 5753.11
512.98 434.60 0.51 6081.75
458.16 449.56 0.37 3259.84
449.86 509.62 0.41 7953.71
551.63 477.31 0.34 5565.04
427.89 496.39 0.52 9463.68
477.65 491.28 0.56 8889.66
580.06 459.37 0.43 3148.08
442.90 497.87 0.54 8532.71
539.68 568.93 0.43 9393.80
525.26 535.47 0.49 10021.37
437.64 447.78 0.45 5984.49
546.07 478.48 0.57 5231.49
539.12 435.48 0.43 5329.62
513.38 465.03 0.46 2043.54
489.58 435.01 0.54 10754.73
571.71 574.64 0.47 4785.89
537.14 613.59 0.49 2452.36
497.97 511.56 0.50 10137.24
553.15 529.35 0.44 5491.78
517.99 518.12 0.39 9908.76
541.08 540.44 0.60 9791.14
523.75 537.61 0.60 6392.59
497.34 439.79 0.36 1936.10
511.51 524.20 0.42 3858.71
552.74 510.09 0.39 2346.96
503.22 438.80 0.53 3790.14
414.36 551.31 0.33 3180.05
556.77 612.32 0.50 3010.02
439.32 588.87 0.38 7155.70
550.42 450.36 0.60 1378.07
508.07 473.63 0.48 3984.08
386.44 452.43 0.54 8186.55
518.21 448.09 0.28 10031.76
586.39 485.96 0.34 963.13
463.48 498.59 0.52 1056.54
554.14 641.41 0.49 1611.30
490.35 502.74 0.44 2213.28
559.04 455.50 0.60 8876.06
491.28 507.82 0.48 4792.14
574.76 579.03 0.60 9733.79
568.76 419.73 0.44 9518.20
470.24 432.73 0.50 2822.39
532.48 528.66 0.27 9788.14
454.81 496.58 0.60 1328.66
430.44 488.19 0.50 1690.29
569.01 481.45 0.58 10123.34
454.94 412.71 0.45 6717.96
520.25 534.48 0.33 741.96
486.93 477.60 0.60 4161.47
495.28 375.40 0.60 6998.92
478.41 527.99 0.49 6328.28
508.50 539.79 0.56 4030.22
512.56 524.58 0.43 7918.43
595.88 459.81 0.60 7051.92
504.76 557.77 0.56 4219.49
477.11 501.49 0.46 2820.32
548.66 515.44 0.46 2631.67
463.22 557.35 0.60 8684.72
503.02 480.56 0.17 5657.79
493.83 407.90 0.37 1320.13
587.37 472.94 0.37 1149.01
607.64 577.89 0.58 2655.48
555.65 454.43 0.55 5203.87
569.02 529.08 0.39 6973.97
570.79 483.13 0.46 8124.07
498.48 393.65 0.60 1635.76
482.42 450.83 0.60 7804.69
559.75 481.14 0.47 5890.82
509.58 483.30 0.49 2739.38
432.02 442.32 0.60 1224.37
551.82 504.29 0.37 10439.14
412.15 394.59 0.44 8388.70
549.56 528.10 0.57 5845.90
486.47 544.65 0.34 10067.51
527.45 416.04 0.60 3027.13
532.81 401.81 0.33 7040.23
482.86 555.83 0.51 4496.26
482.43 510.62 0.53 713.71
519.15 575.93 0.52 4781.37
512.90 569.27 0.44 1026.79
466.80 466.74 0.60 9490.00
563.60 498.01 0.51 2595.70
453.29 576.41 0.46 2030.40
543.35 548.20 0.52 2302.50
545.73 535.83 0.60 8204.93
488.59 514.68 0.49 7119.77
478.81 476.51 0.60 3076.19
471.09 416.00 0.40 1712.68
592.49 561.65 0.37 8782.36
439.86 414.00 0.53 9256.57
470.36 603.70 0.43 4394.48
539.53 430.21 0.38 9466.73
524.99 517.73 0.44 3503.55
378.65 498.63 0.60 3944.32
473.20 426.73 0.49 4894.83
464.90 529.03 0.55 7286.31
526.43 514.78 0.54 8019.87
415.74 445.28 0.60 1180.15
524.77 546.11 0.60 8853.41
506.55 534.73 0.51 691.54
536.52 455.40 0.60 4122.79
459.74 501.05 0.54 8019.72
480.65 500.38 0.55 1241.64
564.92 484.70 0.42 9055.07
539.24 445.06 0.40 7107.38
534.90 547.75 0.35 8069.67
534.32 538.68 0.48 1911.95
473.87 463.81 0.44 6127.00
384.75 429.94 0.49 658.22
558.20 415.22 0.31 6989.35
418.12 475.09 0.42 10073.34
513.11 554.53 0.59 4960.97
457.26 475.17 0.60 4136.55
493.97 491.04 0.35 2709.29
454.58 529.85 0.46 2784.54
517.87 504.87 0.56 7393.60
470.96 533.72 0.44 10548.44
458.70 510.07 0.49 8337.25
470.95 512.53 0.34 8039.33
535.26 561.45 0.60 10671.53
476.03 499.38 0.34 9430.50
489.30 389.61 0.44 2475.45
462.33 456.14 0.40 4379.54
441.07 462.81 0.41 6513.39
465.82 460.72 0.60 8668.67
550.42 472.35 0.57 1904.93
554.48 474.56 0.41 7192.11
527.87 463.23 0.46 9038.31
532.16 578.15 0.44 4066.79
514.77 500.12 0.60 2363.50
438.06 500.52 0.57 4237.48
491.95 493.28 0.53 2951.57
429.86 463.05 0.46 9732.05
573.47 524.11 0.60 7102.37
466.25 476.36 0.60 7196.22
440.10 538.40 0.31 9996.42
578.20 574.82 0.42 6921.76
435.83 497.79 0.40 10575.85
421.20 494.43 0.46 995.89
496.91 525.90 0.45 6623.36
504.52 497.80 0.49 1478.04
536.14 499.82 0.51 1276.99
413.09 490.20 0.45 3543.22
515.40 402.65 0.49 1999.93
502.92 524.47 0.43 5688.01
522.73 451.36 0.44 6728.13
510.36 488.55 0.33 9601.11
452.80 533.45 0.59 4859.29
