114.04 65.33 0.51 4753.31
73.94 220.91 0.51 9571.91
105.64 550.24 0.12 6902.14
2.46 705.54 0.18 1112.54
85.18 939.48 0.53 7271.81
158.67 67.66 0.35 9157.21
233.60 323.70 0.33 7331.87
123.57 504.41 0.51 10785.25
177.14 670.50 0.57 2679.80
132.55 884.52 0.50 3976.23
146.68 80.06 0.33 5918.02
182.98 238.24 0.53 6999.00
274.37 535.31 0.48 6557.29
255.49 706.96 0.46 6593.22
335.66 790.05 0.29 7529.26
412.23 143.45 0.50 6861.66
428.13 248.37 0.38 4408.18
432.27 498.59 0.49 3232.12
370.89 746.30 0.54 800.72
404.04 903.70 0.02 6306.12
460.77 89.52 0.32 1411.83
507.54 300.45 0.53 7456.60
404.48 504.16 0.59 6702.88
334.91 691.75 0.60 7090.42
527.20 944.11 0.38 6043.02
528.62 100.70 0.60 1998.66
550.45 311.00 0.48 1477.45
629.56 564.15 0.44 4396.48
528.45 617.08 0.51 2493.22
558.22 940.80 0.60 10292.08
616.00 160.11 0.39 6137.05
633.06 311.60 0.53 8407.20
765.24 505.58 0.42 8867.47
642.97 796.66 0.52 8986.64
640.33 976.56 0.30 1008.17
673.29 171.86 0.49 10750.85
752.95 235.86 0.46 3896.63
738.16 514.60 0.53 8973.43
718.38 711.85 0.50 7375.31
785.04 909.36 0.39 7125.42
805.58 93.22 0.48 7563.91
898.71 316.18 0.47 942.48
896.75 516.28 0.06 6175.72
902.13 706.02 0.40 2702.18
861.60 963.01 0.51 6861.12
949.17 107.36 0.47 3428.28
976.29 288.92 0.48 4023.98
999.00 582.85 0.50 2902.31
972.54 704.32 0.50 8442.67
956.88 991.20 0.31 4476.09
