887.94 613.96 4789.54 0.44 
643.41 671.45 3204.91 0.43 
783.46 895.75 4358.59 0.42 
605.02 650.50 3798.30 0.44 
919.09 667.36 3915.29 0.38 
835.89 737.35 5254.71 0.32 
552.99 725.59 2443.76 0.28 
889.94 664.78 3597.36 0.31 
798.24 824.92 4111.53 0.26 
602.79 666.66 4242.02 0.46 
739.79 670.28 4128.85 0.43 
861.76 738.90 5103.64 0.73 
803.66 809.07 4536.58 0.22 
869.32 654.44 5673.71 0.33 
806.49 853.63 4139.85 0.54 
1065.71 766.26 4945.11 0.29 
1060.24 1164.06 4774.64 0.27 
542.60 855.73 4224.38 0.43 
565.56 633.09 3031.99 0.52 
738.25 801.81 3722.90 0.41 
727.75 713.44 3673.27 0.53 
628.24 968.82 4536.07 0.44 
1052.16 550.10 4524.41 0.46 
561.21 722.61 3879.75 0.32 
712.84 664.87 4078.20 0.47 
554.84 548.83 4525.26 0.37 
659.79 638.93 4184.79 0.33 
584.36 597.16 4822.09 0.36 
780.38 760.07 2647.52 0.39 
603.73 615.80 4446.68 0.22 
662.52 634.97 4686.17 0.42 
551.63 834.57 3500.50 0.45 
963.88 966.32 3866.61 0.21 
702.17 711.86 3104.64 0.42 
715.83 618.93 4800.33 0.42 
816.33 993.85 4754.93 0.39 
613.63 729.24 3466.01 0.28 
616.31 827.37 4377.67 0.38 
752.18 667.12 2990.94 0.29 
620.87 1053.36 4088.70 0.43 
547.01 895.25 4331.06 0.39 
