692.88 902.29 3327.43 0.43 
643.88 697.56 2549.75 0.28 
972.74 895.96 3321.39 0.42 
673.83 691.81 3938.07 0.24 
684.80 637.21 4118.51 0.32 
555.74 659.26 2748.12 0.30 
1071.75 745.58 3245.36 0.33 
709.65 578.95 3761.11 0.21 
738.87 696.55 3652.37 0.42 
1225.14 617.07 4054.51 0.40 
751.62 563.94 4553.29 0.33 
711.42 828.66 4551.50 0.42 
644.26 608.71 4040.69 0.34 
832.01 609.63 4800.21 0.23 
614.99 692.23 4056.61 0.42 
576.55 652.59 3233.88 0.31 
747.88 587.46 4801.68 0.27 
720.39 558.88 3612.59 0.39 
578.32 782.39 4245.49 0.48 
784.25 667.60 3440.07 0.57 
668.00 852.42 3221.92 0.25 
