1149.37 616.81 3518.57 0.44 
871.65 723.94 3799.39 0.30 
573.58 778.22 3886.44 0.28 
1208.10 892.49 3444.84 0.29 
805.43 677.60 3545.28 0.42 
604.25 701.47 4247.00 0.47 
741.71 555.54 3039.56 0.33 
1050.96 663.44 4306.64 0.52 
666.58 620.84 3794.03 0.15 
701.78 568.87 2778.80 0.66 
655.15 571.76 3503.50 0.43 
737.83 679.65 3548.97 0.36 
803.11 895.57 4350.23 0.53 
704.05 769.29 4119.61 0.39 
808.29 739.89 4427.16 0.25 
663.34 549.78 3610.29 0.34 
613.22 873.81 3274.60 0.32 
701.76 738.19 3514.88 0.55 
708.55 604.14 4172.86 0.49 
797.81 603.36 4046.11 0.39 
682.09 633.38 3768.50 0.44 
656.23 802.86 4257.95 0.44 
655.76 656.19 3948.04 0.41 
558.65 572.65 5391.52 0.42 
861.04 924.04 4124.21 0.13 
685.35 582.84 3100.40 0.41 
552.11 625.97 4595.49 0.33 
863.81 674.67 4924.31 0.34 
611.10 587.95 3508.23 0.51 
761.81 651.50 4385.78 0.51 
624.16 551.84 3270.79 0.31 
696.63 583.49 3416.42 0.32 
911.11 644.91 3634.04 0.37 
947.61 633.58 5133.47 0.37 
732.90 905.46 3604.54 0.43 
560.67 936.72 4895.68 0.46 
645.00 590.78 5262.33 0.42 
912.44 582.05 4371.59 0.34 
565.61 1209.68 3462.98 0.45 
792.52 819.55 3648.79 0.40 
735.36 660.78 4034.47 0.54 
617.20 874.52 3609.27 0.32 
750.37 670.62 3956.21 0.20 
757.85 586.78 4180.10 0.30 
641.92 559.85 4578.85 0.45 
671.27 864.08 3998.05 0.49 
645.88 690.27 4915.99 0.46 
739.55 560.41 5062.38 0.39 
703.10 907.96 4534.92 0.32 
1060.49 731.31 4750.42 0.39 
813.53 889.25 3597.78 0.41 
733.29 575.97 3381.00 0.34 
636.41 638.89 3533.67 0.49 
732.54 865.36 3767.86 0.30 
681.83 710.72 3608.61 0.38 
661.76 954.13 3179.47 0.30 
725.15 1115.04 4043.14 0.25 
855.73 671.26 3647.87 0.35 
716.02 546.88 4127.12 0.32 
878.27 584.59 4054.08 0.43 
591.00 591.50 4174.66 0.48 
736.27 926.39 3513.76 0.39 
650.87 615.57 4187.14 0.47 
673.13 872.86 5032.78 0.38 
791.90 791.63 3447.22 0.39 
671.18 998.16 3927.88 0.45 
803.54 811.85 5174.00 0.53 
723.03 747.30 4859.52 0.43 
827.68 982.90 4109.57 0.32 
746.53 658.18 4855.59 0.26 
573.49 650.96 2832.28 0.43 
976.92 839.74 4888.27 0.57 
674.57 835.27 3542.14 0.31 
642.64 891.75 3819.92 0.45 
549.04 636.05 3771.15 0.35 
712.15 615.17 3557.83 0.43 
613.26 681.98 4220.37 0.45 
550.93 796.97 3604.33 0.60 
818.97 748.71 3875.16 0.25 
822.97 695.22 4079.52 0.43 
688.97 579.16 4275.91 0.47 
804.38 816.17 3817.02 0.32 
992.51 632.87 3811.70 0.40 
693.20 704.79 4245.42 0.37 
684.04 573.71 3971.17 0.41 
726.08 610.61 3518.83 0.42 
617.97 562.24 3586.98 0.46 
773.85 819.05 3188.49 0.45 
937.90 1035.01 4098.08 0.33 
868.79 649.21 4180.96 0.32 
710.90 542.13 4441.67 0.35 
642.83 723.10 3954.87 0.39 
720.57 879.99 3891.91 0.32 
801.12 656.99 5534.56 0.49 
701.54 702.07 4102.88 0.26 
716.94 906.35 3767.53 0.28 
1045.73 646.92 2263.14 0.32 
663.04 566.81 4815.63 0.36 
1175.72 615.12 4650.05 0.38 
744.62 642.59 3505.05 0.41 
565.10 571.15 4644.81 0.53 
789.79 601.54 3563.40 0.31 
886.53 542.26 3732.92 0.27 
894.70 972.73 4304.41 0.34 
648.95 610.87 3903.48 0.40 
615.08 1029.26 3426.12 0.37 
720.12 955.60 3860.40 0.37 
591.75 870.19 3860.72 0.45 
760.05 881.39 4530.84 0.33 
971.63 545.21 4482.02 0.34 
679.57 559.19 3048.29 0.31 
923.46 684.45 2926.74 0.29 
563.16 613.64 3469.42 0.43 
662.56 690.75 4113.30 0.39 
882.16 754.17 3416.08 0.45 
850.63 624.64 4117.99 0.57 
636.03 598.33 4862.21 0.24 
550.16 686.85 4061.06 0.46 
546.29 828.42 4404.71 0.42 
773.38 704.78 4709.20 0.37 
582.91 765.84 3950.43 0.39 
554.91 842.51 4161.59 0.36 
747.39 724.26 3871.57 0.19 
748.51 688.31 4283.85 0.54 
724.30 694.48 3829.92 0.35 
1210.91 936.58 4952.86 0.28 
745.35 665.03 3536.51 0.54 
774.66 552.89 4208.58 0.71 
571.19 712.73 3279.70 0.41 
967.46 592.89 4446.58 0.42 
805.77 848.11 3766.23 0.43 
938.55 575.54 3584.33 0.31 
740.33 642.22 3346.66 0.23 
556.15 848.37 3566.24 0.45 
716.70 691.55 4319.94 0.47 
547.17 626.21 4293.14 0.66 
1148.21 548.57 4858.84 0.45 
583.81 921.75 4150.14 0.55 
557.27 905.41 3555.50 0.36 
671.66 827.71 2300.73 0.37 
792.50 651.24 4812.49 0.36 
552.94 901.32 3854.36 0.49 
652.89 837.10 3034.55 0.63 
877.30 1125.73 4785.63 0.35 
959.53 587.70 5750.02 0.32 
659.00 705.89 4129.03 0.53 
761.71 694.65 5125.31 0.45 
575.11 787.41 4536.16 0.29 
660.02 959.03 4095.90 0.32 
688.49 716.65 3370.75 0.52 
695.17 974.26 4107.50 0.36 
585.58 958.09 4459.38 0.56 
567.50 554.14 4034.52 0.43 
696.67 555.39 5111.76 0.37 
669.14 586.78 4271.32 0.34 
640.16 707.00 3522.37 0.42 
682.43 608.02 4420.18 0.41 
602.51 752.28 4534.90 0.37 
1012.44 567.62 3819.34 0.27 
608.39 642.71 5148.45 0.42 
1057.32 579.75 4376.64 0.46 
1186.08 665.43 3906.73 0.43 
549.67 723.49 5455.92 0.55 
603.67 598.21 4646.18 0.38 
873.58 584.07 3689.53 0.38 
878.26 669.73 4220.45 0.69 
682.66 965.38 3474.16 0.57 
765.13 823.53 4210.67 0.36 
541.68 661.67 4217.95 0.50 
733.55 833.80 3799.06 0.42 
667.60 882.84 3517.90 0.48 
686.36 906.18 3660.43 0.33 
564.52 659.08 5089.46 0.42 
547.33 699.44 4553.02 0.62 
802.57 652.66 3960.61 0.25 
687.64 648.64 4431.86 0.39 
583.78 839.83 3729.38 0.41 
985.71 555.23 4121.85 0.39 
908.77 607.64 5033.26 0.63 
702.44 631.77 4173.88 0.41 
779.64 712.70 4256.96 0.59 
941.38 905.02 4418.90 0.52 
738.30 817.71 3426.10 0.41 
717.47 608.08 3896.52 0.38 
604.19 604.13 5173.62 0.59 
547.00 711.23 4756.20 0.20 
569.80 698.99 3921.99 0.41 
718.25 999.92 4279.07 0.41 
582.45 807.08 3859.26 0.43 
600.43 825.19 4329.58 0.31 
706.78 802.29 2361.33 0.54 
563.57 832.21 5168.85 0.36 
1051.20 620.22 3696.27 0.26 
561.95 575.68 4229.49 0.30 
563.28 556.83 4129.30 0.32 
566.76 804.65 4706.16 0.41 
1291.08 582.65 4110.16 0.47 
556.00 598.74 3659.90 0.48 
572.46 541.01 5313.33 0.49 
743.85 560.12 4773.45 0.29 
1050.13 663.98 3887.53 0.44 
