65 32 35 44 1 31 4 20 46 67 42 8 18 34 3 40 25 37 17 59 49 24 61 13 33 43 16 14 62 39 2 22 27 30 28 21 54 50 12 64 19 60 11 36 66 45 57 52 9 38 6 23 48 70 53 56 51 63 29 26 15 69 58 7 68 47 10 55 5 41 
Moving time: 141.83 151.57 165.19 168.32 183.57 195.69 212.19 225.24 229.28 239.85 246.66 263.02 279.05 284.20 298.24 310.16 326.12 331.26 357.36 363.18 379.68 389.89 396.99 400.87 428.17 445.93 461.55 474.75 489.19 499.82 514.72 528.51 537.03 556.91 568.07 575.79 590.75 618.76 634.31 636.23 651.22 656.42 674.95 714.62 735.24 741.47 744.92 750.06 761.79 773.28 783.11 801.17 808.03 825.77 829.59 843.77 849.93 862.51 868.15 870.29 884.40 898.22 922.15 939.15 958.89 964.60 979.89 1008.22 1027.09 1040.40 1182.94 
Best fitness: 15.00
Worst fitness: 16.0
Average fitness: 15.53
Alpha: 0.50
K: 0.02
Crossover probability: 0.50
Mutation probability: 0.10
Change mutation operator probability 1: 0.15
Change mutation operator probability 2: 0.15