63 73 67 15 65 41 69 79 40 2 77 13 17 44 57 14 50 7 54 49 34 56 36 78 30 75 8 37 23 3 25 5 9 19 16 35 10 33 61 18 46 4 21 68 31 76 39 20 74 62 64 38 60 59 27 29 51 55 53 1 24 52 45 22 12 71 28 6 26 80 48 58 66 11 42 32 43 72 47 70 
Moving time: 126.46 135.15 137.81 143.91 169.66 185.09 190.58 196.99 207.70 222.35 228.33 229.51 242.81 252.32 266.53 270.11 280.79 288.86 307.51 313.41 327.82 347.00 367.23 376.21 385.34 386.98 407.61 430.31 445.59 461.31 474.96 482.41 502.59 510.87 522.10 526.50 546.94 550.98 564.23 591.23 612.65 625.38 667.68 700.72 709.91 717.26 734.40 747.85 765.82 774.62 778.60 795.65 806.52 831.75 833.64 838.27 855.84 876.77 881.30 885.35 902.19 918.26 925.70 935.46 963.03 982.91 999.95 1009.81 1019.99 1023.36 1035.48 1053.44 1075.89 1089.86 1101.24 1139.36 1163.07 1163.90 1173.23 1187.65 1314.56 
Best fitness: 22.00
Worst fitness: 24.0
Average fitness: 23.07
Alpha: 0.50
K: 0.02
Crossover probability: 0.50
Mutation probability: 0.10
Change mutation operator probability 1: 0.15
Change mutation operator probability 2: 0.15