14 36 4 15 45 41 38 7 55 77 6 11 65 80 56 23 18 22 9 72 70 49 43 78 47 48 67 59 30 74 42 20 8 27 73 33 1 79 61 71 60 12 39 21 35 17 13 40 46 64 2 31 63 25 62 37 69 34 19 54 44 57 26 3 10 53 76 16 58 52 24 66 75 5 28 29 50 68 32 51 
Moving time: 128.66 155.62 160.49 177.88 194.07 210.90 227.55 280.24 287.42 302.61 325.19 331.35 345.13 362.12 362.45 393.05 439.18 466.29 500.69 514.77 548.24 611.67 652.11 667.93 711.09 737.20 759.94 769.27 791.33 825.39 873.77 878.52 896.83 920.06 932.14 937.08 959.01 995.22 1039.82 1050.43 1113.84 1123.93 1143.78 1175.01 1186.03 1201.97 1216.15 1227.86 1256.20 1274.44 1288.71 1306.11 1320.97 1338.32 1387.69 1396.09 1404.94 1485.98 1548.36 1577.06 1596.53 1616.49 1661.65 1691.27 1718.54 1729.94 1754.41 1792.84 1817.99 1832.82 1842.42 1892.82 1919.52 1926.30 1986.27 2021.63 2036.36 2042.39 2066.88 2089.09 2195.03 
Best fitness: 18.00
Worst fitness: 20.0
Average fitness: 18.77
Alpha: 0.50
K: 0.02
Crossover probability: 0.50
Mutation probability: 0.10
Change mutation operator probability 1: 0.15
Change mutation operator probability 2: 0.15