38 50 29 9 18 44 57 62 42 69 26 5 94 78 59 23 66 97 32 87 96 16 72 93 74 15 95 84 71 75 10 82 31 89 36 55 86 30 64 63 24 17 4 56 90 99 6 58 46 14 51 11 25 40 100 13 1 41 49 34 2 85 22 73 19 33 28 81 65 54 91 27 60 35 79 67 8 68 43 98 12 92 77 45 53 70 39 48 61 83 37 20 88 52 76 80 3 47 7 21 
Moving time: 156.79 165.15 204.24 273.55 281.79 289.61 357.68 367.79 399.57 410.38 448.33 488.00 522.28 588.53 591.31 655.59 706.68 734.98 759.04 797.20 850.93 908.65 923.70 948.83 982.73 1030.92 1082.94 1097.81 1103.01 1124.77 1133.05 1141.04 1162.52 1241.85 1265.77 1338.96 1364.46 1412.76 1421.32 1448.85 1493.03 1569.05 1618.17 1654.65 1695.86 1707.54 1730.92 1739.05 1758.72 1782.99 1829.74 1890.41 1933.88 1939.00 1953.61 2071.04 2117.76 2189.79 2238.30 2277.85 2340.34 2377.18 2416.64 2430.59 2468.86 2513.31 2573.59 2590.20 2633.77 2661.85 2671.69 2730.61 2762.08 2800.21 2851.31 2872.38 2915.64 2955.25 3019.35 3043.87 3052.62 3098.92 3108.16 3128.03 3195.00 3286.07 3297.09 3303.21 3401.62 3454.46 3552.91 3606.67 3655.55 3717.61 3755.40 3776.29 3817.92 3935.05 3991.05 4016.01 4169.98 
Best fitness: 36.00
Worst fitness: 40.0
Average fitness: 37.27
Alpha: 0.50
K: 0.02
Crossover probability: 0.50
Mutation probability: 0.10
Change mutation operator probability 1: 0.15
Change mutation operator probability 2: 0.15