43 25 33 11 60 41 64 7 68 29 6 14 30 24 12 37 48 31 4 51 58 35 46 54 49 38 39 16 65 5 9 20 2 63 50 13 69 8 45 17 40 59 15 70 62 22 55 61 67 44 23 57 3 66 52 28 42 36 34 26 18 47 53 56 32 10 27 19 21 1 
Moving time: 80.05 123.70 161.05 203.74 255.14 265.55 300.98 318.57 354.74 363.89 395.59 407.12 437.00 445.34 487.67 496.16 499.19 550.79 566.57 608.19 628.32 638.70 653.11 665.47 712.25 727.46 778.53 795.53 827.02 866.99 914.08 995.61 1035.15 1072.03 1099.17 1144.30 1151.77 1195.24 1249.72 1259.62 1289.47 1387.04 1427.65 1489.09 1492.62 1531.40 1551.59 1649.48 1661.24 1688.15 1750.59 1780.31 1842.78 1926.32 1987.20 2049.19 2093.83 2137.40 2141.72 2180.99 2193.75 2233.62 2267.54 2325.71 2407.09 2513.20 2532.14 2538.42 2583.60 2686.53 2756.70 
Best fitness: 21.00
Worst fitness: 26.0
Average fitness: 22.83
Alpha: 0.50
K: 0.02
Crossover probability: 0.50
Mutation probability: 0.10
Change mutation operator probability 1: 0.15
Change mutation operator probability 2: 0.15