60.66 38.41 0.21 1029.02
23.79 60.68 0.16 4158.70
30.81 160.61 0.22 8129.31
109.27 68.73 0.30 8310.70
147.46 226.36 0.23 7330.12
132.56 243.88 0.30 4881.41
61.72 253.00 0.13 10775.61
187.59 307.77 0.26 5882.25
81.01 429.87 0.26 4691.62
117.38 404.51 0.24 2808.61
120.97 579.42 0.21 9385.46
184.08 586.31 0.14 3506.76
55.89 669.58 0.14 10100.32
14.70 775.96 0.01 1668.95
119.21 700.92 0.36 1056.94
17.62 795.57 0.28 7585.35
46.27 884.30 0.02 3668.36
139.43 876.64 0.18 8288.41
153.01 850.95 0.07 8982.88
164.90 930.61 0.08 9785.57
358.58 59.30 0.23 7254.38
237.53 36.50 0.19 5611.39
213.74 148.99 0.30 5664.50
350.52 70.70 0.11 6621.62
216.07 326.83 0.18 3113.58
254.37 227.97 0.17 4551.14
311.72 298.75 0.23 3948.04
360.76 205.74 0.28 1272.17
309.13 595.43 0.16 3611.60
225.38 492.73 0.23 6732.80
226.28 500.01 0.07 9427.42
254.24 416.95 0.21 10446.31
376.61 787.02 0.34 1232.51
245.53 779.30 0.28 6008.15
259.46 759.20 0.22 10105.74
204.79 668.14 0.28 10312.59
363.57 877.36 0.08 10229.11
255.68 900.92 0.27 8931.59
271.72 992.49 0.25 3147.04
218.42 872.57 0.24 1284.96
557.35 6.20 0.07 7234.38
469.22 167.46 0.27 5835.27
494.64 61.88 0.19 8457.75
422.94 181.59 0.20 6385.52
428.00 305.18 0.26 6435.70
459.63 227.31 0.26 9179.14
431.76 266.70 0.15 5436.47
487.65 323.42 0.03 5877.42
471.63 434.42 0.14 2821.58
444.46 556.93 0.20 7290.32
548.88 455.03 0.10 5637.20
430.96 580.00 0.22 717.24
545.90 745.99 0.03 7155.02
423.50 739.59 0.30 1544.61
403.05 731.62 0.32 10676.10
569.71 770.56 0.25 3586.36
433.32 974.07 0.04 7990.23
545.02 848.98 0.20 8873.95
448.89 956.94 0.14 3010.82
495.72 881.70 0.35 10300.72
714.42 72.65 0.22 8354.95
764.88 143.54 0.23 6109.10
730.92 166.53 0.09 5696.82
621.46 0.04 0.06 10112.86
714.41 361.02 0.33 5596.78
784.69 242.22 0.17 6593.22
790.95 258.61 0.31 891.78
744.66 322.11 0.26 7259.64
623.16 417.03 0.07 5936.40
726.86 591.80 0.26 7802.02
743.43 506.35 0.18 8535.29
699.57 500.43 0.13 8883.76
674.07 756.33 0.15 4515.84
600.54 788.10 0.19 7912.47
701.54 672.61 0.16 4070.30
679.38 746.82 0.16 7981.18
727.32 905.74 0.17 5410.47
700.10 895.51 0.25 8684.70
738.62 842.13 0.30 4076.24
690.35 940.56 0.21 7598.22
884.68 32.08 0.10 8340.02
807.85 125.79 0.14 10281.62
878.78 91.77 0.13 8501.87
935.02 143.18 0.21 10457.79
863.66 284.03 0.14 9825.68
950.23 281.92 0.24 1249.36
869.68 246.42 0.24 8754.18
980.88 356.37 0.16 7380.42
954.08 411.07 0.39 7909.79
957.95 425.56 0.11 3542.48
920.65 598.49 0.20 5247.88
995.23 497.82 0.13 10133.44
973.44 609.19 0.15 8270.32
946.38 766.14 0.19 8614.68
861.22 636.73 0.24 5469.57
978.89 790.60 0.21 3039.84
911.08 976.75 0.13 2878.87
944.72 839.93 0.26 6901.26
867.44 836.75 0.10 4817.63
965.11 909.71 0.23 832.83
