196.90 98.96 0.59 9240.67
173.61 70.69 0.62 1025.66
162.99 31.53 0.58 1880.01
49.24 65.38 0.60 3434.20
12.00 383.28 0.54 9096.66
160.11 238.87 0.56 1641.57
159.53 259.92 0.66 2909.14
66.28 295.15 0.51 6690.19
117.58 401.10 0.69 8370.62
97.59 484.97 0.54 8442.33
128.06 519.96 0.66 5077.36
147.01 414.56 0.59 4985.62
164.83 666.75 0.24 801.53
182.64 615.19 0.65 6513.03
60.06 756.04 0.50 3814.64
190.43 744.26 0.55 10361.94
181.80 982.93 0.55 7017.37
99.17 945.05 0.29 2449.32
125.02 871.98 0.61 7615.60
125.86 875.32 0.28 7638.64
279.95 122.45 0.56 10305.06
268.06 72.58 0.66 6499.58
258.52 42.51 0.66 1834.85
256.14 14.31 0.32 4298.47
243.34 238.79 0.51 5774.08
231.08 324.52 0.60 6505.36
328.25 345.88 0.60 10745.33
397.52 349.53 0.54 4219.58
312.77 585.45 0.61 5697.84
348.88 549.51 0.55 2110.84
378.97 494.33 0.64 9413.41
363.91 486.90 0.50 4340.96
387.02 776.81 0.38 7500.37
376.47 698.94 0.63 1849.20
395.06 681.30 0.68 3444.72
331.96 641.42 0.45 7287.92
220.23 967.20 0.41 9757.68
308.15 851.97 0.47 5209.69
208.99 831.52 0.68 5376.66
372.75 907.96 0.55 3185.34
502.78 38.22 0.41 4705.58
430.94 147.60 0.60 1497.11
500.89 115.89 0.63 2442.34
570.57 161.13 0.70 6661.63
578.84 389.02 0.65 2210.60
589.47 260.67 0.61 8789.54
491.16 226.81 0.04 8696.58
443.29 219.55 0.66 4023.52
505.18 589.98 0.63 6068.47
515.66 410.66 0.54 8645.85
474.88 561.07 0.52 5851.55
524.60 458.22 0.51 10020.54
477.30 617.81 0.51 6553.63
531.07 772.46 0.42 842.07
501.66 680.62 0.59 5796.25
565.65 612.49 0.60 3821.12
562.84 979.28 0.37 8284.55
514.16 951.87 0.68 4119.46
519.71 807.12 0.67 1011.00
545.02 967.76 0.62 10300.31
682.57 159.50 0.54 767.81
615.27 137.78 0.38 3281.35
761.16 57.16 0.45 10127.09
740.41 12.63 0.67 2054.71
785.32 200.15 0.68 2246.94
751.42 310.56 0.58 7045.51
626.79 347.50 0.45 6550.03
620.98 316.81 0.56 3240.60
626.84 562.05 0.51 7961.08
713.01 420.39 0.53 3876.91
718.51 539.07 0.67 4622.90
672.66 525.79 0.53 7389.36
741.36 736.78 0.49 4833.43
753.24 736.02 0.54 2728.86
771.87 626.04 0.67 2476.67
752.86 722.65 0.46 8357.82
744.86 942.05 0.44 7344.56
649.37 938.01 0.55 10025.93
658.27 831.91 0.50 5136.47
696.97 869.38 0.63 8664.15
918.99 9.62 0.48 8888.40
828.80 85.62 0.66 8746.25
843.31 120.43 0.65 5038.90
999.65 147.44 0.68 6565.55
860.32 311.28 0.67 6234.60
971.91 218.19 0.50 8112.35
824.32 284.30 0.64 4033.93
860.20 287.50 0.66 4557.18
863.82 504.96 0.47 796.22
831.41 468.37 0.49 4551.29
882.15 467.51 0.63 8271.55
824.26 402.93 0.10 8748.27
839.56 634.37 0.58 3806.15
898.32 690.74 0.56 1727.25
901.36 724.27 0.57 10513.24
973.28 615.31 0.58 5462.47
857.99 858.63 0.48 10093.18
801.52 922.90 0.56 2888.40
936.86 869.98 0.53 10624.87
845.88 994.00 0.44 10602.23
