4.61 183.09 0.28 6037.21
52.92 24.68 0.26 1299.35
115.91 183.17 0.44 10054.09
18.89 28.72 0.34 9869.93
187.69 390.06 0.38 4596.44
162.25 332.51 0.32 4418.37
120.11 313.36 0.27 8963.89
176.07 365.29 0.46 3331.63
123.83 557.63 0.43 1484.50
52.36 558.44 0.34 3858.85
124.36 590.06 0.31 9351.51
149.15 537.13 0.37 3323.67
45.68 604.78 0.29 5302.41
59.44 781.73 0.36 9844.80
177.81 723.59 0.42 5586.11
124.92 765.50 0.30 9316.80
78.97 901.11 0.35 8908.61
171.61 999.49 0.33 6224.48
133.91 951.46 0.28 7817.07
0.21 941.13 0.46 5222.77
293.93 103.30 0.37 5717.02
371.50 20.30 0.47 7882.24
265.24 70.44 0.32 1504.90
314.66 29.65 0.26 5037.53
346.75 338.97 0.36 4217.80
362.62 253.44 0.34 7792.34
392.39 323.82 0.21 2476.02
339.55 224.66 0.18 1319.43
245.86 439.06 0.38 4319.81
277.59 519.84 0.29 9081.40
271.06 546.13 0.19 6277.95
240.10 541.77 0.44 7961.82
227.69 784.19 0.16 7437.85
275.01 728.64 0.37 1545.21
309.80 627.71 0.08 3381.15
210.29 761.14 0.36 9233.47
359.68 952.93 0.37 3845.31
357.84 888.77 0.41 2693.17
346.19 951.38 0.44 3013.20
283.63 913.35 0.34 6514.17
591.93 56.95 0.23 8181.90
469.91 102.10 0.21 6085.56
447.61 138.72 0.35 8749.85
529.78 48.35 0.30 7243.44
530.49 215.80 0.31 10363.80
432.52 357.77 0.29 6262.07
491.34 328.58 0.39 5003.74
549.63 324.66 0.22 4832.85
406.87 586.49 0.23 8410.37
503.76 452.34 0.38 5412.01
436.67 469.60 0.25 3515.24
416.45 463.08 0.26 8326.91
597.97 742.86 0.43 9284.76
466.95 795.02 0.23 6874.42
582.12 707.51 0.24 2276.27
590.25 652.76 0.34 6369.37
498.04 938.03 0.19 2388.36
461.57 855.77 0.29 7829.20
568.83 821.70 0.40 7074.52
435.71 919.25 0.50 8437.16
732.02 104.81 0.24 1701.33
714.32 81.18 0.30 9464.44
625.60 159.52 0.26 4199.96
628.84 54.84 0.22 9576.51
682.83 314.42 0.27 4921.81
771.50 350.07 0.37 2931.64
660.84 387.55 0.39 7432.73
618.40 209.95 0.32 5941.10
777.78 599.88 0.13 7086.23
752.55 411.38 0.19 4436.23
786.58 529.19 0.26 2453.41
749.76 502.40 0.37 7615.91
789.79 737.46 0.31 7041.16
693.30 703.19 0.30 9044.76
742.35 696.99 0.08 9410.70
649.27 625.72 0.40 9372.97
669.04 998.57 0.32 2124.68
690.44 976.38 0.37 10744.39
740.49 810.81 0.25 8322.48
752.98 913.15 0.23 9192.10
870.03 62.30 0.44 3508.60
887.04 74.24 0.39 5590.80
831.21 84.30 0.28 3585.84
972.86 117.63 0.37 4200.65
848.42 270.41 0.22 5399.42
847.45 226.74 0.24 5165.07
950.33 335.90 0.27 7753.04
882.12 311.13 0.12 10439.33
981.02 414.38 0.10 2568.71
825.65 407.01 0.33 2722.57
848.70 500.44 0.41 1954.51
969.98 410.92 0.39 8269.00
905.64 750.49 0.31 3968.40
830.41 747.32 0.29 4407.28
852.49 636.25 0.24 9937.04
955.66 608.59 0.23 2804.18
970.75 897.75 0.11 2552.79
828.38 925.86 0.36 4471.30
986.77 857.64 0.35 2904.23
851.48 835.19 0.38 3078.61
