63.42 189.80 0.55 964.09
0.39 138.92 0.50 10657.99
4.39 185.82 0.63 4871.55
101.49 185.32 0.68 2246.87
175.62 345.43 0.70 3569.31
61.79 240.70 0.69 7148.34
68.70 365.45 0.70 6204.54
171.01 330.44 0.79 6426.37
112.61 545.34 0.60 8088.43
183.24 594.01 0.63 5365.49
162.96 552.43 0.61 6582.01
82.00 473.68 0.61 3773.84
193.81 683.24 0.69 1228.84
135.15 608.93 0.69 8655.42
84.50 629.02 0.78 1152.19
7.41 711.40 0.76 3087.75
131.05 818.44 0.68 9849.89
44.26 898.83 0.54 4348.17
63.84 962.83 0.76 10691.31
81.40 903.02 0.38 3202.47
306.98 180.74 0.63 9470.14
384.91 97.74 0.22 5048.04
210.28 65.54 0.66 4860.40
234.02 132.24 0.78 10760.23
395.45 231.15 0.75 3198.35
326.38 292.64 0.70 8661.08
392.60 338.83 0.63 4903.48
250.61 210.19 0.72 9968.88
280.69 431.71 0.80 1751.97
284.75 539.34 0.77 8019.12
280.17 442.73 0.79 2743.34
270.58 544.65 0.03 758.23
388.85 764.75 0.70 10552.45
374.01 764.34 0.76 8461.16
267.97 686.66 0.58 3115.11
329.85 772.70 0.77 8298.52
201.26 881.72 0.68 6874.54
250.68 802.22 0.55 10766.59
274.48 818.01 0.70 5619.53
388.26 938.91 0.50 1667.54
595.85 23.28 0.70 10458.16
564.20 184.69 0.76 2645.16
414.62 171.57 0.74 5646.20
592.00 91.56 0.67 2931.69
500.08 269.54 0.78 5041.31
541.19 238.85 0.70 7054.15
577.38 269.14 0.65 5946.75
573.76 268.55 0.63 1355.80
535.81 544.72 0.56 2755.05
410.77 429.39 0.76 8695.57
494.86 596.71 0.55 3765.31
437.32 439.57 0.14 6034.39
565.55 731.49 0.03 9382.28
468.87 646.41 0.73 10744.04
441.91 659.29 0.64 4480.68
563.60 622.85 0.63 3497.90
570.94 844.97 0.80 6800.88
549.80 858.29 0.69 1800.76
455.56 900.25 0.69 862.25
437.86 998.19 0.73 9616.31
762.89 27.89 0.73 10209.53
602.78 36.92 0.76 9621.37
742.01 109.38 0.74 3368.09
707.16 85.92 0.67 5761.46
614.06 256.54 0.67 4770.29
653.75 293.93 0.70 8566.43
616.14 352.78 0.50 6665.24
725.81 385.43 0.56 1376.58
762.72 433.09 0.64 5086.02
738.28 489.29 0.65 1345.12
677.17 543.27 0.72 5378.09
783.00 438.65 0.63 1710.42
723.56 659.33 0.74 1882.98
635.94 730.42 0.65 3467.93
689.69 736.93 0.70 9285.20
793.53 604.30 0.68 3873.96
664.48 913.34 0.78 7153.00
664.55 827.18 0.72 8022.24
663.59 858.91 0.80 4630.79
603.79 968.39 0.68 2365.27
800.53 6.53 0.63 10655.50
827.20 53.19 0.64 3321.79
801.01 60.45 0.69 4544.10
983.61 80.64 0.61 7221.67
891.87 290.17 0.31 8373.11
972.34 259.03 0.76 8494.97
911.59 297.21 0.65 2070.50
871.70 244.71 0.53 2523.32
881.22 542.50 0.68 6417.36
923.03 565.18 0.68 1939.45
969.50 492.21 0.77 6324.14
854.38 592.18 0.73 8867.97
995.39 764.23 0.53 4567.51
886.49 660.28 0.68 1106.14
834.07 716.14 0.78 5808.81
953.90 716.23 0.71 9350.23
814.10 823.65 0.78 9670.40
825.92 838.40 0.80 915.28
827.68 857.67 0.10 940.33
806.67 808.81 0.61 7764.03
