165.57 188.27 0.42 3990.94
13.89 110.79 0.45 8852.16
9.68 141.46 0.56 2505.46
155.82 159.88 0.48 9357.57
125.86 253.09 0.26 10601.42
86.02 311.04 0.26 1210.80
77.89 397.29 0.50 5846.54
39.05 362.31 0.58 2615.51
84.38 580.93 0.37 9357.02
65.41 543.32 0.22 8466.60
85.12 448.67 0.45 8596.77
14.57 451.31 0.48 670.38
165.07 668.20 0.53 909.15
157.24 629.68 0.30 4792.75
124.98 792.75 0.42 7708.79
9.63 731.03 0.26 1219.63
116.39 992.20 0.36 7310.39
65.39 815.64 0.47 3517.06
97.73 899.22 0.26 4921.86
124.84 874.12 0.47 9423.47
342.58 45.50 0.43 9962.95
202.76 72.02 0.49 6213.07
289.18 73.96 0.50 4570.89
363.40 130.46 0.46 3171.83
227.55 339.90 0.33 3458.43
311.40 302.29 0.43 3914.00
388.30 216.48 0.41 2646.40
367.89 391.52 0.44 6501.19
216.21 422.18 0.44 9199.26
361.14 466.46 0.21 1498.76
206.80 406.68 0.45 7049.96
222.11 573.29 0.33 1781.88
334.65 788.89 0.16 6270.46
211.42 749.39 0.31 2653.20
385.27 767.33 0.36 2017.07
286.79 745.79 0.44 9961.80
362.68 939.35 0.23 7923.11
363.29 954.82 0.36 2862.51
262.65 805.60 0.53 716.68
225.52 959.86 0.44 922.65
538.87 89.16 0.45 3143.14
549.01 174.26 0.42 9881.55
499.69 174.91 0.29 716.12
471.18 120.64 0.48 1042.20
541.42 290.25 0.39 3783.28
556.61 224.31 0.59 2684.14
460.26 395.84 0.35 4754.41
551.59 321.97 0.23 3169.09
551.58 575.10 0.47 9143.39
471.46 400.37 0.46 6956.63
489.69 402.14 0.45 4495.27
439.38 518.75 0.46 2130.15
410.03 764.28 0.45 8444.30
554.84 634.94 0.42 9647.06
511.45 616.91 0.48 7657.22
478.81 773.99 0.32 5058.25
510.44 980.40 0.25 5018.11
517.88 851.32 0.42 7027.05
439.26 959.05 0.36 8569.00
513.01 970.90 0.19 6528.67
727.01 22.52 0.24 5735.83
795.88 150.56 0.57 8480.82
782.03 146.50 0.17 9320.40
620.69 118.37 0.33 3328.91
674.14 263.15 0.32 8231.76
695.74 341.63 0.34 4836.56
673.97 215.65 0.40 3517.32
637.65 286.03 0.49 714.85
791.76 479.04 0.50 10523.79
621.12 434.89 0.49 2317.36
617.83 418.76 0.40 1865.94
678.32 464.83 0.26 2874.49
724.20 688.58 0.24 1004.99
665.83 603.25 0.51 1619.74
693.67 750.90 0.12 6706.42
649.75 793.69 0.58 4160.62
600.09 893.48 0.50 4132.46
733.11 888.96 0.53 9980.23
669.29 802.76 0.48 2894.10
668.89 887.34 0.44 1866.44
905.10 198.29 0.46 9719.68
805.17 77.33 0.43 5708.14
928.96 56.71 0.35 2684.07
921.18 73.28 0.24 7748.44
983.00 321.20 0.46 7050.27
872.81 328.98 0.57 5907.37
957.60 315.40 0.44 10260.56
855.22 297.47 0.42 7274.30
811.90 537.13 0.45 1895.34
833.80 569.66 0.17 2310.30
827.20 592.30 0.25 7950.58
887.05 460.46 0.24 9852.03
812.93 686.39 0.39 9739.59
816.39 631.35 0.45 9979.95
986.54 661.08 0.41 9586.91
976.18 771.84 0.02 6420.83
922.05 864.06 0.20 3037.35
861.07 902.83 0.56 6669.13
894.92 911.65 0.21 8572.00
895.78 968.69 0.49 6041.17
