141.76 658.65 0.59 3164.37
973.64 253.16 0.24 2754.17
732.68 34.40 0.43 2503.34
549.81 584.60 0.20 8451.12
256.85 515.92 0.16 8539.39
123.21 403.86 0.44 9555.98
185.52 421.63 0.05 9387.57
196.16 703.46 0.31 9816.57
60.72 246.71 0.43 1814.75
360.11 852.22 0.22 7872.17
868.32 359.11 0.04 5155.88
67.54 649.93 0.39 6139.99
420.86 776.07 0.12 3181.05
762.43 550.28 0.32 7771.55
856.82 743.16 0.28 5376.50
116.71 444.44 0.44 917.66
460.11 479.59 0.46 1575.79
920.57 396.90 0.03 5690.44
502.89 294.57 0.51 7964.51
249.89 879.17 0.17 8220.90
347.50 577.58 0.12 6913.58
297.16 442.39 0.30 5217.88
433.78 295.56 0.17 5050.28
40.83 226.02 0.11 3662.87
297.76 118.47 0.01 1239.55
200.78 538.31 0.16 9530.55
479.64 742.76 0.39 7157.95
178.02 420.23 0.49 3336.91
804.59 785.15 0.24 6084.36
809.93 141.16 0.59 4102.43
275.91 379.53 0.23 6252.09
194.00 147.45 0.59 693.99
354.11 252.94 0.47 10669.23
629.43 114.55 0.02 2955.85
732.79 929.42 0.41 3462.76
782.60 433.90 0.27 8785.71
750.50 651.85 0.02 8045.39
235.38 767.18 0.20 6211.85
508.96 866.20 0.49 6405.25
332.09 405.27 0.35 7478.01
517.70 529.37 0.18 9658.13
175.86 250.24 0.35 7717.66
850.59 797.51 0.25 8606.21
127.62 616.77 0.52 7184.26
38.72 927.73 0.04 10170.62
225.54 186.19 0.56 4017.82
906.02 711.65 0.55 3394.37
759.21 624.81 0.50 6040.69
632.77 514.53 0.46 6403.14
182.88 276.68 0.11 8039.54

12907.976054754841
