422.83 699.72 0.37 7083.26
261.65 758.28 0.35 6672.11
597.38 942.63 0.19 7569.90
752.04 910.99 0.29 7821.98
236.32 264.82 0.12 6221.73
852.42 70.94 0.45 8039.72
878.19 257.76 0.36 6432.29
461.22 538.64 0.60 6771.85
112.78 112.23 0.32 7869.56
429.36 978.53 0.08 7340.01
230.39 702.74 0.09 7584.47
972.25 34.13 0.07 8250.32
2.74 759.61 0.02 6224.97
586.79 279.29 0.28 6097.84
632.02 386.91 0.58 6955.94
831.20 801.97 0.46 5118.77
643.14 386.43 0.26 7013.40
218.58 194.97 0.47 7605.53
607.80 467.35 0.47 6166.57
994.11 287.78 0.08 6341.98
120.60 385.33 0.02 7064.45
679.03 247.49 0.24 7622.62
845.35 477.91 0.55 8564.41
593.20 957.53 0.17 7625.99
770.19 212.29 0.38 5400.22
675.61 928.13 0.10 6486.61
260.01 305.15 0.27 6733.30
528.69 803.52 0.03 8643.51
382.49 645.96 0.32 6285.52
934.35 365.27 0.01 7660.86
743.38 691.08 0.55 6192.32
247.64 260.14 0.16 7480.05
344.21 262.39 0.50 8661.27
994.54 418.58 0.11 7702.32
233.23 400.85 0.10 6287.47
368.32 972.94 0.27 8282.53
985.49 451.11 0.12 6623.14
699.05 310.69 0.30 8343.48
703.73 759.60 0.11 5714.54
87.09 798.28 0.30 6075.89
335.11 156.57 0.09 8976.10
802.14 972.38 0.57 8496.05
534.82 320.41 0.21 5495.98
852.31 961.52 0.29 6941.98
9.70 99.33 0.49 7976.93
894.72 300.00 0.12 8504.07
285.44 893.14 0.27 6769.16
647.80 931.54 0.59 8151.00
332.07 591.73 0.06 6568.86
604.37 203.15 0.51 6966.68
375.68 981.56 0.07 6250.34
13.14 635.88 0.29 6661.89
404.21 359.43 0.39 7882.02
154.50 476.46 0.26 6803.43
711.65 335.25 0.54 7692.33
883.02 200.52 0.50 7219.34
213.84 667.60 0.18 9337.76
263.64 379.48 0.20 7203.85
267.22 172.28 0.18 6466.44
563.48 428.32 0.22 6984.11
131.85 869.92 0.28 6408.37
75.53 418.42 0.35 7787.05
975.30 592.10 0.44 6722.51
718.49 861.11 0.25 4666.00
962.95 174.00 0.35 7001.07
536.09 656.77 0.22 6428.62
637.29 704.13 0.05 6608.51
233.52 495.34 0.52 6292.90
110.64 324.93 0.48 5707.79
152.34 864.57 0.49 6851.65
960.45 661.38 0.15 6169.71
540.74 404.24 0.36 6570.71
432.05 794.34 0.41 7405.20
614.79 649.58 0.18 6072.03
961.19 457.78 0.56 7949.93

22481.946957536606
