371.26 537.18 0.15 7423.16
453.32 483.84 0.13 6131.27
426.73 438.45 0.13 7105.58
544.89 448.76 0.24 6038.25
502.03 483.34 0.25 7578.24
585.01 504.08 0.05 7014.82
485.88 409.85 0.19 6984.33
457.45 488.30 0.18 6665.07
497.33 528.09 0.15 7145.43
501.03 507.38 0.20 6533.63
500.93 459.17 0.23 4953.93
610.69 501.12 0.01 6931.61
536.31 437.47 0.23 5381.12
546.79 506.45 0.28 7569.52
559.33 515.51 0.24 7324.06
564.61 463.70 0.32 6045.46
538.93 515.09 0.20 6066.40
481.48 410.73 0.28 7890.22
468.72 555.68 0.24 8086.04
567.11 597.16 0.26 6426.65
522.09 464.35 0.36 6038.06
478.04 567.76 0.16 7836.09
514.33 537.38 0.13 5408.20
529.48 522.22 0.11 6979.34
509.14 528.14 0.14 7408.88
568.17 496.26 0.40 8377.22
407.72 526.00 0.25 6094.69
512.67 542.70 0.29 6881.80
504.29 502.87 0.28 7395.65
543.13 532.01 0.27 7896.76
463.07 529.67 0.07 6166.44
526.51 509.68 0.34 6805.88
550.55 544.03 0.09 6588.44
565.35 489.18 0.14 7545.73
512.59 431.35 0.07 8255.26
511.72 479.50 0.22 5657.37
463.15 552.02 0.25 7958.32
574.10 428.40 0.02 7548.04
531.28 489.29 0.26 7675.41
545.07 512.18 0.34 5912.72
485.10 478.18 0.17 8044.69
478.28 487.25 0.20 6091.38
479.86 490.84 0.26 7229.79
545.50 482.91 0.01 6953.12
526.25 440.76 0.17 6731.69
576.36 479.45 0.27 7313.16
606.67 505.25 0.01 7733.67
538.53 475.56 0.32 6086.81
533.05 449.86 0.29 7350.78
584.89 567.68 0.07 6927.83
603.89 481.85 0.08 9077.90
585.82 409.71 0.23 5040.60
512.32 564.62 0.35 7251.67
541.77 554.15 0.12 5876.26
376.17 495.32 0.32 6643.55
507.61 399.06 0.26 4949.59
467.56 534.46 0.20 8983.88
433.10 484.68 0.04 6447.51
493.41 385.40 0.09 7596.53
532.67 556.16 0.13 8375.37
448.70 486.80 0.36 7498.29
447.87 502.25 0.25 6014.04
508.56 527.92 0.01 6998.29
451.74 395.20 0.14 8113.69
539.62 538.94 0.17 6989.76
544.23 544.66 0.15 5239.58
483.19 571.53 0.12 7420.91
553.30 464.82 0.02 6656.13
486.07 469.82 0.27 6220.63
480.57 396.89 0.11 9139.02
456.12 559.91 0.32 7597.93
543.26 448.36 0.17 7887.37
562.51 494.45 0.25 7420.71
461.78 545.54 0.30 6841.22
510.35 534.65 0.04 7825.85

21968.96641265434
