35 11 28 25 22 43 2 31 12 18 30 20 48 23 36 38 3 16 24 27 37 1 32 44 5 49 19 26 34 6 47 10 50 21 9 8 15 17 4 40 41 29 46 7 13 45 42 14 33 39 
Best fitness: 0.57
35 11 24 22 43 26 19 34 16 29 3 45 25 37 1 44 20 48 18 31 17 4 40 38 36 23 9 21 2 30 50 49 5 6 14 32 28 13 27 8 15 12 47 10 7 46 41 33 39 42 
Worst fitness: 0.87

Mean: 0.71

Standard deviation: 0.00
35 32 44 1 37 25 45 20 48 23 38 3 29 46 16 36 17 15 31 12 2 22 43 9 18 50 26 19 14 5 49 34 6 47 10 30 21 40 7 24 27 11 28 13 41 4 8 33 39 42 
Best fitness: 0.61
35 11 20 48 18 31 15 8 9 1 44 14 22 43 4 17 36 40 3 16 38 24 25 23 12 30 50 10 47 6 37 45 27 28 13 7 46 29 5 34 49 19 26 33 2 32 21 41 42 39 
Worst fitness: 0.82

Mean: 0.70

Standard deviation: 0.00
