3 40 50 20 75 73 26 11 25 49 52 22 12 63 37 35 33 4 41 54 47 59 46 5 36 44 66 8 21 17 58 42 9 38 28 13 39 43 19 61 68 2 15 32 34 69 64 57 1 56 45 48 55 62 24 30 27 31 65 10 67 7 18 70 74 6 60 51 53 14 16 72 71 23 29 
Best fitness: 1.23
40 12 22 38 43 36 19 15 61 48 52 49 59 5 72 68 66 64 21 41 54 50 25 24 9 6 65 33 73 20 37 35 31 67 17 8 2 57 53 1 55 39 4 10 26 75 47 13 46 11 28 42 29 44 18 62 32 34 70 58 60 51 30 63 27 7 74 16 14 56 45 69 3 71 23 
Worst fitness: 1.73

Mean: 1.43

Standard deviation: 0.01
3 22 63 49 37 12 54 26 40 20 73 11 4 41 43 53 1 36 5 16 71 72 59 47 50 35 65 33 10 25 31 38 24 67 42 6 30 60 9 74 17 58 70 21 44 18 48 64 66 8 34 62 55 19 45 13 46 39 61 15 2 68 14 28 27 52 57 23 7 32 56 75 51 29 69 
Best fitness: 1.23
3 12 22 25 10 41 43 55 19 36 40 26 11 73 35 31 38 44 34 21 28 65 37 50 75 59 46 5 53 15 2 64 66 48 45 39 54 42 9 68 1 61 8 32 62 70 58 17 24 13 4 33 7 67 49 52 63 27 6 74 23 18 29 60 51 30 57 56 14 16 71 72 47 20 69 
Worst fitness: 1.62

Mean: 1.42

Standard deviation: 0.01
