1161.76 847.53 1075.54 0.28 
867.79 643.82 2497.85 0.30 
557.18 870.31 3414.18 0.29 
721.58 597.26 1065.18 0.41 
587.03 965.64 2236.64 0.31 
603.17 1264.31 1241.32 0.25 
557.50 591.31 1268.23 0.29 
769.14 749.51 1535.48 0.43 
964.61 571.10 1693.21 0.53 
588.60 811.48 950.61 0.42 
737.09 855.34 2877.00 0.40 
982.24 765.10 2569.69 0.33 
737.19 757.84 1753.13 0.39 
628.88 828.38 576.34 0.36 
851.58 589.68 717.40 0.57 
838.93 720.80 1566.47 0.32 
974.20 1076.15 1076.74 0.37 
541.01 613.24 2086.98 0.52 
1074.42 1667.92 1344.48 0.42 
844.98 911.37 2385.24 0.55 
920.60 1122.04 560.13 0.24 
743.41 716.92 2497.77 0.44 
990.38 1230.16 973.69 0.45 
847.21 1039.21 1435.48 0.35 
1202.37 737.72 1956.91 0.49 
731.80 863.72 2193.76 0.51 
1010.58 613.03 2845.98 0.59 
563.22 606.34 778.03 0.43 
598.14 1104.11 632.11 0.46 
607.34 715.77 649.32 0.43 
836.94 1001.45 2439.05 0.45 
766.17 1280.36 1026.07 0.43 
718.38 785.08 1426.19 0.30 
1626.06 1157.19 1797.86 0.34 
773.31 1104.00 1634.72 0.24 
1361.54 564.10 1325.62 0.32 
558.65 743.79 1455.68 0.33 
707.93 800.96 1946.46 0.35 
924.03 1033.23 1014.60 0.48 
1157.56 882.56 1196.51 0.35 
827.95 977.17 1633.90 0.35 
