680.23 837.04 852.27 0.31 
1152.64 668.00 2510.22 0.42 
918.40 553.03 1232.40 0.32 
1120.46 1025.95 992.17 0.55 
898.11 1077.05 1041.79 0.39 
734.25 1065.27 1504.02 0.47 
807.60 899.79 1324.66 0.30 
750.68 695.61 1748.90 0.38 
1078.19 663.26 1298.26 0.35 
711.06 753.58 2584.66 0.42 
572.14 684.56 1593.04 0.45 
641.09 628.45 2267.71 0.39 
960.84 849.06 1251.66 0.30 
682.56 917.99 1038.59 0.62 
730.04 873.65 1070.07 0.44 
682.15 979.54 857.39 0.34 
738.52 779.38 639.25 0.44 
550.03 1277.95 1567.02 0.47 
883.40 1025.36 2089.49 0.33 
962.22 725.01 1883.77 0.43 
757.21 636.37 2554.42 0.38 
1261.10 1028.67 1049.54 0.36 
656.51 1076.97 2813.72 0.37 
743.90 578.88 1732.53 0.41 
570.95 753.33 1986.91 0.14 
750.15 551.54 960.43 0.20 
580.47 775.64 1202.24 0.42 
766.70 1197.19 1646.01 0.51 
758.94 915.19 1711.11 0.34 
1070.30 1118.29 3246.14 0.41 
540.09 1307.62 1305.38 0.38 
1353.55 1015.38 2123.92 0.45 
745.07 788.59 2013.74 0.31 
881.00 801.86 875.42 0.47 
1035.37 544.16 904.81 0.32 
1070.30 647.42 836.28 0.30 
757.46 870.97 1887.60 0.48 
556.34 1044.16 2731.59 0.29 
935.93 681.72 807.56 0.41 
1059.90 833.18 1217.27 0.59 
617.20 812.22 562.27 0.41 
1160.04 1016.26 1377.30 0.46 
791.78 564.13 836.19 0.33 
955.88 695.44 1496.92 0.35 
561.21 920.97 2087.52 0.37 
749.13 605.62 820.74 0.27 
738.97 625.39 1718.69 0.58 
988.40 768.84 1855.63 0.46 
839.85 827.62 840.67 0.50 
876.65 1187.21 2009.31 0.57 
882.17 1115.62 1706.38 0.38 
1232.42 573.68 1086.29 0.52 
858.81 754.84 1708.71 0.45 
847.09 690.47 652.14 0.39 
767.98 1273.28 2646.60 0.59 
544.08 608.36 1498.34 0.40 
699.99 1048.70 2585.90 0.45 
824.81 1083.89 1205.10 0.32 
717.48 741.44 1258.39 0.51 
886.28 937.90 1773.14 0.61 
565.88 690.57 845.65 0.50 
654.05 902.48 1068.31 0.39 
647.95 563.21 999.57 0.32 
661.86 747.63 1143.64 0.39 
615.38 861.82 1274.37 0.45 
908.00 702.67 1721.73 0.42 
1147.70 1161.18 1092.97 0.44 
1238.40 1031.26 3291.16 0.31 
571.35 835.30 2615.88 0.46 
545.73 607.75 1413.32 0.56 
1189.22 1251.37 1530.03 0.14 
934.43 798.34 1549.76 0.48 
586.67 830.62 1629.99 0.36 
1077.41 679.93 1131.13 0.24 
775.41 1012.29 1545.95 0.46 
762.99 855.96 1359.21 0.32 
694.54 582.62 1731.64 0.44 
1057.57 1070.07 547.84 0.50 
678.24 545.62 998.36 0.52 
789.14 1019.95 1106.62 0.43 
1094.80 758.22 1335.30 0.45 
557.43 749.06 1236.93 0.40 
660.70 541.34 1581.41 0.45 
1099.98 591.06 2210.82 0.62 
731.17 1107.56 681.56 0.26 
719.21 1690.31 1416.97 0.73 
776.93 1240.58 2219.85 0.29 
714.30 673.54 1358.48 0.24 
1150.12 894.11 1115.75 0.59 
1279.01 886.36 1946.68 0.56 
1060.65 642.57 888.25 0.36 
