720.96 1030.95 855.68 0.42 
1185.43 901.04 1403.62 0.55 
1152.42 940.32 1988.35 0.41 
599.22 664.35 1571.18 0.39 
680.94 563.33 1964.86 0.49 
1430.00 908.07 1969.77 0.30 
677.36 692.85 823.94 0.28 
943.71 804.93 1319.28 0.16 
611.03 1225.35 1295.91 0.56 
873.38 927.59 1990.65 0.36 
761.94 1371.20 1278.30 0.29 
1030.01 714.52 871.07 0.28 
1153.70 1247.79 3231.82 0.23 
868.91 727.74 1779.89 0.44 
1031.74 559.19 1177.95 0.55 
667.94 700.54 1572.14 0.21 
663.51 558.90 1231.62 0.52 
640.85 886.42 694.92 0.36 
637.66 577.95 1279.50 0.32 
687.98 705.59 1303.84 0.40 
648.07 876.48 2123.29 0.36 
661.20 884.07 2439.96 0.25 
1173.62 704.24 1375.83 0.28 
754.77 1011.16 1071.20 0.48 
857.46 653.34 1058.08 0.36 
968.62 691.09 693.84 0.39 
809.80 577.46 590.70 0.21 
646.06 775.09 1232.42 0.51 
775.36 627.92 2027.92 0.30 
566.36 690.76 1404.95 0.40 
1082.05 1100.36 756.82 0.50 
