1488.74 983.66 2010.41 0.35 
1078.73 824.88 1434.03 0.37 
973.93 1012.02 1095.98 0.31 
825.23 1087.50 762.31 0.34 
815.21 713.66 1174.23 0.48 
540.48 874.55 1403.40 0.43 
816.26 1014.94 781.55 0.24 
713.63 556.61 642.93 0.58 
737.61 573.61 1816.09 0.33 
600.24 672.26 1316.90 0.41 
598.94 729.00 1896.83 0.50 
619.10 1026.02 1427.18 0.37 
899.77 721.58 1410.94 0.30 
1061.93 884.64 1378.60 0.36 
715.76 554.26 1144.69 0.40 
838.89 943.85 2078.73 0.46 
881.40 663.29 2675.37 0.35 
710.97 1288.29 2215.15 0.19 
725.79 628.61 2046.17 0.50 
716.99 779.05 2520.73 0.46 
717.36 1367.53 1954.18 0.54 
1193.11 618.96 1795.87 0.20 
592.10 574.02 1972.95 0.52 
596.58 659.36 1906.11 0.32 
726.95 1017.61 861.34 0.46 
653.28 1411.94 1960.50 0.40 
811.15 1293.98 1249.09 0.40 
720.91 662.26 1659.59 0.44 
1164.51 821.79 703.19 0.29 
627.09 719.70 1608.11 0.37 
670.88 1345.89 916.90 0.44 
764.30 1373.38 939.86 0.43 
1328.65 632.52 1301.33 0.43 
588.43 1479.28 623.07 0.43 
618.99 964.11 694.59 0.30 
989.08 632.24 2158.19 0.40 
1253.89 592.70 1792.86 0.35 
698.79 718.39 2859.62 0.22 
1173.48 651.30 1444.69 0.59 
540.08 1074.81 1475.05 0.51 
1078.59 931.33 769.98 0.44 
838.34 711.01 899.65 0.34 
694.30 1213.52 1724.45 0.41 
1297.58 708.25 1453.03 0.35 
764.20 549.26 1219.17 0.35 
617.40 614.61 1676.01 0.51 
625.48 763.59 1038.90 0.46 
1019.97 911.74 1538.70 0.43 
810.00 772.61 1441.75 0.42 
633.84 921.93 1685.29 0.51 
764.65 822.26 2797.37 0.35 
571.33 984.68 623.40 0.48 
896.11 1223.72 1018.29 0.43 
893.48 646.52 1287.41 0.18 
732.37 974.64 666.47 0.47 
570.66 1339.88 1325.77 0.33 
712.48 1107.84 1519.12 0.35 
668.03 743.29 979.74 0.47 
792.67 549.67 1180.51 0.41 
641.63 904.90 947.37 0.36 
637.18 911.31 1304.64 0.32 
1077.59 1197.59 1709.96 0.37 
720.89 896.32 931.24 0.36 
806.89 716.24 1976.69 0.37 
992.87 940.15 1639.94 0.47 
772.52 1214.92 2638.60 0.46 
884.29 765.30 1698.86 0.36 
772.97 920.14 1509.22 0.28 
540.36 638.40 1373.97 0.28 
1119.87 797.74 1545.33 0.34 
687.55 630.39 1991.31 0.46 
