637.17 1003.77 1154.12 0.39 
895.46 815.25 779.51 0.42 
731.71 947.45 1369.73 0.27 
710.27 841.75 1248.64 0.38 
963.42 1305.80 1988.62 0.45 
805.80 574.30 1119.75 0.46 
872.42 662.88 1703.95 0.64 
574.22 674.16 1838.36 0.46 
730.22 562.29 1193.66 0.28 
916.67 784.31 2067.07 0.37 
1217.83 765.08 1170.18 0.36 
837.75 761.93 1192.68 0.37 
581.48 554.68 2103.03 0.48 
745.26 1146.28 2246.33 0.28 
1419.27 573.21 1574.07 0.40 
1093.97 689.91 1084.58 0.35 
776.04 605.20 2154.93 0.36 
682.80 698.56 2008.19 0.41 
940.07 1104.02 1860.90 0.57 
1455.62 740.15 2192.44 0.51 
753.96 921.74 1194.89 0.30 
542.72 657.62 1102.62 0.59 
822.01 917.60 2019.53 0.47 
1043.25 628.50 1226.65 0.49 
773.76 761.04 1940.08 0.42 
961.77 560.05 2424.47 0.54 
1020.14 974.35 1389.62 0.43 
635.47 1055.57 1222.47 0.29 
1005.76 660.30 922.15 0.42 
824.11 1040.47 2065.43 0.47 
850.24 822.77 1357.92 0.39 
855.35 583.91 1497.18 0.29 
1182.62 652.60 1326.35 0.41 
676.69 989.12 1759.33 0.50 
976.66 550.32 744.18 0.59 
937.40 816.21 667.47 0.41 
692.03 1439.30 1254.67 0.16 
827.65 941.80 1998.71 0.43 
601.10 1010.11 1015.16 0.42 
580.77 630.48 863.95 0.30 
947.81 549.55 1667.88 0.56 
1114.03 821.81 1272.69 0.43 
862.77 1436.23 1742.60 0.50 
596.21 568.27 1043.28 0.39 
876.29 625.52 676.79 0.33 
614.56 596.42 1172.70 0.21 
798.94 1132.10 2536.69 0.27 
722.94 1120.46 1106.34 0.47 
953.99 1107.23 688.79 0.37 
767.29 788.95 945.02 0.33 
1193.22 720.27 1403.82 0.38 
947.53 938.89 1530.84 0.47 
771.95 663.86 1707.29 0.30 
630.14 757.95 2042.05 0.34 
968.97 560.75 1359.13 0.24 
842.49 955.45 1803.20 0.60 
1167.69 662.96 960.89 0.38 
823.74 594.42 2827.78 0.55 
695.08 1203.62 1904.55 0.34 
715.23 771.90 1992.25 0.39 
626.03 585.87 809.96 0.33 
556.32 660.86 581.05 0.54 
671.20 738.30 1228.04 0.54 
938.52 858.84 2057.43 0.53 
922.81 611.82 1774.50 0.41 
551.21 927.57 1081.85 0.33 
766.72 550.98 1418.19 0.33 
636.63 670.15 1929.02 0.41 
552.03 664.24 687.44 0.21 
876.63 1017.69 2631.82 0.48 
590.70 739.22 1156.32 0.51 
947.21 567.85 1703.47 0.26 
683.63 767.16 1245.88 0.37 
786.96 986.99 774.16 0.44 
641.16 669.80 1897.23 0.33 
741.94 931.77 678.45 0.33 
1000.17 672.31 1551.08 0.33 
1034.09 715.53 1125.95 0.55 
629.91 554.19 747.28 0.32 
824.94 552.25 1497.79 0.38 
663.84 896.35 1242.07 0.44 
