712.18 594.74 1885.14 0.46 
571.53 818.04 1161.03 0.36 
671.83 1021.63 2060.56 0.33 
583.75 889.53 1509.91 0.46 
990.62 662.85 1488.60 0.40 
720.61 562.83 676.82 0.40 
1104.99 1084.93 1294.11 0.50 
1065.08 743.79 1873.30 0.50 
636.00 659.21 1874.62 0.43 
586.02 1073.96 2294.20 0.44 
968.39 614.86 1504.27 0.33 
658.20 629.20 1377.99 0.41 
1388.53 1140.07 1294.35 0.49 
1240.15 1262.82 729.57 0.49 
775.85 564.13 1615.40 0.37 
588.61 581.52 705.61 0.32 
544.25 608.00 1998.17 0.35 
1333.69 660.53 1016.20 0.57 
667.13 860.80 1691.16 0.38 
601.01 836.49 1562.36 0.47 
674.79 673.36 1348.68 0.32 
579.48 747.23 2475.00 0.32 
712.51 677.36 747.25 0.61 
1016.16 711.42 1438.51 0.37 
835.65 761.34 916.37 0.33 
906.32 891.01 1686.84 0.62 
620.11 598.75 2007.25 0.40 
753.79 600.47 1052.79 0.44 
568.16 712.00 655.97 0.63 
975.51 540.91 1981.12 0.40 
671.16 572.97 2506.68 0.45 
574.47 1217.29 1935.73 0.42 
588.53 812.50 865.97 0.22 
764.01 897.86 2170.27 0.32 
810.14 610.54 1721.35 0.25 
917.74 1468.81 809.56 0.50 
924.02 956.93 1378.65 0.33 
641.37 583.77 2643.39 0.57 
680.65 815.28 1670.14 0.32 
1228.69 594.58 1319.09 0.48 
615.51 766.06 1053.16 0.50 
919.88 1129.12 1134.61 0.36 
786.47 831.52 1059.83 0.33 
1006.38 763.14 1488.60 0.40 
1177.30 833.51 894.91 0.27 
762.78 877.83 2602.40 0.59 
748.94 792.00 2183.37 0.39 
587.88 693.36 1310.80 0.31 
707.78 1029.85 1499.81 0.56 
1021.89 832.41 1285.66 0.50 
617.64 567.29 2977.42 0.39 
676.68 685.95 805.06 0.30 
621.37 1163.78 834.82 0.50 
541.29 905.46 862.57 0.30 
643.67 571.46 1415.67 0.59 
581.71 694.32 1254.55 0.49 
712.19 701.45 2173.74 0.41 
639.35 771.52 1014.57 0.55 
1143.81 622.13 751.78 0.60 
1045.26 1196.66 1635.27 0.43 
1028.40 1285.20 1674.01 0.36 
1111.18 1308.60 1898.65 0.46 
655.33 657.70 831.14 0.34 
1525.78 1092.67 2203.00 0.47 
675.69 1692.14 840.16 0.47 
1315.94 1336.70 1647.58 0.42 
771.82 1044.45 980.21 0.38 
1150.71 585.10 1338.59 0.56 
799.23 625.11 653.67 0.59 
890.76 668.73 803.88 0.33 
1366.12 670.45 2919.23 0.59 
758.89 575.25 658.07 0.36 
617.27 799.92 1834.54 0.23 
618.38 547.24 2194.85 0.40 
867.55 791.41 837.74 0.41 
662.11 570.74 1988.77 0.39 
601.41 579.04 590.89 0.31 
710.34 764.89 1173.75 0.40 
895.94 664.84 1237.23 0.38 
832.70 612.82 2023.35 0.46 
806.50 953.97 992.95 0.04 
576.80 705.24 1781.05 0.55 
578.75 900.81 1097.65 0.36 
748.91 541.46 1915.27 0.38 
1030.40 1030.48 632.01 0.48 
645.46 894.69 1289.21 0.64 
847.54 628.54 1586.36 0.37 
735.47 892.19 3165.17 0.31 
895.79 744.64 686.29 0.40 
785.73 922.94 626.31 0.49 
646.81 957.69 1558.55 0.35 
1019.23 864.19 997.16 0.36 
1104.48 626.63 1151.82 0.32 
1461.64 590.87 1805.88 0.41 
716.15 552.97 2513.80 0.30 
701.15 649.15 1110.84 0.23 
1013.04 725.47 1218.69 0.44 
705.38 555.27 2260.20 0.44 
870.46 742.21 1974.87 0.42 
646.44 1007.32 2236.79 0.41 
955.05 549.38 1331.46 0.46 
1141.52 1296.76 803.35 0.33 
1209.67 765.55 631.07 0.41 
990.35 808.44 862.10 0.48 
1675.29 647.81 867.79 0.30 
777.35 745.26 1626.86 0.33 
1042.22 575.91 1978.72 0.40 
976.77 1012.33 1053.14 0.37 
614.54 911.63 709.90 0.49 
1319.08 768.67 2228.60 0.57 
952.89 650.20 1074.33 0.48 
561.29 1050.18 1015.20 0.29 
603.55 793.77 1173.88 0.38 
1338.26 1071.20 1620.36 0.36 
704.20 836.65 2577.30 0.29 
997.86 600.42 1280.80 0.50 
688.59 599.64 2031.91 0.40 
608.15 1337.88 1298.18 0.29 
943.33 982.18 1851.20 0.42 
1018.35 1024.32 1453.19 0.61 
873.44 1146.34 1199.56 0.38 
546.70 1265.28 1400.56 0.41 
822.99 916.27 1528.16 0.53 
754.07 899.04 1229.27 0.42 
646.97 982.20 2777.00 0.39 
613.10 816.29 1080.19 0.43 
550.44 707.67 1376.19 0.34 
1128.90 783.78 1601.07 0.47 
1265.41 1171.28 822.68 0.53 
541.09 783.52 1334.55 0.40 
965.42 946.25 918.14 0.36 
739.28 571.43 692.23 0.41 
771.15 1198.05 1781.56 0.51 
982.18 585.26 839.28 0.32 
1033.09 715.72 1125.65 0.36 
639.96 579.50 1715.54 0.26 
872.64 568.74 2106.73 0.45 
778.19 778.68 2129.95 0.30 
705.29 766.04 540.12 0.54 
758.72 1407.24 2243.62 0.37 
719.52 1023.38 2291.36 0.36 
806.59 645.32 2088.49 0.41 
672.35 823.21 993.85 0.63 
859.20 866.66 2727.80 0.54 
762.22 1491.47 758.80 0.34 
677.68 1124.87 1549.33 0.31 
727.41 680.89 1207.96 0.61 
713.10 1083.12 2325.59 0.49 
886.54 911.00 1518.20 0.35 
687.62 619.77 1830.27 0.46 
588.46 1134.77 817.75 0.19 
704.75 767.84 794.76 0.25 
640.07 779.18 1400.12 0.54 
661.07 646.95 956.65 0.42 
583.92 730.72 1067.22 0.44 
876.21 919.57 2320.06 0.31 
917.63 660.80 691.96 0.36 
567.12 648.75 1784.49 0.33 
647.40 706.61 2135.77 0.38 
631.20 645.90 1232.43 0.55 
1023.68 621.91 1201.01 0.40 
1059.72 962.31 917.56 0.14 
637.80 1016.51 1166.49 0.58 
1323.50 900.43 1021.92 0.32 
860.99 700.18 1940.79 0.43 
1186.02 746.70 1957.06 0.39 
620.89 1127.62 968.89 0.30 
692.03 1208.76 1461.28 0.37 
566.44 651.59 1162.00 0.45 
711.29 1193.80 1025.72 0.35 
752.92 715.31 1610.43 0.37 
717.25 785.72 842.56 0.25 
751.96 770.21 1893.76 0.47 
757.08 1241.81 834.14 0.25 
652.28 548.84 666.43 0.36 
889.06 781.09 1148.89 0.43 
807.87 660.00 757.99 0.40 
999.66 1078.15 1581.53 0.36 
666.40 890.13 1597.82 0.39 
881.10 985.90 577.44 0.29 
558.68 662.03 1345.06 0.27 
1218.86 1530.67 2668.27 0.25 
924.54 700.18 1594.55 0.42 
984.91 797.74 1480.75 0.49 
763.97 957.68 966.76 0.46 
1243.91 789.06 2046.71 0.42 
697.13 810.47 1238.50 0.31 
689.20 1330.55 1455.04 0.33 
1183.63 1001.67 1066.28 0.49 
1233.13 629.38 1069.33 0.37 
746.79 782.35 1859.87 0.46 
627.64 1440.31 1995.68 0.39 
1094.44 670.63 3632.99 0.28 
619.65 943.61 1756.89 0.36 
615.50 550.20 1482.66 0.39 
674.27 913.15 2352.17 0.20 
1438.34 709.61 1345.94 0.43 
868.33 943.42 771.28 0.39 
795.81 679.49 2229.42 0.30 
914.66 889.05 2572.22 0.34 
693.42 992.33 1659.98 0.43 
