548.70 593.29 2215.56 0.30 
540.80 644.35 1387.62 0.35 
1452.81 657.97 1083.45 0.50 
578.96 564.95 1009.79 0.41 
648.00 803.00 1268.45 0.44 
1265.00 779.36 1742.63 0.50 
1384.20 862.93 1952.41 0.35 
932.78 1260.17 1498.66 0.35 
1188.79 788.80 2644.59 0.25 
569.31 876.53 989.88 0.35 
1041.74 573.44 1417.11 0.55 
604.92 1596.95 1067.83 0.53 
1168.94 667.75 739.56 0.48 
998.27 757.97 567.31 0.46 
721.03 1011.00 1501.12 0.41 
1008.60 680.54 2141.27 0.39 
1051.11 620.05 1363.48 0.27 
787.45 795.65 999.19 0.15 
772.41 770.97 981.34 0.46 
773.84 654.90 1065.28 0.47 
930.96 658.11 1372.77 0.38 
