1176.98 904.41 2044.15 0.31 
604.03 585.84 1271.46 0.31 
565.71 863.68 2058.53 0.39 
1083.57 950.26 1217.26 0.46 
624.66 1377.93 2003.87 0.34 
1056.19 595.04 1252.73 0.38 
820.37 951.16 1888.27 0.25 
644.56 572.28 3305.56 0.32 
1152.77 955.17 1567.77 0.30 
1051.52 1036.71 1161.23 0.25 
746.45 708.53 1205.19 0.33 
751.60 722.02 1154.34 0.40 
791.29 787.15 1308.23 0.33 
649.43 855.37 1485.03 0.35 
907.18 556.01 2004.10 0.56 
762.26 999.98 1390.37 0.38 
708.31 1060.95 1255.71 0.46 
627.60 593.89 1111.70 0.43 
667.82 554.08 1255.34 0.38 
700.45 990.00 594.97 0.33 
554.30 951.02 1385.72 0.55 
846.77 579.91 1784.48 0.41 
1013.59 753.45 904.35 0.49 
727.18 773.69 1379.76 0.63 
773.96 779.71 870.78 0.37 
721.54 767.86 993.40 0.34 
1064.38 837.27 1976.85 0.48 
711.50 1041.21 2340.14 0.44 
828.49 941.12 2477.17 0.42 
626.12 1008.47 1991.69 0.43 
1048.09 640.44 1496.52 0.49 
905.98 1131.20 1168.04 0.35 
756.02 655.78 860.64 0.53 
547.15 791.66 1420.77 0.46 
1402.06 895.86 1144.26 0.32 
879.19 721.98 1616.61 0.36 
598.83 1006.40 1376.06 0.20 
843.45 652.60 2049.06 0.26 
840.43 719.68 775.98 0.37 
812.86 913.63 1223.16 0.17 
791.76 858.00 1969.29 0.48 
714.70 969.84 608.14 0.46 
566.05 913.85 806.76 0.32 
784.01 1156.51 902.18 0.23 
868.55 692.02 729.09 0.49 
826.50 716.97 1122.30 0.44 
715.58 743.87 726.63 0.18 
561.77 653.73 1370.00 0.49 
1380.58 621.26 2358.65 0.24 
691.65 940.75 681.30 0.65 
699.60 578.56 924.51 0.34 
616.58 958.45 634.02 0.43 
984.82 1522.38 1297.56 0.37 
581.54 810.12 1965.82 0.39 
902.78 678.14 1890.79 0.44 
841.52 724.49 1249.20 0.39 
1046.40 1383.15 1194.03 0.25 
701.56 935.81 1068.56 0.48 
790.93 786.65 2138.99 0.40 
787.17 730.26 661.95 0.29 
692.64 585.98 1485.03 0.15 
562.98 936.68 1604.47 0.44 
1245.52 660.36 1470.50 0.30 
572.07 593.11 1302.05 0.45 
559.60 672.98 1292.35 0.40 
690.10 1125.26 738.57 0.49 
938.81 583.46 1343.70 0.42 
684.90 678.45 1489.60 0.44 
1153.45 882.05 1816.65 0.38 
1161.81 835.63 1270.82 0.40 
749.98 770.87 1202.26 0.44 
1162.34 834.98 929.66 0.48 
790.88 1223.29 1577.09 0.17 
1075.33 714.42 992.61 0.37 
848.26 1066.11 672.37 0.53 
606.54 1048.67 1390.50 0.29 
1086.43 646.25 1102.29 0.42 
985.15 1351.59 828.85 0.33 
883.47 552.85 1092.46 0.47 
1117.03 1403.15 1673.70 0.49 
688.41 1081.62 946.38 0.44 
552.30 541.57 1342.22 0.60 
606.49 921.04 1697.00 0.59 
849.90 962.65 2780.23 0.26 
799.02 681.01 1512.33 0.17 
1334.06 755.03 2677.77 0.37 
890.43 881.81 1115.93 0.53 
729.62 1015.97 1992.45 0.51 
618.75 678.56 699.44 0.47 
856.83 998.95 956.80 0.40 
834.91 698.20 1723.40 0.47 
706.77 1166.07 1602.10 0.47 
559.74 643.06 1840.40 0.34 
540.23 1057.99 840.15 0.39 
1045.05 800.87 1179.36 0.29 
877.07 1011.35 2076.27 0.44 
656.79 605.37 2275.23 0.43 
579.64 867.06 1608.75 0.28 
744.91 647.20 691.72 0.30 
541.29 583.79 1826.94 0.50 
563.66 969.09 2332.02 0.33 
