1018.55 1075.58 1737.88 0.31 
543.11 571.65 3009.65 0.25 
826.61 788.61 2167.35 0.30 
585.37 1097.95 1959.38 0.33 
1035.30 721.24 577.11 0.27 
574.23 888.57 1470.13 0.42 
759.31 826.83 2660.55 0.39 
551.95 596.84 1883.06 0.58 
1060.11 671.81 984.71 0.49 
716.89 914.83 1194.03 0.28 
902.98 665.87 1806.02 0.32 
606.64 891.57 1592.95 0.41 
1015.03 984.22 1864.87 0.44 
876.51 968.75 717.34 0.33 
555.46 958.47 661.18 0.49 
610.78 853.85 1175.28 0.53 
789.35 1165.94 1822.94 0.13 
640.06 655.56 541.10 0.50 
712.33 621.44 1989.33 0.26 
1216.63 1296.17 2870.69 0.20 
1173.77 1067.20 1401.86 0.47 
935.01 680.82 988.62 0.54 
615.70 1282.82 855.86 0.26 
990.85 728.56 1230.13 0.16 
607.02 1426.84 881.16 0.37 
911.94 627.19 2108.02 0.26 
1455.67 733.59 1981.09 0.38 
783.24 832.77 1404.85 0.44 
1081.97 909.69 1017.64 0.47 
585.01 892.46 891.71 0.43 
1030.53 559.56 1196.17 0.35 
1363.28 755.52 1479.10 0.40 
571.02 666.64 1368.87 0.39 
751.56 603.87 2288.25 0.51 
1397.47 832.39 1511.72 0.48 
610.56 784.61 1806.93 0.34 
664.48 906.14 1707.79 0.46 
809.56 782.88 1827.01 0.28 
624.49 637.59 1024.55 0.38 
913.66 774.67 1779.84 0.43 
1001.63 940.41 1441.80 0.20 
1145.80 763.86 2528.29 0.30 
1081.78 614.59 1420.42 0.43 
741.61 546.23 1252.49 0.46 
682.80 556.79 1425.61 0.41 
1006.55 588.38 792.78 0.55 
725.46 732.13 1395.83 0.41 
579.71 1172.31 1258.49 0.39 
970.71 950.74 2053.92 0.62 
630.38 846.78 1004.20 0.33 
1114.79 1294.92 2504.34 0.57 
721.10 783.18 1308.10 0.55 
676.74 897.98 1118.80 0.32 
1083.01 876.45 1108.87 0.35 
761.04 843.64 1329.35 0.43 
1373.81 717.03 1128.08 0.46 
666.94 614.96 573.18 0.28 
839.12 741.71 1834.62 0.41 
1178.77 603.71 1956.81 0.56 
603.43 809.18 916.81 0.46 
855.92 542.82 1380.53 0.28 
1007.10 979.73 2048.90 0.28 
612.01 730.55 1303.51 0.38 
560.32 654.39 2015.93 0.52 
974.00 1024.07 566.97 0.42 
638.25 679.85 1884.57 0.30 
685.54 946.96 1935.31 0.38 
663.70 628.46 1638.26 0.45 
991.92 1231.08 3052.75 0.25 
564.61 823.65 2708.71 0.41 
590.27 583.55 2505.42 0.44 
540.01 642.42 1425.52 0.36 
700.77 637.39 1228.83 0.43 
1010.82 893.71 1960.69 0.41 
778.04 550.62 2424.88 0.45 
812.95 1161.19 1089.64 0.62 
780.00 966.11 1828.97 0.37 
639.04 578.45 2185.25 0.53 
657.88 593.36 1949.63 0.29 
632.19 1217.67 764.21 0.24 
553.31 730.17 893.67 0.40 
907.53 701.66 2801.59 0.47 
717.41 645.42 1190.19 0.27 
719.81 545.32 1473.14 0.42 
1704.84 1158.43 1507.65 0.42 
915.20 624.31 1481.38 0.47 
918.18 1237.21 1110.46 0.22 
673.57 889.93 1754.98 0.57 
636.00 611.14 1639.54 0.31 
632.26 762.12 3080.31 0.27 
897.67 1040.23 1698.90 0.34 
541.23 810.91 2748.52 0.42 
625.46 931.64 1780.84 0.55 
597.59 610.53 580.69 0.38 
751.46 749.62 583.30 0.23 
567.94 654.41 2322.89 0.29 
885.50 917.44 923.52 0.46 
907.62 1269.05 987.77 0.46 
701.31 1163.38 979.16 0.24 
1281.98 756.54 1281.62 0.44 
862.96 908.60 1336.80 0.45 
1066.89 555.41 1996.07 0.41 
780.89 939.46 1433.05 0.35 
1211.28 692.07 800.45 0.54 
908.65 609.60 1535.39 0.37 
751.21 779.75 2446.48 0.57 
557.88 650.37 861.76 0.32 
906.55 554.32 849.26 0.41 
686.65 1103.08 2244.39 0.28 
901.85 752.89 1221.86 0.30 
1249.38 865.42 2682.50 0.35 
778.06 659.27 1236.84 0.34 
779.39 1003.48 1330.38 0.28 
849.45 582.35 1283.03 0.33 
619.72 554.53 1821.77 0.37 
938.34 793.95 2297.86 0.30 
1363.32 829.72 1559.22 0.40 
1053.88 708.27 1158.07 0.52 
616.36 548.77 1770.12 0.25 
1051.63 964.28 1596.47 0.43 
783.19 1010.30 1142.70 0.14 
1092.35 544.17 1435.54 0.23 
817.34 948.05 861.30 0.32 
570.47 619.20 2030.74 0.50 
644.02 750.94 1270.75 0.37 
933.01 585.40 1387.50 0.34 
675.19 706.50 1660.98 0.29 
1256.75 985.14 2146.40 0.51 
984.93 1015.09 1631.50 0.51 
944.14 626.90 1593.25 0.29 
1387.64 1070.53 1348.12 0.41 
563.88 568.61 3002.72 0.37 
584.70 1054.07 2266.28 0.44 
679.06 837.12 1046.54 0.50 
542.20 867.89 1261.61 0.38 
1155.38 783.37 2124.42 0.39 
849.86 859.03 1624.79 0.46 
969.13 744.59 1345.86 0.57 
862.54 641.50 2372.32 0.34 
952.86 776.18 986.43 0.57 
1464.32 761.03 1172.36 0.56 
644.80 657.08 1443.43 0.52 
639.58 1290.35 1294.46 0.55 
718.06 867.23 878.75 0.47 
903.17 641.00 2593.60 0.38 
755.21 617.87 713.03 0.57 
1020.16 673.67 2195.69 0.35 
1065.02 550.21 1454.28 0.33 
1023.75 743.66 845.36 0.37 
588.02 568.08 1079.89 0.50 
994.74 1258.16 1579.76 0.43 
