600.12 600.21 3996.16 0.26 
612.54 562.51 3707.39 0.25 
634.76 605.23 3859.30 0.30 
621.65 559.19 5333.59 0.48 
654.05 650.60 3183.07 0.36 
568.61 658.59 4161.60 0.31 
593.03 775.05 3719.29 0.26 
572.67 540.48 3720.28 0.49 
657.04 638.68 3209.95 0.37 
553.72 810.03 4756.93 0.42 
564.33 687.42 3691.87 0.49 
658.44 557.54 4830.92 0.47 
579.78 589.11 3710.25 0.43 
553.68 667.99 4669.83 0.24 
694.84 756.05 4975.93 0.32 
642.98 627.13 3358.28 0.13 
556.81 744.02 2905.23 0.48 
712.03 665.29 5520.22 0.28 
614.19 554.16 4091.09 0.49 
560.90 555.84 3362.80 0.41 
549.04 556.51 3406.05 0.44 
