64.70 38.17 0.23 7220.02
114.27 162.43 0.36 2775.44
97.66 6.86 0.22 8589.34
51.00 218.64 0.20 7163.19
107.55 280.80 0.15 2475.90
108.86 343.45 0.13 7524.88
110.75 334.43 0.32 6377.95
45.91 279.60 0.20 4106.52
86.56 517.42 0.27 3791.64
55.34 492.98 0.19 8372.86
122.13 519.71 0.11 4275.56
26.41 516.61 0.24 9866.17
115.85 694.72 0.12 4948.44
117.15 754.38 0.12 7803.64
63.72 719.32 0.18 9439.60
60.00 707.74 0.20 9103.06
89.47 950.14 0.11 8668.83
127.23 986.71 0.30 1079.05
132.06 825.40 0.13 8226.18
142.00 947.31 0.06 3091.37
407.33 123.31 0.24 5568.03
253.08 124.86 0.09 5048.36
238.10 49.70 0.35 10456.82
384.23 39.60 0.30 2053.07
281.76 382.78 0.16 9834.17
265.97 370.82 0.31 6714.43
200.31 394.73 0.22 6923.79
360.51 295.35 0.16 3639.01
219.53 501.59 0.38 10718.23
170.10 491.31 0.27 5421.49
237.49 583.60 0.01 10078.97
270.94 433.41 0.28 10707.64
282.75 665.16 0.23 5264.90
459.06 782.28 0.21 6343.11
336.49 684.03 0.11 10166.38
424.13 686.18 0.24 9840.28
503.02 948.00 0.03 3539.16
373.39 768.53 0.01 789.35
220.36 896.61 0.18 8424.89
248.23 960.11 0.19 6907.70
477.08 41.26 0.13 10603.15
513.36 76.23 0.12 2208.44
592.85 118.61 0.07 3478.32
487.55 137.67 0.32 8089.67
470.25 251.66 0.13 7941.99
534.94 342.81 0.52 9193.01
583.56 275.85 0.19 5261.34
475.08 318.81 0.30 2431.40
470.81 471.79 0.20 1639.70
430.24 517.54 0.16 1248.81
504.08 529.95 0.20 10438.82
541.50 558.20 0.09 7202.63
483.89 715.02 0.37 3520.01
539.57 639.05 0.23 10032.18
540.35 820.77 0.21 5027.05
553.37 623.32 0.18 5337.10
522.08 826.39 0.04 3363.79
596.78 887.16 0.19 6431.00
536.96 884.35 0.20 1568.72
556.31 894.92 0.27 5902.43
689.52 172.35 0.20 6693.38
669.55 11.78 0.03 6659.87
683.14 128.83 0.18 4491.11
707.53 179.26 0.28 6059.77
606.25 271.81 0.20 9759.25
794.03 217.54 0.13 8846.83
699.91 338.33 0.19 5314.95
743.35 305.68 0.12 8309.34
804.04 534.48 0.14 5210.72
770.01 485.84 0.25 8870.04
691.38 379.09 0.20 4353.78
717.27 556.00 0.31 6295.65
833.57 786.20 0.40 4622.50
725.97 694.58 0.05 8246.56
731.92 771.66 0.26 4959.96
755.04 637.51 0.29 5773.69
677.17 796.23 0.09 8890.72
707.92 900.26 0.33 8853.37
700.17 784.46 0.32 5099.97
695.29 933.57 0.20 6034.07
915.25 98.39 0.03 5274.84
939.60 149.29 0.34 7690.02
875.43 37.73 0.19 3606.83
935.40 105.05 0.09 8718.02
816.84 359.29 0.09 1496.33
832.92 165.69 0.09 7530.78
928.49 303.57 0.37 2991.66
998.81 345.87 0.22 2172.26
897.62 485.92 0.33 6139.39
861.93 452.55 0.26 7557.37
805.11 521.93 0.25 1811.31
900.72 439.93 0.13 5857.38
948.73 700.27 0.30 2712.63
945.12 688.80 0.26 2195.15
999.00 646.21 0.07 3779.75
884.49 732.64 0.23 4487.38
933.80 858.53 0.34 2801.08
854.45 910.56 0.16 8880.22
874.48 942.02 0.17 8878.36
855.96 901.02 0.29 4854.02
