92.35 176.98 0.10 8517.46
92.80 170.64 0.14 5330.91
78.72 153.18 0.04 10303.02
101.87 181.54 0.25 6938.46
0.35 7.25 0.32 5099.70
48.69 98.89 0.18 1129.40
94.94 101.90 0.11 6785.49
157.59 51.02 0.23 7890.22
97.57 391.06 0.37 3621.15
67.01 317.43 0.07 2139.67
124.37 311.18 0.24 9235.01
91.10 276.76 0.29 4606.24
125.12 298.98 0.28 7403.54
104.93 309.70 0.27 8194.43
154.54 278.86 0.09 4935.41
151.30 358.34 0.12 6635.66
158.02 534.55 0.08 6250.47
149.78 555.53 0.20 8500.08
130.81 540.88 0.22 6367.58
60.58 583.03 0.15 5786.98
147.62 571.49 0.30 3472.50
60.94 549.90 0.06 10800.00
147.31 412.18 0.17 7602.10
125.05 470.33 0.29 3966.41
141.29 731.47 0.10 3303.56
116.89 738.88 0.08 10621.11
81.88 797.23 0.16 2843.07
150.18 715.57 0.43 4006.04
69.55 584.32 0.10 8179.11
155.15 676.54 0.21 4753.00
10.03 721.01 0.20 5534.61
18.17 757.47 0.39 5308.74
141.50 938.21 0.25 4348.35
112.80 880.10 0.11 6198.57
7.33 876.55 0.16 2267.02
167.04 914.18 0.16 3408.18
95.61 946.95 0.15 6731.09
33.59 919.70 0.12 5212.82
112.95 782.59 0.28 6349.27
58.71 812.76 0.15 6232.56
296.16 142.63 0.12 1990.66
317.20 28.01 0.22 6517.43
342.08 174.01 0.35 1443.38
244.44 151.03 0.15 4770.17
291.76 178.55 0.29 1589.83
329.60 119.45 0.03 2693.39
376.66 165.17 0.29 8892.90
222.79 21.90 0.28 3107.74
249.51 313.35 0.03 4886.74
335.82 245.75 0.13 5980.65
344.82 268.50 0.23 4740.59
215.74 227.26 0.31 4236.73
264.21 397.11 0.01 4952.32
295.58 326.98 0.29 5229.72
391.15 273.45 0.22 9329.09
290.86 365.65 0.28 3064.82
300.06 575.04 0.34 5171.97
297.90 556.66 0.08 1159.76
276.74 554.58 0.16 5594.76
219.68 592.30 0.41 8285.17
324.20 477.44 0.02 3899.67
306.51 435.48 0.09 5632.44
233.65 482.50 0.26 5682.43
332.78 561.60 0.39 8664.56
333.31 727.10 0.18 1402.43
310.74 685.85 0.22 9700.06
288.81 685.73 0.18 2173.88
327.62 770.00 0.07 4322.75
312.40 682.41 0.26 4431.98
237.93 674.07 0.12 880.35
249.73 668.33 0.28 7974.85
313.72 760.03 0.22 8823.98
255.54 954.61 0.06 4344.10
267.20 879.02 0.22 1423.98
351.58 874.07 0.22 6790.00
252.81 954.87 0.30 6322.19
293.47 869.61 0.02 5447.30
304.91 808.11 0.24 4255.57
263.24 815.75 0.08 8992.86
249.51 949.32 0.23 6322.23
561.80 181.53 0.25 4638.75
479.26 39.00 0.25 3562.37
514.55 122.13 0.31 4212.91
560.10 29.99 0.19 7144.30
587.61 160.53 0.18 3023.90
436.16 51.32 0.19 6364.23
592.20 106.69 0.18 2528.27
549.84 74.02 0.39 1338.40
498.87 391.49 0.28 3558.03
353.59 240.33 0.32 9684.35
547.49 374.51 0.20 1954.63
474.00 332.71 0.34 3430.50
552.55 409.51 0.20 2669.99
496.59 262.49 0.16 1920.51
473.75 284.99 0.38 10601.29
472.59 376.20 0.24 4755.73
563.35 467.16 0.19 8343.74
486.53 483.17 0.26 8243.20
586.29 551.14 0.18 10165.81
479.41 582.20 0.27 4600.62
482.80 490.97 0.03 6220.71
487.05 411.98 0.44 9421.73
427.30 517.19 0.04 5398.88
563.03 484.27 0.34 7472.87
477.97 747.62 0.37 10454.66
554.57 707.87 0.27 7214.76
463.83 650.74 0.24 4340.22
485.49 680.28 0.26 8379.39
572.82 743.82 0.31 5758.56
477.17 713.14 0.10 6389.05
610.18 710.43 0.21 6701.28
424.03 753.31 0.07 9874.51
495.90 956.83 0.26 4367.57
521.63 909.87 0.20 1585.19
493.87 917.81 0.09 6031.40
481.40 999.00 0.07 1067.77
440.63 951.76 0.22 8381.54
487.14 879.79 0.19 8551.38
523.41 886.39 0.04 4631.56
467.62 936.94 0.33 4481.87
690.85 73.77 0.16 3971.71
662.62 41.71 0.40 918.35
577.70 93.88 0.14 3740.72
681.62 35.36 0.22 7800.59
702.75 163.40 0.13 2473.22
572.01 146.23 0.06 3031.14
685.75 147.90 0.23 4077.23
788.30 113.07 0.30 2013.83
668.18 363.70 0.18 3676.25
763.81 335.49 0.35 5665.03
621.40 349.32 0.15 8006.82
661.44 282.58 0.28 455.29
705.42 260.74 0.17 2827.44
703.43 318.29 0.13 4263.42
644.53 210.90 0.22 5026.17
764.27 367.82 0.24 8683.99
657.28 624.66 0.36 6449.90
689.04 421.46 0.28 7701.18
749.93 493.13 0.32 9115.99
722.44 533.15 0.13 4572.43
643.42 508.59 0.30 9521.35
636.47 463.11 0.14 7525.56
645.44 564.41 0.04 1504.08
680.60 450.13 0.28 5423.96
703.90 718.45 0.04 5842.04
744.93 754.21 0.14 8060.48
721.85 714.20 0.21 6406.71
681.65 589.72 0.31 7732.83
679.55 737.55 0.31 4530.14
579.61 710.56 0.17 6289.17
700.38 701.78 0.37 3264.67
687.00 720.04 0.23 5959.15
824.85 899.31 0.03 6675.28
619.10 842.87 0.14 6391.52
757.05 865.12 0.31 4450.34
725.19 873.71 0.26 4094.73
633.47 866.27 0.22 8475.58
742.85 974.69 0.20 6339.46
673.44 899.28 0.17 7460.43
657.93 912.63 0.25 8223.83
844.50 120.48 0.21 5704.64
877.73 54.99 0.24 3469.26
916.56 60.69 0.14 7493.22
804.50 28.80 0.19 6474.38
961.51 89.77 0.28 6733.42
927.57 165.91 0.05 8362.47
919.65 138.12 0.28 1172.70
944.64 93.34 0.21 7380.46
953.07 331.31 0.34 4948.65
999.00 212.87 0.16 3124.99
855.82 242.17 0.04 5680.79
874.29 379.86 0.19 4280.13
892.18 346.38 0.26 5963.39
894.75 262.99 0.12 3293.36
996.88 375.65 0.35 3246.03
858.07 407.55 0.14 3392.88
913.97 399.74 0.02 8910.77
890.77 492.01 0.17 8478.49
866.88 445.42 0.04 5909.87
896.17 547.91 0.14 6427.84
849.26 505.34 0.23 10058.72
841.86 471.62 0.39 5095.63
929.49 524.02 0.30 4058.52
924.39 518.32 0.18 1608.09
947.05 694.11 0.32 3924.74
889.32 705.26 0.13 4096.93
934.19 658.72 0.22 10136.43
884.87 721.65 0.23 4158.41
833.54 637.29 0.29 4229.20
786.94 669.18 0.08 7517.17
840.21 700.48 0.03 4892.58
890.59 702.85 0.26 6302.80
834.57 823.74 0.10 4049.60
805.78 887.49 0.24 5065.91
925.18 952.93 0.03 9423.17
879.33 954.65 0.37 5773.63
926.72 876.98 0.26 5433.22
839.71 892.02 0.16 6857.84
904.05 859.75 0.09 4031.68
872.32 883.81 0.16 2525.19
