138.32 15.60 0.04 5756.85
114.04 83.50 0.18 7994.58
67.29 116.98 0.04 10800.00
14.48 137.86 0.23 2407.33
158.07 83.06 0.31 9081.81
118.61 260.62 0.43 3753.26
37.36 259.19 0.14 5499.30
49.42 225.13 0.06 984.89
76.51 179.69 0.18 2728.00
67.81 344.42 0.10 10121.53
80.62 564.00 0.23 8739.58
132.81 504.97 0.36 7450.00
1.80 522.43 0.28 3185.09
143.69 542.96 0.17 9469.97
65.30 495.56 0.42 1259.23
120.96 730.15 0.22 6691.93
70.08 709.27 0.32 6667.39
57.32 714.77 0.13 4680.37
120.60 726.76 0.18 5216.95
148.31 679.42 0.22 2535.08
167.69 937.20 0.20 5591.40
111.81 918.98 0.18 1015.44
168.49 867.90 0.16 10058.63
21.06 921.36 0.21 5928.27
136.96 969.65 0.14 2927.41
312.88 131.25 0.11 1380.75
265.98 63.89 0.04 6281.90
363.79 54.90 0.29 3263.30
287.99 174.64 0.16 4677.52
305.37 25.26 0.06 9382.64
349.28 265.02 0.31 6550.35
310.54 432.65 0.16 6587.46
239.76 281.46 0.11 4601.04
350.86 313.91 0.20 8401.10
394.37 334.39 0.15 5227.85
260.87 496.38 0.11 10297.32
254.52 570.16 0.19 3774.60
263.70 555.32 0.02 3409.13
252.38 593.05 0.11 10776.32
328.24 529.75 0.25 4636.44
316.19 659.79 0.27 7148.48
335.34 637.41 0.04 4372.05
342.13 703.40 0.08 8493.17
274.47 676.50 0.38 5791.33
340.03 661.69 0.20 2576.54
250.70 899.88 0.24 6554.92
340.78 908.78 0.28 6227.67
274.71 936.62 0.25 3534.19
338.59 896.73 0.17 4577.65
307.84 999.00 0.12 7004.06
522.74 85.24 0.16 5342.07
488.69 172.92 0.33 3080.75
480.78 82.49 0.17 3475.22
523.41 89.23 0.15 10345.26
573.70 127.92 0.32 3032.20
500.82 311.53 0.23 3216.06
558.88 370.01 0.12 5855.05
558.44 351.56 0.21 7719.57
572.21 293.40 0.16 2012.26
487.95 204.99 0.06 5095.28
521.59 512.57 0.10 4507.93
487.74 478.15 0.26 8157.04
540.10 475.37 0.19 1946.98
395.84 558.30 0.22 7321.22
478.19 462.21 0.21 3532.94
463.92 632.75 0.12 10533.06
497.90 689.27 0.14 2300.58
491.50 744.05 0.20 5011.09
539.63 597.94 0.10 6846.34
608.10 749.94 0.06 5419.15
524.26 882.85 0.35 4641.75
489.82 925.87 0.39 3577.11
511.02 902.69 0.31 7851.76
482.06 885.34 0.18 10626.06
503.98 915.58 0.19 5623.58
712.36 141.65 0.14 4094.20
729.96 85.36 0.22 2430.17
693.54 157.03 0.12 9314.73
673.99 8.46 0.15 9711.78
714.90 55.61 0.29 8757.60
764.57 307.35 0.17 10458.91
740.15 274.47 0.12 3924.79
678.71 325.30 0.13 4765.88
778.45 274.24 0.22 5237.02
761.77 234.43 0.30 7677.90
814.01 483.65 0.26 9624.25
751.78 440.84 0.07 9857.98
588.39 519.20 0.46 2954.74
786.68 495.52 0.16 1402.40
734.42 457.25 0.11 4732.50
622.61 695.12 0.31 5541.56
755.33 734.76 0.18 6961.94
704.71 596.85 0.33 10538.06
725.83 719.68 0.02 2555.99
761.31 738.78 0.09 10062.43
758.05 902.96 0.27 2736.67
664.99 944.74 0.08 4283.70
728.32 896.94 0.13 3674.80
606.12 871.32 0.05 4926.59
760.51 896.53 0.21 5455.97
916.56 97.37 0.14 9020.95
936.13 156.47 0.22 7158.92
922.54 90.29 0.37 6516.63
949.80 16.70 0.26 5241.11
920.68 100.02 0.18 9877.56
921.84 295.69 0.20 7543.17
884.82 313.37 0.10 3623.57
895.26 252.71 0.28 2789.69
852.86 285.59 0.10 2822.74
901.56 365.18 0.17 8034.63
896.34 528.95 0.16 9622.04
838.77 544.20 0.29 4257.90
983.06 473.19 0.22 9684.29
864.56 491.58 0.27 8944.93
871.44 469.83 0.11 5507.51
900.02 719.97 0.15 9850.36
973.16 746.09 0.21 7064.90
880.33 695.44 0.29 2506.21
843.59 673.85 0.18 8651.37
898.11 687.44 0.06 6236.76
947.11 912.48 0.16 8972.64
908.32 921.99 0.35 6257.84
940.36 977.50 0.14 1425.28
980.67 919.61 0.16 6044.55
851.60 891.86 0.31 10531.59
