102.98 54.00 0.33 6598.67
104.93 139.59 0.11 8593.15
168.59 24.26 0.11 8999.08
71.49 71.36 0.16 2129.62
40.87 74.27 0.34 4457.56
72.26 113.77 0.07 4231.06
185.34 380.81 0.22 6872.51
49.31 280.01 0.08 8292.45
212.84 356.89 0.10 3170.83
196.42 296.55 0.29 5450.52
95.05 295.95 0.07 5806.59
44.91 259.47 0.20 5118.19
146.37 485.33 0.28 1313.22
70.30 517.55 0.26 3217.55
151.14 525.84 0.20 1104.42
144.13 535.78 0.14 7689.58
145.86 434.41 0.21 4126.83
118.36 458.86 0.23 4553.77
193.20 701.41 0.22 2229.53
157.78 666.79 0.14 6852.77
81.17 660.03 0.11 3182.84
64.00 685.62 0.08 4483.09
123.51 646.13 0.23 6322.20
156.08 661.61 0.20 2935.33
85.82 898.83 0.23 9038.21
82.12 867.52 0.25 3638.50
78.57 858.94 0.27 7090.38
79.18 848.05 0.23 5026.06
184.04 921.24 0.23 4346.75
37.26 855.85 0.27 2826.16
253.76 74.83 0.13 5741.52
259.54 115.71 0.23 4171.96
246.83 144.34 0.32 6677.43
288.69 72.28 0.23 2773.92
315.83 108.99 0.17 5022.32
262.12 32.85 0.40 890.07
294.59 334.65 0.30 2952.43
321.03 281.16 0.18 9189.29
255.36 357.00 0.10 7762.00
283.60 216.44 0.22 1580.63
286.62 284.63 0.49 796.58
276.36 293.14 0.37 4686.41
257.31 458.18 0.14 4116.49
297.49 542.06 0.27 2450.36
303.67 435.66 0.22 1813.99
287.11 547.87 0.10 3134.08
263.28 491.66 0.21 4861.77
373.05 511.91 0.23 3347.05
324.59 670.66 0.30 2776.45
353.85 652.05 0.26 4872.94
248.06 714.64 0.10 1246.48
303.26 683.04 0.14 9184.41
290.00 665.90 0.17 7138.50
337.25 691.13 0.28 3558.15
379.83 911.62 0.30 5121.86
380.32 921.97 0.26 3247.66
237.77 843.52 0.15 9208.18
254.18 857.43 0.29 3272.78
298.44 891.06 0.18 2894.36
260.46 842.54 0.24 5371.08
611.45 186.54 0.14 2741.53
531.85 24.55 0.13 8119.55
566.83 1.09 0.10 5325.76
403.51 25.99 0.33 8328.61
406.61 145.87 0.15 5976.54
411.10 76.78 0.27 7653.43
469.42 278.96 0.20 7868.41
489.01 285.55 0.19 8163.41
443.81 262.63 0.12 9697.15
495.69 293.54 0.23 9133.78
474.66 278.13 0.20 9402.90
493.94 356.42 0.26 4105.70
536.88 495.67 0.25 1271.08
511.34 532.66 0.36 1941.15
473.05 536.08 0.16 4153.13
539.12 472.80 0.23 6422.70
512.24 466.26 0.21 7631.50
490.78 524.47 0.19 2511.17
525.80 707.34 0.08 8607.38
546.71 679.02 0.49 9693.24
546.55 640.61 0.21 9389.70
510.12 524.08 0.33 8436.04
458.65 671.54 0.15 8633.40
570.85 776.16 0.02 8297.89
482.41 965.32 0.08 7118.35
492.76 963.30 0.11 2348.64
428.63 933.54 0.18 3104.06
513.01 862.51 0.36 8510.52
466.05 951.47 0.14 2312.35
487.31 894.53 0.33 1482.41
778.11 82.61 0.14 3019.16
722.88 124.51 0.21 479.92
697.33 132.98 0.35 5239.62
706.45 24.68 0.20 7384.83
683.29 158.90 0.11 4904.17
688.50 112.65 0.11 7562.74
662.89 473.93 0.42 1972.00
636.43 244.44 0.25 4823.39
714.56 306.19 0.16 3380.99
675.19 344.58 0.22 10191.60
716.21 299.89 0.29 6081.20
733.52 387.09 0.23 8503.11
730.11 506.40 0.02 1378.73
799.98 468.56 0.37 10695.06
737.65 414.93 0.13 1241.38
811.08 514.76 0.25 6352.67
732.87 613.83 0.15 6424.10
724.30 515.83 0.25 3954.35
766.76 736.47 0.14 9509.22
667.67 703.29 0.26 10190.63
721.74 740.65 0.35 6665.80
751.20 662.62 0.06 5526.71
608.09 692.00 0.20 7330.26
677.81 695.98 0.12 5933.33
609.94 957.99 0.22 4569.61
788.35 920.38 0.16 7079.91
743.75 910.11 0.26 9713.04
688.45 848.18 0.07 3258.69
770.67 866.25 0.20 6295.60
683.40 904.20 0.25 7712.04
900.52 12.17 0.31 4653.00
872.23 41.68 0.22 3529.00
895.23 70.34 0.17 8328.90
850.62 57.70 0.06 7636.34
884.56 118.43 0.20 9749.70
889.41 139.43 0.05 5913.34
951.86 366.35 0.11 6173.75
957.21 186.25 0.19 3775.63
877.46 318.19 0.42 1807.92
893.56 249.16 0.19 1968.34
904.73 294.01 0.06 7493.63
985.69 281.44 0.29 6370.79
987.33 494.53 0.26 3543.03
902.75 522.42 0.09 7113.83
965.70 484.49 0.22 7575.50
882.25 461.46 0.12 5444.77
862.79 459.85 0.10 2332.16
909.28 470.54 0.19 7944.66
869.73 641.65 0.34 2522.95
860.26 685.54 0.19 10078.78
921.37 656.43 0.14 9492.96
908.88 652.16 0.14 5650.09
968.90 707.60 0.17 8566.46
951.29 685.52 0.29 2963.57
930.15 878.12 0.17 3170.77
870.31 851.80 0.17 10012.06
902.91 853.54 0.12 7152.62
901.62 915.88 0.28 2937.76
815.72 908.48 0.20 9269.08
871.62 910.39 0.37 7711.19
