540.93 567.49 0.12 6496.10
542.02 508.32 0.64 7655.26
413.23 505.39 0.56 7505.81
466.28 475.49 0.96 6804.90
467.40 529.13 0.03 5039.51
465.77 534.13 0.55 8590.34
556.52 525.84 0.49 7187.02
541.45 483.49 0.34 6454.84
505.67 477.86 0.67 6853.11
460.40 475.21 0.62 7233.81
492.42 568.90 0.15 7058.41
497.07 501.36 0.07 7704.12
514.67 450.93 0.42 8561.19
444.18 459.89 0.45 8479.19
509.37 599.88 0.61 8373.23
496.92 446.64 0.71 6588.97
528.62 511.42 0.50 5646.73
460.73 531.94 0.92 8354.94
557.03 519.55 0.30 4701.57
555.59 458.46 0.03 7794.90
507.98 519.14 0.69 6869.19
616.28 467.66 0.11 7672.45
500.43 494.02 0.88 9287.11
549.52 421.88 0.60 7376.70
538.69 484.45 0.34 7769.30
530.25 483.14 0.76 7345.87
617.45 483.70 0.67 7846.07
503.98 571.59 0.76 6179.80
563.79 487.83 0.82 6367.57
568.92 454.06 0.52 6766.05
538.98 434.97 0.09 7487.43
537.57 476.15 0.71 6643.03
547.89 481.12 0.75 7986.95
582.33 558.67 0.82 7125.42
581.96 478.33 0.68 6214.87
495.34 499.15 0.78 7735.43
440.24 455.70 0.44 7654.36
581.24 546.64 0.27 8137.72
530.15 497.80 0.89 7946.56
470.78 501.97 0.42 6238.00
426.83 506.63 0.02 7868.08
544.48 474.19 0.48 6804.35
488.92 465.99 0.63 6751.91
480.71 433.55 0.32 6643.47
497.88 550.37 0.36 8369.19
499.46 579.22 0.84 6385.20
502.95 501.52 0.56 6200.51
490.16 493.36 0.57 6395.12
475.65 562.32 0.59 7399.78
519.12 510.58 0.57 7478.56
457.82 467.64 0.83 8447.27
545.01 570.50 0.78 8579.80
527.58 545.90 0.43 4342.89
573.47 490.06 0.33 5721.16
468.63 459.72 0.28 6172.42
548.69 553.76 0.30 4831.74
471.66 420.07 0.21 6983.74
506.65 462.75 0.70 6934.17
530.76 422.83 0.78 7576.43
467.81 554.34 0.41 6680.19
482.44 429.93 0.42 7405.09
470.04 532.49 0.55 8426.80
564.22 489.36 0.75 7863.20
445.77 519.99 0.02 6751.94
535.45 565.45 0.04 7813.76
547.91 471.71 0.17 5848.50
474.74 587.30 0.47 8668.26
579.43 383.50 0.11 5552.63
546.35 514.45 0.42 6907.32
484.05 371.46 0.08 5797.32
568.75 589.21 0.75 6424.98
625.87 452.85 0.80 4719.93
604.37 527.71 0.13 6555.63
475.88 574.52 0.32 7869.14
492.43 500.29 0.59 7511.02
495.59 443.06 0.57 6076.15
532.68 558.00 0.13 8742.99
453.74 467.84 0.87 7298.20
457.20 527.91 0.81 6452.08
543.01 429.33 0.02 6652.99
516.32 511.20 0.41 7194.05
496.29 453.22 0.57 6371.01
534.16 456.78 0.44 6071.11
443.19 474.24 0.29 5396.72
415.14 547.18 0.06 5986.56
552.04 481.08 0.30 8114.84
518.32 479.93 0.92 7280.58
552.27 540.44 0.26 7958.28
543.74 502.96 0.57 5145.36
536.83 532.19 0.30 8174.15
414.86 427.22 0.35 6791.40
520.16 551.83 0.42 6885.65
471.37 447.66 0.91 8571.77
597.83 470.36 0.31 7278.97
507.92 460.04 0.88 6507.31
502.01 481.28 0.75 6750.87
485.97 545.59 0.12 6563.93
481.33 486.85 0.83 7419.44
543.78 539.94 0.38 8536.61
515.86 483.27 0.45 5709.48
480.98 531.50 0.79 6757.33
513.81 506.87 0.19 7132.18
559.55 429.02 0.69 5985.89
496.13 395.52 0.97 6656.49
574.52 572.14 0.65 8193.15
561.35 430.73 0.12 8630.16
476.44 478.02 0.48 7540.46
646.94 645.43 0.37 7317.03
530.30 509.68 0.52 7861.82
509.38 517.84 0.50 8365.77
521.86 550.50 0.94 6198.36
482.42 507.12 0.90 4068.97
500.63 531.99 0.33 6117.05
617.54 523.51 0.33 7042.53
544.44 532.69 0.11 7324.15
523.00 468.67 0.16 8637.97
488.01 514.81 0.45 8628.60
538.86 526.77 0.56 6729.59
507.51 383.97 0.50 7781.34
401.25 496.40 0.08 5050.56
558.75 615.93 0.48 7159.43
543.59 482.90 0.34 8031.60
424.66 462.38 0.12 8489.19
416.27 583.29 0.97 7618.17
487.63 518.33 0.87 5384.58
467.24 535.94 0.35 5541.96
450.99 514.88 0.13 8134.06
486.81 418.86 0.28 8218.01
451.45 484.41 0.60 6023.58
634.96 431.47 0.76 6164.78
508.67 507.57 0.17 8143.83
509.47 535.56 0.03 8216.01
547.97 523.35 0.53 7750.76
620.61 574.29 0.83 8337.46
571.39 520.90 0.80 7597.85
441.43 577.71 0.75 6969.04
520.02 587.39 0.06 6856.51
483.76 461.21 0.17 9103.66
627.84 469.63 0.97 6413.74
555.40 527.95 0.28 7545.75
490.70 519.53 0.41 6583.09
502.55 489.88 0.41 4819.67
519.07 433.12 0.26 7652.73
542.41 569.78 0.99 7830.39
464.04 424.19 0.71 3582.28
590.54 508.91 0.39 7015.07
511.15 544.92 0.03 7979.82
547.31 496.40 0.52 6519.50
435.20 434.67 0.25 7476.42
489.13 459.38 0.05 7138.15
449.32 421.80 0.45 8484.88
527.34 539.54 0.57 6566.90
498.13 470.80 0.42 7318.24
582.61 504.92 0.31 5821.74
467.74 499.82 0.30 8013.32
494.66 467.17 0.19 5540.69
471.84 550.73 0.20 6180.42
567.88 530.91 0.82 7861.25
555.31 524.27 0.66 7432.66
504.25 557.26 0.78 5768.11
559.38 498.73 0.08 6964.20
452.72 554.88 0.98 7264.98
514.48 482.19 0.47 2408.23
381.32 442.23 0.54 7177.70
609.53 396.81 0.60 6958.47
465.85 454.11 0.76 7007.55
499.96 493.80 0.86 6308.86
595.58 570.10 0.57 8041.73
559.40 472.05 0.63 6773.19
484.33 540.21 0.07 7017.13
484.22 508.77 0.07 6965.11
563.89 468.06 0.39 7040.54
458.81 382.91 0.22 7441.66
525.54 434.42 0.42 8297.89
473.16 509.08 0.90 6953.17
556.49 530.03 0.26 7099.07
481.95 440.38 0.20 7311.86
581.63 524.88 0.39 8610.07
466.90 528.49 0.56 6667.43
504.24 572.19 0.97 6512.69
434.79 530.50 0.56 10634.96
519.27 470.47 0.87 7319.54
482.22 629.54 0.89 7446.69
471.43 414.29 0.07 6947.98
617.19 479.96 0.98 3991.23
480.01 550.01 0.08 6884.40
549.79 387.03 0.49 6439.47
584.84 562.24 0.33 7992.74
562.37 469.51 0.35 5990.41
550.34 526.77 0.89 6629.69
401.10 509.01 0.13 6380.43
419.80 559.93 0.86 6595.02
552.55 424.28 0.33 6724.25
555.01 474.07 0.94 7248.00
457.02 483.90 0.37 7196.53
449.86 468.12 0.35 6041.12
483.27 489.28 0.25 7712.97
434.95 524.60 0.77 5483.72
542.25 490.56 0.44 7535.14
434.79 575.89 0.57 8165.19
