795.08 212.40 0.16 10577.53
930.43 795.45 0.28 5188.01
121.30 951.77 0.17 10401.45
641.52 744.21 0.34 876.92
924.92 380.03 0.08 6690.90
665.94 171.05 0.10 2678.54
977.33 9.22 0.38 3521.48
929.82 521.36 0.15 2171.70
690.44 104.76 0.36 2899.86
783.45 139.05 0.19 9555.01
269.26 913.64 0.22 7615.97
50.91 840.81 0.37 3320.72
32.78 131.79 0.26 2495.14
659.99 656.44 0.08 3822.43
288.56 829.06 0.16 8790.49
578.30 919.31 0.04 2557.72
213.91 187.99 0.11 9468.19
590.23 819.76 0.33 8051.52
615.71 620.41 0.17 10210.78
742.38 947.52 0.19 8471.31
223.80 105.12 0.38 1729.37
902.56 445.16 0.27 8130.95
594.98 670.83 0.02 3053.60
370.53 649.07 0.01 8812.90
799.38 916.42 0.21 3449.85
379.53 580.52 0.07 2886.16
225.95 846.94 0.10 4120.03
979.75 406.35 0.18 5072.47
120.15 867.59 0.25 8453.86
144.27 832.56 0.06 10549.84
371.05 79.51 0.09 2199.13
965.23 312.52 0.14 2154.28
815.17 204.68 0.19 6130.93
265.74 226.43 0.20 9187.65
206.51 731.59 0.15 843.68
763.84 693.34 0.13 3478.71
176.38 851.26 0.16 10258.67
8.02 28.13 0.35 6644.33
249.64 8.23 0.32 4946.64
436.41 604.42 0.23 7990.58
796.42 805.60 0.21 9723.26
206.39 653.72 0.09 9021.59
892.52 452.96 0.24 7792.67
243.46 650.03 0.06 4126.79
141.43 231.64 0.29 2080.71
620.79 100.15 0.19 3201.59
895.26 992.63 0.20 8227.53
178.54 577.89 0.14 10196.69
345.82 885.92 0.27 8849.55
918.98 734.65 0.09 9431.19
313.91 475.19 0.12 3343.10
368.19 233.33 0.20 2073.57
719.49 508.24 0.17 903.43
730.81 804.41 0.23 8602.68
258.98 350.00 0.42 2503.47
296.98 405.17 0.21 10007.87
752.61 108.15 0.05 2377.57
762.39 117.52 0.31 1116.54
681.32 706.47 0.25 6158.64
530.55 446.03 0.18 3035.59
607.93 608.71 0.15 9453.82
665.36 246.34 0.11 3997.50
268.92 776.46 0.16 4693.15
843.57 653.37 0.03 1142.37
322.44 238.89 0.17 4516.59
847.47 568.10 0.18 7696.17
329.44 530.72 0.05 833.81
834.16 229.31 0.17 6057.69
64.47 637.02 0.26 9606.42
894.13 485.92 0.25 3317.88
100.45 172.56 0.36 10627.39
82.90 516.72 0.35 7898.14
465.35 859.49 0.10 7968.94
194.17 360.17 0.05 9552.35
915.87 433.14 0.01 6854.10
958.32 582.98 0.39 10193.60
120.52 759.82 0.31 1044.60
203.94 444.59 0.10 10318.12
204.47 495.27 0.22 1844.96
13.70 33.62 0.22 2983.55
18.14 167.15 0.20 7673.52
875.64 167.22 0.10 5951.54
65.05 229.51 0.35 3816.23
916.36 101.90 0.27 3278.66
236.01 170.44 0.17 9302.08
369.15 30.01 0.18 2433.71
183.37 428.99 0.10 10289.67
512.25 102.55 0.13 2570.49
192.12 9.76 0.34 6436.61
628.91 737.73 0.06 3128.41
701.70 722.68 0.46 10036.24
646.64 553.21 0.19 7085.09
16.12 841.46 0.02 8514.18
395.98 558.37 0.20 4824.29
963.12 145.46 0.03 7275.46
48.18 823.36 0.21 2839.25
834.45 379.14 0.13 1524.89
881.85 641.32 0.21 10588.02
917.14 890.50 0.29 5807.31
856.80 160.71 0.40 1562.28
616.52 879.64 0.29 9476.77
890.07 327.17 0.18 9611.90
986.22 558.61 0.24 5135.92
288.72 613.82 0.25 1020.52
886.49 367.01 0.20 2760.37
340.65 612.03 0.16 9800.57
528.54 884.80 0.25 1985.26
849.42 72.14 0.05 5303.96
546.81 111.72 0.30 10452.08
171.01 690.62 0.21 7414.53
93.28 920.43 0.16 8858.46
51.10 749.83 0.11 2567.48
694.83 883.16 0.13 7241.86
328.09 608.53 0.26 10702.54
940.68 484.91 0.22 6549.59
432.59 2.30 0.27 4059.82
24.28 584.06 0.28 2982.72
660.88 231.27 0.27 5860.48
446.20 357.20 0.30 6380.91
225.10 393.45 0.23 5742.76
410.11 603.23 0.36 7327.10
923.40 5.08 0.23 9871.88
630.05 735.37 0.32 6326.24
268.07 576.08 0.01 4999.94
516.73 262.16 0.14 5572.82

13789.60
