124.81 27.34 0.50 6784.67
39.22 180.86 0.59 7640.72
149.44 31.93 0.49 7102.03
140.71 120.77 0.50 6631.89
91.20 153.45 0.55 7559.28
16.94 27.42 0.53 8384.63
179.42 113.45 0.38 8844.63
86.46 11.22 0.47 8629.14
172.66 290.46 0.52 7555.52
154.94 352.86 0.39 8222.01
144.19 303.44 0.65 6473.69
141.55 217.66 0.52 9114.83
14.87 251.79 0.58 5088.45
18.46 377.97 0.56 6647.71
88.22 259.32 0.55 6285.73
80.42 249.62 0.49 6690.95
10.59 581.78 0.43 8215.47
170.66 510.47 0.61 7784.99
128.91 564.49 0.36 6266.85
174.97 549.37 0.54 7950.10
64.40 415.53 0.36 8585.57
52.48 419.58 0.54 7190.11
5.78 559.04 0.36 6533.19
150.76 546.47 0.46 7550.96
195.11 648.86 0.71 5651.17
131.69 764.14 0.58 7409.02
68.24 774.35 0.50 6342.30
196.57 615.19 0.56 6838.93
98.20 769.04 0.55 6923.90
197.56 733.75 0.62 7210.84
185.74 671.36 0.49 7079.24
88.93 621.05 0.46 8807.71
83.96 882.88 0.26 7949.32
157.48 960.94 0.48 7118.00
20.74 839.18 0.58 8996.46
108.04 803.44 0.53 6461.50
171.92 836.65 0.29 9296.96
48.52 810.54 0.41 6805.53
51.28 871.92 0.43 6467.62
190.24 988.21 0.41 7029.64
386.31 149.71 0.41 9472.58
354.13 183.85 0.71 7991.00
363.43 142.71 0.48 6490.92
390.61 103.81 0.67 6120.35
322.30 3.85 0.54 5982.58
344.22 172.23 0.61 8109.28
297.08 156.76 0.38 6207.71
293.92 146.13 0.49 6696.58
334.90 335.66 0.59 6709.52
354.48 362.04 0.58 9096.29
243.88 221.47 0.59 6632.69
264.31 359.11 0.45 8281.59
225.38 369.92 0.60 7099.55
247.24 366.96 0.56 5532.10
344.60 252.10 0.44 7542.99
394.14 256.54 0.37 5863.46
380.28 511.22 0.48 9438.97
397.02 544.13 0.39 5734.18
317.27 594.14 0.62 6372.28
334.34 520.54 0.52 6405.68
223.03 515.64 0.26 7484.39
306.53 428.27 0.32 8402.42
350.64 490.39 0.48 7780.63
338.09 557.82 0.49 7424.95
288.76 701.37 0.51 7183.25
399.92 781.86 0.56 7846.94
277.65 617.59 0.37 5860.40
296.80 723.74 0.32 7194.41
263.12 671.22 0.34 8330.26
303.83 798.70 0.54 5547.35
206.62 724.83 0.42 5759.71
209.43 770.60 0.58 6768.44
388.29 945.66 0.61 7636.18
238.41 930.71 0.57 7499.79
222.67 835.81 0.36 4940.44
291.32 818.40 0.37 5011.08
254.47 904.14 0.42 7552.31
364.86 899.04 0.46 8136.00
359.37 838.76 0.30 7242.19
381.79 958.96 0.58 8214.13
443.06 9.23 0.58 4759.86
548.08 148.41 0.48 8107.56
504.34 79.03 0.55 7746.04
571.87 79.35 0.50 9683.00
454.31 4.32 0.53 6119.91
518.28 80.00 0.40 6671.77
476.38 108.76 0.47 8828.69
470.86 156.39 0.57 8071.69
451.03 339.01 0.59 5538.28
529.33 350.11 0.31 7901.45
429.97 236.81 0.38 6576.78
502.45 292.03 0.60 7353.86
409.02 382.45 0.55 7737.24
428.86 290.85 0.52 7932.67
410.09 375.62 0.80 7153.75
581.07 290.87 0.61 7416.54
473.87 532.16 0.42 6966.24
502.34 438.81 0.56 7996.18
461.62 442.19 0.48 6306.82
476.64 565.42 0.39 9449.52
475.83 581.50 0.52 5434.47
506.03 544.12 0.31 8557.28
467.98 433.31 0.30 6119.48
444.90 590.06 0.46 7282.98
499.96 659.26 0.57 7948.89
504.93 640.07 0.47 8670.38
498.79 640.78 0.61 7190.76
575.74 642.57 0.62 7554.26
585.57 601.93 0.52 5080.54
406.49 629.14 0.60 5466.24
594.14 688.36 0.43 6539.62
445.77 735.09 0.45 7946.25
518.09 963.27 0.47 8027.34
482.92 817.73 0.39 8899.17
501.93 972.82 0.71 7032.41
502.68 873.03 0.32 8131.74
473.19 954.66 0.53 7824.02
505.52 926.02 0.55 5713.26
469.79 917.17 0.55 5520.41
458.71 951.53 0.57 7593.28
670.18 84.13 0.41 8949.51
746.79 130.79 0.45 7206.30
797.07 53.25 0.70 7893.14
652.83 40.30 0.58 7667.22
712.20 74.13 0.42 6757.55
682.68 68.63 0.77 6673.60
788.21 191.33 0.21 7510.61
600.05 50.32 0.32 6847.95
725.10 301.49 0.50 7582.92
674.10 263.63 0.33 6460.63
793.33 221.14 0.55 7651.36
754.66 374.90 0.51 6645.92
697.66 306.44 0.44 7601.43
607.03 253.37 0.45 7594.82
635.53 264.85 0.43 7378.00
608.79 256.91 0.23 7720.47
605.44 521.12 0.36 6376.98
751.56 519.51 0.47 4983.33
717.11 431.43 0.36 7410.78
612.26 506.18 0.46 7047.95
711.88 448.95 0.56 7576.38
674.05 481.66 0.50 6278.74
686.53 509.87 0.54 6441.78
697.94 421.24 0.63 6667.74
738.37 621.41 0.41 6465.47
770.02 627.23 0.65 7733.25
764.63 746.78 0.76 6729.29
640.83 691.87 0.65 6989.63
774.23 641.23 0.47 6981.19
749.64 722.69 0.54 7756.73
621.79 655.87 0.86 6606.76
713.77 679.32 0.61 6534.15
768.59 862.26 0.47 5742.88
700.23 835.17 0.48 7345.46
654.75 966.74 0.49 7795.33
675.09 986.08 0.65 7323.72
640.13 875.23 0.49 6689.89
757.08 877.46 0.37 6710.68
652.46 833.97 0.53 8069.46
781.53 876.88 0.52 7094.81
825.70 56.45 0.51 6960.51
996.99 7.77 0.46 8093.46
836.90 61.61 0.67 7072.38
843.06 29.14 0.57 7684.96
812.19 31.25 0.41 6147.90
839.87 158.14 0.39 6867.42
869.21 29.55 0.56 7734.91
927.83 82.20 0.53 5485.54
816.28 275.28 0.60 9342.61
883.86 282.13 0.39 7194.86
922.85 357.33 0.42 8579.35
831.75 364.58 0.23 7014.33
828.13 262.22 0.36 7249.00
802.90 287.52 0.64 7166.42
982.62 279.26 0.62 8205.85
916.07 271.81 0.42 7231.02
976.96 407.44 0.64 8965.62
874.39 430.78 0.47 5911.70
929.26 444.05 0.62 6623.98
839.47 584.59 0.68 7646.51
872.70 577.15 0.61 7708.38
856.56 424.56 0.59 6235.61
926.50 529.61 0.39 6550.96
960.08 419.91 0.41 6769.33
933.17 723.28 0.52 4762.34
952.77 739.71 0.61 5881.88
971.99 707.12 0.43 6116.99
992.88 784.17 0.64 7632.47
992.67 657.24 0.50 6688.38
836.69 673.33 0.39 6118.82
974.56 646.45 0.27 6630.88
908.47 612.20 0.41 5993.92
999.05 836.30 0.47 9042.71
879.80 934.44 0.53 6600.50
837.94 924.51 0.38 7029.14
804.84 945.62 0.34 9087.55
865.10 984.83 0.41 7237.48
820.60 843.24 0.40 7777.39
872.07 997.19 0.54 7610.34
863.62 856.08 0.44 6696.97
