510.52 434.55 0.27 7698.69
544.08 495.92 0.09 6447.75
532.33 513.07 0.30 8132.32
477.42 493.26 0.21 6255.93
482.06 465.62 0.26 3431.67
553.44 431.27 0.05 7953.45
516.81 393.33 0.17 5481.27
515.94 535.65 0.17 7520.31
509.64 489.71 0.15 7862.51
440.96 485.20 0.26 7383.15
582.44 537.58 0.26 7000.92
507.66 531.02 0.28 6568.95
568.91 611.19 0.20 7957.64
520.60 482.90 0.09 8310.88
547.34 463.14 0.11 5874.15
530.96 504.84 0.08 6857.91
504.59 499.33 0.19 7604.07
445.95 404.16 0.18 8351.55
482.14 448.42 0.30 6497.03
529.30 537.08 0.18 6416.77
564.47 458.14 0.24 5265.67
479.44 549.76 0.11 8352.13
504.69 498.01 0.10 7226.99
497.13 603.70 0.03 7706.02
492.74 480.85 0.13 7249.17
457.25 502.17 0.19 7828.25
466.83 493.42 0.28 8188.99
490.10 466.45 0.22 5976.38
541.23 491.20 0.38 6791.45
437.19 516.60 0.17 7214.89
471.34 429.87 0.34 6300.28
561.35 571.00 0.11 7582.08
463.89 541.46 0.05 5196.30
464.36 454.97 0.21 4300.90
549.20 515.15 0.13 7103.06
508.72 535.25 0.10 7227.81
545.41 513.71 0.09 8803.53
427.59 481.98 0.12 6410.79
623.14 477.20 0.27 7211.25
471.03 472.36 0.19 7158.51
474.56 520.44 0.27 7390.42
513.52 557.67 0.26 6926.65
405.30 514.96 0.23 7982.94
477.25 447.48 0.17 7637.07
469.43 531.77 0.19 4297.03
466.70 507.49 0.09 7537.65
550.07 502.75 0.13 5943.00
469.63 440.15 0.14 8083.59
405.11 579.29 0.10 5080.41
526.97 472.03 0.08 5922.08
448.80 541.83 0.28 5179.19
369.08 475.77 0.25 8682.32
509.74 534.41 0.25 5713.97
547.75 489.40 0.30 7121.76
537.05 458.69 0.46 7263.94
446.64 502.69 0.25 6791.69
499.00 428.88 0.28 4967.69
552.33 505.01 0.29 5328.69
523.29 452.24 0.17 6184.70
543.90 555.89 0.25 5448.23
536.92 552.98 0.04 6503.19
542.49 572.57 0.24 7770.45
485.08 539.83 0.21 5244.01
521.23 482.26 0.28 7600.42
487.41 529.61 0.29 6575.96
472.08 506.22 0.16 7605.32
419.13 509.43 0.11 7324.52
525.86 473.04 0.28 7390.01
547.93 453.70 0.17 8279.81
468.15 510.60 0.22 6613.19
455.50 564.92 0.21 6204.04
487.50 444.36 0.20 5646.31
502.82 571.19 0.34 7638.45
479.52 495.62 0.32 7746.99
592.50 562.87 0.33 8755.70
439.28 628.39 0.37 7674.74
482.78 478.61 0.25 7768.74
469.51 601.41 0.06 6766.09
543.64 480.13 0.26 8841.44
501.80 495.57 0.25 6847.09
612.67 514.09 0.17 7417.29
462.92 514.36 0.08 7430.49
460.65 497.06 0.13 4100.80
464.24 533.66 0.38 8263.68
492.49 491.94 0.15 7731.70
507.47 408.24 0.20 6126.63
538.70 436.70 0.33 7324.04
541.94 472.10 0.08 7812.25
425.50 484.06 0.23 7873.28
527.16 505.96 0.09 7344.68
440.76 615.59 0.16 9561.54
516.10 462.31 0.01 5828.59
488.18 496.38 0.17 6694.72
536.63 502.03 0.28 5496.88
540.51 479.13 0.32 7932.20
514.44 429.20 0.32 6497.59
517.19 588.38 0.17 6294.42
602.91 471.24 0.23 6818.94
497.58 470.18 0.14 5769.79
504.82 514.10 0.27 6182.37
525.14 423.78 0.20 5788.31
474.74 462.58 0.03 6380.75
388.11 432.36 0.34 7213.89
519.80 424.54 0.25 5065.68
444.70 453.06 0.25 7613.70
506.17 560.25 0.15 6127.15
581.55 513.55 0.35 8675.24
486.19 479.49 0.39 7800.74
541.07 510.63 0.19 8578.54
461.39 538.54 0.33 7107.54
520.93 426.77 0.27 6052.79
429.06 519.55 0.14 5783.42
524.00 455.65 0.15 7512.35
543.68 496.96 0.14 7538.51
583.89 528.55 0.11 6435.67
462.59 483.36 0.12 5517.75
478.24 463.24 0.26 6557.49
497.01 497.65 0.28 6288.18
442.42 512.30 0.15 6733.26
473.48 522.12 0.11 7721.11
426.68 515.87 0.11 7639.67
490.14 528.41 0.25 6188.15
402.69 565.71 0.12 7572.74
501.83 437.87 0.15 6433.59
524.02 473.28 0.18 6323.05
502.21 490.14 0.11 7275.23
571.61 557.58 0.24 6303.10
467.84 444.34 0.06 6914.46
517.17 639.29 0.29 7545.56
516.47 529.65 0.13 6209.11
441.59 516.37 0.06 5016.86
526.71 464.98 0.15 7522.45
429.86 526.58 0.32 7696.31
508.71 468.47 0.08 6514.87
428.81 489.92 0.35 6778.00
489.63 547.20 0.28 7963.85
556.77 464.25 0.13 7549.08
530.24 488.62 0.24 7712.92
496.93 500.84 0.37 6273.01
443.82 498.33 0.47 6798.68
522.75 495.62 0.42 8180.83
525.51 499.97 0.31 7919.20
464.10 552.31 0.25 6117.23
495.19 472.76 0.21 8736.42
532.30 464.76 0.22 7039.06
487.73 622.98 0.11 7359.20
536.50 461.92 0.25 5853.39
519.86 537.33 0.28 5438.75
519.94 413.59 0.17 7878.73
584.72 569.43 0.12 7384.26
498.67 484.56 0.15 7734.44
471.99 586.05 0.40 7063.37
485.16 541.75 0.07 6261.27
588.01 431.92 0.06 6451.50
472.53 553.86 0.08 6815.23
527.75 481.78 0.28 7023.47
515.27 448.12 0.16 8462.05
452.54 469.75 0.08 9772.62
503.22 513.97 0.20 7253.43
478.88 494.72 0.19 7448.95
673.37 417.76 0.20 5960.95
470.91 504.05 0.40 7915.35
594.58 507.18 0.12 8020.66
602.99 456.32 0.17 8336.73
489.53 493.13 0.29 7033.40
526.37 435.64 0.24 6579.35
458.74 506.53 0.24 7758.36
540.04 487.71 0.19 7541.40
459.83 472.92 0.33 6317.22
495.42 515.16 0.13 5760.24
425.96 610.23 0.21 8227.97
495.06 537.32 0.22 6896.31
532.01 471.54 0.30 7992.62
509.21 462.81 0.23 8582.19
565.90 478.20 0.18 7861.76

2333.490959485623
