385.43 512.60 0.10 7931.40
509.51 512.65 0.33 7606.61
511.36 575.19 0.14 5854.50
532.91 510.05 0.22 7791.88
407.33 402.11 0.28 8977.03
547.05 539.88 0.22 8269.79
550.91 589.36 0.22 6552.92
502.71 532.73 0.15 7849.89
582.93 541.13 0.23 7400.62
454.34 474.66 0.26 6095.61
445.72 561.70 0.33 8709.38
476.27 456.25 0.23 7601.08
461.07 561.73 0.13 8715.29
478.08 474.73 0.13 5966.75
475.29 476.85 0.21 7337.36
519.86 434.64 0.18 5927.23
571.51 497.23 0.01 7499.83
525.06 532.06 0.24 5386.39
526.44 477.21 0.17 6550.42
510.33 516.66 0.23 7438.28
480.80 522.55 0.15 6534.13
516.97 501.42 0.28 4876.93
471.34 445.31 0.17 6058.79
504.58 496.15 0.19 6773.01
452.73 450.28 0.02 7635.07
