451.73 424.48 0.19 10645.87
563.03 605.56 0.37 8905.23
598.06 462.00 0.08 8011.53
464.89 464.55 0.06 8881.06
446.47 450.18 0.42 7212.41
548.76 451.37 0.21 5323.11
457.36 475.20 0.08 8247.70
518.28 527.71 0.33 5119.61
557.24 525.38 0.36 7055.47
439.41 458.96 0.31 6639.97
469.89 558.19 0.20 8035.90
507.03 453.99 0.08 7616.39
526.90 495.06 0.25 9154.15
498.31 484.84 0.14 6797.19
486.96 478.93 0.16 7313.91
586.15 518.60 0.15 6309.25
517.34 547.35 0.33 8455.84
495.83 418.64 0.36 8259.42
463.17 428.98 0.17 8134.30
535.66 462.24 0.18 6480.14
435.85 498.87 0.14 8000.10
479.16 497.60 0.21 10165.75
496.10 552.29 0.08 7618.85
419.85 444.99 0.16 10666.62
584.97 492.61 0.07 9767.38
477.51 516.41 0.14 9235.70
520.82 446.91 0.24 6394.90
412.32 441.08 0.02 7453.98
528.39 500.20 0.09 7486.19
459.91 473.94 0.15 9494.72
451.62 469.84 0.10 5166.24
614.92 485.01 0.24 4202.99
482.40 467.38 0.15 6197.49
518.98 448.42 0.01 8455.65
396.65 495.20 0.08 8699.92
469.08 522.37 0.17 5809.80
444.44 542.05 0.02 6867.34
479.01 550.07 0.25 7295.11
475.22 424.29 0.30 8738.09
536.46 483.94 0.29 9000.67
551.27 500.31 0.37 6739.69
481.02 511.52 0.04 6983.76
568.30 507.05 0.35 8107.73
509.43 618.28 0.29 8316.81
558.77 499.19 0.25 6156.54
496.86 477.38 0.17 7291.12
473.86 565.44 0.25 5454.31
443.51 555.18 0.16 10301.75
453.09 439.84 0.32 9447.89
515.02 455.32 0.20 4462.56
552.52 523.10 0.18 9398.86
537.39 535.83 0.30 7475.12
442.58 455.04 0.15 4666.43
439.67 507.32 0.20 9415.08
600.15 470.60 0.32 5452.56
478.45 483.61 0.16 10773.87
376.00 532.70 0.25 9514.82
510.93 574.28 0.28 8410.66
475.15 486.12 0.41 4107.74
512.11 564.97 0.14 10437.25
431.88 507.52 0.11 6970.56
496.99 526.56 0.21 4437.21
585.28 459.88 0.35 6309.97
489.67 469.24 0.38 6216.34
584.11 503.84 0.10 8414.69
499.35 557.29 0.23 7788.25
473.13 503.02 0.29 6393.08
507.20 432.77 0.16 6442.49
507.50 443.55 0.29 8377.48
505.38 424.85 0.28 6889.94
499.49 445.68 0.18 7327.91
492.65 480.62 0.16 9871.94
438.91 618.36 0.24 7028.13
513.82 457.23 0.27 7036.94
439.80 443.48 0.27 4820.28
512.64 498.06 0.17 6342.90
495.56 541.33 0.26 8802.40
573.23 516.14 0.31 5481.08
458.10 501.03 0.24 4812.36
527.17 469.30 0.35 6966.53
513.80 449.09 0.01 7480.36
592.31 583.14 0.08 7263.29
492.93 560.55 0.22 6847.95
525.50 500.92 0.26 9988.82
477.56 516.84 0.22 5589.58
480.65 478.76 0.25 7691.12
501.88 511.15 0.25 7685.48
489.88 450.01 0.37 6001.62
542.90 467.21 0.18 6972.64
481.36 577.16 0.18 8113.64
476.81 464.30 0.24 7804.80
536.05 576.51 0.29 7440.57
528.84 539.29 0.25 7598.71
421.59 381.58 0.14 7672.03
496.78 550.80 0.32 7169.24
486.03 581.96 0.18 7821.61
592.53 573.97 0.17 9444.54
459.06 469.29 0.29 7679.00
584.38 551.79 0.27 6624.21
442.92 462.06 0.13 5964.68
550.42 520.98 0.22 8817.87
506.41 586.02 0.16 6087.52
480.68 571.69 0.11 5775.20
522.81 439.94 0.22 7245.77
485.80 519.21 0.28 7790.95
495.01 483.03 0.27 5202.18
532.50 471.59 0.00 8017.68
608.10 480.61 0.24 5087.65
495.43 493.73 0.41 6812.68
467.06 367.79 0.21 5966.26
473.10 466.47 0.19 6475.84
534.61 466.57 0.17 6741.34
510.31 449.03 0.13 9124.67
579.18 533.16 0.28 6406.81
480.58 464.79 0.19 10453.14
554.08 448.78 0.29 7272.73
472.00 555.65 0.21 7067.75
508.87 482.87 0.18 7046.20
559.65 482.75 0.28 6721.04
525.03 548.87 0.23 8557.05
401.23 594.93 0.21 9090.91
459.09 461.00 0.13 7320.73
520.42 537.28 0.39 6391.27
530.68 489.72 0.20 7326.66
462.17 587.64 0.30 5482.75
539.35 590.19 0.23 6632.82
498.42 491.32 0.30 6461.81
416.52 527.88 0.37 4979.07
470.36 525.90 0.16 10268.94
471.83 513.11 0.09 8962.10
419.77 539.14 0.33 6542.17
493.37 562.14 0.37 8681.27
553.02 511.82 0.12 7320.97
535.04 379.93 0.38 5162.05
457.73 517.90 0.36 6591.35
545.77 565.55 0.31 8388.00
528.75 516.93 0.08 6804.92
469.97 415.73 0.31 10211.11
534.82 429.38 0.25 10142.94
444.57 445.19 0.15 7231.79
558.59 489.78 0.17 5449.00
463.27 495.40 0.14 7402.81
497.81 458.34 0.35 7867.00
551.03 535.73 0.23 9234.72
522.86 491.55 0.15 6443.88
469.55 431.06 0.16 9282.66
437.90 525.80 0.07 8050.81
431.16 589.44 0.26 9059.28
604.10 537.98 0.16 7659.56
434.09 491.30 0.11 8656.80
445.33 464.64 0.20 7424.58
578.57 522.23 0.09 7441.14
479.20 571.05 0.21 5410.65
478.41 496.84 0.21 9057.09
537.62 457.83 0.20 6795.15
494.31 530.12 0.32 6019.70
542.41 582.10 0.17 6950.83
584.77 566.78 0.31 5851.26
456.64 452.94 0.27 7842.06
534.03 532.86 0.09 9303.37
449.56 511.83 0.03 9501.71
489.62 513.61 0.15 9708.17
583.28 515.61 0.23 4726.44
553.29 451.05 0.18 5795.14
543.56 452.66 0.19 5999.71
518.90 518.06 0.25 7059.99
458.81 400.51 0.25 10136.71
450.63 520.23 0.25 7586.67
424.13 479.59 0.14 5732.73
484.78 533.76 0.12 6729.35
484.25 423.25 0.24 6223.66
459.83 522.38 0.32 9154.48
560.26 581.03 0.10 7594.92
486.29 472.31 0.25 5847.68
501.10 451.97 0.08 7375.98
581.15 417.04 0.17 10024.30
491.16 443.25 0.12 10093.35
511.82 437.89 0.16 7850.07
512.88 404.65 0.26 7997.18
492.11 488.41 0.20 6275.07
528.60 478.47 0.24 8485.73
526.12 486.81 0.27 7593.49
517.29 581.87 0.17 7772.39
491.57 449.31 0.20 7118.11
474.63 545.76 0.15 7351.32
580.37 525.57 0.15 6769.91
553.28 475.49 0.36 6136.07
612.97 432.19 0.04 8012.41
498.75 433.89 0.24 6361.20
467.70 482.18 0.23 6443.63
516.95 484.62 0.14 8870.95
432.73 481.37 0.15 5144.55
517.05 465.47 0.25 6145.14
394.85 535.57 0.18 7161.13
528.85 490.86 0.17 8760.15
450.34 449.29 0.20 8714.54
474.75 500.84 0.11 8970.91
535.38 545.59 0.32 8044.22
534.55 488.11 0.18 7147.66
482.52 517.55 0.23 6757.52
