513.93 490.38 0.15 10697.70
562.82 530.96 0.25 6395.68
519.11 496.60 0.25 6562.53
583.24 546.85 0.28 7861.47
535.48 607.67 0.25 10580.63
511.22 544.19 0.15 8921.84
572.56 451.89 0.30 8071.65
473.19 394.85 0.27 9950.80
444.75 507.04 0.15 8077.88
498.47 472.64 0.36 6423.91
392.27 509.54 0.07 8177.16
473.62 491.10 0.17 9526.11
482.51 520.43 0.22 7911.25
522.31 463.36 0.36 8078.08
394.11 473.97 0.21 10123.36
519.29 424.11 0.05 10011.61
432.04 515.09 0.39 4917.36
581.68 479.30 0.45 5747.86
431.17 429.82 0.56 4781.13
550.04 463.70 0.19 10542.41
484.65 543.89 0.24 8338.13
417.06 464.60 0.23 7962.97
533.91 470.97 0.21 5993.10
479.00 468.61 0.34 7212.56
475.56 427.75 0.23 8171.27
519.59 528.06 0.25 5318.20
584.29 458.63 0.37 10759.65
535.78 547.95 0.06 7256.57
501.06 588.61 0.16 10534.21
522.95 429.08 0.10 8992.69
502.51 485.76 0.10 6972.92
581.59 521.65 0.25 10413.46
537.45 409.98 0.49 6561.88
491.20 512.14 0.15 8956.11
468.60 520.02 0.27 9134.03
441.92 426.89 0.30 8328.13
459.41 491.80 0.09 9066.65
569.26 494.90 0.41 9793.88
544.63 493.79 0.10 9330.27
443.40 516.00 0.19 9406.66
553.76 518.04 0.41 10348.91
588.40 412.31 0.21 6854.04
484.29 496.79 0.07 7577.03
519.80 551.26 0.21 7493.15
458.66 562.09 0.09 9880.84
491.81 580.79 0.05 6311.77
438.36 515.96 0.26 5852.03
506.37 544.38 0.40 6598.32
422.56 434.88 0.18 8800.63
413.35 474.56 0.04 6921.63
506.90 456.01 0.24 10705.86
397.77 531.31 0.14 7780.61
563.63 472.66 0.29 5249.81
528.04 480.95 0.16 9961.13
469.95 535.78 0.32 6121.54
505.76 493.81 0.35 4180.98
576.92 535.97 0.14 10080.82
469.51 489.55 0.17 5470.20
420.73 519.00 0.26 10167.00
527.65 534.68 0.16 8778.57
350.79 471.04 0.21 10789.34
524.00 388.43 0.28 5362.57
453.72 502.91 0.34 10369.68
466.27 473.50 0.18 7984.18
465.42 579.04 0.22 10794.84
463.73 544.27 0.25 7981.18
538.78 567.52 0.25 6442.76
536.68 601.21 0.23 7897.28
488.43 501.84 0.31 7431.61
602.78 524.09 0.05 10706.43
486.28 571.28 0.25 6805.25
547.07 507.74 0.13 7730.48
516.15 503.81 0.27 6640.92
443.09 484.11 0.27 6599.23
548.21 529.40 0.02 7291.53
461.04 543.42 0.30 9745.70
576.81 503.41 0.23 7628.20
489.15 565.75 0.24 7546.30
533.18 528.17 0.07 5741.13
542.99 516.59 0.25 6650.30
424.08 509.69 0.20 7162.35
630.21 480.04 0.27 6686.33
498.79 555.74 0.36 7972.58
437.40 512.03 0.31 6263.77
437.48 526.01 0.17 6264.09
543.33 530.71 0.22 8421.22
475.00 490.73 0.28 9732.84
507.04 485.73 0.08 8536.15
460.16 546.56 0.11 7342.12
398.24 508.35 0.23 5372.29
541.58 473.74 0.26 8876.59
456.70 556.15 0.26 8022.70
511.25 494.09 0.19 5431.47
569.35 495.65 0.12 8168.82
498.10 618.73 0.08 8899.71
452.07 528.15 0.02 5231.56
454.67 531.55 0.20 10301.76
491.03 543.36 0.20 8135.96
475.98 435.04 0.21 6314.44
534.71 508.25 0.10 6675.86
477.02 476.80 0.10 8236.16
532.27 536.70 0.18 6372.14
465.05 572.26 0.14 3234.42
588.00 460.25 0.14 9360.74
558.47 455.24 0.18 7549.17
518.83 596.94 0.28 5944.88
562.69 419.04 0.35 6578.28
569.31 499.09 0.10 10800.00
451.39 552.22 0.11 6786.85
520.37 456.78 0.03 7019.60
499.41 448.89 0.32 5585.12
483.24 515.12 0.42 6658.36
507.83 568.14 0.22 5652.30
527.39 555.56 0.13 9257.03
420.47 441.46 0.16 9809.67
463.69 529.93 0.23 8169.72
506.29 453.18 0.19 8227.95
458.39 512.19 0.22 7254.29
492.37 529.03 0.19 9346.15
606.43 551.32 0.17 7933.65
538.02 493.02 0.14 10653.62
523.85 585.11 0.15 7015.96
450.06 600.49 0.24 5846.24
399.90 537.63 0.30 8376.66
425.09 527.82 0.13 6942.48
