573.18 491.47 0.02 8995.49
533.22 401.71 0.13 7933.43
454.68 551.77 0.12 9147.43
476.15 499.46 0.22 7016.46
492.31 503.18 0.19 7387.78
526.02 568.81 0.29 5833.07
458.58 517.90 0.33 6955.63
583.80 472.61 0.28 6552.38
515.13 479.29 0.20 7064.05
431.79 464.40 0.18 8165.88
557.23 528.39 0.16 9350.94
501.83 462.97 0.30 9986.35
535.54 579.69 0.27 7921.99
502.48 480.40 0.19 7555.78
473.93 476.96 0.24 6257.72
489.73 437.36 0.05 7767.82
445.96 455.08 0.18 6625.69
426.78 506.17 0.25 6629.03
578.97 649.35 0.06 8009.42
480.02 523.13 0.21 8799.99
399.78 531.88 0.14 6204.82
516.38 501.34 0.48 6481.17
587.27 587.97 0.21 9260.03
504.96 442.22 0.35 8581.56
564.60 564.28 0.04 6471.15
473.06 518.35 0.14 10678.02
442.97 550.66 0.28 5921.52
443.96 411.95 0.27 5596.45
546.99 451.16 0.14 6884.34
487.57 496.48 0.21 9901.22
480.59 466.51 0.21 7035.34
534.48 478.93 0.09 8759.62
472.36 518.82 0.16 8403.58
474.54 491.80 0.24 6112.25
538.53 502.38 0.17 6999.20
544.16 526.18 0.26 5938.57
511.44 467.87 0.51 6978.91
504.48 462.38 0.44 7298.29
584.37 477.15 0.20 9159.21
423.86 500.28 0.12 5296.10
485.49 546.44 0.19 7478.45
503.13 523.62 0.15 5447.13
528.43 576.30 0.14 9817.16
458.38 426.19 0.03 7124.41
516.94 502.62 0.28 8403.32
518.00 543.24 0.12 6302.78
539.81 517.70 0.06 7993.58
478.59 595.78 0.24 8671.17
509.75 535.31 0.20 6953.31
459.64 511.29 0.04 7768.01
470.39 425.58 0.28 7952.75
485.40 493.81 0.33 10589.46
464.20 510.59 0.20 5691.10
465.96 469.05 0.47 6466.16
565.26 429.92 0.33 9869.53
607.40 572.35 0.15 8776.08
439.95 440.74 0.19 5909.95
513.89 445.66 0.12 5859.87
472.32 510.82 0.12 7380.00
536.23 529.01 0.17 9439.81
483.55 535.18 0.16 5991.95
486.02 530.06 0.17 6764.57
506.43 480.09 0.02 8631.14
522.48 472.41 0.07 8285.01
529.08 562.33 0.15 7208.19
477.15 489.50 0.39 7122.08
536.15 537.80 0.21 7389.03
539.77 509.98 0.31 8055.89
488.08 508.86 0.25 7338.01
529.45 486.10 0.08 4962.82
500.52 493.98 0.20 8535.70
494.63 495.72 0.17 5423.79
522.49 562.89 0.27 6486.63
561.99 524.51 0.48 5041.14
407.14 479.09 0.09 10767.53
483.01 535.22 0.16 9757.56
589.43 568.12 0.26 10421.98
438.69 425.28 0.17 7682.14
494.83 454.72 0.22 7175.15
403.42 458.20 0.09 7932.09
491.45 537.28 0.21 7933.68
418.14 519.44 0.18 7164.44
460.38 433.58 0.29 8836.64
566.87 555.17 0.26 7105.63
432.35 502.45 0.25 8278.94
506.77 591.52 0.13 10463.49
490.10 451.90 0.05 9894.93
495.40 496.32 0.14 7708.79
447.22 419.24 0.24 4292.95
506.63 530.33 0.24 7381.54
578.36 534.33 0.17 9289.99
435.59 568.39 0.08 8283.77
578.55 490.30 0.19 9493.29
458.57 503.02 0.09 7157.25
601.79 501.28 0.04 8028.16
467.61 531.70 0.03 7421.51
480.62 512.06 0.10 5178.72
496.45 540.84 0.22 6301.21
485.80 545.02 0.03 5843.24
483.28 473.47 0.25 5968.08
476.36 514.96 0.25 10691.04
472.69 544.86 0.11 10309.45
529.11 380.38 0.12 7427.29
418.77 423.81 0.27 6719.17
450.01 559.31 0.22 9470.00
372.49 459.34 0.21 8922.88
480.17 436.39 0.27 10109.95
503.20 500.61 0.31 8522.19
508.34 438.35 0.37 7174.81
444.56 537.29 0.14 6622.71
448.68 587.70 0.28 9452.54
532.58 424.72 0.37 7343.40
506.09 585.47 0.16 9504.60
449.11 554.10 0.17 7579.22
484.93 475.32 0.36 5188.26
547.28 487.69 0.30 9352.09
479.33 462.27 0.20 9863.51
471.56 505.05 0.20 6691.64
522.49 505.79 0.21 8647.44
541.98 495.43 0.15 7073.15
497.41 481.89 0.30 6469.23
438.57 646.07 0.14 10667.29
527.93 505.17 0.01 10714.45
542.35 496.28 0.31 8295.59
572.62 515.75 0.10 10399.69
507.17 377.04 0.24 9549.11
513.89 476.02 0.22 8204.37
499.64 477.19 0.40 7125.01
506.66 473.08 0.35 6335.63
524.40 554.71 0.14 7465.29
538.59 520.18 0.05 10471.32
501.05 523.00 0.26 4564.10
396.84 487.31 0.38 7056.04
417.13 553.89 0.30 6396.84
476.30 472.56 0.27 7776.10
492.17 475.83 0.10 5037.56
386.01 496.40 0.26 7556.62
594.25 464.66 0.12 7885.18
509.46 592.25 0.14 8010.98
532.83 506.69 0.33 5513.98
469.33 458.19 0.35 4275.54
457.17 460.08 0.08 8729.08
447.54 523.91 0.12 7784.03
387.99 550.60 0.41 8508.17
457.96 483.87 0.16 6516.45
513.73 639.95 0.30 8331.23
487.02 554.57 0.30 9445.56
523.84 493.05 0.24 7367.48
578.05 384.63 0.04 7693.98
619.54 508.91 0.05 7549.66
