682.33 575.36 6450.55 0.30 
591.68 565.46 5295.35 0.18 
547.38 584.38 4075.62 0.33 
586.43 594.60 3763.56 0.43 
839.18 604.20 721.22 0.39 
676.84 589.87 7703.29 0.32 
546.38 549.55 7980.45 0.23 
668.96 633.01 1758.29 0.62 
555.42 540.04 5568.60 0.39 
556.62 590.21 3110.39 0.38 
669.54 653.55 1714.77 0.47 
627.91 564.20 3891.29 0.51 
662.18 560.28 669.13 0.38 
616.49 731.03 7470.17 0.33 
682.05 601.57 1937.35 0.41 
699.64 721.96 6117.36 0.62 
577.51 676.24 7006.31 0.38 
555.68 842.92 801.52 0.44 
596.04 563.61 3159.84 0.37 
727.59 736.49 3409.29 0.31 
703.60 544.93 2095.14 0.47 
590.77 722.41 4426.07 0.41 
563.94 686.55 912.45 0.68 
560.98 551.38 5677.99 0.43 
597.94 587.53 3618.88 0.34 
623.92 701.74 4197.80 0.56 
559.62 645.21 3564.94 0.63 
677.21 548.52 3029.84 0.34 
595.28 666.90 6296.02 0.28 
572.59 643.01 1767.19 0.50 
563.45 568.52 5985.51 0.26 
681.16 642.29 5761.94 0.32 
585.77 563.06 2577.38 0.43 
857.65 553.65 1607.52 0.66 
583.45 738.80 6309.98 0.48 
595.82 576.19 7521.32 0.36 
544.77 577.94 4956.22 0.29 
652.04 587.34 6922.07 0.53 
597.76 654.07 4574.50 0.26 
586.69 640.28 7475.62 0.34 
548.65 665.79 2397.15 0.37 
553.85 676.41 6027.28 0.46 
705.05 545.83 6275.74 0.55 
640.72 608.44 4919.58 0.36 
641.27 550.54 6293.89 0.34 
723.08 616.81 4569.32 0.43 
606.67 577.49 6984.47 0.30 
567.39 739.30 5374.13 0.32 
553.76 582.59 4070.28 0.22 
750.27 575.28 2599.23 0.44 
683.45 543.66 2130.76 0.50 
552.77 610.95 6343.19 0.58 
561.69 584.62 1784.21 0.45 
544.67 638.44 3525.49 0.42 
738.80 540.66 2822.03 0.54 
574.71 555.42 6636.92 0.47 
602.99 581.58 5859.83 0.50 
656.14 602.00 2881.62 0.36 
564.90 680.21 708.73 0.35 
541.91 686.43 7149.49 0.33 
561.99 588.20 6720.06 0.56 
696.59 567.96 5651.29 0.62 
713.77 664.75 6436.75 0.42 
560.35 540.25 4294.72 0.43 
792.08 634.02 7778.17 0.23 
630.93 542.97 6523.92 0.32 
558.04 618.86 800.43 0.44 
663.35 617.79 593.33 0.24 
546.46 580.96 3875.09 0.47 
724.66 717.67 7889.28 0.34 
633.35 680.56 4335.72 0.34 
682.25 612.26 3031.92 0.49 
610.64 686.79 1417.30 0.24 
635.75 573.91 1041.71 0.27 
823.25 568.32 5228.80 0.58 
741.22 639.31 5435.63 0.34 
559.15 567.90 1859.25 0.42 
685.76 610.86 1211.29 0.46 
555.36 569.20 7302.68 0.45 
686.27 688.35 3994.16 0.43 
676.78 598.65 4723.43 0.54 
604.29 543.24 5432.45 0.30 
693.01 644.53 7501.18 0.36 
684.74 555.74 3673.52 0.33 
602.71 557.36 3861.95 0.36 
577.46 704.28 6718.86 0.23 
575.63 619.28 1518.03 0.55 
737.21 551.34 6095.34 0.38 
634.41 547.88 1753.65 0.44 
541.27 555.20 1117.54 0.44 
618.62 564.75 5637.38 0.33 
628.80 689.01 7209.11 0.35 
584.00 612.91 5122.82 0.44 
799.37 608.33 4504.72 0.58 
590.16 578.80 5140.98 0.41 
591.11 554.18 1123.64 0.39 
588.20 725.03 7397.11 0.46 
728.12 541.87 5861.56 0.42 
826.07 547.15 657.60 0.41 
676.23 702.10 4158.85 0.46 
624.78 627.14 5055.24 0.35 
