19 100 52 98 63 69 74 85 23 45 94 75 2 18 89 84 30 56 65 38 88 47 29 33 80 59 41 93 17 54 16 97 20 34 15 55 3 90 21 35 12 13 79 42 46 26 68 96 53 6 78 92 8 31 71 57 49 22 25 64 77 99 81 43 24 61 66 32 95 62 1 37 4 72 44 9 48 10 67 50 5 51 87 76 83 70 73 28 86 14 58 40 36 60 39 91 27 82 7 11 
Moving time: 32.10 123.84 190.75 239.20 278.34 448.15 584.60 647.81 780.78 948.55 1008.32 1083.56 1222.68 1331.38 1411.34 1530.00 1565.25 1713.03 1768.16 1912.70 2005.75 2084.31 2169.85 2302.56 2360.33 2469.15 2558.95 2660.79 2737.50 2859.74 2948.66 3096.23 3125.18 3320.51 3503.57 3556.64 3702.43 3883.06 3917.84 3971.36 4110.93 4250.10 4440.11 4511.65 4587.09 4764.07 4859.44 5013.10 5057.61 5162.36 5186.86 5202.36 5301.51 5345.03 5500.65 5656.84 5792.97 5977.11 6126.56 6212.94 6260.97 6344.65 6466.98 6548.84 6637.49 6699.01 6817.47 6861.93 7007.40 7081.30 7184.13 7277.33 7403.50 7465.29 7516.26 7602.25 7625.41 7810.14 7960.87 8030.40 8115.52 8155.47 8335.17 8389.22 8434.57 8540.48 8610.03 8719.51 8820.57 8877.36 8974.87 9097.33 9129.24 9175.30 9306.74 9481.22 9540.91 9550.01 9681.44 9815.03 9957.17 
Best fitness: 0.00
Worst fitness: 0.0
Average fitness: 0.00
Alpha: 0.50
K: 0.02
Crossover probability: 0.50
Mutation probability: 0.10
Change mutation operator probability 1: 0.15
Change mutation operator probability 2: 0.15