49 64 23 38 32 31 29 37 26 14 21 3 53 47 60 48 46 11 13 52 19 20 12 56 18 8 15 66 42 1 45 6 9 69 54 28 34 25 40 33 4 30 59 27 58 41 35 44 67 39 2 16 5 51 7 24 57 65 55 50 17 70 63 43 62 36 68 10 61 22 
Moving time: 131.26 202.36 316.59 339.07 414.08 537.52 708.26 873.53 955.22 1033.77 1061.87 1178.55 1221.35 1334.46 1359.02 1386.63 1496.76 1607.48 1625.47 1656.35 1708.15 1806.57 1874.15 1950.50 2073.04 2176.04 2250.54 2412.84 2454.72 2543.55 2703.90 2783.09 2856.29 3034.91 3078.15 3137.94 3180.24 3325.02 3452.31 3542.81 3624.30 3854.82 3964.67 4088.80 4188.18 4297.32 4440.03 4514.34 4619.34 4733.31 4789.50 4908.44 5042.37 5200.77 5330.37 5474.36 5496.24 5678.31 5711.95 5882.16 6043.63 6072.21 6217.33 6263.40 6285.85 6351.26 6427.05 6469.70 6582.35 6768.04 6925.53 
Best fitness: 0.00
Worst fitness: 0.0
Average fitness: 0.00
Alpha: 0.50
K: 0.02
Crossover probability: 0.50
Mutation probability: 0.10
Change mutation operator probability 1: 0.15
Change mutation operator probability 2: 0.15