40.86 79.23 0.16 2903.46
26.30 100.86 0.10 4934.01
165.15 125.74 0.17 9812.34
91.79 318.17 0.02 1995.92
77.52 303.39 0.27 2749.40
97.38 302.98 0.02 833.44
145.81 492.27 0.09 3922.34
50.94 513.52 0.20 865.27
135.04 546.32 0.31 2119.78
70.34 698.86 0.30 10030.96
92.26 686.59 0.16 1411.47
168.18 695.57 0.03 3314.34
158.42 827.36 0.16 3885.74
181.16 936.42 0.10 4281.27
107.40 943.60 0.18 3782.94
292.69 120.88 0.14 3427.71
344.28 146.29 0.21 7157.35
287.33 68.84 0.29 5188.52
332.68 333.14 0.28 9754.96
274.35 273.49 0.31 1946.20
318.03 230.24 0.26 8257.61
313.56 432.29 0.15 2088.83
236.75 506.96 0.27 2389.42
274.67 560.24 0.18 10565.91
321.77 680.36 0.20 7054.83
279.10 750.60 0.11 3503.50
293.39 794.27 0.18 1425.04
407.72 864.46 0.09 2547.58
264.66 875.33 0.18 4118.51
255.98 911.93 0.23 9337.75
494.14 150.04 0.48 10225.88
446.20 87.71 0.20 4778.07
577.67 40.38 0.17 1093.86
513.03 292.57 0.33 5623.19
454.12 310.87 0.37 8311.06
576.18 280.81 0.23 2465.11
600.23 523.78 0.25 9695.15
531.47 648.37 0.27 2970.20
437.77 472.02 0.16 6620.20
550.38 711.71 0.22 2141.90
549.06 711.34 0.17 8996.00
507.15 761.51 0.22 8532.50
452.55 874.23 0.12 7294.29
463.44 948.68 0.28 6513.71
386.33 916.04 0.29 5661.86
726.28 161.49 0.21 3019.64
755.15 121.03 0.29 5902.01
707.40 44.64 0.34 7545.12
820.34 360.55 0.20 5525.68
680.36 269.29 0.23 3394.02
681.02 168.91 0.25 2081.17
674.66 504.26 0.40 7192.78
635.98 440.35 0.20 5535.37
673.63 436.75 0.26 10512.66
694.72 767.20 0.13 3856.89
663.25 770.09 0.21 10757.59
702.08 733.47 0.15 820.62
740.05 881.25 0.05 4336.33
708.94 898.25 0.07 8567.80
712.94 891.17 0.26 2261.35
800.92 37.51 0.16 4382.42
851.06 47.32 0.40 7603.35
928.29 90.52 0.06 2985.52
953.49 284.28 0.22 1387.19
884.81 299.10 0.01 1097.59
957.54 341.67 0.10 10221.73
954.09 492.74 0.17 7069.54
943.10 527.13 0.18 5336.78
824.67 452.35 0.03 6657.36
958.15 761.22 0.39 4242.52
963.02 703.97 0.05 901.78
999.00 688.14 0.10 9248.84
876.15 860.45 0.23 5002.64
901.00 864.35 0.16 7591.36
910.27 862.32 0.18 9360.60

10854.025608978585
