47.82 332.49 0.17 5602.57
740.94 706.01 0.07 8114.90
72.44 574.36 0.49 8945.99
525.68 597.16 0.40 8043.26
650.22 950.26 0.17 5495.23
388.39 761.55 0.01 8608.15
706.66 758.51 0.23 9253.75
575.23 382.61 0.43 6126.20
271.47 943.87 0.03 7110.84
357.54 2.72 0.11 9180.53
141.23 411.46 0.16 8608.11
18.44 629.36 0.02 8154.30
397.25 68.75 0.36 4858.94
749.39 391.98 0.40 4491.33
223.16 319.92 0.21 7804.07
585.77 20.79 0.11 7963.78
632.96 922.88 0.02 5427.99
328.72 213.14 0.60 6072.09
327.94 95.82 0.14 8341.05
256.07 110.39 0.20 8562.00
695.05 869.92 0.02 8608.91
807.55 67.80 0.35 5880.03
444.17 601.19 0.39 8042.56
403.91 993.65 0.36 6244.23
99.56 601.95 0.57 4784.09
471.54 600.10 0.13 4788.15
974.04 549.51 0.54 5982.24
167.36 11.63 0.03 7512.67
210.18 75.73 0.17 9888.91
921.54 316.40 0.00 10065.02
435.90 489.45 0.28 10096.59
225.91 574.65 0.40 7979.13
168.19 904.40 0.24 6976.31
714.56 880.79 0.37 10574.78
617.12 268.31 0.32 10010.31
699.95 970.88 0.11 10419.12
427.98 589.71 0.17 7759.15
223.06 549.62 0.01 7007.95
690.76 810.89 0.23 7175.70
402.95 935.93 0.52 7522.22
941.29 339.85 0.35 6207.05
67.01 827.27 0.04 10295.43
452.44 828.15 0.55 6292.53
951.09 868.36 0.22 10350.15
282.92 837.96 0.40 6022.01
526.29 155.39 0.15 6608.73
313.91 984.81 0.34 10122.21
612.88 725.51 0.44 8976.32
677.00 242.27 0.41 7683.30
542.05 750.28 0.12 10013.18
346.26 173.35 0.13 7706.74
411.70 622.04 0.24 7593.13
889.92 438.89 0.46 5656.03
527.99 552.86 0.02 7094.70
127.42 937.00 0.16 7301.20
24.82 516.47 0.21 9335.24
169.68 221.64 0.24 8983.22
258.23 791.54 0.31 6557.49
414.12 458.57 0.50 6682.41
968.14 296.40 0.35 10581.80
248.98 820.57 0.26 9179.31
499.92 703.94 0.19 6795.30
382.47 496.49 0.33 8451.14
945.31 303.14 0.23 6610.98
87.50 466.90 0.59 10397.85
371.10 102.89 0.43 7374.54
262.86 846.18 0.58 5763.37
549.32 890.22 0.05 8908.21
921.24 721.76 0.09 5696.86
79.93 16.86 0.18 9677.06
451.60 296.47 0.53 9433.50
858.03 434.72 0.37 3226.44
267.56 152.85 0.30 7347.71
92.86 243.48 0.37 6534.57
204.03 526.08 0.43 5725.35
649.95 889.70 0.18 9056.12
510.83 28.44 0.57 6636.12
794.66 705.68 0.01 6022.43
139.01 393.05 0.15 6536.60
237.01 934.27 0.46 4591.61
396.25 784.63 0.59 5890.05
294.23 30.81 0.09 8072.97
60.48 748.73 0.32 10404.93
502.49 32.19 0.27 8409.11
140.42 353.48 0.18 7433.98
758.67 960.98 0.28 6643.92
431.60 646.77 0.20 8489.97
188.30 975.18 0.22 9383.54
343.62 469.22 0.31 7841.36
788.93 368.41 0.38 5365.96
749.51 545.72 0.36 7969.46
543.11 10.53 0.42 6896.69
736.76 710.12 0.22 9820.62
409.20 333.64 0.46 7608.73
45.15 900.84 0.42 4950.09
142.31 299.85 0.11 6964.15
528.34 163.23 0.05 5145.19
347.90 661.76 0.21 6621.57
913.26 737.27 0.21 9107.24
876.18 721.66 0.49 9976.35
