943.47 709.36 0.28 7333.29
131.91 831.08 0.26 6707.46
802.88 596.87 0.22 8351.23
869.65 382.86 0.51 5757.91
539.03 779.32 0.49 5369.55
303.46 297.29 0.48 6807.28
166.16 727.72 0.29 4779.59
281.79 769.64 0.16 6951.59
209.10 679.12 0.18 3598.76
822.87 908.48 0.19 4914.00
783.67 271.59 0.13 5838.70
236.66 38.31 0.32 9427.56
406.66 324.04 0.60 5020.85
461.95 193.80 0.23 6814.21
150.90 718.08 0.34 7046.62
441.13 640.43 0.50 4858.58
475.45 379.04 0.11 7686.45
554.70 411.77 0.24 6893.46
334.78 134.14 0.29 8282.22
782.28 60.22 0.21 9943.00
760.49 116.62 0.29 10611.96
779.71 982.67 0.25 7733.96
256.63 183.78 0.10 10655.88
14.66 145.45 0.23 8990.28
879.48 946.83 0.56 4692.48
831.97 873.49 0.56 8050.09
377.18 533.21 0.07 5984.76
125.20 452.77 0.07 5746.96
911.13 262.26 0.59 5090.73
326.40 544.15 0.19 6776.32
530.93 189.44 0.27 5770.72
154.31 515.99 0.03 7722.75
233.29 597.82 0.26 10700.81
458.52 569.36 0.45 5387.04
881.29 766.00 0.24 4419.32
207.25 509.05 0.09 7401.97
243.87 114.43 0.18 8039.71
313.87 613.90 0.27 5641.39
303.02 30.40 0.58 4910.17
496.46 102.45 0.34 8985.46
716.46 220.26 0.36 6848.99
392.25 268.68 0.55 4517.11
551.93 218.08 0.35 8979.03
311.90 647.69 0.52 5136.74
263.24 839.50 0.09 8829.49
826.28 461.34 0.49 6068.90
508.55 953.04 0.28 5899.84
273.68 483.84 0.58 9827.75
922.40 464.10 0.49 5840.50
844.57 727.78 0.09 6885.33
684.05 489.12 0.30 7215.15
823.54 747.25 0.12 6632.26
485.07 584.93 0.30 8003.72
897.54 292.69 0.44 10302.94
177.15 727.88 0.40 6932.81
608.20 498.71 0.10 8873.94
309.02 819.74 0.32 5651.91
958.52 76.59 0.13 4511.37
438.32 954.44 0.45 4797.56
656.71 837.88 0.31 7135.77
725.84 903.33 0.53 5171.78
982.50 792.46 0.10 6994.76
714.85 625.05 0.12 6552.70
694.03 948.65 0.37 9679.45
999.47 45.09 0.12 10227.00
513.05 82.26 0.00 6153.43
803.62 929.27 0.03 9655.22
267.64 982.00 0.17 8171.53
215.73 785.71 0.46 3420.70
283.47 352.46 0.35 6844.85
864.54 427.04 0.16 9930.84
823.99 600.35 0.57 10457.60
229.60 153.24 0.29 5186.50
656.56 388.95 0.49 7549.96
811.36 225.49 0.50 5796.07
480.96 138.89 0.05 8121.54
668.10 242.30 0.02 6487.36
385.00 200.67 0.17 5419.69
213.62 686.92 0.44 5817.51
553.43 285.67 0.19 8394.58
313.25 500.27 0.10 5031.05
676.36 668.61 0.43 5815.79
898.40 170.82 0.10 7946.81
670.25 331.07 0.56 10255.78
637.99 427.94 0.38 6428.06
418.30 579.30 0.49 5358.86
170.57 95.62 0.40 9379.63
161.78 504.25 0.04 10497.57
924.06 380.04 0.46 6906.41
345.66 14.89 0.32 5998.66
557.84 837.62 0.04 6484.97
482.16 672.30 0.60 9045.85
163.35 826.30 0.06 8092.15
543.43 315.70 0.58 10612.55
410.51 114.57 0.35 6982.11
721.98 446.97 0.19 6988.70
478.90 315.80 0.12 8742.12
102.94 753.51 0.07 8398.31
142.64 652.89 0.36 5013.88
183.07 385.85 0.22 9337.97
44.48 203.76 0.12 6057.93
224.05 207.71 0.21 6227.96
606.16 734.46 0.20 6355.56
673.42 131.80 0.17 7275.40
991.28 818.91 0.60 8143.60
727.91 281.37 0.13 5945.69
774.28 781.12 0.53 6414.70
699.16 594.76 0.05 8603.74
519.32 597.82 0.05 7115.45
571.04 174.61 0.22 9636.85
997.98 579.52 0.21 7586.63
255.44 176.17 0.30 6453.18
29.03 407.85 0.51 7102.58
454.61 732.72 0.57 5899.32
532.53 703.37 0.03 6673.77
988.21 89.44 0.39 6570.16
979.84 663.85 0.27 5305.02
354.69 751.33 0.12 6229.68
118.95 649.44 0.06 7059.48
362.41 367.58 0.11 9739.01
609.20 479.54 0.28 6122.72
786.59 20.15 0.23 6535.56
562.25 303.76 0.37 8322.88
108.19 704.81 0.05 8341.51
642.08 127.15 0.56 4958.27
