962.88 723.34 4374.11 0.50 
825.36 12.44 4316.71 0.30 
815.19 107.70 3578.25 0.40 
124.42 916.24 3645.79 0.57 
434.66 844.23 4252.58 0.39 
692.19 512.93 4114.02 0.37 
295.71 538.74 4101.02 0.38 
331.75 713.47 3238.27 0.19 
783.68 693.05 5788.69 0.39 
376.37 444.18 3539.88 0.33 
615.42 369.10 3348.50 0.38 
593.01 878.16 3519.53 0.53 
743.38 28.27 5103.08 0.51 
116.77 560.23 4514.69 0.52 
108.37 265.63 3560.21 0.25 
272.55 624.85 4039.09 0.35 
318.21 100.85 4967.00 0.42 
906.34 286.70 3287.04 0.37 
15.07 697.64 3342.41 0.38 
556.22 575.96 4811.24 0.32 
341.95 720.91 3753.86 0.43 
815.43 322.60 3136.83 0.53 
96.01 312.09 4013.12 0.39 
651.68 670.65 3604.00 0.36 
258.88 883.66 4360.61 0.56 
276.04 757.47 3818.83 0.36 
95.14 567.51 3998.11 0.45 
633.72 535.65 4072.78 0.27 
711.73 368.42 3156.38 0.39 
401.38 285.81 4185.47 0.31 
253.26 496.00 4432.30 0.39 
909.66 984.31 4379.91 0.26 
978.30 299.50 3819.84 0.52 
5.87 996.10 3246.68 0.41 
606.85 990.70 3172.26 0.46 
74.32 284.16 5849.03 0.43 
162.89 389.44 3258.87 0.49 
237.91 513.74 3870.04 0.53 
250.53 201.23 3892.44 0.39 
873.60 712.56 3372.78 0.44 
319.25 472.64 3231.62 0.45 
641.00 985.16 3771.00 0.37 
90.00 459.76 3308.12 0.49 
102.85 706.90 5545.55 0.40 
358.44 981.29 4117.28 0.35 
18.29 504.36 4605.10 0.39 
866.94 658.13 4629.38 0.37 
528.30 607.45 3176.92 0.53 
678.01 215.98 5403.34 0.42 
691.60 104.13 3577.87 0.47 
398.80 149.09 4313.12 0.30 
339.18 590.14 4179.56 0.24 
938.24 619.47 3950.37 0.51 
617.94 360.50 3426.17 0.40 
43.63 54.92 3640.47 0.38 
213.08 891.20 3910.70 0.35 
306.63 775.09 4077.40 0.30 
354.94 992.20 4462.27 0.54 
373.56 331.95 5298.62 0.42 
808.82 836.59 3932.06 0.55 
793.58 519.92 4573.78 0.48 
50.93 576.19 3921.05 0.49 
920.89 62.02 4240.65 0.35 
388.52 507.04 4471.97 0.38 
10.17 388.45 3552.24 0.35 
476.76 645.75 4263.04 0.52 
646.42 220.04 3179.91 0.42 
314.67 92.36 3278.36 0.42 
793.39 583.40 4413.16 0.26 
612.80 989.30 4847.52 0.45 
472.18 601.24 3332.48 0.31 
368.11 119.44 3652.12 0.39 
664.42 808.50 4552.26 0.36 
458.61 926.37 5161.01 0.25 
819.57 682.89 5047.88 0.51 
189.45 773.71 4476.35 0.34 
12.55 591.74 3617.78 0.54 
541.74 701.22 4336.12 0.50 
598.42 941.99 4011.20 0.49 
658.87 476.86 4017.08 0.28 
230.14 177.89 4841.39 0.38 
68.36 905.00 5243.71 0.41 
503.97 553.90 2932.57 0.35 
698.37 731.73 4836.13 0.69 
763.42 675.38 3889.06 0.33 
780.22 14.53 2978.77 0.62 
795.86 456.49 3569.94 0.34 
805.85 0.51 3711.63 0.34 
189.42 905.65 4301.50 0.47 
360.93 718.20 3998.70 0.37 
957.13 480.15 3995.93 0.35 
611.47 43.39 4037.35 0.34 
980.99 321.66 4016.05 0.53 
669.03 689.29 4235.17 0.47 
760.80 615.97 3578.53 0.30 
884.82 712.18 2979.80 0.42 
579.97 437.64 3003.51 0.38 
166.15 862.16 3441.15 0.51 
308.07 523.05 4329.17 0.31 
715.25 667.05 3786.09 0.38 
762.79 443.61 3679.74 0.38 
655.73 68.72 5298.21 0.53 
544.33 59.97 4012.75 0.60 
37.71 864.55 3764.65 0.30 
53.26 65.87 4831.46 0.37 
850.88 100.36 3767.57 0.41 
607.77 966.79 5166.56 0.23 
283.20 950.90 2468.53 0.34 
114.13 278.50 3954.13 0.41 
349.72 875.20 5035.99 0.41 
120.57 820.67 3055.93 0.37 
695.46 887.30 3968.95 0.32 
632.04 171.30 3277.43 0.44 
312.40 410.49 4300.84 0.42 
193.39 41.61 4011.57 0.50 
774.48 232.44 4967.87 0.49 
199.48 135.90 3512.06 0.49 
505.71 727.22 5591.98 0.28 
481.50 34.44 4782.49 0.53 
382.63 512.13 3268.67 0.32 
93.31 544.50 3975.80 0.40 
410.09 646.66 4553.16 0.32 
104.59 519.01 4591.72 0.50 
280.65 17.50 3866.22 0.42 
650.79 264.68 3941.98 0.23 
767.81 678.13 3991.60 0.37 
621.80 722.43 5026.68 0.29 
248.46 190.16 4033.40 0.32 
152.25 678.86 3343.68 0.48 
292.42 842.43 4022.85 0.32 
540.21 385.85 4635.29 0.34 
489.65 476.77 3209.12 0.19 
733.65 358.49 2687.81 0.31 
256.24 327.49 4320.69 0.30 
26.87 472.44 4904.22 0.45 
718.77 164.88 3376.44 0.44 
873.12 180.72 5319.24 0.33 
326.33 330.57 4190.18 0.20 
593.47 54.44 5360.64 0.36 
186.81 248.49 4809.98 0.49 
421.78 469.24 4301.39 0.43 
328.60 305.69 3748.79 0.51 
527.41 103.93 4309.26 0.61 
913.35 813.92 2774.19 0.42 
982.74 691.14 4058.10 0.33 
585.93 105.39 4775.42 0.44 
754.22 815.50 5020.89 0.25 
562.23 785.19 3348.44 0.37 
680.96 348.20 4712.49 0.48 
97.80 182.84 3188.04 0.44 
633.78 648.33 2401.27 0.42 
