943.47 709.36 0.28 8115.44
131.91 831.08 0.26 7177.12
802.88 596.87 0.22 5229.14
869.65 382.86 0.51 5919.02
539.03 779.32 0.49 5839.21
303.46 297.29 0.48 7226.79
166.16 727.72 0.29 5295.87
281.79 769.64 0.16 7124.41
209.10 679.12 0.18 3770.70
822.87 908.48 0.19 5248.21
783.67 271.59 0.13 6360.90
236.66 38.31 0.32 4700.07
406.66 324.04 0.60 5312.21
461.95 193.80 0.23 7658.79
150.90 718.08 0.34 7885.26
441.13 640.43 0.50 5162.46
475.45 379.04 0.11 8274.53
554.70 411.77 0.24 6950.94
334.78 134.14 0.29 9136.12
782.28 60.22 0.21 10083.31
760.49 116.62 0.29 9151.50
779.71 982.67 0.25 8391.76
256.63 183.78 0.10 9635.41
14.66 145.45 0.23 9703.58
879.48 946.83 0.56 6177.84
831.97 873.49 0.56 8795.22
377.18 533.21 0.07 6120.22
125.20 452.77 0.07 5840.27
911.13 262.26 0.59 7257.01
326.40 544.15 0.19 6922.27
530.93 189.44 0.27 5338.63
154.31 515.99 0.03 7163.80
233.29 597.82 0.26 6838.79
458.52 569.36 0.45 6453.83
881.29 766.00 0.24 5277.72
207.25 509.05 0.09 7562.66
243.87 114.43 0.18 8381.43
313.87 613.90 0.27 6134.13
303.02 30.40 0.58 4945.50
496.46 102.45 0.34 8355.33
716.46 220.26 0.36 7965.51
392.25 268.68 0.55 4777.90
551.93 218.08 0.35 6633.36
311.90 647.69 0.52 4871.56
263.24 839.50 0.09 9180.27
826.28 461.34 0.49 6394.11
508.55 953.04 0.28 6615.68
273.68 483.84 0.58 5041.24
922.40 464.10 0.49 6004.77
844.57 727.78 0.09 6931.79
684.05 489.12 0.30 8240.00
823.54 747.25 0.12 7118.73
485.07 584.93 0.30 8430.85
897.54 292.69 0.44 9869.01
177.15 727.88 0.40 7646.36
608.20 498.71 0.10 7779.12
309.02 819.74 0.32 5943.69
958.52 76.59 0.13 5042.44
438.32 954.44 0.45 5936.57
656.71 837.88 0.31 7580.00
725.84 903.33 0.53 5752.22
982.50 792.46 0.10 7220.65
714.85 625.05 0.12 6118.55
694.03 948.65 0.37 6885.71
999.47 45.09 0.12 10045.74
513.05 82.26 0.00 6153.43
803.62 929.27 0.03 9098.82
267.64 982.00 0.17 5855.35
215.73 785.71 0.46 4260.41
283.47 352.46 0.35 7536.61
864.54 427.04 0.16 9271.79
823.99 600.35 0.57 7008.14
229.60 153.24 0.29 4453.55
656.56 388.95 0.49 7893.25
811.36 225.49 0.50 6893.75
480.96 138.89 0.05 8113.67
668.10 242.30 0.02 6259.10
385.00 200.67 0.17 5927.61
213.62 686.92 0.44 6204.31
553.43 285.67 0.19 8135.76
313.25 500.27 0.10 5364.90
676.36 668.61 0.43 6410.11
898.40 170.82 0.10 8334.93
670.25 331.07 0.56 6698.74
637.99 427.94 0.38 6530.16
418.30 579.30 0.49 5757.57
170.57 95.62 0.40 7503.06
161.78 504.25 0.04 9725.60
924.06 380.04 0.46 7068.37
345.66 14.89 0.32 7136.68
557.84 837.62 0.04 6626.85
482.16 672.30 0.60 10154.21
163.35 826.30 0.06 8381.12
543.43 315.70 0.58 5488.48
410.51 114.57 0.35 6215.49
721.98 446.97 0.19 7401.60
478.90 315.80 0.12 9181.41
102.94 753.51 0.07 8447.46
142.64 652.89 0.36 5595.81
183.07 385.85 0.22 8225.30
44.48 203.76 0.12 6376.87
224.05 207.71 0.21 6888.23
606.16 734.46 0.20 6900.77
673.42 131.80 0.17 7847.94
991.28 818.91 0.60 8908.85
727.91 281.37 0.13 6388.05
774.28 781.12 0.53 7009.08
699.16 594.76 0.05 7803.96
519.32 597.82 0.05 7344.22
571.04 174.61 0.22 10338.38
997.98 579.52 0.21 7835.70
255.44 176.17 0.30 7325.44
29.03 407.85 0.51 7328.19
454.61 732.72 0.57 6456.66
532.53 703.37 0.03 6703.60
988.21 89.44 0.39 6544.87
979.84 663.85 0.27 5620.14
354.69 751.33 0.12 6495.05
118.95 649.44 0.06 7218.40
362.41 367.58 0.11 10181.12
609.20 479.54 0.28 6194.65
786.59 20.15 0.23 7408.90
562.25 303.76 0.37 8545.69
108.19 704.81 0.05 8582.97
642.08 127.15 0.56 5264.58
