588.96 979.02 0.51 5337.78
837.67 1.78 0.39 7001.34
8.27 732.20 0.24 9444.48
352.88 704.08 0.55 6306.89
815.59 993.00 0.34 6432.90
724.44 670.18 0.57 7008.02
16.07 262.72 0.60 5539.07
390.59 608.47 0.44 7791.81
584.34 913.41 0.15 6426.56
995.69 256.82 0.48 5105.90
731.23 762.31 0.59 6888.93
499.57 438.89 0.33 6425.99
99.98 162.89 0.10 6623.97
744.38 486.96 0.22 6113.86
62.83 486.92 0.47 4483.64
640.11 446.31 0.52 7543.07
489.97 808.87 0.18 5765.84
758.19 584.26 0.40 6625.83
256.21 807.74 0.28 5664.90
944.82 644.21 0.44 4482.80
384.09 381.70 0.56 5394.52
749.92 899.28 0.42 5336.78
198.58 25.45 0.51 9572.71
941.32 688.90 0.50 4886.96
418.35 222.58 0.48 10346.07
830.44 389.79 0.21 5834.45
946.76 540.73 0.15 6450.60
691.34 152.53 0.47 6279.41
269.10 748.05 0.54 4338.73
872.12 142.85 0.46 4528.85
399.87 893.34 0.05 7258.36
204.16 757.68 0.37 3575.53
205.14 495.82 0.09 7114.63
379.74 981.04 0.14 6297.17
294.33 727.99 0.31 7133.59
166.42 665.75 0.56 6377.23
728.47 363.31 0.39 6269.20
861.30 18.53 0.13 4794.61
55.58 969.49 0.53 4054.48
98.68 278.15 0.48 5423.38
395.94 124.99 0.29 7281.38
925.85 887.98 0.60 4021.15
3.11 528.34 0.13 5468.85
922.35 373.67 0.56 6055.78
339.75 934.12 0.31 5116.37
158.44 24.18 0.05 6387.72
220.85 631.34 0.51 9573.08
425.87 433.18 0.44 5539.35
109.65 495.52 0.51 5689.78
914.07 6.07 0.31 6012.16
361.88 888.14 0.31 9257.71
31.43 41.63 0.32 3556.22
183.24 476.98 0.58 5602.35
453.52 51.99 0.26 5337.13
410.63 399.47 0.54 4438.88
28.14 37.09 0.29 5831.38
535.55 39.83 0.53 5126.42
354.16 466.13 0.04 7652.04
296.04 218.13 0.10 4484.75
54.00 177.29 0.50 7491.11
375.88 621.21 0.09 6504.27
895.01 241.91 0.14 5814.43
852.25 593.51 0.54 10396.66
686.79 515.85 0.58 8852.25
727.06 187.72 0.04 5845.49
961.70 362.61 0.33 5197.79
704.88 382.76 0.04 6267.05
417.00 670.16 0.22 8277.59
731.81 211.37 0.49 6887.78
291.02 247.38 0.57 5738.06
522.46 550.39 0.47 6375.30
760.97 496.79 0.30 6335.84
720.80 494.21 0.28 7100.70
872.59 939.31 0.60 6289.58
3.97 90.41 0.06 8428.85
588.59 412.12 0.53 6151.54
918.26 597.00 0.06 5814.37
434.25 363.17 0.05 8472.42
267.35 485.17 0.52 5706.59
339.81 665.09 0.22 4671.52
256.97 927.39 0.53 8706.42
138.21 651.20 0.30 4482.92
103.50 46.45 0.09 4056.33
772.33 494.90 0.49 5235.27
95.75 56.11 0.31 7581.37
571.74 500.11 0.00 4525.52
730.66 912.66 0.40 4462.50
537.93 704.02 0.07 7174.66
536.56 577.11 0.02 7094.46
403.56 899.90 0.05 5250.96
212.76 248.57 0.25 5922.23
295.72 766.29 0.56 10447.12
310.08 8.77 0.07 6777.90
527.84 509.93 0.53 10323.29
996.41 997.71 0.51 6912.76
652.18 875.08 0.14 7130.57
731.45 609.76 0.22 5591.01
451.90 546.90 0.05 8196.25
358.91 963.51 0.55 5948.81
303.51 354.28 0.19 7310.46
525.28 57.00 0.38 3711.21
975.43 840.12 0.45 4305.80
882.22 627.05 0.18 5652.62
752.48 901.21 0.14 4556.63
131.03 842.42 0.21 6177.25
319.85 775.08 0.57 3153.59
556.34 490.29 0.21 6915.86
86.44 581.18 0.10 6278.54
506.79 900.10 0.49 4381.05
193.84 998.43 0.29 3645.79
977.84 840.57 0.47 5430.13
812.06 232.37 0.25 6929.90
122.22 510.84 0.35 5620.02
197.22 732.14 0.37 5304.20
285.94 602.26 0.11 4853.19
665.61 68.66 0.31 3447.73
259.81 733.89 0.10 4225.48
192.08 467.85 0.35 3286.05
650.05 22.27 0.15 5628.61
447.74 437.49 0.46 5187.79
365.49 269.98 0.54 4593.55
886.37 304.00 0.53 3923.52
419.52 148.59 0.07 4417.60
456.20 434.91 0.46 5923.38
540.74 540.60 0.55 5476.01
925.57 230.52 0.23 5402.84
600.68 449.63 0.05 6491.82
456.78 68.99 0.14 5535.18
244.03 16.94 0.53 4518.26
124.75 467.47 0.34 3125.90
387.95 344.03 0.15 4624.93
218.15 264.07 0.56 8850.50
717.18 263.99 0.31 5243.93
755.56 737.36 0.34 6256.15
345.71 393.33 0.53 7070.88
855.59 291.06 0.48 6196.61
151.77 979.25 0.32 2946.08
65.36 652.43 0.19 4787.13
87.45 484.14 0.26 4821.71
833.07 223.35 0.30 5802.60
189.12 735.06 0.46 5917.10
29.24 552.44 0.05 6109.39
208.41 316.92 0.50 4835.08
303.55 37.24 0.21 4784.40
452.70 15.25 0.54 5500.51
314.96 141.98 0.09 6553.14
1.05 280.53 0.33 10446.58
545.74 192.21 0.10 7257.07
20.61 541.29 0.27 4082.39
249.64 129.87 0.34 5425.03
632.07 257.03 0.08 4467.37
870.57 697.22 0.42 4855.22
616.09 444.89 0.02 7852.21
938.95 118.92 0.58 5401.26
393.49 770.91 0.50 6448.37
59.61 675.91 0.15 5904.65
499.45 439.15 0.05 6719.09
329.80 278.43 0.07 5424.37
986.51 407.36 0.45 2925.10
615.95 793.85 0.19 5742.00
0.43 351.79 0.59 4914.11
880.86 814.47 0.11 6239.86
958.15 131.33 0.40 4797.69
809.68 22.29 0.51 4815.71
138.91 215.62 0.18 4742.55
227.32 460.66 0.22 5054.49
177.84 735.88 0.06 8015.05
379.61 590.25 0.35 7713.08
869.16 162.84 0.47 8297.04
819.99 677.88 0.12 4698.44
46.49 835.80 0.25 5569.13
881.04 367.83 0.57 5228.29
960.01 458.56 0.40 4291.05
577.66 745.80 0.22 7678.14
127.36 936.43 0.06 6020.83
840.97 142.30 0.33 5716.75
704.45 657.47 0.14 6397.34
428.91 171.71 0.49 5074.66
811.61 716.55 0.06 5461.22
813.40 884.81 0.47 4930.19
908.94 893.38 0.46 4710.07
205.41 985.70 0.11 5772.75
600.51 672.49 0.38 5215.51
552.95 80.36 0.47 6579.60
756.22 36.12 0.30 9435.15
160.38 679.48 0.35 6485.11
696.62 648.07 0.28 4774.08
403.23 31.04 0.17 7290.59
319.08 80.21 0.10 7158.04
62.58 481.03 0.21 4678.43
5.26 333.18 0.01 6339.19
357.58 143.99 0.40 7195.43
53.00 431.01 0.21 4510.43
415.27 765.23 0.12 9108.40
584.55 93.73 0.29 6157.83
227.68 75.92 0.05 8637.39
511.06 798.54 0.29 5118.06
591.07 5.04 0.50 6909.25
200.50 455.81 0.28 6098.98
600.84 338.05 0.56 5238.66
