490.07 420.23 0.09 6058.08
379.60 471.90 0.26 8279.11
503.36 540.96 0.16 8708.15
516.85 637.11 0.20 6895.94
496.14 534.70 0.31 7651.29
505.35 436.25 0.32 7186.07
481.23 424.79 0.58 6598.33
469.65 486.06 0.25 7202.57
505.39 522.77 0.31 7421.28
468.80 483.38 0.02 6664.34
547.63 509.74 0.29 6777.17
387.55 545.82 0.53 5768.28
519.13 610.30 0.24 7602.90
584.29 452.83 0.17 7419.38
424.48 385.81 0.42 8161.93
493.86 393.46 0.55 7188.04
504.60 506.08 0.40 6920.60
477.13 409.44 0.12 7167.51
506.34 518.82 0.26 5787.07
527.70 482.28 0.09 7463.75
589.49 550.30 0.59 7604.45
547.09 522.43 0.38 6951.09
523.77 409.23 0.43 6953.51
532.14 557.35 0.36 9481.61
446.36 539.43 0.01 6862.89

21811.472401674102
