377.61 404.88 0.52 8276.21
621.21 643.92 0.11 7931.41
585.76 363.19 0.39 7002.65
787.04 529.54 0.10 7613.13
61.13 55.58 0.08 8655.59
463.24 283.90 0.44 7392.86
314.17 455.84 0.57 5454.05
53.79 215.93 0.55 8291.83
828.20 335.44 0.53 5174.18
759.19 409.49 0.58 6886.94
56.44 962.18 0.23 6139.68
899.96 66.14 0.23 8547.62
690.38 537.82 0.22 6154.17
898.99 583.75 0.34 9928.81
528.39 412.92 0.07 7586.14
120.53 142.19 0.37 6483.98
834.85 123.74 0.48 6904.22
979.87 333.84 0.55 7461.08
986.32 726.04 0.07 7336.47
666.92 237.68 0.21 6336.16
443.65 373.93 0.08 6770.60
462.75 989.44 0.07 8319.21
860.60 484.77 0.40 7556.32
712.91 879.98 0.52 7051.92
452.93 234.80 0.56 8349.46
904.37 115.83 0.02 6691.37
969.53 904.18 0.14 6907.11
563.62 106.80 0.30 6180.11
326.26 173.70 0.45 9277.80
917.56 844.63 0.20 6812.09
693.87 435.34 0.40 5274.35
580.04 9.77 0.41 9239.57
12.62 953.38 0.51 6588.62
943.36 362.82 0.36 7470.09
330.29 498.34 0.36 6390.42
61.28 526.38 0.13 8655.17
26.29 778.61 0.60 6951.11
57.90 779.13 0.03 7975.65
323.62 580.24 0.53 7999.97
443.03 730.70 0.28 7004.38
316.10 240.36 0.06 7373.40
236.10 526.13 0.27 6614.91
137.34 451.73 0.30 6407.34
534.29 55.64 0.45 7326.28
443.41 32.25 0.19 7373.56
951.20 633.60 0.57 6896.08
629.33 995.96 0.60 6299.44
600.36 843.78 0.15 6978.47
798.35 255.83 0.36 7236.04
466.38 131.61 0.39 6215.93
197.25 99.80 0.51 6025.62
996.58 871.47 0.23 6846.40
19.17 135.47 0.26 6918.00
559.10 834.70 0.54 7551.23
268.87 474.57 0.31 8997.45
292.16 829.53 0.23 6148.20
462.55 289.90 0.14 7845.15
38.46 886.30 0.29 6914.10
54.06 264.72 0.35 6265.59
414.94 840.16 0.12 6333.69
969.01 979.43 0.03 8554.09
80.20 983.75 0.19 5373.26
639.38 536.75 0.33 8819.70
685.46 25.04 0.35 7562.23
656.33 203.95 0.44 6816.87
618.82 20.52 0.37 6180.49
650.30 393.36 0.51 8152.61
672.13 553.69 0.58 7703.97
491.14 411.89 0.16 7472.37
50.84 665.14 0.20 6575.06
338.25 833.81 0.15 7629.36
254.75 472.70 0.18 8440.40
271.87 664.80 0.13 6458.03
94.70 330.41 0.40 7075.73
602.72 975.82 0.09 6568.90
89.36 831.68 0.54 7166.15
541.04 546.03 0.09 7053.97
928.16 48.96 0.29 7744.96
486.27 820.17 0.17 7685.91
923.69 980.91 0.53 7515.34
533.64 695.72 0.15 6281.15
467.36 452.14 0.27 9049.14
85.85 514.08 0.44 9579.44
620.41 461.09 0.03 8185.11
35.74 578.40 0.23 5928.12
385.95 169.91 0.22 7402.30
604.45 955.38 0.46 8186.02
52.95 443.40 0.54 5345.58
807.88 254.03 0.24 6516.11
232.62 641.84 0.11 7437.64
945.33 196.44 0.14 6708.63
497.83 392.13 0.15 6395.50
39.15 690.69 0.22 6116.66
409.84 50.27 0.24 6438.42
974.64 328.91 0.17 6671.19
833.23 644.95 0.31 6228.32
723.80 305.48 0.55 7412.73
656.36 62.37 0.34 6178.03
644.73 231.03 0.51 7458.76
495.79 863.81 0.14 7147.55
256.49 486.42 0.19 8471.60
48.35 693.54 0.53 6469.84
68.67 194.72 0.14 5245.76
55.22 878.50 0.22 7048.36
792.25 896.57 0.58 7370.01
33.03 722.12 0.47 7603.75
174.52 348.63 0.43 7110.15
146.03 890.65 0.25 6240.97
79.52 496.24 0.06 7085.27
295.57 144.10 0.47 8554.76
609.20 156.27 0.49 7955.59
327.15 780.10 0.53 7575.30
523.61 339.39 0.26 7009.64
191.89 102.02 0.12 7792.67
585.15 978.32 0.24 6864.10
713.09 87.35 0.02 7030.48
974.42 468.51 0.16 7401.44
583.10 12.83 0.22 7513.41
819.46 79.53 0.19 4785.62
848.30 782.10 0.08 7135.30
279.13 583.95 0.24 7895.32
341.91 797.54 0.22 6483.75
655.19 302.54 0.49 5132.91
823.56 566.95 0.27 8145.76
15.06 501.17 0.37 6923.23
86.25 232.28 0.32 8277.36
792.95 775.06 0.02 6358.48
634.79 457.63 0.26 7606.23
417.62 40.04 0.20 6011.47
395.24 38.99 0.07 6535.67
810.16 178.40 0.29 6348.27
464.11 740.30 0.48 6783.58
229.65 232.98 0.52 7415.33
117.67 452.14 0.07 6898.17
769.42 719.26 0.42 8029.74
122.71 646.64 0.38 6772.17
516.23 806.65 0.40 7926.01
274.01 652.84 0.30 7832.60
607.51 279.70 0.60 7287.09
995.25 476.37 0.54 5699.06
544.54 890.62 0.14 8493.09
363.30 151.95 0.39 8266.06
691.89 727.72 0.60 6908.86
387.38 440.98 0.23 8303.43
544.24 422.66 0.19 6761.11
145.22 744.91 0.39 7179.26
411.26 726.86 0.06 7859.56
117.38 590.15 0.44 7598.25
288.05 702.12 0.56 7510.42
949.76 679.16 0.57 5359.33

8402.253482395223
