784.77 960.27 3915.69 0.56 
713.03 939.23 3503.58 0.26 
695.97 862.21 4689.01 0.63 
604.85 1042.42 4145.06 0.54 
909.18 608.68 4991.32 0.43 
577.31 591.16 3266.59 0.40 
889.65 585.91 3216.12 0.14 
552.55 872.87 3499.95 0.52 
761.89 642.73 4393.32 0.46 
645.59 540.52 4185.83 0.54 
571.61 554.01 5354.21 0.40 
671.80 701.54 4474.91 0.16 
754.92 780.33 5094.60 0.45 
753.92 599.07 3760.34 0.24 
645.90 717.53 4021.20 0.36 
1186.77 752.83 3607.29 0.36 
938.61 570.09 4507.78 0.55 
835.35 769.25 4750.56 0.35 
962.24 1021.99 5008.04 0.37 
587.26 746.88 3863.09 0.48 
617.30 793.56 5020.29 0.38 
793.21 632.49 3426.74 0.65 
599.10 1457.86 3081.81 0.39 
636.07 549.36 3560.85 0.62 
653.54 747.50 4161.79 0.41 
770.89 789.48 3515.65 0.50 
739.73 600.42 4628.66 0.39 
862.00 543.43 4392.16 0.44 
1022.22 587.52 3345.91 0.36 
571.94 670.52 3916.60 0.48 
599.92 730.71 4701.67 0.59 
664.75 547.61 4237.59 0.34 
678.90 596.95 5052.59 0.36 
629.18 1043.81 3652.68 0.32 
729.85 741.38 5289.44 0.40 
622.34 622.90 3913.43 0.44 
867.15 609.19 3942.30 0.37 
825.41 656.21 3093.51 0.50 
565.89 564.01 3973.41 0.45 
1225.27 860.00 3536.76 0.35 
677.71 862.06 5331.24 0.38 
840.59 760.71 3923.35 0.41 
566.98 743.26 2062.54 0.37 
645.75 576.24 4104.25 0.41 
670.48 669.81 2615.49 0.45 
653.54 555.05 4101.57 0.46 
780.69 798.28 3346.85 0.35 
579.31 687.30 3392.34 0.44 
593.70 559.58 3019.35 0.45 
748.70 672.24 3269.22 0.36 
752.18 562.60 4275.29 0.37 
570.70 602.81 3508.90 0.33 
616.78 594.47 3571.48 0.34 
872.59 645.38 3168.95 0.60 
604.76 625.37 3795.94 0.28 
609.09 819.47 4108.92 0.46 
609.09 805.82 4829.68 0.38 
872.03 661.76 3910.49 0.43 
623.45 712.13 3190.87 0.37 
847.71 750.46 3269.54 0.28 
718.48 879.73 3901.23 0.49 
853.74 572.87 4480.50 0.24 
567.05 715.20 3394.74 0.33 
653.80 963.14 3747.16 0.56 
807.73 863.70 4454.13 0.45 
716.54 810.43 4280.45 0.40 
542.62 838.37 3033.37 0.33 
865.86 581.51 4626.47 0.57 
875.91 664.03 3865.43 0.51 
702.96 994.87 3594.37 0.36 
927.73 593.53 3569.36 0.26 
1098.54 795.45 4282.48 0.54 
596.26 640.47 3792.29 0.26 
772.47 669.19 3852.47 0.39 
719.27 556.89 4677.76 0.53 
551.94 1327.95 3442.78 0.17 
823.69 696.36 4474.91 0.51 
746.81 589.02 4012.52 0.51 
680.06 921.31 3853.04 0.38 
731.07 617.38 2854.52 0.40 
737.81 612.63 4357.87 0.15 
