880.43 647.47 0.19 4577.33
462.42 238.53 0.25 5522.71
565.25 132.50 0.18 1930.00
696.32 555.33 0.24 1425.94
482.10 806.32 0.33 5223.43
377.42 667.14 0.21 4786.62
321.62 556.99 0.10 2494.12
499.98 490.11 0.23 9997.81
378.01 384.85 0.31 10199.50
598.82 647.04 0.18 811.42
342.61 88.87 0.17 8306.81
157.78 70.05 0.13 6516.20
703.62 642.04 0.28 3119.20
694.16 919.56 0.19 6075.75
593.19 685.53 0.11 4462.74
261.57 304.30 0.21 3438.85
824.83 176.21 0.43 6464.06
58.51 527.40 0.19 8082.22
276.89 844.57 0.15 3047.96
913.64 114.62 0.14 1581.88
174.24 818.76 0.23 969.46
73.08 102.05 0.08 1954.35
697.42 859.50 0.29 2983.57
794.82 224.64 0.21 5256.34
30.85 530.99 0.20 5403.53

11939.26805903121
