192.48 88.83 0.20 7912.86
36.77 31.91 0.18 7290.08
105.58 156.59 0.10 8389.52
7.55 91.60 0.20 7318.55
34.84 61.07 0.26 7596.34
24.62 34.51 0.20 7340.42
45.51 199.63 0.02 7636.38
9.51 9.56 0.10 6536.89
82.08 344.94 0.13 6359.21
64.32 383.56 0.26 6269.56
60.92 291.69 0.02 6807.53
37.65 272.24 0.05 4810.24
175.78 216.18 0.23 5673.85
55.90 376.21 0.24 7407.40
108.60 313.03 0.29 7712.78
104.79 223.07 0.19 6868.62
93.22 476.16 0.34 4381.65
65.84 506.92 0.18 7360.73
56.68 534.97 0.33 7153.68
139.23 567.02 0.28 5924.27
39.65 430.62 0.22 6233.13
136.11 507.56 0.33 5756.58
66.92 596.38 0.32 7517.65
19.77 478.22 0.10 7754.16
179.05 764.52 0.29 6111.59
106.34 602.27 0.18 8193.06
126.35 645.30 0.10 6022.34
86.06 705.94 0.28 8551.24
183.74 648.50 0.24 5863.78
133.22 661.00 0.18 6537.35
127.18 654.69 0.16 5400.09
0.39 714.36 0.15 7383.66
105.60 824.06 0.03 8197.22
72.80 965.33 0.10 7437.42
54.16 871.20 0.14 7814.88
61.81 938.08 0.22 8853.30
141.45 859.20 0.27 7106.92
153.04 992.15 0.40 6514.39
154.35 942.43 0.22 7162.21
70.53 893.73 0.20 7243.91
222.16 91.61 0.19 7378.44
236.57 180.11 0.17 6214.63
249.24 122.48 0.12 7210.29
255.84 60.73 0.16 8058.44
348.92 138.67 0.08 6980.02
305.64 72.20 0.23 6378.13
395.78 62.24 0.15 5349.47
226.44 199.01 0.30 6057.16
349.86 340.69 0.12 6671.25
398.32 282.18 0.14 8011.70
391.57 212.53 0.21 6869.65
308.48 264.07 0.02 8003.85
267.51 237.73 0.17 7192.12
306.23 256.67 0.33 7298.30
257.79 317.34 0.26 7574.67
333.66 209.92 0.31 6039.38
309.64 553.15 0.24 7234.47
363.65 412.51 0.31 7364.63
332.06 500.88 0.16 6338.88
258.71 427.42 0.29 8314.00
396.76 559.45 0.13 7072.29
296.48 564.75 0.33 7053.93
358.94 507.30 0.17 6798.01
315.62 581.25 0.17 6498.40
275.30 714.93 0.06 8272.56
370.59 773.84 0.15 7629.71
314.32 686.82 0.01 6545.76
234.73 771.72 0.26 8861.00
330.54 729.81 0.32 6376.13
317.26 772.97 0.18 7053.51
391.53 743.76 0.27 7245.88
341.57 798.96 0.07 6753.02
397.16 901.69 0.16 7440.44
283.69 847.60 0.27 4454.58
354.87 987.41 0.35 7185.71
369.37 876.41 0.14 7994.06
288.24 829.69 0.23 7063.48
382.23 907.46 0.27 7299.54
209.98 986.59 0.11 7260.45
263.55 827.84 0.13 7406.80
535.15 160.98 0.19 6556.45
496.29 130.79 0.30 7343.41
510.20 109.49 0.29 8548.20
589.27 184.69 0.34 7463.33
480.23 90.98 0.02 6288.35
411.40 92.18 0.19 6207.91
426.28 44.26 0.28 6955.45
463.94 117.93 0.14 6763.17
578.47 240.63 0.29 6099.07
450.61 372.03 0.18 8166.19
590.43 299.76 0.16 7284.45
432.40 211.07 0.15 7171.16
573.49 371.10 0.24 6681.31
430.63 354.20 0.10 6542.77
446.81 258.12 0.10 5466.26
457.30 230.16 0.08 7413.37
492.30 551.82 0.22 6455.93
475.43 561.40 0.28 8071.49
575.45 518.70 0.24 8930.27
459.76 438.31 0.13 6732.90
567.12 493.32 0.17 9089.26
408.66 427.13 0.42 6995.90
542.46 570.66 0.15 6879.82
554.15 529.61 0.19 8834.44
582.85 640.78 0.26 7920.43
595.47 707.89 0.26 7666.21
529.47 712.76 0.18 7113.37
599.83 723.72 0.15 8106.37
422.22 775.11 0.18 7714.37
593.21 704.86 0.29 5964.01
437.51 755.15 0.12 7220.89
567.45 619.52 0.29 5769.30
475.93 898.05 0.19 7403.83
456.79 998.30 0.05 7464.41
539.85 909.50 0.42 7298.19
498.23 804.84 0.19 8810.33
497.95 859.43 0.17 8223.71
565.72 963.83 0.23 7707.81
446.43 908.22 0.27 7572.26
562.94 917.43 0.31 7176.67
645.55 13.97 0.03 6647.65
688.27 161.10 0.08 7555.63
617.61 186.46 0.17 7185.65
780.08 93.93 0.20 8137.77
744.81 68.31 0.01 8469.84
722.42 129.89 0.14 9470.97
646.28 138.22 0.20 7262.44
601.25 127.36 0.26 7146.90
776.60 205.14 0.19 7875.43
647.49 278.51 0.28 6207.00
776.33 227.07 0.21 5221.65
701.12 295.98 0.34 7292.65
629.56 210.75 0.37 7957.42
795.51 280.56 0.16 8210.30
693.38 303.44 0.22 5114.02
644.42 329.76 0.13 7184.05
720.62 591.51 0.15 7293.60
746.60 590.00 0.13 6943.91
706.19 519.34 0.41 7075.10
776.81 572.88 0.26 5737.39
747.94 429.74 0.35 6592.71
634.44 506.27 0.09 6438.78
736.85 512.85 0.25 7174.67
678.82 582.28 0.10 8700.12
662.18 608.62 0.30 8765.14
689.09 640.63 0.13 7358.79
682.09 739.07 0.30 6552.09
624.77 773.73 0.38 6251.34
760.01 752.88 0.39 6515.20
671.75 722.84 0.02 7693.66
705.10 612.75 0.16 5886.66
631.34 780.07 0.39 7269.07
679.60 943.97 0.23 7790.30
724.35 926.10 0.26 6199.67
680.46 906.53 0.06 6158.89
659.91 991.33 0.20 7760.42
639.60 928.79 0.17 8427.52
658.12 821.50 0.07 7989.54
721.41 860.08 0.08 8258.23
735.42 985.35 0.10 5584.65
882.70 86.79 0.25 6328.69
805.44 32.59 0.22 7629.25
835.95 117.83 0.21 6587.44
929.84 74.95 0.25 6040.75
975.97 95.91 0.21 7022.98
957.50 130.25 0.22 7904.12
828.22 152.67 0.32 7774.23
837.78 0.75 0.28 6645.42
957.14 207.46 0.27 8388.91
874.40 289.87 0.13 5615.36
951.62 394.22 0.34 8795.01
885.69 362.59 0.04 7928.22
855.43 375.44 0.06 7317.30
887.85 355.00 0.06 7143.37
861.40 295.99 0.12 6896.56
998.87 322.32 0.18 6961.12
868.75 521.87 0.27 7472.11
879.52 490.89 0.18 6488.73
802.41 506.23 0.13 7237.50
857.15 511.91 0.19 5513.76
976.13 460.37 0.10 6599.87
955.81 562.49 0.21 7660.80
891.97 495.02 0.31 6620.41
939.10 493.03 0.08 6388.27
818.14 658.78 0.05 6721.89
869.15 761.50 0.21 5702.92
921.15 746.01 0.16 7848.23
954.31 732.97 0.23 6527.90
861.06 611.14 0.13 6540.12
803.03 633.91 0.03 6222.58
822.75 659.19 0.13 5797.93
893.96 615.01 0.13 7009.69
881.06 856.00 0.21 6872.83
951.98 832.95 0.24 6898.64
812.14 868.79 0.24 6677.68
920.05 828.94 0.29 7523.73
812.30 908.85 0.19 6359.30
936.61 979.38 0.20 8398.97
920.27 988.97 0.22 7658.97
829.27 830.26 0.17 7319.65

33787.44
