6 7 26 25 48 51 50 71 73 95 60 58 38 37 19 17 35 13 32 11 3 8 27 44 1 24 61 43 68 65 82 85 86 66 49 75 100 97 96 93 67 21 23 29 5 9 28 72 69 76 94 98 55 52 70 14 36 33 46 42 83 63 41 62 2 4 12 30 31 54 89 91 84 81 15 40 39 18 16 10 20 92 90 64 47 74 99 77 79 78 57 59 53 56 80 34 87 88 45 22 
Best fitness: 1.61
5 9 17 13 11 26 54 57 60 58 50 67 65 41 44 48 12 19 35 32 38 75 76 95 55 52 71 74 86 66 69 70 49 51 27 1 23 14 37 94 93 96 92 90 64 83 61 25 22 63 81 85 88 36 31 29 7 6 3 2 8 40 18 33 28 46 62 21 42 43 84 82 87 89 73 100 98 78 56 59 30 47 24 4 39 97 80 77 79 91 72 68 10 15 16 20 34 53 99 45 
Worst fitness: 2.02

Mean: 1.78

Standard deviation: 0.01
2 8 4 1 3 27 28 48 65 44 46 26 12 17 51 50 49 55 58 38 32 71 69 93 94 95 80 60 14 11 9 23 36 40 13 30 29 34 33 31 61 85 67 66 82 84 63 72 74 73 98 99 97 76 81 83 64 86 70 53 45 25 21 68 42 87 89 90 88 47 41 22 5 6 19 37 59 56 75 78 96 100 24 7 16 18 20 35 15 10 54 52 43 62 91 79 77 57 92 39 
Best fitness: 4.90
3 8 33 38 14 50 65 48 32 26 23 61 62 63 86 66 95 58 37 18 17 60 89 88 84 44 51 76 75 55 49 52 19 12 11 10 40 15 29 25 71 93 94 74 69 72 67 42 24 1 7 27 31 28 85 46 45 47 21 43 82 81 4 5 6 9 30 54 97 79 100 96 70 13 20 56 59 34 36 73 78 98 83 68 41 22 2 35 53 57 92 80 77 64 16 90 87 91 99 39 
Worst fitness: 6.23

Mean: 5.40

Standard deviation: 0.11
