24 78 43 40 37 60 16 42 6 30 13 86 51 74 81 39 41 55 48 89 84 1 11 2 69 76 47 52 85 54 29 80 38 26 53 45 71 79 20 68 35 31 4 57 34 27 7 63 22 70 50 14 61 83 36 67 64 82 90 77 49 12 75 9 17 87 56 62 23 10 72 8 25 28 59 33 73 32 3 21 65 66 15 58 44 46 5 19 18 88 
Best fitness: 0.48
2 43 35 3 31 67 4 90 89 1 79 30 51 59 28 32 83 81 74 86 39 13 17 56 29 38 26 80 52 16 68 48 61 12 84 49 41 85 87 34 57 70 64 36 77 55 20 63 7 27 33 82 14 9 65 66 60 11 76 42 47 54 50 10 62 53 18 45 37 71 40 78 15 73 72 23 22 21 6 69 46 5 19 58 24 44 75 8 88 25 
Worst fitness: 0.57

Alpha: 0.50
K: 0.01
Crossover probability: 0.50
Mutation probability: 0.10
Change mutation operator probability 1: 0.15
Change mutation operator probability 2: 0.00