42 29 59 87 17 9 69 28 37 54 47 85 90 31 39 64 26 18 86 77 27 38 13 52 51 3 14 56 88 65 61 79 20 44 80 48 57 67 78 36 40 41 4 62 22 11 58 33 70 16 89 63 5 21 53 76 50 45 84 1 71 6 73 43 34 2 12 68 74 8 75 60 49 23 81 72 66 35 46 7 32 15 24 19 25 55 82 30 10 83 
Best fitness: 0.78
3 27 64 16 70 61 49 79 44 33 85 39 31 54 47 52 50 58 11 72 53 59 6 9 37 62 73 87 17 90 78 67 80 20 23 18 22 76 28 26 86 14 56 89 38 51 10 13 69 63 34 2 12 40 41 36 81 43 8 60 65 77 4 15 19 57 48 21 71 29 42 75 74 1 84 66 35 45 5 68 82 55 25 32 46 7 24 83 88 30 
Worst fitness: 0.97

Alpha: 0.50
K: 0.01
Crossover probability: 0.50
Mutation probability: 0.10
Change mutation operator probability 1: 0.15
Change mutation operator probability 2: 0.00