96 92 11 19 49 12 88 93 83 57 16 64 60 86 2 52 79 26 38 25 50 43 40 21 55 84 22 35 28 42 36 1 27 10 78 9 81 32 58 17 44 71 80 13 62 53 97 89 33 74 76 51 59 37 87 70 7 45 34 14 20 94 67 46 99 15 3 6 63 68 23 98 31 39 73 41 77 100 90 29 48 24 54 82 95 69 66 30 56 72 75 65 61 4 5 8 85 47 18 91 
Best fitness: 0.87
57 21 32 36 3 15 80 89 26 74 33 55 81 42 9 69 30 29 82 77 14 52 93 60 83 64 25 67 20 99 58 10 90 27 17 38 13 12 68 23 49 11 92 79 44 1 73 35 71 46 16 43 45 34 7 70 41 87 37 40 62 50 28 39 63 84 5 94 53 85 100 51 78 59 31 76 72 48 66 56 6 22 98 19 86 2 97 8 96 88 4 61 24 54 65 75 47 18 91 95 
Worst fitness: 1.02

Alpha: 0.50
K: 0.01
Crossover probability: 0.50
Mutation probability: 0.10
Change mutation operator probability 1: 0.15
Change mutation operator probability 2: 0.00