69 13 68 70 59 61 11 34 74 29 23 16 44 2 39 57 52 17 75 22 7 51 71 40 41 48 50 1 30 79 32 18 60 21 42 46 65 77 80 37 73 45 55 26 35 27 6 10 33 49 14 4 54 24 38 12 47 31 78 63 3 19 8 25 9 53 76 72 20 56 15 28 67 62 36 43 58 64 5 66 
Best fitness: 0.70
59 11 61 8 37 80 77 7 51 44 2 39 14 54 27 65 60 21 68 70 13 62 47 42 46 32 26 30 40 41 48 16 29 9 67 12 18 36 53 79 52 57 20 34 74 72 73 22 33 10 6 38 76 71 17 75 25 69 63 5 23 45 55 15 28 4 35 56 1 50 66 64 43 58 49 24 78 19 3 31 
Worst fitness: 0.86

Alpha: 0.50
K: 0.01
Crossover probability: 0.50
Mutation probability: 0.10
Change mutation operator probability 1: 0.15
Change mutation operator probability 2: 0.00