66 50 83 81 57 98 31 42 7 64 79 89 90 3 51 5 61 56 84 93 53 97 18 19 71 41 45 24 46 11 76 99 69 16 70 80 22 12 96 68 87 67 25 48 65 63 75 29 85 26 100 47 72 62 9 32 23 34 28 38 4 58 33 10 73 91 36 55 54 8 52 30 77 92 27 14 1 17 35 15 43 86 39 20 2 82 59 44 6 88 74 49 95 78 37 94 40 21 13 60 
Best fitness: 1.43
14 68 22 31 45 85 26 62 42 70 97 89 90 24 69 50 81 57 76 98 93 84 56 80 5 87 83 48 67 74 96 53 79 18 4 38 86 72 20 9 32 60 33 99 55 11 71 47 58 3 12 88 27 15 61 51 16 77 35 17 64 7 28 34 19 41 52 30 91 49 92 65 73 10 63 25 29 75 46 13 36 40 6 59 43 23 94 100 21 82 37 44 66 95 8 54 78 1 39 2 
Worst fitness: 1.74

Alpha: 0.50
K: 0.01
Crossover probability: 0.50
Mutation probability: 0.10
Change mutation operator probability 1: 0.15
Change mutation operator probability 2: 0.00