738.74 17.03 0.52 5499.18
703.14 983.49 0.55 9282.51
192.97 618.19 0.48 9378.74
540.49 514.33 0.44 9003.12
268.24 948.81 0.50 3524.98
8.95 899.06 0.40 2707.96
374.90 150.24 0.47 7833.62
846.43 576.98 0.56 1132.30
100.74 330.25 0.51 509.75
200.54 616.09 0.28 -289.22
342.68 2.25 0.51 10074.83
612.77 399.97 0.45 9764.44
970.69 169.64 0.28 3755.39
962.65 348.89 0.60 8743.35
357.00 586.18 0.58 -63.48
575.29 357.25 0.60 18.46
305.70 138.15 0.33 2370.66
644.21 563.14 0.43 1723.08
232.94 794.19 0.51 7816.85
307.13 874.38 0.53 8394.05
419.85 557.56 0.44 -106.64
692.14 168.67 0.43 7368.05
174.86 583.50 0.42 3834.34
757.73 949.73 0.46 -224.37
743.60 480.24 0.34 7734.76
418.01 375.70 0.57 6165.34
775.29 434.60 0.54 4600.61
300.97 945.25 0.51 6438.77
208.74 372.99 0.47 7915.06
912.28 752.06 0.54 3538.63
690.50 932.21 0.51 4829.53
386.68 74.50 0.52 9941.88
61.90 645.15 0.46 4985.35
743.24 191.97 0.60 10688.45
806.33 84.24 0.48 9251.39
331.93 868.74 0.49 3.59
210.20 372.66 0.40 2333.75
278.90 585.08 0.54 9938.87
849.54 880.13 0.51 7936.05
195.06 720.95 0.39 1115.81
329.86 216.89 0.60 9540.44
945.94 431.78 0.54 9868.99
851.82 161.25 0.60 77.99
72.74 649.89 0.54 120.15
142.91 42.49 0.45 9728.02
13.50 872.63 0.41 10800.00
452.26 12.37 0.39 3234.45
307.92 536.37 0.46 5995.44
879.08 149.64 0.60 10554.29
778.99 364.89 0.47 5247.13
3.15 55.33 0.49 -1045.76
439.85 936.94 0.48 9312.00
105.40 157.40 0.59 -1396850.89
839.53 560.82 0.49 5224.59
254.06 16.80 0.55 10321.99
940.54 753.92 0.36 9493.15
644.85 504.96 0.60 8780.41
491.79 729.86 0.40 6091.75
232.61 720.97 0.59 -2286.00
374.85 421.98 0.60 4423.72
973.65 47.46 0.40 9045.13
900.54 34.47 0.51 10399.99
920.79 805.76 0.54 7710.81
716.84 787.28 0.48 5864.59
936.72 773.86 0.50 -2815.38
790.99 506.23 0.45 7555.79
586.20 782.39 0.56 -124.87
38.90 227.90 0.52 7730.76
472.76 403.33 0.38 9791.35
10.11 925.21 0.52 -72.63
953.92 886.16 0.58 5178.37
616.01 675.70 0.47 8381.93
977.46 439.98 0.32 5831.28
21.47 785.28 0.60 9317.62
127.34 412.50 0.49 8962.60
487.32 266.35 0.47 7894.93
667.37 85.35 0.60 7205.07
114.91 412.88 0.48 4937.89
711.64 987.48 0.56 3751.40
157.31 403.09 0.60 5758.31
914.86 995.19 0.60 1828.46
499.59 301.09 0.53 8299.93
755.27 588.68 0.35 3128.81
979.92 347.33 0.55 8889.06
568.30 458.97 0.60 1094.98
491.71 429.53 0.60 2074.69
564.75 830.65 0.38 7406.69
525.87 4.66 0.55 3112.13
845.20 122.62 0.35 7078.58
43.93 105.30 0.60 8592.45
960.31 448.76 0.44 2285.91
484.85 302.36 0.60 1072.93
758.62 400.22 0.60 5539.01
658.75 139.25 0.30 9799.72
330.69 727.10 0.53 3208.96
587.45 3.44 0.59 10421.65
173.07 255.63 0.40 10060.32
738.02 337.02 0.60 7916.42
890.18 203.00 0.46 10708.86
775.23 469.51 0.56 269.45
444.41 603.36 0.43 6221.15
14.82 162.50 0.56 10045.99
691.40 22.63 0.45 7021.72
269.23 482.57 0.46 4810.56
854.08 311.19 0.55 6826.76
746.18 943.18 0.36 4650.49
323.18 426.80 0.55 5609.33
604.44 22.66 0.32 1555.11
884.30 217.31 0.38 9830.57
416.23 339.35 0.59 8793.58
942.30 522.18 0.32 9675.21
410.57 736.69 0.42 5161.67
501.25 713.32 0.37 777.81
369.83 65.98 0.52 4906.86
134.31 4.46 0.49 6252.76
566.26 360.79 0.45 170.02
739.50 333.14 0.56 9895.34
716.65 259.85 0.54 128.45
961.79 254.57 0.56 7050.78
159.41 929.67 0.45 539.09
290.40 821.05 0.52 1416.68
66.78 284.71 0.60 8929.60
526.76 209.46 0.59 7138.70
86.27 761.89 0.44 9002.36
254.26 981.33 0.57 -2111.18
618.61 812.16 0.44 1255.68
644.66 875.96 0.60 10757.25
70.72 550.53 0.53 7123.87
949.02 105.55 0.31 8413.38
510.20 268.86 0.59 9053.54
734.13 993.87 0.60 382.49
536.97 851.75 0.53 2695.75
336.76 643.93 0.37 -78.63
534.08 980.94 0.49 7051.29
345.30 814.78 0.52 9335.19
390.97 915.38 0.41 36.82
308.10 767.81 0.58 980.75
904.69 526.71 0.50 -105.18
280.66 951.73 0.51 8144.42
731.11 474.92 0.53 -111.76
129.87 831.29 0.60 3291.36
250.13 560.91 0.40 7060.11
768.29 938.59 0.49 -253.76
962.42 668.71 0.56 8329.00
746.32 66.65 0.53 9207.85
59.21 688.70 0.60 6521.87
622.43 799.67 0.38 7558.43
406.86 659.92 0.54 9379.40
338.20 850.47 0.43 7618.60
434.74 560.21 0.40 7830.67
634.26 647.65 0.59 8597.77
720.44 2.37 0.60 3264.66
143.03 665.53 0.43 102.29
851.77 223.84 0.48 9295.35
669.79 392.31 0.36 9731.11
419.91 189.32 0.60 6626.39
361.50 386.37 0.58 5691.19
881.49 478.67 0.54 271.44
967.58 935.86 0.45 -283.66
929.46 678.36 0.44 8288.36
96.88 869.79 0.45 2187.23
772.46 968.36 0.56 279.21
34.70 920.10 0.38 1626.64
208.60 584.33 0.60 2595.95
705.76 608.13 0.49 173.78
160.03 216.72 0.39 4096.10
90.91 908.83 0.31 7227.54
186.11 530.01 0.60 -25.16
651.20 913.96 0.40 4445.60
664.74 217.95 0.48 6092.14
115.40 997.38 0.60 -465.73
318.77 977.63 0.60 214.63
142.13 829.67 0.38 7646.79
826.05 766.12 0.45 6355.72
840.45 801.81 0.33 6635.96
