929.20 239.15 0.54 396.38
631.89 267.53 0.33 3210.13
757.86 567.38 0.51 4344.42
418.75 643.84 0.52 2808.78
760.39 736.38 0.56 1660.99
457.06 461.24 0.58 3900.34
507.71 734.33 0.57 3868.60
194.88 236.84 0.57 4251.93
722.19 952.93 0.45 3153.34
736.92 118.93 0.47 2947.49
611.07 70.93 0.59 5494.81
12.29 912.51 0.60 608.67
66.09 412.43 0.38 4581.51
351.72 49.60 0.22 6517.53
303.77 656.26 0.45 2014.00
374.55 587.42 0.60 2552.76
805.32 374.07 0.35 548.93
983.79 974.59 0.39 5118.14
310.42 826.32 0.46 2617.95
21.37 107.14 0.55 1941.45
96.41 466.77 0.37 3669.98
4.39 922.40 0.43 1446.67
856.16 268.48 0.53 5425.68
261.45 935.90 0.50 4281.70
557.84 905.07 0.51 8829.72
974.23 389.87 0.35 1877.25
496.21 752.40 0.60 238.54
369.23 141.73 0.60 3087.21
904.95 460.08 0.56 2872.56
512.49 793.97 0.48 1419.78
374.47 928.92 0.60 6277.00
456.75 581.54 0.56 1709.73
549.40 206.95 0.54 4903.50
584.83 847.53 0.45 1806.27
793.16 532.72 0.60 1996.37
392.66 88.32 0.42 4433.50
220.58 81.81 0.49 213.09
890.75 358.31 0.48 5058.48
605.62 408.99 0.60 2262.37
385.38 51.65 0.41 1017.64
289.57 592.58 0.55 1882.10
216.24 112.53 0.39 2172.98
352.55 443.14 0.48 1491.12
208.43 60.98 0.42 5810.48
861.11 536.44 0.29 4556.42
91.84 299.54 0.60 4925.83
137.05 959.53 0.55 1684.65
827.94 6.99 0.37 5982.59
950.87 315.25 0.60 4670.08
542.86 737.41 0.42 5.00
358.53 934.73 0.60 2215.96
170.47 283.15 0.36 7309.25
475.96 40.59 0.42 6188.44
407.43 1.41 0.43 1338.80
975.28 453.15 0.42 3718.95
147.74 819.36 0.58 3649.39
443.42 359.03 0.60 10522.64
858.16 912.93 0.60 3448.50
267.10 279.10 0.28 4572.33
682.82 936.99 0.60 4333.76
858.61 125.32 0.58 3258.59
436.32 14.55 0.37 2774.34
860.54 344.35 0.51 5220.99
74.27 649.05 0.54 3004.63
963.29 861.40 0.60 8330.87
440.06 549.55 0.58 7256.87
290.69 464.31 0.48 5467.89
37.78 354.25 0.31 6648.37
877.92 551.14 0.54 5974.92
482.01 449.67 0.39 1435.81
240.79 572.98 0.60 4872.52
549.16 93.54 0.49 1493.84
263.41 35.12 0.60 2862.14
57.48 942.11 0.57 2655.08
332.23 979.20 0.57 1043.62
964.14 305.36 0.37 948.62
464.02 298.58 0.60 794.39
651.87 403.27 0.37 1257.09
808.24 907.62 0.54 3869.87
574.19 291.49 0.49 2398.73
182.24 105.96 0.57 2673.39
539.19 336.14 0.53 2165.58
230.62 343.53 0.56 10292.90
960.86 882.80 0.45 7225.49
394.66 410.03 0.41 6948.77
969.78 754.54 0.48 5263.23
434.83 160.11 0.41 7925.87
613.58 333.69 0.56 1301.92
570.34 83.18 0.58 4477.79
539.67 231.72 0.57 3504.12
922.35 614.72 0.39 1241.63
390.68 267.69 0.38 8435.92
168.89 290.27 0.25 5191.56
26.23 404.25 0.37 5678.29
392.15 850.59 0.54 5134.91
400.60 656.86 0.45 638.30
21.39 129.11 0.51 708.61
504.90 518.94 0.34 3193.19
822.28 689.07 0.37 4603.93
259.54 478.60 0.60 4339.95
547.95 399.93 0.46 6973.56
351.54 851.91 0.60 4207.40
369.41 443.57 0.53 875.80
85.17 567.35 0.50 1052.01
409.76 15.56 0.40 4548.31
317.23 71.19 0.38 3408.40
0.35 334.33 0.60 5811.24
198.03 760.47 0.38 5207.48
848.37 170.65 0.56 2802.33
958.37 288.25 0.60 1092.23
926.03 259.13 0.42 9271.10
529.42 927.42 0.56 10668.20
226.86 598.84 0.60 -320.36
331.44 840.65 0.35 2467.38
580.43 152.44 0.60 2831.63
293.42 393.28 0.49 5223.26
655.74 384.06 0.51 6291.00
612.31 974.32 0.52 136.59
412.74 314.35 0.60 5360.90
128.70 351.01 0.34 3599.12
493.95 154.54 0.42 945.85
730.19 949.29 0.43 4938.00
874.48 391.90 0.45 4792.58
647.52 497.24 0.40 1907.36
918.67 227.50 0.44 6527.04
581.23 261.81 0.56 7460.49
10.65 737.52 0.39 6170.33
291.94 772.28 0.36 1229.19
260.39 626.16 0.34 5716.58
33.70 892.50 0.60 523.29
770.20 979.55 0.47 882.97
855.56 771.35 0.60 -104.27
215.03 285.58 0.57 1724.52
452.56 328.62 0.30 6893.45
828.37 304.82 0.46 222.49
638.89 604.25 0.42 4608.35
236.19 267.17 0.50 4481.87
867.40 750.14 0.60 3527.41
779.04 414.75 0.55 3840.49
189.97 856.78 0.60 5391.43
603.26 354.84 0.56 653.92
111.08 650.38 0.57 4133.52
64.87 413.89 0.60 3372.67
568.80 120.26 0.53 3215.20
477.64 434.19 0.40 3731.81
730.40 440.21 0.44 7922.06
484.75 192.63 0.60 2071.82
201.07 230.27 0.37 3128.58
806.61 313.79 0.49 4659.54
926.97 261.89 0.40 8593.68
