94 20 23 92 27 11 3 73 28 82 47 91 81 90 80 62 88 6 76 52 35 16 39 7 14 51 42 69 85 46 41 66 87 93 45 71 72 58 8 31 100 15 98 29 53 89 60 67 2 10 13 26 18 79 48 99 50 44 33 97 86 84 63 59 70 61 17 34 75 22 64 25 95 74 19 68 24 4 40 32 5 12 78 36 9 83 77 56 1 21 54 43 37 30 38 65 96 49 55 57 
Best fitness: 2.30
94 76 3 35 84 45 66 93 60 72 8 70 81 23 95 24 20 85 46 89 28 40 92 25 27 11 16 80 88 78 73 29 51 14 58 22 90 47 52 26 82 18 53 63 15 86 10 71 30 87 33 99 48 17 61 13 50 44 68 4 39 64 21 100 31 56 75 98 41 67 5 62 42 34 79 97 38 6 32 7 69 57 2 77 59 1 54 36 9 91 65 12 96 19 74 55 83 49 43 37 
Worst fitness: 2.68

Alpha: 0.50
K: 0.01
Crossover probability: 0.50
Mutation probability: 0.10
Change mutation operator probability 1: 0.15
Change mutation operator probability 2: 0.00