87 47 46 18 31 80 6 27 82 90 9 30 67 4 60 55 42 56 13 72 71 21 15 23 32 43 25 29 84 44 12 48 11 35 86 54 2 77 61 20 22 59 75 26 66 17 1 40 7 88 76 57 68 33 74 19 53 45 79 65 70 58 52 64 63 41 37 24 5 8 28 3 14 49 34 16 81 10 69 38 39 50 36 89 85 78 83 73 51 62 
Best fitness: 2.70
23 90 9 60 67 31 6 80 18 22 26 41 68 57 44 76 55 45 43 2 13 56 19 21 10 15 32 49 86 35 20 1 52 58 70 84 71 82 27 48 11 77 40 54 42 79 65 72 30 81 16 53 34 69 24 46 66 63 17 3 5 33 29 25 4 12 74 64 61 51 37 83 87 28 59 7 36 88 8 75 47 85 89 50 39 73 14 78 38 62 
Worst fitness: 3.28

Alpha: 0.50
K: 0.01
Crossover probability: 0.50
Mutation probability: 0.10
Change mutation operator probability 1: 0.15
Change mutation operator probability 2: 0.00