32 20 56 67 95 27 30 3 33 74 21 72 18 63 91 92 66 34 97 57 82 58 16 23 7 28 25 55 26 6 29 100 84 88 19 90 54 14 24 43 40 22 61 83 38 87 10 17 62 94 65 93 85 96 15 1 31 78 4 53 39 73 79 89 81 64 2 47 71 69 98 41 76 50 12 75 48 46 11 37 99 42 13 70 59 52 80 60 5 68 45 77 44 35 8 49 9 86 51 36 
Best fitness: 4.56
81 96 17 72 61 49 11 13 83 58 98 12 16 34 82 53 66 90 71 1 19 100 6 26 33 3 73 67 40 42 43 14 63 70 91 92 87 21 27 30 64 24 74 23 75 48 38 10 18 2 28 36 4 78 88 39 55 7 54 79 89 22 20 5 29 45 84 25 95 35 56 41 31 69 50 86 80 59 52 94 60 62 65 93 46 9 8 85 76 51 57 97 47 68 15 99 44 32 77 37 
Worst fitness: 5.24

Alpha: 0.50
K: 0.01
Crossover probability: 0.50
Mutation probability: 0.10
Change mutation operator probability 1: 0.15
Change mutation operator probability 2: 0.00