43 8 12 39 9 25 20 27 64 65 37 23 47 68 16 45 60 63 58 24 40 1 13 48 61 55 66 18 67 56 54 44 28 70 6 4 19 59 29 62 15 57 22 49 36 50 31 53 5 34 69 17 30 51 33 21 2 26 11 10 32 52 41 38 46 14 35 3 7 42 
Best fitness: 1.90
8 12 47 65 13 28 70 4 53 40 25 64 23 37 57 22 24 58 63 27 48 61 59 9 41 38 55 56 45 60 20 6 11 26 2 18 44 68 16 62 15 1 54 67 19 49 21 34 69 51 43 39 46 14 32 5 31 50 36 33 30 17 29 66 52 10 3 35 7 42 
Worst fitness: 2.37

Alpha: 0.50
K: 0.01
Crossover probability: 0.50
Mutation probability: 0.10
Change mutation operator probability 1: 0.15
Change mutation operator probability 2: 0.00