61 71 31 55 79 24 63 2 26 10 53 77 64 65 67 21 73 6 36 4 80 27 11 29 68 78 17 25 3 59 14 32 52 51 40 58 5 75 20 47 42 76 9 19 72 57 60 30 35 7 46 49 39 16 22 12 48 56 23 28 50 62 69 37 38 41 70 45 44 66 74 54 1 15 8 33 13 43 34 18 
Best fitness: 2.13
51 31 40 17 55 79 32 59 73 20 69 62 72 19 75 11 4 27 80 60 58 67 65 64 33 21 30 57 41 70 37 26 52 3 24 2 53 63 77 9 42 47 12 6 56 68 50 23 78 29 36 39 54 1 45 66 44 8 15 22 48 16 46 35 25 71 61 13 28 43 7 14 10 76 38 18 74 49 34 5 
Worst fitness: 2.44

Alpha: 0.50
K: 0.01
Crossover probability: 0.50
Mutation probability: 0.10
Change mutation operator probability 1: 0.15
Change mutation operator probability 2: 0.00