1 30 24 56 37 48 52 7 70 47 45 29 63 17 35 65 18 60 26 19 64 58 36 67 15 11 5 49 57 33 9 23 43 55 3 22 38 41 16 8 39 21 34 46 40 6 12 68 2 66 4 31 50 10 13 59 61 44 42 14 51 62 54 27 28 25 32 20 53 69 
Best fitness: 2.35
30 56 12 51 17 63 2 66 7 48 35 11 34 21 8 60 10 70 47 45 29 19 64 37 24 55 3 22 40 58 18 41 39 59 61 67 15 5 57 9 33 49 38 42 43 14 52 54 65 36 26 16 13 69 53 68 50 62 6 20 1 32 28 25 23 44 46 27 31 4 
Worst fitness: 3.15

Alpha: 0.50
K: 0.01
Crossover probability: 0.50
Mutation probability: 0.10
Change mutation operator probability 1: 0.15
Change mutation operator probability 2: 0.00