83 65 59 81 72 79 88 32 77 22 71 7 76 49 31 41 50 11 17 69 62 61 4 34 35 75 86 45 26 3 19 21 16 85 90 5 39 6 29 33 12 66 56 51 87 13 30 57 40 14 53 55 78 58 1 9 60 43 2 8 42 24 25 10 27 46 37 89 67 82 54 73 18 15 68 20 74 63 47 64 23 80 52 84 44 70 48 28 38 36 
Best fitness: 3.61
10 83 5 11 50 41 22 71 86 3 26 88 32 77 81 72 62 33 61 69 21 16 85 35 4 73 56 43 66 82 89 53 55 17 34 1 29 42 76 7 31 78 59 84 79 58 75 6 45 39 8 80 19 49 57 90 46 65 63 47 12 9 60 54 2 67 30 87 13 40 20 15 51 64 52 37 70 14 44 25 27 24 38 18 74 48 68 23 28 36 
Worst fitness: 4.48

Alpha: 0.50
K: 0.01
Crossover probability: 0.50
Mutation probability: 0.10
Change mutation operator probability 1: 0.15
Change mutation operator probability 2: 0.00