54 9 78 95 69 42 10 3 75 34 76 84 63 87 7 28 97 99 30 64 38 90 66 50 68 14 16 65 88 74 96 15 48 70 39 62 57 1 71 60 11 93 26 100 35 40 25 23 41 24 81 92 32 58 29 20 8 21 49 31 18 91 94 61 72 89 22 73 2 53 33 82 27 77 80 4 98 59 44 83 85 86 67 37 13 56 79 43 45 52 17 55 6 51 5 19 46 47 12 36 
Best fitness: 5.38
96 74 91 54 9 14 100 16 33 94 61 93 78 38 64 90 68 40 2 26 80 57 62 63 84 71 28 7 97 99 21 92 79 1 67 98 27 15 48 70 87 66 35 31 18 65 88 95 69 75 42 34 76 45 4 56 24 41 85 3 10 82 77 20 29 58 25 72 44 53 32 46 50 30 8 89 59 60 11 83 23 51 22 49 37 52 39 17 81 43 13 47 86 6 19 36 55 73 5 12 
Worst fitness: 6.76

Alpha: 0.50
K: 0.01
Crossover probability: 0.50
Mutation probability: 0.10
Change mutation operator probability 1: 0.15
Change mutation operator probability 2: 0.00