400.6869060764596 638.5684092687652 9048.728706120097 0.08272629072451183
701.9290902287756 405.94281737508726 6991.161337620042 0.19694242196014455
512.295299703829 376.2521177172998 8616.185851740547 0.26488808059017954
563.0171803835951 516.3754380357898 8181.041965229787 0.14676708437538313
220.27615355875088 316.7778840045945 8242.607608325685 0.11301032846128672
601.9688141284329 246.90157512787513 8490.630166138037 0.323011640865342
186.20167966497354 369.6559254706127 8586.13182624383 0.2474391405304209
620.3341885410047 309.19166977359333 8381.824349213177 0.3121051168227673
408.85444194037314 481.7060584590991 8169.924284212981 0.21800508929977164
462.9307029411497 449.46200486300364 8128.683641173721 0.2017336694917363
388.853757535119 511.1733472824013 7447.891598272652 0.09470742352753372
471.78248262967657 470.08942095117374 7582.626562077894 0.18712158071040627
523.7969446424847 455.0956797304325 7949.8029134539 0.03853545848613241
705.1150999889468 767.7908159277258 8297.73144502012 0.16824599024744374
517.6584869385512 678.6548566008073 8145.850137965201 0.18343888422605265
516.8385477957988 276.13747540615884 8008.883269756312 0.21592058863637967
403.26650936684075 362.1138646627799 7675.629198898966 0.05369852107825668
523.4613796171636 808.8721545718665 8114.331079685102 0.33897717858969123
730.971000354434 456.21030865005133 7480.951369048895 0.23862288554478564
611.3711759804171 280.77706959284785 7408.106931255286 0.15669253453737567
