521.37 2.46 0.25 7343.81
999.64 567.79 0.15 8452.65
781.40 909.76 0.18 7243.20
883.08 939.65 0.26 6752.41
988.61 367.72 0.21 6350.57
151.15 427.55 0.18 6855.18
625.07 756.46 0.39 6074.47
642.20 234.67 0.30 7450.58
759.49 911.61 0.20 7173.87
520.26 793.67 0.26 5465.07
511.72 749.37 0.20 6578.90
61.69 455.70 0.17 7349.75
503.56 1.67 0.20 8163.97
142.53 274.47 0.05 5096.13
104.40 508.72 0.31 6854.79
170.13 167.29 0.10 7648.02
957.79 588.02 0.18 6851.47
802.59 471.42 0.33 6552.91
892.26 830.42 0.10 7511.90
274.59 189.99 0.39 6955.35
751.69 676.69 0.01 7688.78
130.39 451.25 0.22 5821.52
929.71 285.46 0.27 8554.34
684.28 628.73 0.12 8099.52
778.07 484.12 0.25 6803.16
27.25 129.09 0.21 7897.32
888.94 947.31 0.21 7980.52
43.02 128.98 0.15 7110.13
8.55 924.60 0.23 7813.05
985.07 244.29 0.17 7225.07
906.84 831.02 0.01 8452.90
979.46 829.40 0.13 7262.75
123.99 892.62 0.16 7619.56
132.04 161.20 0.12 6022.84
677.77 340.07 0.09 5300.65
617.96 181.66 0.23 7281.98
304.34 244.11 0.09 8990.84
994.37 621.38 0.22 7184.06
854.44 732.04 0.22 8380.46
190.68 524.89 0.28 8339.79
176.40 582.86 0.23 7739.29
918.55 86.48 0.22 8063.83
538.27 566.85 0.16 6537.19
183.25 224.09 0.22 7687.77
494.28 663.19 0.08 6408.82
596.56 125.44 0.27 7331.15
319.19 573.19 0.23 7894.86
525.61 345.14 0.06 6559.92
71.39 188.94 0.35 5753.69
374.91 780.40 0.18 7272.99
549.32 389.18 0.24 8346.07
234.11 390.48 0.27 7618.36
458.71 737.79 0.25 6908.79
943.87 672.47 0.32 7483.56
641.42 908.82 0.30 6935.57
989.32 542.87 0.25 8421.42
125.67 657.32 0.29 6948.93
826.39 50.96 0.14 6612.39
745.28 813.10 0.16 6201.22
983.32 82.42 0.06 6609.20
693.37 788.30 0.22 7017.60
632.89 610.62 0.23 6727.06
499.08 459.82 0.34 7697.73
426.47 608.17 0.32 6316.15
536.28 502.16 0.17 6377.81
106.83 276.70 0.13 5446.40
965.14 885.40 0.13 6820.99
725.91 610.30 0.21 8368.03
987.96 663.60 0.08 6556.60
352.21 316.62 0.33 6812.82
509.03 448.33 0.06 8380.59
473.38 461.55 0.08 8294.65
997.35 150.06 0.24 7762.39
8.25 670.04 0.09 9481.02
316.62 558.05 0.21 7542.54
