181.29 80.04 0.60 7888.63
49.30 55.62 0.48 4501.94
62.06 145.48 0.60 7012.43
54.87 56.68 0.59 7551.44
146.34 395.33 0.40 5009.83
108.61 312.21 0.57 5805.32
126.20 387.92 0.43 6646.65
32.19 200.41 0.48 7673.46
182.04 480.52 0.53 6282.90
127.97 489.68 0.51 6952.37
111.65 516.04 0.35 7652.55
136.52 408.64 0.60 7583.03
98.48 715.16 0.47 7998.54
144.60 648.25 0.43 8073.80
61.11 707.30 0.60 6421.60
172.58 650.84 0.42 5777.22
88.91 911.37 0.40 6781.31
115.79 882.56 0.59 5289.49
7.26 897.54 0.60 8267.95
105.23 836.85 0.48 7008.33
362.46 39.82 0.50 6802.28
279.50 79.33 0.49 5519.65
334.37 86.50 0.42 8647.85
208.48 130.07 0.60 5570.42
247.47 386.69 0.40 7981.09
312.06 232.26 0.48 8535.39
353.70 376.41 0.52 6803.16
284.96 297.42 0.49 5781.70
386.93 473.13 0.45 7224.33
348.38 575.65 0.55 7456.52
358.81 487.15 0.48 7229.51
247.96 514.97 0.52 5001.56
274.84 769.82 0.46 7649.36
282.19 621.73 0.49 8598.75
285.03 633.57 0.38 6064.24
358.82 765.73 0.46 7350.14
300.80 845.56 0.38 6901.36
206.52 919.86 0.60 6698.95
295.09 811.21 0.35 7079.70
380.13 971.08 0.54 7767.30
572.83 88.47 0.58 7225.07
570.40 108.48 0.60 5914.29
515.05 147.14 0.59 6569.66
515.00 186.33 0.45 6521.75
479.26 226.53 0.48 7532.31
516.82 243.47 0.52 8946.77
417.00 279.71 0.36 7759.54
498.04 337.69 0.40 6548.70
447.89 515.81 0.53 8468.94
528.76 432.13 0.48 7638.97
465.55 524.87 0.39 7579.89
573.67 509.86 0.38 7075.54
549.37 694.22 0.45 8644.75
525.33 720.41 0.48 7105.67
582.58 715.58 0.52 7452.20
524.36 733.88 0.47 9094.52
481.04 871.50 0.51 4878.98
556.12 957.00 0.36 7883.62
517.59 979.52 0.60 6685.42
514.72 939.17 0.43 7103.90
675.49 8.49 0.44 7007.20
745.73 76.36 0.57 6378.98
787.10 101.20 0.41 6416.17
611.27 3.09 0.52 7750.20
602.03 356.24 0.60 7280.98
657.72 232.73 0.56 6368.99
681.26 239.64 0.46 5734.16
707.82 214.60 0.40 6833.59
641.37 595.65 0.43 8081.14
692.86 590.79 0.60 7419.89
718.32 437.19 0.58 6287.08
703.59 581.22 0.49 4689.45
697.04 697.54 0.53 6332.85
754.97 782.16 0.60 6365.51
724.24 648.45 0.60 6553.25
779.70 706.35 0.45 6261.90
760.71 892.76 0.39 8038.12
667.70 982.59 0.52 6604.34
723.98 858.67 0.48 8745.62
733.94 932.70 0.53 5040.88
810.25 45.18 0.56 6904.78
906.23 65.06 0.60 6911.46
991.42 182.35 0.57 7289.63
940.18 93.37 0.56 8494.71
821.65 389.45 0.53 5057.17
919.19 327.37 0.32 6863.63
809.96 213.51 0.60 6561.96
969.99 216.12 0.44 6619.53
913.13 431.79 0.44 7565.98
811.31 590.38 0.50 7069.80
943.84 477.59 0.45 7738.02
882.15 585.86 0.60 7400.59
953.04 671.39 0.53 8474.90
852.95 602.09 0.57 7387.71
919.43 659.77 0.39 5438.27
848.15 649.86 0.44 7690.90
801.67 999.68 0.59 6369.76
809.00 991.40 0.36 7217.88
822.79 868.46 0.53 6494.87
907.78 805.84 0.50 6434.68

4399.14959784953
