192.48 88.83 0.20 6653.55
36.77 31.91 0.18 6908.64
105.58 156.59 0.10 7735.16
7.55 91.60 0.20 6191.79
34.84 61.07 0.26 6596.50
24.62 34.51 0.20 7928.93
45.51 199.63 0.02 7422.54
9.51 9.56 0.10 5794.89
82.08 344.94 0.13 6095.21
64.32 383.56 0.26 6131.11
60.92 291.69 0.02 6806.34
37.65 272.24 0.05 4407.39
175.78 216.18 0.23 4883.56
55.90 376.21 0.24 6911.43
108.60 313.03 0.29 7418.32
104.79 223.07 0.19 5804.41
93.22 476.16 0.34 3491.39
65.84 506.92 0.18 6706.75
56.68 534.97 0.33 6967.95
139.23 567.02 0.28 4988.20
39.65 430.62 0.22 5511.53
136.11 507.56 0.33 5590.31
66.92 596.38 0.32 6360.53
19.77 478.22 0.10 6792.86
179.05 764.52 0.29 5181.39
106.34 602.27 0.18 7560.09
126.35 645.30 0.10 5704.20
86.06 705.94 0.28 7786.62
183.74 648.50 0.24 5210.04
133.22 661.00 0.18 4957.03
127.18 654.69 0.16 4882.99
0.39 714.36 0.15 6510.83
105.60 824.06 0.03 7930.73
72.80 965.33 0.10 6716.64
54.16 871.20 0.14 9889.63
61.81 938.08 0.22 6831.54
141.45 859.20 0.27 6259.50
153.04 992.15 0.40 5293.88
154.35 942.43 0.22 5480.59
70.53 893.73 0.20 5613.57
222.16 91.61 0.19 6464.38
236.57 180.11 0.17 5141.64
249.24 122.48 0.12 6453.09
255.84 60.73 0.16 10381.07
348.92 138.67 0.08 6173.44
305.64 72.20 0.23 5597.17
395.78 62.24 0.15 4963.87
226.44 199.01 0.30 5029.55
349.86 340.69 0.12 6880.80
398.32 282.18 0.14 7062.33
391.57 212.53 0.21 6643.19
308.48 264.07 0.02 9095.98
267.51 237.73 0.17 7013.53
306.23 256.67 0.33 6952.90
257.79 317.34 0.26 10669.82
333.66 209.92 0.31 5488.47
309.64 553.15 0.24 5620.32
363.65 412.51 0.31 7116.56
332.06 500.88 0.16 6187.47
258.71 427.42 0.29 7350.10
396.76 559.45 0.13 6086.26
296.48 564.75 0.33 6852.25
358.94 507.30 0.17 6636.17
315.62 581.25 0.17 7615.22
275.30 714.93 0.06 8058.11
370.59 773.84 0.15 10275.28
314.32 686.82 0.01 6478.77
234.73 771.72 0.26 8174.66
330.54 729.81 0.32 5746.77
317.26 772.97 0.18 5806.80
391.53 743.76 0.27 5791.95
341.57 798.96 0.07 6130.67
397.16 901.69 0.16 6699.34
283.69 847.60 0.27 3178.04
354.87 987.41 0.35 6110.71
369.37 876.41 0.14 6906.18
288.24 829.69 0.23 6420.10
382.23 907.46 0.27 6559.36
209.98 986.59 0.11 6298.19
263.55 827.84 0.13 6461.99
535.15 160.98 0.19 6145.36
496.29 130.79 0.30 6579.47
510.20 109.49 0.29 7246.21
589.27 184.69 0.34 6156.60
480.23 90.98 0.02 6102.18
411.40 92.18 0.19 4979.49
426.28 44.26 0.28 9953.41
463.94 117.93 0.14 6025.82
578.47 240.63 0.29 5701.30
450.61 372.03 0.18 6949.94
590.43 299.76 0.16 8580.07
432.40 211.07 0.15 6901.45
573.49 371.10 0.24 5657.93
430.63 354.20 0.10 5458.16
446.81 258.12 0.10 4884.14
457.30 230.16 0.08 7326.01
492.30 551.82 0.22 5022.53
475.43 561.40 0.28 6573.55
575.45 518.70 0.24 8722.36
459.76 438.31 0.13 5902.96
567.12 493.32 0.17 8183.45
408.66 427.13 0.42 9345.57
542.46 570.66 0.15 6222.02
554.15 529.61 0.19 7572.54
582.85 640.78 0.26 8433.03
595.47 707.89 0.26 7233.50
529.47 712.76 0.18 7080.08
599.83 723.72 0.15 7797.37
422.22 775.11 0.18 7458.56
593.21 704.86 0.29 5416.23
437.51 755.15 0.12 6574.02
567.45 619.52 0.29 5281.29
475.93 898.05 0.19 7754.51
456.79 998.30 0.05 7633.64
539.85 909.50 0.42 6097.02
498.23 804.84 0.19 7458.39
497.95 859.43 0.17 7739.74
565.72 963.83 0.23 7529.04
446.43 908.22 0.27 6749.51
562.94 917.43 0.31 6938.79
645.55 13.97 0.03 6602.10
688.27 161.10 0.08 6841.01
617.61 186.46 0.17 6128.83
780.08 93.93 0.20 10378.35
744.81 68.31 0.01 8457.56
722.42 129.89 0.14 8539.96
646.28 138.22 0.20 10037.85
601.25 127.36 0.26 6784.29
776.60 205.14 0.19 6411.77
647.49 278.51 0.28 4587.81
776.33 227.07 0.21 4308.38
701.12 295.98 0.34 6505.57
629.56 210.75 0.37 7540.55
795.51 280.56 0.16 8860.14
693.38 303.44 0.22 4767.11
644.42 329.76 0.13 6977.61
720.62 591.51 0.15 6261.52
746.60 590.00 0.13 10703.32
706.19 519.34 0.41 6587.09
776.81 572.88 0.26 8335.48
747.94 429.74 0.35 4859.00
634.44 506.27 0.09 6068.68
736.85 512.85 0.25 6121.21
678.82 582.28 0.10 7638.32
662.18 608.62 0.30 6960.32
689.09 640.63 0.13 10557.17
682.09 739.07 0.30 5354.02
624.77 773.73 0.38 5989.52
760.01 752.88 0.39 6235.82
671.75 722.84 0.02 7525.28
705.10 612.75 0.16 5253.45
631.34 780.07 0.39 6525.82
679.60 943.97 0.23 9660.38
724.35 926.10 0.26 5421.87
680.46 906.53 0.06 6513.71
659.91 991.33 0.20 6157.47
639.60 928.79 0.17 8674.13
658.12 821.50 0.07 7937.68
721.41 860.08 0.08 7621.99
735.42 985.35 0.10 5009.27
882.70 86.79 0.25 5767.20
805.44 32.59 0.22 7312.51
835.95 117.83 0.21 5668.94
929.84 74.95 0.25 7137.13
975.97 95.91 0.21 5792.77
957.50 130.25 0.22 6789.31
828.22 152.67 0.32 7045.70
837.78 0.75 0.28 6018.19
957.14 207.46 0.27 7016.66
874.40 289.87 0.13 5309.91
951.62 394.22 0.34 7987.32
885.69 362.59 0.04 10800.00
855.43 375.44 0.06 7082.60
887.85 355.00 0.06 6498.87
861.40 295.99 0.12 7062.25
998.87 322.32 0.18 5734.33
868.75 521.87 0.27 7403.61
879.52 490.89 0.18 5757.76
802.41 506.23 0.13 6602.82
857.15 511.91 0.19 4565.98
976.13 460.37 0.10 5756.48
955.81 562.49 0.21 6420.71
891.97 495.02 0.31 6539.88
939.10 493.03 0.08 5717.64
818.14 658.78 0.05 6520.63
869.15 761.50 0.21 5636.92
921.15 746.01 0.16 7835.57
954.31 732.97 0.23 5576.23
861.06 611.14 0.13 5649.52
803.03 633.91 0.03 6044.27
822.75 659.19 0.13 4798.26
893.96 615.01 0.13 6110.75
881.06 856.00 0.21 5774.24
951.98 832.95 0.24 5906.52
812.14 868.79 0.24 6596.42
920.05 828.94 0.29 6322.91
812.30 908.85 0.19 6293.45
936.61 979.38 0.20 9296.86
920.27 988.97 0.22 7009.89
829.27 830.26 0.17 6432.12
