129.39 169.13 0.11 6075.05
47.39 67.54 0.01 6047.80
120.44 49.52 0.32 6044.03
192.24 127.89 0.02 7046.00
45.92 72.97 0.34 6748.30
132.79 304.25 0.23 6443.64
47.56 361.48 0.01 7762.80
131.40 209.43 0.23 7829.19
140.07 232.96 0.22 8310.87
27.14 376.36 0.20 6520.41
185.02 509.60 0.29 7085.49
49.56 466.15 0.33 7813.97
142.48 448.32 0.31 7932.46
28.43 530.59 0.25 6807.01
62.12 525.84 0.11 6241.05
32.09 747.71 0.02 5408.97
102.37 786.08 0.24 8517.75
131.52 759.79 0.09 6718.38
98.47 608.38 0.19 4916.74
57.23 662.66 0.07 8443.96
66.17 909.60 0.14 4808.25
128.14 998.09 0.34 6767.66
104.20 908.79 0.31 5551.13
117.09 908.59 0.24 5748.76
21.58 921.45 0.23 7887.01
335.13 188.81 0.25 7840.33
381.35 64.69 0.27 7029.22
312.92 127.97 0.28 5303.19
320.38 124.12 0.31 7196.60
239.84 96.46 0.19 6861.48
303.97 354.05 0.07 5863.44
288.63 312.26 0.25 10561.95
242.31 210.48 0.23 7416.82
204.04 234.02 0.16 5076.46
333.94 244.27 0.35 7066.73
336.41 541.38 0.07 7026.73
391.33 502.22 0.16 8985.57
207.96 563.83 0.37 7754.34
372.80 436.04 0.12 8809.92
375.80 409.98 0.08 9805.35
234.85 673.76 0.04 9186.98
295.87 709.70 0.31 8257.89
249.57 672.93 0.34 7565.70
325.21 638.59 0.06 8445.50
254.38 748.81 0.23 7016.99
383.54 957.73 0.16 7228.37
351.35 974.71 0.24 5687.06
305.49 962.24 0.19 8455.13
232.08 879.38 0.42 6886.17
312.47 923.30 0.19 7836.54
407.83 84.78 0.22 7642.24
486.84 58.24 0.19 7476.28
563.69 159.15 0.17 9659.04
480.29 165.05 0.25 6359.49
459.81 147.25 0.23 7336.19
408.93 233.47 0.15 6182.24
567.69 340.89 0.16 5744.96
439.96 303.06 0.17 7221.05
495.18 286.10 0.33 6838.53
501.69 241.90 0.11 8087.37
515.30 521.68 0.19 10744.39
554.46 564.53 0.34 7936.45
569.97 555.06 0.09 6737.17
585.44 574.57 0.08 5060.81
438.07 462.19 0.25 7970.95
494.92 607.10 0.11 4555.85
504.94 708.53 0.14 4433.72
509.94 628.67 0.03 6752.77
503.32 652.81 0.20 8161.63
467.62 682.59 0.13 5908.37
502.26 843.99 0.18 10617.91
475.11 816.01 0.23 8745.56
519.90 899.00 0.29 8025.60
585.96 928.57 0.21 6983.47
553.96 813.39 0.18 6502.01
630.71 142.16 0.19 6241.72
692.52 88.02 0.08 7669.20
651.17 18.14 0.22 4950.55
683.15 125.34 0.31 10620.00
743.28 21.73 0.21 10250.03
675.82 313.49 0.18 7010.68
769.77 323.44 0.08 7141.50
638.50 233.10 0.16 7179.25
778.45 359.24 0.35 6390.56
791.34 296.70 0.24 6090.77
713.36 530.95 0.02 6797.13
641.84 471.76 0.20 7142.23
701.13 436.10 0.22 8175.87
767.05 480.01 0.30 6904.50
600.54 465.18 0.23 5892.08
689.46 713.13 0.05 8318.54
696.88 628.45 0.29 7698.19
612.82 741.48 0.27 6660.07
711.23 684.95 0.15 6329.30
786.02 785.85 0.16 9298.42
655.03 892.16 0.06 7176.18
699.29 889.78 0.18 4881.28
744.16 931.88 0.30 7605.86
699.44 812.37 0.35 7047.59
622.74 808.72 0.08 6004.98
978.84 165.11 0.25 6917.83
983.42 156.06 0.11 6421.07
815.72 154.04 0.25 6352.11
901.49 130.17 0.22 6679.50
828.35 130.92 0.19 5409.33
814.95 356.36 0.20 6837.41
866.80 229.85 0.41 6934.09
879.69 323.09 0.20 9609.97
881.90 318.02 0.39 5803.03
995.78 203.53 0.32 7001.67
988.68 501.38 0.12 7067.50
927.64 536.66 0.33 7022.80
977.23 498.87 0.11 7075.28
830.03 487.77 0.23 9335.43
899.78 514.52 0.25 5696.23
907.30 647.75 0.18 10263.04
951.97 796.57 0.25 10069.78
939.33 797.96 0.34 6811.56
911.36 732.35 0.16 5439.75
869.59 708.66 0.17 7763.20
898.66 961.75 0.22 5725.35
815.94 883.33 0.28 5960.65
843.89 801.31 0.25 6257.76
911.24 966.06 0.38 7226.29
819.37 936.25 0.02 6389.30
