72.90 35.02 0.27 2658.40
448.46 590.06 0.10 5367.24
849.96 485.57 0.32 7855.10
59.66 691.04 0.13 954.79
694.70 718.25 0.27 7228.08
622.23 758.71 0.30 1786.47
263.60 648.81 0.11 9508.14
723.10 698.91 0.18 7817.20
699.65 684.56 0.14 10330.69
291.41 131.46 0.34 2982.88
333.72 958.53 0.05 9717.27
380.49 197.12 0.22 5622.75
396.27 155.43 0.39 5879.16
107.44 559.36 0.12 4575.89
601.46 690.22 0.07 8969.36
436.77 967.58 0.14 8359.40
579.77 334.43 0.36 3588.11
689.20 260.05 0.12 5355.87
721.80 388.24 0.07 8153.94
44.71 839.76 0.23 2851.15
931.53 386.62 0.19 2866.50
808.90 807.26 0.17 3291.51
399.14 829.74 0.22 3161.07
454.81 532.77 0.15 10170.17
961.69 956.33 0.26 7472.18
448.50 21.24 0.37 8878.33
165.34 395.35 0.20 6777.64
76.78 320.45 0.04 4340.62
346.00 654.51 0.23 9611.60
968.44 551.77 0.21 10300.62
427.22 443.96 0.21 3397.67
39.56 511.59 0.13 3512.35
506.30 663.42 0.25 9011.22
440.80 601.47 0.23 10603.97
496.42 255.32 0.37 7403.42
876.16 329.44 0.27 4505.34
366.35 422.68 0.16 680.38
421.76 437.44 0.28 5461.83
483.87 427.40 0.31 1562.48
873.80 293.44 0.08 9789.42
424.91 797.89 0.39 1433.48
502.72 312.86 0.14 8509.33
154.93 818.47 0.03 3647.81
285.47 361.89 0.15 5748.39
167.05 472.55 0.50 7021.75
692.83 558.86 0.12 2532.09
218.95 977.91 0.07 10484.51
201.45 205.06 0.11 905.45
158.33 314.84 0.29 838.91
440.56 683.30 0.11 5321.50
158.20 248.22 0.15 4254.49
699.89 637.82 0.16 6548.60
699.57 902.75 0.23 7973.52
751.29 67.77 0.34 9819.88
112.20 994.36 0.07 3431.67
259.70 56.69 0.02 8482.59
522.84 302.81 0.10 906.59
198.85 925.76 0.29 1978.28
413.93 519.20 0.15 9049.25
731.27 845.40 0.17 1858.94
422.91 57.66 0.04 10066.89
999.82 740.71 0.06 8669.58
46.58 670.55 0.32 7438.43
16.19 679.93 0.30 9063.15
18.90 905.25 0.10 8399.24
598.74 264.38 0.28 1542.72
354.48 685.18 0.03 7703.14
22.90 91.76 0.14 7828.45
301.21 38.54 0.16 1531.72
579.94 452.64 0.09 1746.09
157.62 210.33 0.23 10446.38
276.46 573.31 0.24 7751.58
612.05 234.84 0.44 1405.47
644.97 573.64 0.37 4263.47
802.20 736.11 0.22 1190.01
549.16 134.41 0.24 5194.78
509.35 136.69 0.27 6152.72
924.01 871.34 0.03 2141.33
356.75 108.69 0.17 10496.57
901.07 789.41 0.11 3883.50
614.32 786.36 0.28 5004.75
203.22 999.76 0.01 8850.82
1.06 579.88 0.01 5180.87
119.13 792.57 0.17 4318.80
913.96 365.04 0.14 9307.59
601.19 676.90 0.21 8706.04
56.30 682.12 0.08 5367.27
659.64 935.86 0.28 9610.80
233.24 201.24 0.18 8316.87
37.05 251.91 0.39 6725.50
463.91 747.81 0.18 2899.81
464.55 322.78 0.21 5554.87
633.76 852.21 0.04 1085.69
781.83 129.62 0.36 8833.88
60.73 749.40 0.34 804.03
754.30 90.79 0.15 9467.36
977.85 576.91 0.17 7012.20
53.25 399.32 0.33 2850.88
238.73 678.09 0.03 10701.26
734.59 896.32 0.06 5061.24
605.98 614.77 0.31 10583.12
616.76 576.40 0.24 1140.65
427.53 798.72 0.24 1639.50
344.74 197.12 0.15 9615.09
460.78 417.79 0.20 5913.07
705.00 26.52 0.33 4024.54
871.29 883.39 0.16 6524.52
341.18 841.80 0.27 5008.41
958.16 239.21 0.22 1019.10
499.71 495.98 0.13 10728.27
824.92 307.37 0.15 2190.18
207.26 426.81 0.05 3166.72
620.72 340.72 0.15 4726.61
749.93 836.65 0.33 1031.71
742.88 890.46 0.23 8504.04
770.37 750.77 0.15 2882.42
660.24 330.30 0.27 3602.58
620.14 254.06 0.07 2518.20
208.01 294.71 0.11 1522.22
408.80 27.88 0.11 10013.91
978.79 484.31 0.04 9500.87
115.08 848.17 0.13 6394.18
854.14 434.15 0.09 8906.39
256.42 100.39 0.08 969.82
695.48 33.39 0.28 2297.66
834.56 149.00 0.25 6769.59
100.96 468.77 0.41 5966.35
604.80 213.25 0.21 3262.43
924.28 201.00 0.20 6879.57
762.07 181.61 0.19 2654.67
803.15 43.17 0.03 849.10
932.31 121.27 0.28 10685.41
463.71 703.54 0.29 3808.77
660.21 372.11 0.18 4425.00
858.32 721.29 0.01 7471.83
966.49 813.66 0.06 9950.43
522.90 855.61 0.18 6092.27
824.33 718.44 0.21 4872.29
406.79 512.43 0.02 815.41
874.89 118.43 0.21 8006.96
857.81 310.13 0.16 9098.02
340.79 16.70 0.33 759.65
496.66 97.45 0.09 6991.74
959.15 360.82 0.29 906.93
674.25 156.38 0.01 9421.46
136.76 685.84 0.03 10456.22
524.81 404.82 0.31 9387.22
838.53 348.89 0.12 4279.28
715.96 161.10 0.23 1684.87
25.27 898.44 0.25 5749.92
129.61 717.08 0.40 6566.19
298.47 987.64 0.19 9556.36
485.51 338.28 0.21 3970.45
487.41 39.05 0.22 5549.31
565.02 977.61 0.17 8815.98
815.23 686.70 0.27 7101.07
792.94 96.15 0.28 9960.36
805.47 44.36 0.12 10323.95
524.07 363.99 0.23 1879.61
85.86 649.08 0.26 1903.62
470.36 312.71 0.12 2857.08
632.20 790.74 0.01 2353.47
768.80 370.45 0.24 4636.68
956.74 186.78 0.21 1349.83
719.03 120.55 0.18 7707.58
189.16 373.38 0.13 5300.78
433.27 736.05 0.22 3930.23
483.44 987.51 0.03 5241.24
442.46 257.16 0.41 6678.66
319.29 807.32 0.19 1713.91
55.73 920.93 0.37 7745.11
323.74 813.33 0.28 3250.73
466.63 383.57 0.29 10306.38
470.23 569.34 0.12 3164.96
417.93 158.52 0.20 8785.32
