64.70 38.17 0.23 3489.28
114.27 162.43 0.36 3324.59
97.66 6.86 0.22 1368.06
51.00 218.64 0.20 7345.20
107.55 280.80 0.15 2708.36
108.86 343.45 0.13 7543.64
110.75 334.43 0.32 6423.89
45.91 279.60 0.20 4828.33
86.56 517.42 0.27 4602.84
55.34 492.98 0.19 8496.90
122.13 519.71 0.11 4683.48
26.41 516.61 0.24 10735.55
115.85 694.72 0.12 3923.74
117.15 754.38 0.12 4317.83
63.72 719.32 0.18 6493.49
60.00 707.74 0.20 9195.95
89.47 950.14 0.11 8741.57
127.23 986.71 0.30 1194.30
132.06 825.40 0.13 8572.65
142.00 947.31 0.06 3112.63
407.33 123.31 0.24 1017.76
253.08 124.86 0.09 5139.79
238.10 49.70 0.35 9037.18
384.23 39.60 0.30 2688.46
281.76 382.78 0.16 7795.11
265.97 370.82 0.31 7204.85
200.31 394.73 0.22 1302.53
360.51 295.35 0.16 3896.66
219.53 501.59 0.38 8674.00
170.10 491.31 0.27 5560.00
237.49 583.60 0.01 10071.65
270.94 433.41 0.28 1719.59
282.75 665.16 0.23 5975.31
459.06 782.28 0.21 6866.39
336.49 684.03 0.11 10625.24
424.13 686.18 0.24 1107.62
503.02 948.00 0.03 3635.91
373.39 768.53 0.01 807.73
220.36 896.61 0.18 8685.24
248.23 960.11 0.19 7621.82
477.08 41.26 0.13 5901.97
513.36 76.23 0.12 1122.93
592.85 118.61 0.07 2777.58
487.55 137.67 0.32 8779.99
470.25 251.66 0.13 8208.50
534.94 342.81 0.52 10245.38
583.56 275.85 0.19 5634.06
475.08 318.81 0.30 3042.29
470.81 471.79 0.20 1909.34
430.24 517.54 0.16 870.24
504.08 529.95 0.20 10761.36
541.50 558.20 0.09 7353.36
483.89 715.02 0.37 3629.46
539.57 639.05 0.23 10602.16
540.35 820.77 0.21 5533.31
553.37 623.32 0.18 5461.65
522.08 826.39 0.04 3298.08
596.78 887.16 0.19 7084.75
536.96 884.35 0.20 1296.07
556.31 894.92 0.27 6480.20
689.52 172.35 0.20 5200.83
669.55 11.78 0.03 6738.48
683.14 128.83 0.18 4808.30
707.53 179.26 0.28 5590.39
606.25 271.81 0.20 10281.07
794.03 217.54 0.13 8511.95
699.91 338.33 0.19 5843.10
743.35 305.68 0.12 8640.94
804.04 534.48 0.14 5675.93
770.01 485.84 0.25 9624.42
691.38 379.09 0.20 4731.86
717.27 556.00 0.31 7071.59
833.57 786.20 0.40 5098.41
725.97 694.58 0.05 8364.88
731.92 771.66 0.26 5571.03
755.04 637.51 0.29 6271.22
677.17 796.23 0.09 9179.73
707.92 900.26 0.33 9901.43
700.17 784.46 0.32 4155.87
695.29 933.57 0.20 6211.15
915.25 98.39 0.03 5281.94
939.60 149.29 0.34 4663.71
875.43 37.73 0.19 3026.66
935.40 105.05 0.09 8883.03
816.84 359.29 0.09 1656.08
832.92 165.69 0.09 7681.77
928.49 303.57 0.37 3510.12
998.81 345.87 0.22 2383.45
897.62 485.92 0.33 6556.11
861.93 452.55 0.26 6673.20
805.11 521.93 0.25 2121.94
900.72 439.93 0.13 6160.45
948.73 700.27 0.30 3058.06
945.12 688.80 0.26 1233.77
999.00 646.21 0.07 3760.39
884.49 732.64 0.23 4996.10
933.80 858.53 0.34 3066.76
854.45 910.56 0.16 9282.50
874.48 942.02 0.17 744.59
855.96 901.02 0.29 5085.77
