451.73 424.48 0.19 7695.98
563.03 605.56 0.37 7141.34
598.06 462.00 0.08 6831.59
464.89 464.55 0.06 7066.18
446.47 450.18 0.42 6542.80
548.76 451.37 0.21 5773.55
457.36 475.20 0.08 8199.54
518.28 527.71 0.33 5436.43
557.24 525.38 0.36 7284.48
439.41 458.96 0.31 7171.35
469.89 558.19 0.20 8120.30
507.03 453.99 0.08 7564.94
526.90 495.06 0.25 7845.01
498.31 484.84 0.14 6638.37
486.96 478.93 0.16 7549.86
586.15 518.60 0.15 6412.58
517.34 547.35 0.33 8089.01
495.83 418.64 0.36 8691.79
463.17 428.98 0.17 7052.00
535.66 462.24 0.18 6345.30
435.85 498.87 0.14 7002.30
479.16 497.60 0.21 8726.45
496.10 552.29 0.08 7114.14
419.85 444.99 0.16 9161.70
584.97 492.61 0.07 7850.63
477.51 516.41 0.14 8351.25
520.82 446.91 0.24 6778.92
412.32 441.08 0.02 7190.95
528.39 500.20 0.09 7544.70
459.91 473.94 0.15 5682.71
451.62 469.84 0.10 5291.35
614.92 485.01 0.24 4520.77
482.40 467.38 0.15 6611.05
518.98 448.42 0.01 8369.83
396.65 495.20 0.08 8811.24
469.08 522.37 0.17 6182.90
444.44 542.05 0.02 6386.63
479.01 550.07 0.25 7621.67
475.22 424.29 0.30 7419.14
536.46 483.94 0.29 7638.93
551.27 500.31 0.37 7293.28
481.02 511.52 0.04 6844.63
568.30 507.05 0.35 7514.65
509.43 618.28 0.29 5466.84
558.77 499.19 0.25 6543.91
496.86 477.38 0.17 7420.92
473.86 565.44 0.25 6043.29
443.51 555.18 0.16 7542.62
453.09 439.84 0.32 6951.13
515.02 455.32 0.20 4709.54
552.52 523.10 0.18 8286.82
537.39 535.83 0.30 8020.50
442.58 455.04 0.15 5030.39
439.67 507.32 0.20 7954.85
600.15 470.60 0.32 5836.11
478.45 483.61 0.16 6574.64
376.00 532.70 0.25 6679.07
510.93 574.28 0.28 9220.44
475.15 486.12 0.41 4413.42
512.11 564.97 0.14 8780.86
431.88 507.52 0.11 6282.76
496.99 526.56 0.21 4822.17
585.28 459.88 0.35 6890.49
489.67 469.24 0.38 6509.44
584.11 503.84 0.10 7239.63
499.35 557.29 0.23 8419.15
473.13 503.02 0.29 6796.96
507.20 432.77 0.16 6733.57
507.50 443.55 0.29 7824.18
505.38 424.85 0.28 7297.94
499.49 445.68 0.18 5680.38
492.65 480.62 0.16 7255.12
438.91 618.36 0.24 7433.62
513.82 457.23 0.27 7421.20
439.80 443.48 0.27 5104.83
512.64 498.06 0.17 5829.47
495.56 541.33 0.26 9253.31
573.23 516.14 0.31 5839.03
458.10 501.03 0.24 5080.74
527.17 469.30 0.35 7304.12
513.80 449.09 0.01 7442.22
592.31 583.14 0.08 6836.40
492.93 560.55 0.22 7232.84
525.50 500.92 0.26 6556.28
477.56 516.84 0.22 5668.99
480.65 478.76 0.25 5954.77
501.88 511.15 0.25 8032.96
489.88 450.01 0.37 6365.70
542.90 467.21 0.18 7229.18
481.36 577.16 0.18 8502.45
476.81 464.30 0.24 7026.84
536.05 576.51 0.29 8039.27
528.84 539.29 0.25 7782.76
421.59 381.58 0.14 7100.86
496.78 550.80 0.32 7318.85
486.03 581.96 0.18 7597.67
592.53 573.97 0.17 6559.84
459.06 469.29 0.29 7577.64
584.38 551.79 0.27 7021.05
442.92 462.06 0.13 6337.34
550.42 520.98 0.22 8841.60
506.41 586.02 0.16 6490.03
480.68 571.69 0.11 5931.60
522.81 439.94 0.22 6637.45
485.80 519.21 0.28 7619.80
495.01 483.03 0.27 5375.24
532.50 471.59 0.00 8017.68
608.10 480.61 0.24 5542.03
495.43 493.73 0.41 7109.15
467.06 367.79 0.21 6264.49
473.10 466.47 0.19 6684.25
534.61 466.57 0.17 6997.25
510.31 449.03 0.13 8384.21
579.18 533.16 0.28 6908.72
480.58 464.79 0.19 6883.73
554.08 448.78 0.29 7822.26
472.00 555.65 0.21 7629.56
508.87 482.87 0.18 7562.38
559.65 482.75 0.28 7091.78
525.03 548.87 0.23 9029.75
401.23 594.93 0.21 9230.57
459.09 461.00 0.13 7513.27
520.42 537.28 0.39 6624.72
530.68 489.72 0.20 7672.23
462.17 587.64 0.30 6008.02
539.35 590.19 0.23 6721.12
498.42 491.32 0.30 6717.25
416.52 527.88 0.37 5729.42
470.36 525.90 0.16 7668.08
471.83 513.11 0.09 7868.95
419.77 539.14 0.33 7152.27
493.37 562.14 0.37 8457.34
553.02 511.82 0.12 7556.90
535.04 379.93 0.38 5326.95
457.73 517.90 0.36 6852.98
545.77 565.55 0.31 6792.38
528.75 516.93 0.08 6932.11
469.97 415.73 0.31 7554.91
534.82 429.38 0.25 7669.38
444.57 445.19 0.15 7200.03
558.59 489.78 0.17 5652.75
463.27 495.40 0.14 7603.64
497.81 458.34 0.35 8056.48
551.03 535.73 0.23 6337.69
522.86 491.55 0.15 6828.61
469.55 431.06 0.16 8369.20
437.90 525.80 0.07 7915.62
431.16 589.44 0.26 8752.11
604.10 537.98 0.16 7088.74
434.09 491.30 0.11 8613.21
445.33 464.64 0.20 4408.42
578.57 522.23 0.09 7693.12
479.20 571.05 0.21 5781.28
478.41 496.84 0.21 9221.47
537.62 457.83 0.20 6736.44
494.31 530.12 0.32 6564.02
542.41 582.10 0.17 7311.87
584.77 566.78 0.31 6110.77
456.64 452.94 0.27 8224.77
534.03 532.86 0.09 7911.20
449.56 511.83 0.03 8334.14
489.62 513.61 0.15 8857.56
583.28 515.61 0.23 4966.25
553.29 451.05 0.18 6305.79
543.56 452.66 0.19 6410.62
518.90 518.06 0.25 7193.23
458.81 400.51 0.25 6084.47
450.63 520.23 0.25 7870.71
424.13 479.59 0.14 6024.48
484.78 533.76 0.12 6956.01
484.25 423.25 0.24 6700.43
459.83 522.38 0.32 7937.57
560.26 581.03 0.10 5330.15
486.29 472.31 0.25 6261.72
501.10 451.97 0.08 6383.10
581.15 417.04 0.17 7961.00
491.16 443.25 0.12 7942.77
511.82 437.89 0.16 8317.08
512.88 404.65 0.26 8386.71
492.11 488.41 0.20 6492.05
528.60 478.47 0.24 7656.50
526.12 486.81 0.27 5935.67
517.29 581.87 0.17 7724.78
491.57 449.31 0.20 7611.62
474.63 545.76 0.15 7142.76
580.37 525.57 0.15 7177.11
553.28 475.49 0.36 6506.49
612.97 432.19 0.04 6636.69
498.75 433.89 0.24 6658.56
467.70 482.18 0.23 6598.47
516.95 484.62 0.14 6927.45
432.73 481.37 0.15 5319.10
517.05 465.47 0.25 6401.70
394.85 535.57 0.18 6867.38
528.85 490.86 0.17 7389.79
450.34 449.29 0.20 6196.09
474.75 500.84 0.11 7933.33
535.38 545.59 0.32 8463.14
534.55 488.11 0.18 6137.75
482.52 517.55 0.23 7185.32
