424.27 548.01 0.13 8252.00
587.79 464.38 0.29 7911.24
503.51 361.17 0.29 6397.74
623.18 451.14 0.06 7280.74
530.75 566.81 0.17 6134.97
456.12 489.25 0.30 8016.32
534.84 519.26 0.17 7614.90
419.38 476.29 0.29 6013.02
503.61 465.25 0.28 8329.80
489.38 495.21 0.20 6835.43
429.01 491.22 0.03 7341.83
483.70 473.86 0.26 5935.61
476.52 533.88 0.29 6266.26
496.09 531.72 0.27 6375.59
509.46 503.17 0.26 8425.87
512.62 535.13 0.30 7749.48
456.41 586.49 0.16 7889.56
530.91 518.80 0.21 5786.90
513.06 473.77 0.18 7352.90
416.24 536.76 0.25 5902.33
476.13 516.72 0.09 7812.55
473.27 524.91 0.13 7281.52
601.51 468.03 0.40 7525.06
613.59 579.70 0.30 7468.31
411.68 491.01 0.23 8789.40
502.67 509.97 0.14 8164.33
513.93 412.62 0.24 6640.06
545.55 490.23 0.16 6992.46
539.22 420.39 0.16 6405.63
540.22 473.60 0.16 8657.97
523.54 457.24 0.15 5708.18
435.40 563.10 0.05 7123.41
452.33 460.90 0.21 7827.64
420.38 485.10 0.13 7895.17
424.84 562.62 0.20 6859.05
508.39 463.47 0.20 7437.22
519.04 479.78 0.29 5198.76
480.56 418.88 0.04 7511.07
561.23 528.10 0.13 6028.07
459.91 512.37 0.08 7637.85
498.21 511.34 0.20 6391.61
476.31 505.72 0.33 7368.85
408.58 487.17 0.40 7355.56
448.96 503.67 0.15 5540.12
515.11 453.50 0.29 7016.82
398.01 500.94 0.29 8672.65
445.85 519.92 0.31 7464.13
429.21 502.18 0.35 6114.88
585.95 466.02 0.14 7905.71
477.32 491.90 0.23 7228.62
524.49 578.45 0.24 7334.09
532.39 406.01 0.27 7890.70
440.23 471.62 0.19 6951.74
482.74 501.89 0.23 7975.59
521.30 530.66 0.30 6394.51
515.47 519.16 0.18 5226.65
538.61 644.09 0.38 7895.74
448.56 470.71 0.22 6291.52
487.21 463.26 0.38 6476.06
503.15 471.27 0.24 6729.96
493.18 490.98 0.20 9010.33
480.78 438.87 0.04 6026.87
440.71 550.41 0.17 7710.92
546.63 489.89 0.18 7196.93
486.49 420.88 0.29 6434.65
462.21 505.02 0.20 9409.59
444.53 436.69 0.27 6818.48
495.57 555.47 0.41 7526.42
494.35 485.24 0.12 7276.42
460.71 487.25 0.16 7314.11
512.82 434.72 0.16 6885.21
393.28 477.66 0.14 7788.98
439.95 486.80 0.17 7008.27
457.44 471.07 0.32 8434.20
517.82 480.24 0.17 5805.72
660.85 458.11 0.26 8956.72
502.80 582.80 0.18 8946.65
541.62 446.74 0.34 7785.86
510.85 480.20 0.28 5882.44
575.93 620.53 0.18 5884.13
477.69 507.15 0.12 6139.65
457.89 562.79 0.22 5693.75
519.66 538.03 0.33 5683.73
495.73 544.91 0.18 5748.15
576.34 541.95 0.22 8136.87
550.04 558.15 0.25 5295.13
556.90 526.36 0.37 6353.38
514.71 450.71 0.36 8061.57
562.28 525.91 0.12 7041.07
460.02 470.36 0.10 9353.79
503.39 391.17 0.05 7255.44
485.46 482.94 0.13 7198.11
514.10 541.22 0.11 6773.02
448.59 511.40 0.22 7012.10
488.23 558.17 0.16 6622.40
476.53 496.20 0.29 5475.21
511.14 429.21 0.30 7494.45
613.08 569.80 0.13 7756.63
557.15 457.48 0.18 7005.79
488.81 444.19 0.24 8026.25
