462.23 577.41 0.60 943.96
415.72 510.14 0.48 2150.69
523.21 607.17 0.60 7149.02
535.22 500.30 0.28 9221.02
530.74 501.16 0.55 10786.54
488.23 529.72 0.36 2816.45
516.13 583.38 0.37 6682.42
416.16 443.05 0.48 3764.14
431.93 514.79 0.50 1801.70
473.90 451.88 0.52 8848.35
551.70 564.01 0.45 7045.46
498.26 557.40 0.51 1846.00
560.54 438.19 0.53 4193.61
508.50 453.05 0.46 3777.87
519.08 471.27 0.46 6184.66
562.47 485.49 0.41 9661.10
404.67 500.95 0.56 9261.43
545.40 573.92 0.53 7034.29
588.17 536.00 0.60 6886.29
525.61 511.21 0.51 7666.68
576.87 509.89 0.51 3725.19
543.73 363.75 0.39 7550.24
549.09 556.47 0.32 2839.04
392.55 455.90 0.46 2842.07
556.91 476.14 0.51 4165.23
502.42 554.21 0.52 2994.07
536.52 531.90 0.57 2492.10
467.86 536.41 0.47 5434.73
439.05 531.73 0.48 7661.23
503.01 610.67 0.54 5684.17
479.34 544.83 0.49 4627.74
545.47 605.60 0.50 858.48
569.74 515.20 0.56 6481.06
503.85 555.21 0.51 6290.76
447.77 546.14 0.60 3125.74
516.74 505.97 0.46 2077.51
499.43 508.64 0.59 10382.23
600.57 415.73 0.60 5304.02
556.46 534.47 0.51 9840.71
431.23 398.93 0.46 5163.06
524.62 469.23 0.49 3921.79
507.13 514.86 0.48 9212.48
606.91 518.40 0.47 6567.93
416.16 524.72 0.47 9005.42
597.83 560.25 0.35 2409.51
456.80 439.71 0.56 6714.58
514.45 537.02 0.43 5134.16
558.44 500.43 0.41 5892.70
563.65 543.24 0.50 5440.20
520.50 492.35 0.44 8006.10
535.88 429.26 0.19 8652.47
457.22 560.38 0.60 6172.60
511.47 480.80 0.46 2973.00
385.00 560.24 0.53 8545.72
442.26 525.27 0.44 7783.03
423.73 540.41 0.42 1370.35
469.76 497.76 0.57 7364.25
457.33 486.72 0.26 8859.68
433.53 521.06 0.57 6983.70
579.93 494.49 0.60 2470.24
519.37 553.51 0.46 4622.79
557.71 487.08 0.48 975.72
499.17 556.96 0.60 9144.55
459.59 479.65 0.43 6780.38
468.64 613.70 0.43 7672.29
488.54 568.00 0.59 9767.02
430.45 532.23 0.46 3648.63
560.58 519.80 0.49 1281.16
478.30 494.09 0.60 6770.24
557.99 498.52 0.53 5555.42
399.32 418.70 0.55 6867.02
471.29 531.88 0.47 10237.28
498.90 575.26 0.57 10453.43
475.99 483.46 0.49 3094.76
347.73 429.70 0.48 6120.54
578.63 535.13 0.46 6418.19
563.92 562.98 0.57 8581.78
489.68 449.73 0.53 2164.54
604.83 519.91 0.60 3044.18
465.32 481.24 0.45 834.52
413.39 489.58 0.60 3270.24
543.25 547.91 0.57 7604.87
491.97 502.13 0.42 912.59
425.48 417.31 0.55 9645.81
491.92 490.87 0.53 2279.99
454.25 493.68 0.36 4987.15
514.75 490.62 0.53 929.77
539.75 529.65 0.31 5267.75
509.22 544.43 0.43 8657.89
512.67 543.10 0.40 8886.20
559.08 505.20 0.56 8604.28
451.06 535.74 0.50 8750.40
536.37 388.52 0.45 6880.18
481.95 454.51 0.43 5312.61
504.01 465.46 0.41 5078.48
502.85 521.82 0.60 4900.75
513.98 578.63 0.60 9198.20
500.24 484.93 0.44 1444.89
496.44 553.87 0.46 10434.16
450.89 491.75 0.54 8707.27
527.56 495.94 0.41 8630.41
504.27 536.08 0.60 5834.91
511.55 499.92 0.54 6018.19
524.99 501.78 0.45 6216.59
543.76 364.48 0.53 1931.34
505.60 511.40 0.37 4144.02
452.51 474.75 0.59 1761.29
503.05 531.13 0.56 6676.48
476.73 508.22 0.60 4178.20
553.76 510.93 0.43 2519.98
562.33 523.70 0.45 5043.46
520.58 482.95 0.50 6208.56
475.96 474.60 0.39 4022.36
516.73 550.68 0.37 2477.40
464.89 469.85 0.36 1308.70
472.24 488.18 0.58 4967.99
557.98 447.99 0.29 3397.68
452.42 423.49 0.53 8762.93
520.56 512.80 0.60 3732.32
490.26 509.09 0.60 4337.98
525.03 478.46 0.42 4527.02
424.36 484.12 0.38 2540.36
543.17 491.33 0.29 5840.26
465.06 492.87 0.54 4354.79
516.24 607.40 0.44 6812.93

5730.52
