491.25 486.50 0.42 7290.15
455.42 482.56 0.53 6386.33
543.10 531.55 0.52 6063.61
503.49 544.90 0.21 9668.14
469.88 506.14 0.18 7358.20
548.01 519.20 0.58 8937.74
446.62 473.82 0.27 8094.86
388.92 526.73 0.33 3877.06
510.84 454.79 0.20 1802.31
441.44 437.74 0.09 10370.30
515.23 512.01 0.28 8107.41
597.60 537.34 0.15 7025.99
525.75 428.50 0.23 10547.28
552.49 485.60 0.59 6816.06
461.48 504.91 0.57 3192.90
518.89 460.91 0.25 8927.06
540.47 494.10 0.56 8689.24
518.84 429.45 0.23 2166.30
612.27 567.06 0.25 5090.37
562.01 509.36 0.44 6491.75
539.41 464.06 0.11 812.88
466.28 557.38 0.04 3591.65
413.91 426.51 0.15 980.36
563.67 435.68 0.07 7009.42
524.97 465.16 0.48 8040.62
445.70 536.55 0.58 7561.18
513.65 518.75 0.50 6524.77
575.27 560.42 0.58 9360.50
485.45 427.78 0.08 7400.01
485.94 508.39 0.02 3373.00
592.11 496.67 0.35 6895.12
473.15 479.02 0.50 4089.13
525.78 501.79 0.23 8430.16
497.61 572.54 0.38 9223.40
440.27 580.95 0.26 3595.58
538.15 488.34 0.09 2399.47
498.44 489.38 0.16 9855.18
509.55 534.36 0.31 2579.68
542.86 531.67 0.15 8176.73
496.90 422.89 0.39 9029.63
551.49 487.40 0.11 1436.96
484.47 491.21 0.40 2005.73
448.55 513.86 0.11 10453.58
560.71 433.78 0.33 4755.00
530.03 527.14 0.31 7618.49
487.79 406.24 0.49 1610.40
571.74 514.90 0.28 3280.53
506.57 489.69 0.06 10183.95
418.22 439.82 0.06 2664.42
476.09 503.11 0.31 6650.09
517.75 501.25 0.27 10371.40
454.77 527.90 0.30 1777.50
402.39 509.61 0.12 1515.29
493.51 440.23 0.29 8869.69
581.11 566.19 0.34 9730.49
502.54 458.75 0.49 10078.03
465.67 556.19 0.25 4013.53
479.65 454.45 0.49 2316.19
497.85 475.22 0.10 7699.01
545.87 526.24 0.22 3285.19
453.31 526.16 0.53 10472.81
485.02 523.34 0.19 4415.74
510.69 454.59 0.30 1148.70
458.43 523.76 0.32 9327.55
449.43 512.12 0.40 9537.59
436.02 517.22 0.47 10342.07
512.93 481.12 0.33 2310.10
487.83 517.94 0.59 2269.44
503.54 488.74 0.15 3875.98
645.50 522.20 0.08 5068.09
471.05 510.07 0.43 4005.43
445.43 506.29 0.19 6678.25
488.20 573.06 0.08 2446.62
500.64 565.79 0.24 3821.22
495.63 587.31 0.15 9409.95
487.60 479.98 0.14 5738.22
580.76 509.98 0.45 6958.80
467.71 518.87 0.16 4226.90
606.38 529.84 0.50 7348.86
499.55 463.87 0.30 9322.30
539.26 409.29 0.27 10448.11
475.10 499.37 0.32 3693.23
541.70 524.08 0.41 5950.11
519.75 549.21 0.12 2550.13
534.00 495.51 0.35 8940.86
543.47 443.30 0.30 7807.30
563.28 495.59 0.59 8920.35
557.87 397.10 0.45 6169.67
459.08 514.06 0.43 5260.87
525.99 412.67 0.17 7296.63
431.42 505.30 0.18 5840.63
421.11 576.69 0.03 9200.09
499.43 448.39 0.55 8986.49
473.14 588.67 0.39 4217.88
539.08 580.68 0.41 8641.64
532.53 559.17 0.46 7040.22
566.47 555.77 0.06 8596.77
508.96 472.71 0.24 7264.17
449.71 497.94 0.43 5492.78
603.86 385.04 0.52 3910.09
561.19 572.99 0.39 10041.19
536.14 457.20 0.02 10154.34
549.92 597.86 0.50 5299.26
391.99 486.81 0.08 3943.95
579.10 463.30 0.41 9550.00
487.17 572.10 0.34 4571.00
538.33 519.88 0.44 9153.55
466.71 450.30 0.21 10191.01
572.55 477.14 0.09 6898.03
554.41 472.83 0.18 4298.66
527.69 539.01 0.34 3643.71
521.94 566.79 0.33 5927.79
439.77 527.65 0.08 10489.91
472.88 545.12 0.37 7620.27
444.34 489.95 0.13 1213.01
428.07 490.40 0.33 10351.91
444.20 454.22 0.02 5703.82
512.40 453.46 0.35 4960.12
567.67 534.46 0.55 2695.01
486.75 453.86 0.00 10511.79
502.57 459.06 0.46 8807.89
536.15 433.96 0.26 9363.44
547.10 457.25 0.38 3752.69
508.35 613.95 0.40 5619.63
528.12 568.11 0.41 2900.80
512.92 532.61 0.27 10321.02
473.43 530.68 0.02 5081.19
541.79 467.70 0.22 9030.07
495.70 538.29 0.43 5530.19
554.98 532.47 0.51 7965.56
552.70 543.71 0.35 9595.09
479.68 498.48 0.37 8663.29
457.16 593.23 0.07 1605.09
498.52 527.99 0.38 6504.76
463.28 518.15 0.19 10380.63
413.28 521.06 0.22 3567.22
490.68 546.01 0.23 3128.10
440.97 492.02 0.44 9931.34
516.01 508.47 0.09 5327.49
538.19 500.56 0.12 6384.05
504.60 522.42 0.02 10775.57
492.49 559.46 0.32 10218.55
556.92 488.22 0.27 8629.64
512.97 477.55 0.24 8153.29
449.61 522.13 0.58 7864.56
445.65 493.69 0.46 2451.93
399.09 426.14 0.36 6588.05
569.36 442.69 0.34 3211.37
565.12 542.35 0.55 1833.80
458.79 555.51 0.37 6481.62
