6 57 93 5 90 95 3 38 46 33 88 83 61 35 96 12 98 28 36 32 44 48 60 94 55 65 99 76 51 15 92 63 89 1 72 23 41 20 79 80 47 66 82 56 31 18 30 7 87 2 69 10 26 39 34 37 58 21 77 52 67 50 84 19 24 22 70 4 25 53 54 81 13 71 27 8 86 49 100 17 62 9 73 14 74 75 11 64 29 45 59 16 42 97 68 78 43 85 91 40 
Moving time: 139.16 149.70 161.96 187.74 193.12 207.98 226.23 240.51 248.11 250.34 273.44 300.67 311.54 320.44 330.12 338.23 346.57 348.35 367.47 382.81 408.49 412.95 414.36 436.95 442.54 454.99 467.64 484.02 491.16 499.74 508.02 514.12 516.89 522.96 528.38 534.70 560.51 575.37 582.03 592.61 614.28 639.16 666.88 685.24 699.84 705.68 724.48 772.56 806.74 835.21 860.17 860.88 874.59 904.48 921.19 925.05 932.21 949.73 963.46 973.88 984.69 1001.54 1009.20 1015.75 1039.68 1067.64 1084.97 1102.26 1133.07 1173.55 1197.45 1223.33 1246.77 1292.37 1316.23 1329.18 1340.97 1346.99 1377.29 1407.59 1438.36 1458.51 1469.51 1482.65 1489.77 1516.32 1542.73 1553.27 1568.99 1592.14 1608.60 1611.73 1615.11 1621.83 1639.05 1668.15 1691.57 1696.60 1714.14 1749.88 1897.32 
Best fitness: 5.00
Worst fitness: 6.0
Average fitness: 5.13
Alpha: 0.50
K: 0.02
Crossover probability: 0.50
Mutation probability: 0.10
Change mutation operator probability 1: 0.15
Change mutation operator probability 2: 0.15