36 48 73 97 37 79 12 39 71 46 24 23 10 11 70 91 6 32 78 52 33 66 17 29 89 45 92 40 75 21 67 38 82 94 93 56 87 13 5 83 85 28 26 14 2 9 25 43 20 86 60 31 74 54 15 53 62 77 81 8 90 55 63 16 18 72 99 4 1 98 80 57 44 64 22 51 100 27 65 96 88 69 7 47 68 76 84 35 19 41 3 49 59 61 58 95 42 50 34 30 
Moving time: 76.87 112.72 129.70 161.36 170.91 213.09 265.61 352.68 363.60 388.18 431.44 463.61 517.61 579.60 605.37 655.99 703.96 734.51 776.79 847.83 887.45 960.72 1000.75 1031.54 1068.84 1075.87 1102.13 1128.79 1157.13 1183.60 1221.73 1239.15 1292.31 1335.38 1371.05 1422.08 1451.70 1478.12 1504.69 1530.98 1595.29 1613.11 1665.95 1716.46 1750.38 1771.25 1817.92 1846.15 1857.45 1908.44 1951.13 2079.52 2112.64 2153.47 2189.77 2249.75 2265.85 2289.62 2344.44 2359.22 2382.91 2419.82 2499.63 2551.39 2582.06 2643.07 2667.49 2714.41 2720.19 2765.74 2857.65 2868.90 2938.11 3007.29 3028.77 3038.75 3045.55 3069.55 3133.22 3197.67 3223.07 3274.74 3321.49 3349.28 3361.73 3444.42 3488.93 3540.66 3601.51 3650.87 3674.25 3703.39 3716.60 3821.25 3864.01 3941.51 3961.49 3971.01 4034.02 4052.64 4206.46 
Best fitness: 9.00
Worst fitness: 12.0
Average fitness: 10.27
Alpha: 0.50
K: 0.02
Crossover probability: 0.50
Mutation probability: 0.10
Change mutation operator probability 1: 0.15
Change mutation operator probability 2: 0.15