84 73 35 80 65 45 66 29 87 27 48 18 20 23 78 61 71 88 60 79 12 49 21 14 42 50 8 82 58 52 1 2 24 33 36 3 31 40 77 41 57 76 22 38 37 16 28 67 70 90 62 56 72 19 34 53 64 83 46 6 39 32 4 51 26 59 54 74 10 44 75 43 63 68 86 81 7 5 30 89 55 9 69 15 17 25 85 13 47 11 
Moving time: 75.83 147.11 218.94 272.69 327.05 438.90 447.74 484.33 490.48 509.99 538.19 580.70 622.43 660.49 689.69 721.42 806.06 827.02 920.61 922.72 938.98 980.44 1013.54 1064.75 1106.53 1147.40 1155.62 1245.75 1253.99 1318.12 1353.89 1400.25 1423.23 1467.32 1511.68 1536.61 1549.49 1588.51 1599.88 1609.60 1664.49 1671.47 1698.19 1790.61 1808.23 1818.20 1840.92 1882.91 1922.10 1949.12 1985.58 2015.78 2019.17 2033.48 2105.24 2127.53 2153.96 2211.93 2276.53 2283.83 2368.73 2423.09 2492.73 2600.63 2631.60 2658.81 2709.87 2734.25 2818.54 2841.86 2871.59 2934.59 2967.67 2993.27 3005.70 3048.02 3097.25 3115.28 3173.86 3204.71 3250.77 3295.32 3350.67 3372.41 3424.47 3457.67 3500.12 3551.81 3620.12 3651.00 3767.08 
Best fitness: 1.00
Worst fitness: 3.0
Average fitness: 2.20
Alpha: 0.50
K: 0.02
Crossover probability: 0.50
Mutation probability: 0.10
Change mutation operator probability 1: 0.15
Change mutation operator probability 2: 0.15