90 2 32 34 89 48 74 79 25 40 26 39 80 20 36 35 9 61 67 51 21 43 19 58 30 8 7 49 22 46 69 12 44 62 72 10 77 3 82 78 28 14 11 87 27 65 88 60 37 24 42 5 73 6 63 56 81 84 70 76 54 45 59 52 23 57 68 13 33 83 29 55 17 16 4 50 31 38 53 71 18 41 64 66 86 47 85 15 1 75 
Moving time: 139.57 157.67 176.53 177.90 192.13 199.41 212.77 214.40 223.08 239.12 240.26 251.08 280.01 289.91 293.99 296.59 300.88 307.63 332.87 338.69 356.97 371.80 386.46 399.81 413.91 421.69 445.34 460.77 477.30 502.96 521.94 527.25 546.57 551.40 568.71 582.26 590.02 597.45 612.09 645.86 652.71 675.12 678.20 683.44 692.17 697.08 728.13 751.18 758.01 761.48 794.93 804.48 821.96 827.01 846.79 886.02 900.48 934.55 950.09 983.26 1007.73 1018.77 1033.00 1046.23 1049.37 1062.07 1078.85 1107.52 1117.05 1130.32 1148.59 1180.90 1204.87 1219.90 1250.25 1266.26 1292.37 1314.98 1326.72 1351.72 1364.07 1372.58 1384.82 1407.01 1427.38 1436.81 1443.08 1444.17 1458.57 1489.59 1620.50 
Best fitness: 2.00
Worst fitness: 3.0
Average fitness: 2.93
Alpha: 0.50
K: 0.02
Crossover probability: 0.50
Mutation probability: 0.10
Change mutation operator probability 1: 0.15
Change mutation operator probability 2: 0.15