614.54 436.26 0.44 3228.00
826.33 985.75 0.49 6895.74
643.58 485.05 0.46 5570.09
523.80 872.24 0.52 3660.37
259.02 566.83 0.44 5195.71
495.68 971.71 0.54 4578.28
197.21 566.51 0.36 4522.54
803.32 173.39 0.52 3844.28
706.29 558.57 0.53 5327.18
876.94 126.03 0.48 4137.23
202.24 393.79 0.46 4745.82
89.12 711.69 0.58 6056.69
609.52 124.59 0.44 3443.33
375.70 398.19 0.53 4779.09
430.55 717.99 0.60 9989.41
223.83 937.36 0.40 5473.94
612.07 35.03 0.54 4644.74
535.50 437.42 0.58 4673.19
273.67 347.36 0.52 5355.69
285.78 502.03 0.58 5468.43
10.39 693.32 0.40 3666.98
481.09 586.36 0.60 4602.63
357.88 67.31 0.57 4976.12
994.60 697.54 0.54 4093.04
789.06 450.08 0.44 6167.42
530.55 728.99 0.57 5041.91
431.02 47.24 0.38 6133.26
930.65 201.03 0.49 7339.20
284.76 203.49 0.46 6527.14
445.13 129.29 0.50 7015.66
809.41 217.38 0.48 10789.58
315.39 363.66 0.52 4730.35
579.37 58.03 0.34 7402.28
596.07 591.35 0.52 5950.38
79.43 202.90 0.49 5258.36
637.60 907.62 0.51 5422.92
653.27 704.14 0.44 5574.14
538.70 241.94 0.60 4970.77
240.83 898.32 0.57 3671.96
501.22 762.16 0.48 3174.17
18.09 28.76 0.54 4651.46
36.38 461.84 0.53 4648.76
117.42 723.79 0.44 5085.23
870.03 640.48 0.48 4147.65
418.07 863.50 0.52 6290.53
540.24 493.55 0.35 9907.25
999.29 439.35 0.34 5156.49
114.58 459.10 0.50 5147.22
75.27 359.54 0.45 5352.72
846.06 909.04 0.43 6013.24
905.32 885.76 0.40 4943.30
78.25 209.35 0.43 4169.20
975.53 237.85 0.48 3160.18
276.74 884.51 0.60 4472.56
813.43 609.01 0.46 6008.28
935.50 229.91 0.50 8015.25
187.85 278.61 0.53 4775.91
463.19 919.66 0.47 6391.61
687.56 889.69 0.50 5438.57
719.41 879.45 0.60 6202.28
96.53 819.54 0.60 4678.79
880.86 389.65 0.59 7623.95
628.49 876.38 0.44 3004.64
972.61 104.01 0.49 3789.48
967.09 28.61 0.60 5817.16
392.23 53.83 0.41 3951.19
253.51 270.01 0.49 3570.87
602.03 555.95 0.51 3796.07
338.10 44.54 0.43 4134.01
765.56 36.35 0.58 4528.33
402.97 440.78 0.47 4679.34
786.47 54.80 0.41 8828.06
935.60 83.96 0.53 8215.50
282.78 169.57 0.43 5230.65
110.28 404.08 0.55 9762.19
388.47 142.11 0.60 6834.44
30.27 695.37 0.54 3590.76
988.25 465.13 0.40 5148.44
96.06 331.48 0.52 4091.07
590.66 122.13 0.39 5580.82
546.66 177.48 0.34 6928.28
345.81 50.37 0.60 4963.32
87.49 38.35 0.58 3243.98
191.65 733.02 0.44 6112.71
522.34 642.38 0.22 6632.13
317.10 142.19 0.43 5751.92
42.84 382.80 0.40 4459.73
78.40 142.63 0.41 4878.27
983.94 876.93 0.60 3470.90
809.34 40.44 0.55 5365.55
360.14 793.11 0.59 5127.84
22.36 964.16 0.49 3559.67
941.76 467.21 0.59 10410.43
67.28 26.83 0.36 3254.38
217.10 996.32 0.53 5235.10
555.25 740.51 0.45 3994.81
878.45 17.47 0.60 6968.09
724.66 666.03 0.60 6927.91
189.48 27.46 0.38 3531.57
633.41 39.04 0.53 2418.92
707.86 15.62 0.54 5418.84
533.89 166.49 0.38 6965.28
544.11 621.80 0.48 4318.74
373.64 707.94 0.47 5390.04
579.33 40.39 0.60 9205.46
273.24 107.62 0.51 4140.16
611.68 699.32 0.58 3331.05
826.10 189.38 0.60 5494.49
265.32 275.37 0.51 3316.67
263.80 758.06 0.60 6850.76
491.96 915.10 0.38 5466.55
296.52 805.24 0.54 6572.32
852.75 923.01 0.44 1680.63
619.62 904.40 0.58 10174.86
343.77 559.33 0.56 3189.00
285.41 380.77 0.39 4940.10
797.35 233.58 0.56 5784.33
974.98 449.81 0.40 6949.65
334.90 864.45 0.44 2246.45
261.24 236.70 0.60 3815.82
534.25 130.99 0.60 5452.64
537.76 346.46 0.32 5247.99
0.55 398.19 0.42 3289.47
692.40 950.62 0.53 5273.02
319.92 818.96 0.40 5627.47
52.42 686.53 0.47 10240.21
494.33 215.63 0.60 5360.56
83.68 127.20 0.51 6885.83
475.85 761.17 0.57 6110.52
661.18 625.79 0.60 5573.62
824.44 236.41 0.57 6561.28
150.90 249.39 0.49 4386.16
17.70 827.81 0.46 4386.11
240.25 41.33 0.56 4870.60
541.07 904.71 0.43 3975.60
745.77 484.04 0.40 5047.06
817.69 68.80 0.48 5285.02
709.66 832.97 0.60 3053.20
334.23 375.21 0.59 3560.65
301.47 634.35 0.22 5766.41
83.77 684.38 0.53 5831.46
361.71 688.67 0.51 7153.53
891.08 430.34 0.56 2474.51
103.48 896.06 0.27 4716.46
431.70 362.35 0.60 5064.35
575.38 650.31 0.40 9016.39
701.29 281.92 0.41 3649.42
376.76 658.07 0.50 4146.87
504.19 219.12 0.45 4642.77
967.44 174.58 0.43 6796.73
818.72 52.42 0.54 6231.35
290.83 601.00 0.60 6470.04
201.67 416.16 0.60 4333.63
318.84 11.35 0.56 5212.33
954.08 781.21 0.53 3635.00
680.55 672.11 0.56 5939.79
425.39 70.13 0.52 3766.97
478.28 365.03 0.40 4418.21
845.84 83.56 0.57 4850.73
953.21 148.15 0.40 4994.95
729.63 224.10 0.60 4989.55
622.48 996.71 0.60 7115.32
549.49 644.44 0.46 5720.62
572.52 994.12 0.56 9904.94
394.38 809.56 0.60 10239.04
577.48 59.02 0.52 4450.45
88.64 874.68 0.45 6050.31
412.72 392.21 0.47 3423.13
362.05 546.70 0.60 5275.60
474.48 689.62 0.52 4768.98
20.04 780.34 0.50 6141.35
897.81 544.98 0.49 8171.77
32.01 255.22 0.44 3717.79
744.23 799.75 0.43 6126.87
254.08 727.53 0.41 10228.85
926.22 677.93 0.57 6468.76
218.45 306.53 0.60 3965.70
765.44 201.26 0.54 5637.32
1.27 737.80 0.60 4872.95
493.56 962.28 0.36 2979.17
992.20 339.27 0.53 6404.97
288.90 885.00 0.47 2184.23
157.60 376.79 0.40 5025.21
174.81 79.71 0.53 5682.29
132.37 560.31 0.51 5584.82
419.24 950.38 0.35 6830.49
932.15 269.12 0.60 5618.13
999.13 674.51 0.28 6440.20
916.63 805.69 0.39 2798.46
74.01 695.32 0.37 4223.51
795.55 180.20 0.40 5323.04
197.62 102.73 0.43 4411.49
584.59 128.01 0.60 5171.39
239.04 448.29 0.58 5920.56
718.64 115.11 0.53 3830.89
28.47 860.99 0.49 6135.32
422.47 255.11 0.42 6723.97
748.74 956.85 0.59 7433.80
581.71 914.87 0.38 6483.57
742.50 588.10 0.48 5527.53
