569.81 76.47 0.44 7963.31
766.44 3.96 0.41 5235.80
207.81 162.22 0.60 7178.12
537.53 411.00 0.57 6031.65
161.18 704.60 0.60 6560.47
915.92 879.94 0.60 5364.26
749.39 381.59 0.53 6315.91
81.24 641.56 0.42 5576.74
453.02 82.91 0.40 6439.67
189.85 423.69 0.60 4176.06
815.51 157.94 0.60 5936.11
154.72 816.44 0.59 5761.14
211.99 748.15 0.52 7659.26
511.60 167.28 0.46 6111.77
609.08 553.89 0.60 7669.49
718.77 745.41 0.43 5813.32
706.64 967.77 0.45 6424.97
859.01 491.83 0.32 5751.19
278.10 470.03 0.60 4264.24
721.99 268.61 0.35 4356.55
285.53 993.02 0.56 6049.29
614.17 97.52 0.39 7611.88
142.18 848.89 0.42 6444.88
728.27 941.65 0.56 4850.53
132.54 644.98 0.60 5487.15
718.18 29.51 0.58 4895.94
679.72 731.70 0.46 6621.03
328.89 149.65 0.19 6764.89
524.54 556.77 0.60 6250.95
832.07 726.11 0.42 4786.19
490.38 548.89 0.57 5148.39
941.60 673.37 0.42 6180.48
506.73 316.31 0.37 6601.34
537.22 393.15 0.53 4012.53
337.67 977.48 0.40 6454.13
505.25 97.78 0.60 5355.38
321.41 747.83 0.43 5503.78
111.04 471.57 0.45 5982.99
883.56 805.27 0.60 6786.51
814.42 633.54 0.51 5768.94
587.65 589.81 0.47 5018.08
586.21 247.69 0.60 6308.77
941.11 726.30 0.48 5232.96
874.84 282.46 0.42 5036.25
94.78 432.01 0.46 4729.05
367.56 107.96 0.40 6214.73
329.95 605.48 0.51 5280.44
168.09 597.72 0.56 5750.51
979.19 967.41 0.36 5536.29
843.43 448.26 0.60 3819.57
982.10 295.83 0.52 9999.94
30.30 554.69 0.26 5589.85
561.52 960.22 0.46 6993.33
350.57 394.40 0.51 6231.33
274.75 21.25 0.35 7257.42
275.46 528.92 0.54 3136.43
749.50 564.44 0.33 5754.75
662.31 478.48 0.57 6181.41
852.91 457.44 0.35 7209.97
349.17 364.57 0.60 5154.51
411.07 910.69 0.52 9404.18
542.91 817.96 0.60 10555.67
536.22 579.58 0.60 4960.67
595.95 806.34 0.47 5169.92
620.75 356.79 0.60 5233.87
153.94 944.66 0.39 4180.53
108.54 743.76 0.42 5578.12
198.33 185.25 0.49 6258.15
4.94 682.44 0.22 6878.91
701.95 823.50 0.44 5949.34
711.20 693.42 0.48 6458.18
392.40 798.44 0.57 6160.72
308.58 564.87 0.37 10680.45
133.28 746.46 0.60 5965.04
305.88 192.57 0.44 4909.94
262.51 200.03 0.33 5627.39
925.05 162.14 0.60 5254.53
445.59 427.83 0.41 8067.25
670.73 580.56 0.53 5585.42
495.36 491.69 0.57 5572.63
935.77 858.41 0.46 4125.71
763.96 264.40 0.60 6293.30
403.21 768.37 0.58 4949.69
300.97 94.90 0.46 5668.06
408.73 160.53 0.57 5211.81
381.41 723.22 0.47 5207.59
875.43 233.97 0.44 7352.81
881.27 732.96 0.47 8907.66
873.54 463.19 0.44 5664.04
298.00 740.60 0.55 5747.24
104.16 983.14 0.48 4832.77
515.78 128.08 0.55 5987.55
622.31 311.65 0.49 8921.09
884.64 326.68 0.60 4830.37
960.47 620.82 0.50 5045.71
515.53 300.86 0.46 6040.43
770.21 57.04 0.44 6302.63
128.07 18.59 0.46 8345.18
773.82 877.61 0.57 6029.10
613.31 235.56 0.47 5393.84
171.73 196.86 0.60 5970.58
931.84 380.98 0.58 5911.32
85.24 653.46 0.49 10416.71
154.79 33.93 0.58 6819.11
774.92 689.33 0.60 6844.99
795.67 462.81 0.50 4280.19
538.07 375.77 0.49 7671.33
47.95 863.91 0.53 3920.58
775.29 89.55 0.36 6707.72
294.99 976.48 0.44 6384.79
985.67 339.61 0.51 5743.24
933.04 371.11 0.48 5660.23
863.96 56.29 0.50 4546.78
204.67 208.07 0.50 6938.82
3.97 731.62 0.47 9513.53
385.76 600.77 0.56 7165.12
888.28 201.06 0.59 5929.54
66.55 663.20 0.60 6161.12
63.12 410.13 0.37 8601.25
982.68 918.12 0.39 5735.68
187.11 950.16 0.54 6081.41
84.81 345.59 0.48 5751.57
594.59 991.31 0.35 4323.60
207.39 589.43 0.44 5379.13
996.71 254.54 0.56 6729.22
963.51 625.67 0.57 5465.69
821.39 546.33 0.46 5163.07
28.91 671.17 0.24 6290.87
953.09 964.07 0.54 4777.19
70.42 199.69 0.60 6790.16
183.04 733.89 0.60 4368.85
14.30 596.89 0.47 6775.64
893.58 334.36 0.48 5035.34
244.50 980.21 0.43 5640.32
512.54 603.05 0.60 5751.41
751.34 217.71 0.55 6482.06
669.84 842.04 0.56 6059.23
121.49 678.56 0.60 4215.49
194.88 804.18 0.56 10257.54
496.43 170.95 0.49 2668.24
649.35 70.31 0.42 4926.63
905.93 437.11 0.44 5574.99
636.16 666.16 0.51 7728.69
658.07 652.85 0.35 4708.72
50.45 783.56 0.56 8998.72
196.24 360.40 0.46 6949.79
818.04 308.12 0.12 7666.83
672.57 556.79 0.54 6266.32
550.27 717.23 0.50 6261.86
102.51 755.98 0.41 4991.11
