515.00 454.12 0.16 7790.44
450.15 512.82 0.06 10687.02
488.85 503.15 0.22 9432.74
619.34 525.66 0.20 9276.45
470.85 436.27 0.15 10717.45
527.38 558.72 0.17 10486.07
487.26 503.59 0.22 2535.21
564.82 592.72 0.19 8713.39
525.94 564.83 0.26 9442.53
423.89 440.15 0.09 10557.84
509.22 494.63 0.30 7039.80
437.27 444.92 0.09 10595.14
428.76 570.59 0.27 4646.53
441.62 529.35 0.19 10532.48
401.58 485.60 0.01 9626.27
434.98 506.33 0.22 5574.26
494.00 550.70 0.14 5259.40
472.39 447.53 0.23 10552.61
504.81 565.84 0.51 8630.12
548.82 509.75 0.18 10563.27
498.11 484.78 0.25 5918.56
544.17 592.59 0.04 8594.29
467.18 529.93 0.04 2264.32
534.95 453.51 0.13 9542.21
477.07 467.37 0.18 10379.73
506.15 473.00 0.12 7358.51
502.75 490.87 0.37 3064.95
558.75 471.03 0.31 6941.46
540.35 472.57 0.06 4923.55
571.38 527.61 0.08 4530.11
447.87 494.28 0.27 8427.62
552.70 546.54 0.21 2587.06
489.30 461.77 0.12 9890.78
477.82 491.66 0.08 1235.78
541.63 515.53 0.24 3012.12
462.40 431.62 0.15 8683.71
539.68 610.86 0.12 8875.23
496.94 547.22 0.29 10696.08
534.58 521.85 0.28 5359.90
520.68 530.09 0.36 3560.43
494.39 546.94 0.27 10770.33
339.85 531.89 0.21 10309.51
454.83 500.16 0.05 9164.24
553.14 530.61 0.12 4413.24
515.54 506.19 0.17 9028.34
449.66 532.44 0.18 10539.74
469.45 498.69 0.07 9848.25
541.57 437.63 0.18 7280.67
536.62 514.56 0.30 8757.47
581.80 519.95 0.33 8197.39
562.90 535.56 0.18 3268.46
528.70 492.62 0.47 6556.05
442.07 519.72 0.06 10405.05
520.89 521.90 0.19 6812.76
559.07 531.66 0.22 7931.43
369.45 458.21 0.09 4137.91
554.97 594.89 0.34 5567.16
493.75 551.24 0.26 6192.83
453.16 508.59 0.07 717.20
514.35 580.86 0.24 10606.23
483.94 512.56 0.27 10128.81
534.36 513.84 0.17 1961.47
425.11 486.80 0.13 8163.25
498.43 560.62 0.22 10580.12
484.78 503.11 0.47 2908.00
493.95 403.29 0.22 10137.75
463.28 531.05 0.15 9023.35
490.92 426.28 0.23 4831.48
514.35 551.26 0.28 2541.96
516.87 407.79 0.11 10516.35
550.90 430.28 0.13 2156.26
487.94 478.41 0.28 10458.28
548.59 554.33 0.28 5669.89
530.61 400.19 0.13 10475.95
511.62 607.03 0.27 10544.96
585.46 535.53 0.17 9269.40
456.41 482.82 0.19 4922.72
401.48 440.43 0.23 10773.56
439.11 543.12 0.28 10466.80
544.08 476.74 0.29 1857.76
451.14 492.86 0.18 8329.33
472.19 482.69 0.20 8455.24
458.52 494.30 0.25 7445.45
486.46 474.67 0.10 10783.61
465.19 494.10 0.36 7000.74
480.32 525.17 0.16 1067.04
426.61 505.21 0.12 10714.59
487.77 484.52 0.25 10272.46
530.05 385.79 0.43 3351.71
563.16 523.54 0.28 6540.18
493.82 422.55 0.11 10227.02
549.09 562.03 0.24 8564.78
458.93 499.32 0.28 5848.91
457.28 444.29 0.27 6409.29
402.30 508.79 0.05 10581.81
521.72 452.44 0.26 10060.02
563.02 590.83 0.32 2290.97
505.13 505.43 0.18 1716.80
413.32 500.59 0.02 10800.00
506.10 497.49 0.12 10521.36
