526.92 436.41 0.11 10535.22
494.92 517.63 0.12 6735.28
460.46 505.02 0.20 1200.65
531.57 411.40 0.19 3856.54
406.78 488.96 0.33 9705.95
480.59 491.68 0.03 4202.90
532.25 392.90 0.16 9203.43
547.43 474.72 0.09 5124.50
562.73 506.22 0.34 2905.49
547.02 483.79 0.07 9115.99
510.88 534.15 0.34 9365.58
505.02 480.38 0.33 6921.81
570.85 517.15 0.11 9200.73
520.44 484.37 0.28 3008.96
471.25 623.85 0.25 7819.82
427.38 548.98 0.23 7576.25
428.77 473.04 0.25 10345.14
559.30 437.06 0.21 5166.88
510.16 488.28 0.26 3137.17
437.36 425.73 0.01 10800.00
490.22 446.75 0.25 8386.61
464.01 527.98 0.14 1617.18
560.04 501.84 0.30 1124.02
547.04 475.52 0.06 4203.51
500.71 575.80 0.25 6495.01
569.42 457.60 0.33 10200.80
451.76 502.01 0.13 8237.59
512.64 419.34 0.19 5233.14
548.07 511.48 0.28 5825.92
467.30 575.29 0.05 8457.32
531.61 522.56 0.06 9638.89
438.32 506.26 0.10 8926.42
504.75 622.04 0.21 5351.44
461.70 582.00 0.27 10505.79
557.05 460.78 0.22 9903.89
592.47 545.03 0.25 8661.14
507.71 468.06 0.11 8645.56
641.00 449.39 0.11 6193.04
558.21 501.97 0.25 9909.32
467.42 525.44 0.10 10274.21
471.95 507.58 0.30 4885.66
499.91 612.44 0.32 10193.43
487.38 536.15 0.29 10179.93
478.18 473.17 0.29 3887.75
467.18 449.53 0.17 4270.66
461.94 519.58 0.30 8933.59
479.68 484.42 0.28 6713.83
485.52 459.60 0.10 2745.82
588.29 491.43 0.23 1233.69
544.88 515.62 0.15 1531.08
470.80 539.11 0.13 10730.16
447.83 544.73 0.12 10634.96
553.82 472.69 0.21 7146.97
527.22 492.03 0.33 6501.92
446.41 472.23 0.38 1351.98
480.43 428.03 0.15 7534.98
518.11 428.80 0.16 6705.42
571.15 487.05 0.27 5225.95
532.94 485.34 0.20 7215.98
540.49 492.28 0.26 9464.24
445.48 487.62 0.10 7971.90
548.77 457.62 0.25 7620.18
523.55 477.94 0.11 6485.46
541.66 476.40 0.26 4259.86
535.83 561.86 0.08 2138.51
582.46 628.05 0.15 10574.56
515.46 434.24 0.18 2849.00
524.69 508.40 0.11 912.76
539.49 513.90 0.18 9494.24
513.55 491.58 0.20 9616.07
434.72 526.39 0.28 9935.23
495.44 510.65 0.02 10593.53
531.37 415.46 0.25 10532.75
430.00 483.58 0.23 10655.10
567.82 577.09 0.16 2412.96
516.07 507.88 0.25 5965.68
500.45 524.40 0.18 7299.06
475.12 431.71 0.39 3841.11
452.03 506.19 0.24 9383.36
528.06 392.40 0.09 10747.94
494.27 524.88 0.04 10588.56
419.53 530.14 0.21 10017.27
444.60 437.91 0.22 1770.37
505.19 392.01 0.23 1620.17
446.66 484.70 0.36 2347.71
530.04 542.60 0.31 8779.16
419.52 502.55 0.29 7149.60
566.11 487.81 0.24 6531.07
422.30 579.95 0.05 10560.83
516.68 536.41 0.17 7467.01
421.02 494.67 0.18 1929.42
582.49 457.76 0.30 8616.44
497.96 451.45 0.30 2227.75
460.00 531.69 0.18 1060.47
449.80 487.93 0.27 6085.44
516.49 458.50 0.11 5982.65
520.42 546.13 0.31 8158.03
534.24 535.02 0.24 9064.40
547.82 489.23 0.05 10143.45
519.80 619.67 0.21 10435.79
501.15 535.19 0.13 10775.23
453.88 526.15 0.18 10653.49
481.52 543.41 0.35 7882.50
427.49 570.81 0.15 8824.51
470.86 593.39 0.28 6748.68
487.08 425.20 0.29 5118.84
553.96 504.09 0.41 9607.79
485.11 555.88 0.49 2657.37
465.93 574.66 0.08 7871.93
511.98 588.69 0.13 9244.35
516.92 374.54 0.10 7786.01
511.53 476.60 0.13 963.13
504.21 546.57 0.33 10097.03
530.83 551.89 0.01 7423.87
511.63 479.77 0.06 4422.13
471.03 500.88 0.03 1920.39
447.14 548.32 0.24 8987.85
444.82 620.55 0.22 5931.79
456.78 562.65 0.09 8324.80
518.24 462.02 0.19 5144.82
549.39 446.90 0.19 10065.54
527.48 498.35 0.22 6307.06
536.53 560.95 0.31 5284.50
521.25 509.89 0.05 5871.08
575.45 407.61 0.14 4722.83
