640.63 574.79 0.09 7841.63
535.41 487.34 0.11 5872.99
546.74 502.55 0.12 1979.97
569.42 457.50 0.13 5444.70
508.64 493.63 0.30 3193.28
529.23 418.24 0.29 3680.85
462.11 588.98 0.44 5233.06
489.63 484.58 0.23 8580.05
433.38 428.89 0.17 10579.34
501.28 549.30 0.21 5045.50
548.01 496.38 0.10 8535.27
478.39 547.85 0.20 5216.55
424.83 621.57 0.25 5818.50
473.26 542.25 0.04 4897.72
522.83 539.79 0.39 4971.90
451.07 449.06 0.10 943.15
462.52 440.24 0.06 7936.53
509.10 446.49 0.28 4004.36
576.66 465.71 0.48 4128.56
453.63 518.92 0.33 5332.89
470.86 485.50 0.23 10258.56
515.24 480.28 0.37 1931.68
557.65 533.76 0.15 6392.52
478.05 488.75 0.33 9372.80
426.83 505.27 0.07 10461.50
504.52 458.81 0.31 8463.37
517.05 460.78 0.35 9770.14
542.29 443.94 0.21 2301.53
471.81 525.47 0.27 5432.76
600.98 570.14 0.16 3643.14
474.28 492.43 0.27 6388.20
403.30 551.36 0.42 5472.05
560.37 531.36 0.18 6128.20
358.55 476.04 0.12 8881.07
467.86 473.77 0.18 4287.59
488.37 475.59 0.29 7464.15
475.81 450.27 0.39 6092.57
549.04 604.65 0.41 2263.75
509.07 484.41 0.25 7168.90
505.95 417.46 0.21 2849.58
547.89 515.42 0.25 9129.04
489.81 497.56 0.29 6247.99
540.98 439.79 0.34 1647.51
531.71 552.25 0.13 2140.64
553.86 541.02 0.02 3105.49
474.34 391.92 0.22 5058.84
544.25 510.79 0.18 8531.17
429.89 491.69 0.35 3241.53
597.83 477.67 0.21 8138.46
537.32 444.47 0.01 9963.14
506.78 443.81 0.13 10605.89
517.29 580.83 0.21 6250.96
455.52 502.57 0.13 6411.12
577.54 543.83 0.34 7616.82
510.38 507.51 0.17 3043.95
505.15 500.16 0.11 874.76
458.15 486.42 0.26 4149.33
505.99 626.97 0.22 7822.18
517.80 441.28 0.12 4000.60
411.69 501.90 0.02 682.87
495.61 584.74 0.26 4229.87
491.79 517.66 0.13 1174.87
500.44 508.71 0.30 9268.87
515.16 430.01 0.24 4775.37
440.88 514.76 0.17 10590.60
470.63 494.61 0.21 6841.21
524.09 495.15 0.34 4452.07
540.98 497.63 0.18 10659.15
448.19 432.36 0.10 6612.63
535.60 507.39 0.06 6601.24
619.82 457.73 0.10 7859.90
541.75 469.21 0.10 10664.81
379.35 523.91 0.17 10715.31
487.41 490.24 0.25 9287.12
493.77 519.21 0.19 10114.51
439.01 494.50 0.20 8380.94
500.40 505.72 0.12 2442.50
446.86 484.39 0.19 8495.07
528.76 605.31 0.17 7392.21
540.77 535.86 0.10 7538.36
424.17 435.80 0.28 1433.05
487.32 560.95 0.14 2255.85
412.86 521.03 0.14 2651.57
491.05 434.12 0.12 9932.04
539.69 550.61 0.27 3493.25
557.58 508.62 0.29 3246.51
580.15 538.54 0.19 7453.24
484.73 472.21 0.14 9976.76
472.48 608.23 0.21 9729.67
577.77 567.69 0.27 4650.21
415.06 494.66 0.16 9771.07
540.80 513.18 0.15 1893.43
487.01 598.29 0.21 9929.65
478.43 501.70 0.27 4782.95
493.36 579.94 0.35 4887.18
450.07 481.97 0.19 5960.03
536.28 496.85 0.22 10054.28
514.00 594.29 0.08 9689.11
491.18 418.04 0.25 10507.03
502.00 536.66 0.23 2287.39
479.11 402.51 0.08 2747.33
490.15 500.16 0.30 4774.10
510.97 535.10 0.30 1852.48
535.20 510.29 0.16 8210.43
489.35 485.32 0.03 7426.37
402.56 425.52 0.15 5670.19
539.82 455.97 0.17 9844.85
458.02 513.09 0.21 7736.69
481.25 530.20 0.22 3207.89
435.36 575.74 0.26 10768.18
483.58 527.85 0.13 955.21
389.01 408.28 0.27 3418.30
441.07 508.95 0.05 3887.52
506.31 555.75 0.26 8563.31
487.39 637.13 0.28 4328.47
488.15 380.14 0.15 2407.41
430.94 454.78 0.18 10687.28
508.53 513.24 0.29 4719.30
425.39 556.13 0.08 5086.68
505.98 490.91 0.11 5332.53
485.72 568.69 0.01 6190.12
540.26 431.34 0.34 7797.58
553.46 481.78 0.14 8668.60
511.60 509.77 0.28 10340.99
533.33 520.89 0.12 2228.94
445.07 465.06 0.18 2124.29
486.82 494.31 0.29 6743.56
463.21 532.51 0.32 9810.17
494.29 496.33 0.14 4182.92
513.82 475.07 0.33 8738.58
455.22 562.68 0.34 1534.38
454.18 457.44 0.37 5657.53
465.01 523.75 0.33 8169.36
430.50 524.76 0.41 2614.80
555.05 493.96 0.38 9423.90
450.64 453.99 0.23 6819.01
565.12 457.50 0.18 10090.96
385.58 456.25 0.39 9028.00
497.65 500.71 0.14 3779.09
510.77 441.62 0.11 10364.01
500.07 427.91 0.21 7684.87
455.69 471.71 0.14 10575.40
501.64 580.39 0.15 7146.79
464.50 508.02 0.35 5337.21
428.12 461.82 0.09 7469.86
534.45 560.53 0.29 5658.43
508.89 473.09 0.17 1875.21
536.24 388.27 0.26 10229.50
516.67 456.91 0.25 10313.26
503.93 538.22 0.27 8596.62
453.63 514.03 0.12 2729.61
495.44 442.43 0.07 843.40
512.33 456.27 0.28 2302.32
528.06 434.93 0.16 5224.24
483.18 535.45 0.19 6995.17
574.80 423.61 0.23 1645.64
527.09 468.54 0.31 4123.27
529.15 529.94 0.38 5157.84
470.62 481.53 0.13 7194.85
414.10 439.57 0.07 927.36
491.70 518.95 0.22 8133.21
414.28 534.00 0.16 9317.92
627.63 503.04 0.25 8274.33
472.44 581.31 0.29 6160.71
645.65 513.84 0.27 3615.50
532.91 549.17 0.24 3780.21
479.31 525.63 0.37 3696.38
491.38 494.05 0.26 10192.35
563.25 479.02 0.17 2484.95
548.98 584.40 0.15 7635.18
489.84 391.92 0.06 1607.01
505.66 486.11 0.08 7945.62
577.34 497.14 0.11 8869.67
502.37 564.34 0.05 5105.34
486.18 431.38 0.26 3441.38
509.60 531.79 0.17 2724.72
610.34 605.82 0.32 8992.39
507.53 461.14 0.31 3836.84
438.33 575.07 0.35 2430.47
475.63 544.56 0.22 4384.28
517.56 433.83 0.09 5210.56
396.68 479.46 0.20 2634.10
455.63 532.38 0.01 8860.48
479.17 512.50 0.01 3942.92
543.98 515.87 0.13 7572.64
447.05 472.80 0.17 8903.95
577.04 484.17 0.11 2435.31
455.64 464.63 0.34 4726.71
581.39 471.93 0.24 4426.99
429.50 520.06 0.22 7686.38
468.17 450.87 0.07 4228.07
477.33 487.24 0.26 5625.88
518.43 513.44 0.21 2243.44
457.00 551.68 0.37 4914.45
496.23 513.23 0.20 2723.13
433.00 434.31 0.37 4530.57
450.20 462.66 0.28 6226.41
447.54 471.91 0.30 7298.41
515.52 512.35 0.17 1770.28
447.75 548.95 0.25 9928.79
