1296.07 632.47 4273.34 0.28 
544.16 602.59 6645.14 0.44 
904.39 809.64 6298.86 0.40 
964.16 649.02 3356.56 0.59 
846.10 607.07 7444.71 0.50 
805.99 1307.46 2092.27 0.39 
572.95 1083.42 7939.82 0.42 
654.77 752.36 6555.58 0.43 
993.06 596.70 1011.91 0.29 
542.10 1253.50 3003.28 0.34 
672.27 680.44 6102.36 0.36 
563.26 976.17 1938.24 0.38 
904.57 1120.88 5062.89 0.49 
859.03 902.42 3695.08 0.30 
1150.58 914.31 4220.10 0.34 
646.01 895.21 7555.01 0.26 
631.72 960.07 7091.29 0.27 
830.03 544.61 3388.16 0.55 
772.51 885.98 4808.11 0.51 
1162.94 930.02 7230.59 0.50 
1492.99 1139.59 2770.04 0.58 
1015.25 568.29 1112.95 0.44 
727.44 954.39 4301.73 0.35 
1007.55 541.26 7814.28 0.31 
944.74 545.08 3183.87 0.50 
599.31 571.70 4657.42 0.43 
838.00 611.50 3271.23 0.33 
734.91 628.24 5672.36 0.54 
815.70 650.51 3001.87 0.54 
810.98 736.95 3817.70 0.13 
603.41 824.82 6433.43 0.40 
