451.73 424.48 0.19 10761.30
563.03 605.56 0.37 8990.72
598.06 462.00 0.08 6789.39
464.89 464.55 0.06 7692.91
446.47 450.18 0.42 6372.76
548.76 451.37 0.21 5531.35
457.36 475.20 0.08 8082.59
518.28 527.71 0.33 5366.96
557.24 525.38 0.36 7115.12
439.41 458.96 0.31 6921.25
469.89 558.19 0.20 8360.52
507.03 453.99 0.08 7546.19
526.90 495.06 0.25 7804.38
498.31 484.84 0.14 6920.48
486.96 478.93 0.16 7369.45
586.15 518.60 0.15 6341.12
517.34 547.35 0.33 8507.57
495.83 418.64 0.36 8588.69
463.17 428.98 0.17 7008.04
535.66 462.24 0.18 6254.12
435.85 498.87 0.14 7233.43
479.16 497.60 0.21 8521.19
496.10 552.29 0.08 7752.22
419.85 444.99 0.16 10105.43
584.97 492.61 0.07 9551.68
477.51 516.41 0.14 9389.06
520.82 446.91 0.24 6512.38
412.32 441.08 0.02 7265.51
528.39 500.20 0.09 7599.16
459.91 473.94 0.15 9714.50
451.62 469.84 0.10 5259.58
614.92 485.01 0.24 4371.21
482.40 467.38 0.15 6397.62
518.98 448.42 0.01 8463.59
396.65 495.20 0.08 8763.67
469.08 522.37 0.17 5996.38
444.44 542.05 0.02 6849.05
479.01 550.07 0.25 7511.34
475.22 424.29 0.30 9013.76
536.46 483.94 0.29 7348.81
551.27 500.31 0.37 6897.71
481.02 511.52 0.04 6791.96
568.30 507.05 0.35 7437.26
509.43 618.28 0.29 8628.30
558.77 499.19 0.25 6262.93
496.86 477.38 0.17 7195.79
473.86 565.44 0.25 5718.96
443.51 555.18 0.16 7343.07
453.09 439.84 0.32 6651.21
515.02 455.32 0.20 4660.89
552.52 523.10 0.18 9675.75
537.39 535.83 0.30 7721.36
442.58 455.04 0.15 4805.92
439.67 507.32 0.20 9530.38
600.15 470.60 0.32 5678.18
478.45 483.61 0.16 6858.98
376.00 532.70 0.25 9948.75
510.93 574.28 0.28 8748.91
475.15 486.12 0.41 4251.20
512.11 564.97 0.14 10674.35
431.88 507.52 0.11 6523.12
496.99 526.56 0.21 4615.48
585.28 459.88 0.35 6654.41
489.67 469.24 0.38 6414.79
584.11 503.84 0.10 8479.81
499.35 557.29 0.23 8139.86
473.13 503.02 0.29 6559.78
507.20 432.77 0.16 6570.06
507.50 443.55 0.29 8617.40
505.38 424.85 0.28 6985.48
499.49 445.68 0.18 7074.59
492.65 480.62 0.16 10116.16
438.91 618.36 0.24 7137.33
513.82 457.23 0.27 7281.56
439.80 443.48 0.27 4950.88
512.64 498.06 0.17 6367.84
495.56 541.33 0.26 9123.68
573.23 516.14 0.31 5695.14
458.10 501.03 0.24 4922.71
527.17 469.30 0.35 7220.26
513.80 449.09 0.01 7493.77
592.31 583.14 0.08 7090.66
492.93 560.55 0.22 7134.97
525.50 500.92 0.26 6462.31
477.56 516.84 0.22 5960.43
480.65 478.76 0.25 5714.85
501.88 511.15 0.25 7950.27
489.88 450.01 0.37 6209.86
542.90 467.21 0.18 7022.83
481.36 577.16 0.18 8268.35
476.81 464.30 0.24 7952.87
536.05 576.51 0.29 7788.68
528.84 539.29 0.25 7693.92
421.59 381.58 0.14 7866.11
496.78 550.80 0.32 7250.07
486.03 581.96 0.18 7471.47
592.53 573.97 0.17 6687.21
459.06 469.29 0.29 8010.42
584.38 551.79 0.27 6848.46
442.92 462.06 0.13 6155.72
550.42 520.98 0.22 8738.46
506.41 586.02 0.16 6283.75
480.68 571.69 0.11 5852.53
522.81 439.94 0.22 7422.07
485.80 519.21 0.28 7510.96
495.01 483.03 0.27 5328.55
532.50 471.59 0.00 8017.68
608.10 480.61 0.24 5392.85
495.43 493.73 0.41 7033.20
467.06 367.79 0.21 5991.23
473.10 466.47 0.19 6583.67
534.61 466.57 0.17 6910.61
510.31 449.03 0.13 8158.94
579.18 533.16 0.28 6500.41
480.58 464.79 0.19 6783.44
554.08 448.78 0.29 7556.05
472.00 555.65 0.21 7408.30
508.87 482.87 0.18 7323.67
559.65 482.75 0.28 6836.56
525.03 548.87 0.23 8837.23
401.23 594.93 0.21 8964.76
459.09 461.00 0.13 7387.80
520.42 537.28 0.39 6487.66
530.68 489.72 0.20 7472.48
462.17 587.64 0.30 5798.83
539.35 590.19 0.23 6425.94
498.42 491.32 0.30 6661.91
416.52 527.88 0.37 5334.70
470.36 525.90 0.16 7748.62
471.83 513.11 0.09 8978.58
419.77 539.14 0.33 6800.95
493.37 562.14 0.37 8292.67
553.02 511.82 0.12 7379.35
535.04 379.93 0.38 5274.66
457.73 517.90 0.36 7006.27
545.77 565.55 0.31 8636.61
528.75 516.93 0.08 6865.00
469.97 415.73 0.31 7436.34
534.82 429.38 0.25 7335.10
444.57 445.19 0.15 6989.49
558.59 489.78 0.17 5570.41
463.27 495.40 0.14 7467.40
497.81 458.34 0.35 7994.22
551.03 535.73 0.23 9521.42
522.86 491.55 0.15 6618.73
469.55 431.06 0.16 8324.31
437.90 525.80 0.07 8164.53
431.16 589.44 0.26 9473.79
604.10 537.98 0.16 6985.69
434.09 491.30 0.11 8466.88
445.33 464.64 0.20 7554.15
578.57 522.23 0.09 7557.53
479.20 571.05 0.21 5633.28
478.41 496.84 0.21 9178.79
537.62 457.83 0.20 6939.52
494.31 530.12 0.32 6297.95
542.41 582.10 0.17 7017.10
584.77 566.78 0.31 5908.97
456.64 452.94 0.27 7971.62
534.03 532.86 0.09 7851.51
449.56 511.83 0.03 8324.37
489.62 513.61 0.15 9774.12
583.28 515.61 0.23 4820.89
553.29 451.05 0.18 6063.43
543.56 452.66 0.19 6188.32
518.90 518.06 0.25 7097.71
458.81 400.51 0.25 6054.02
450.63 520.23 0.25 7699.81
424.13 479.59 0.14 5891.71
484.78 533.76 0.12 6930.72
484.25 423.25 0.24 6453.97
459.83 522.38 0.32 7719.42
560.26 581.03 0.10 5825.82
486.29 472.31 0.25 6002.54
501.10 451.97 0.08 7403.26
581.15 417.04 0.17 8239.13
491.16 443.25 0.12 7741.96
511.82 437.89 0.16 8103.37
512.88 404.65 0.26 8349.21
492.11 488.41 0.20 6454.75
528.60 478.47 0.24 7368.73
526.12 486.81 0.27 7737.70
517.29 581.87 0.17 8017.65
491.57 449.31 0.20 7387.30
474.63 545.76 0.15 7517.65
580.37 525.57 0.15 6973.42
553.28 475.49 0.36 6286.69
612.97 432.19 0.04 6600.82
498.75 433.89 0.24 6393.25
467.70 482.18 0.23 6552.56
516.95 484.62 0.14 6761.45
432.73 481.37 0.15 5386.65
517.05 465.47 0.25 6342.79
394.85 535.57 0.18 6777.29
528.85 490.86 0.17 9027.43
450.34 449.29 0.20 6191.37
474.75 500.84 0.11 8884.38
535.38 545.59 0.32 8350.01
534.55 488.11 0.18 6525.42
482.52 517.55 0.23 6958.40
