573.18 491.47 0.02 8775.12
533.22 401.71 0.13 7595.43
454.68 551.77 0.12 9254.87
476.15 499.46 0.22 7054.31
492.31 503.18 0.19 7518.76
526.02 568.81 0.29 6021.50
458.58 517.90 0.33 5331.86
583.80 472.61 0.28 6894.70
515.13 479.29 0.20 7173.05
431.79 464.40 0.18 8287.83
557.23 528.39 0.16 9532.53
501.83 462.97 0.30 6733.77
535.54 579.69 0.27 7375.44
502.48 480.40 0.19 7112.72
473.93 476.96 0.24 6108.63
489.73 437.36 0.05 7789.86
445.96 455.08 0.18 6702.08
426.78 506.17 0.25 6589.63
578.97 649.35 0.06 7514.96
480.02 523.13 0.21 8956.69
399.78 531.88 0.14 6200.88
516.38 501.34 0.48 6560.32
587.27 587.97 0.21 9552.33
504.96 442.22 0.35 7072.64
564.60 564.28 0.04 6515.28
473.06 518.35 0.14 6375.23
442.97 550.66 0.28 6053.28
443.96 411.95 0.27 5811.51
546.99 451.16 0.14 6926.68
487.57 496.48 0.21 9914.31
480.59 466.51 0.21 7180.97
534.48 478.93 0.09 8825.45
472.36 518.82 0.16 8508.73
474.54 491.80 0.24 6162.50
538.53 502.38 0.17 6966.64
544.16 526.18 0.26 6090.22
511.44 467.87 0.51 5611.74
504.48 462.38 0.44 7356.85
584.37 477.15 0.20 9349.72
423.86 500.28 0.12 5397.65
485.49 546.44 0.19 7602.14
503.13 523.62 0.15 5553.06
528.43 576.30 0.14 9428.00
458.38 426.19 0.03 6699.44
516.94 502.62 0.28 8588.36
518.00 543.24 0.12 6367.34
539.81 517.70 0.06 8042.16
478.59 595.78 0.24 4804.23
509.75 535.31 0.20 6987.67
459.64 511.29 0.04 7446.97
470.39 425.58 0.28 8026.73
485.40 493.81 0.33 8324.63
464.20 510.59 0.20 5721.45
465.96 469.05 0.47 4860.81
565.26 429.92 0.33 8007.07
607.40 572.35 0.15 8408.18
439.95 440.74 0.19 5973.22
513.89 445.66 0.12 5870.08
472.32 510.82 0.12 7068.88
536.23 529.01 0.17 7253.45
483.55 535.18 0.16 6096.46
486.02 530.06 0.17 6855.09
506.43 480.09 0.02 7771.08
522.48 472.41 0.07 7753.48
529.08 562.33 0.15 5878.79
477.15 489.50 0.39 7182.95
536.15 537.80 0.21 6461.86
539.77 509.98 0.31 8138.72
488.08 508.86 0.25 7066.89
529.45 486.10 0.08 5037.84
500.52 493.98 0.20 8580.57
494.63 495.72 0.17 5462.13
522.49 562.89 0.27 6684.02
561.99 524.51 0.48 5291.62
407.14 479.09 0.09 10756.41
483.01 535.22 0.16 9900.67
589.43 568.12 0.26 9012.95
438.69 425.28 0.17 6750.66
494.83 454.72 0.22 7128.12
403.42 458.20 0.09 6885.14
491.45 537.28 0.21 8195.90
418.14 519.44 0.18 7216.83
460.38 433.58 0.29 8958.21
566.87 555.17 0.26 7434.39
432.35 502.45 0.25 8365.31
506.77 591.52 0.13 10230.81
490.10 451.90 0.05 9922.67
495.40 496.32 0.14 7839.14
447.22 419.24 0.24 4378.82
506.63 530.33 0.24 7236.46
578.36 534.33 0.17 6605.26
435.59 568.39 0.08 7241.27
578.55 490.30 0.19 9725.77
458.57 503.02 0.09 7188.81
601.79 501.28 0.04 7283.89
467.61 531.70 0.03 7227.00
480.62 512.06 0.10 5230.71
496.45 540.84 0.22 6427.73
485.80 545.02 0.03 5703.60
483.28 473.47 0.25 6043.51
476.36 514.96 0.25 6873.73
472.69 544.86 0.11 8745.25
529.11 380.38 0.12 7193.90
418.77 423.81 0.27 6933.02
450.01 559.31 0.22 9669.31
372.49 459.34 0.21 9064.94
480.17 436.39 0.27 5782.70
503.20 500.61 0.31 7594.85
508.34 438.35 0.37 7428.60
444.56 537.29 0.14 5944.89
448.68 587.70 0.28 9743.75
532.58 424.72 0.37 7493.12
506.09 585.47 0.16 9663.24
449.11 554.10 0.17 7086.43
484.93 475.32 0.36 5297.90
547.28 487.69 0.30 5631.43
479.33 462.27 0.20 6220.71
471.56 505.05 0.20 6776.63
522.49 505.79 0.21 8896.30
541.98 495.43 0.15 6522.89
497.41 481.89 0.30 6633.79
438.57 646.07 0.14 10725.43
527.93 505.17 0.01 5993.87
542.35 496.28 0.31 8231.12
572.62 515.75 0.10 9489.93
507.17 377.04 0.24 9589.99
513.89 476.02 0.22 8241.77
499.64 477.19 0.40 7046.90
506.66 473.08 0.35 6531.68
524.40 554.71 0.14 7618.39
538.59 520.18 0.05 10491.92
501.05 523.00 0.26 4701.90
396.84 487.31 0.38 7240.19
417.13 553.89 0.30 6539.40
476.30 472.56 0.27 7855.56
492.17 475.83 0.10 5124.05
386.01 496.40 0.26 7456.49
594.25 464.66 0.12 8002.84
509.46 592.25 0.14 7186.87
532.83 506.69 0.33 5601.65
469.33 458.19 0.35 4386.31
457.17 460.08 0.08 8153.80
447.54 523.91 0.12 7884.20
387.99 550.60 0.41 8714.66
457.96 483.87 0.16 6617.64
513.73 639.95 0.30 8655.36
487.02 554.57 0.30 9746.52
523.84 493.05 0.24 7430.46
578.05 384.63 0.04 7302.21
619.54 508.91 0.05 7144.03
