136.06 378.61 7175.68 0.48 
77.08 193.04 6837.21 0.48 
676.94 776.28 5112.53 0.27 
220.81 957.41 7263.34 0.47 
284.91 113.12 6554.74 0.46 
923.22 273.74 5757.12 0.41 
69.44 387.71 6738.26 0.50 
138.28 739.79 5240.39 0.40 
462.40 68.27 7564.96 0.42 
46.82 931.80 5736.58 0.34 
838.61 119.46 7848.44 0.33 
887.51 902.40 6813.22 0.44 
721.22 492.40 6887.55 0.35 
83.79 774.67 6809.89 0.38 
539.42 675.31 7003.57 0.24 
55.72 139.08 7165.73 0.70 
873.56 273.29 6099.55 0.40 
598.76 683.53 6169.40 0.30 
260.14 955.86 6093.57 0.34 
255.64 517.48 5214.49 0.38 
815.36 490.91 7265.90 0.16 
593.35 821.44 7617.11 0.52 
879.36 940.04 6840.27 0.32 
563.00 674.83 6554.25 0.45 
369.92 592.63 6608.68 0.37 
211.79 427.02 6022.95 0.42 
678.91 484.69 6863.70 0.32 
429.55 596.09 7011.94 0.27 
438.43 710.97 7038.25 0.53 
347.93 652.65 6366.89 0.35 
848.79 471.02 5537.72 0.36 
621.58 895.91 6485.60 0.27 
93.56 375.62 6715.70 0.42 
463.69 7.49 7260.85 0.36 
596.75 911.43 6737.90 0.30 
793.46 405.39 6609.84 0.38 
7.10 759.00 6151.79 0.37 
691.86 673.85 6785.40 0.47 
158.45 470.91 6786.12 0.49 
21.56 651.08 6258.03 0.52 
263.79 638.59 6096.90 0.36 
215.25 79.54 6422.40 0.34 
993.28 354.34 5864.97 0.42 
995.95 505.88 6100.42 0.25 
181.01 459.50 6353.02 0.48 
989.01 629.63 7579.18 0.35 
846.28 664.45 6276.67 0.36 
595.62 890.16 6698.09 0.42 
227.24 237.23 6882.07 0.48 
104.80 427.30 6637.72 0.51 
158.67 144.36 7282.88 0.36 
257.54 906.28 6392.75 0.59 
512.65 553.14 6932.83 0.22 
482.93 147.11 5883.88 0.36 
517.12 685.18 6958.93 0.39 
890.69 200.92 6815.05 0.38 
610.79 564.18 6627.65 0.52 
122.57 962.67 7199.08 0.56 
446.62 100.33 7147.91 0.46 
83.29 666.89 6902.43 0.48 
662.96 773.67 6205.17 0.33 
840.40 576.62 7694.17 0.57 
871.71 447.31 6713.03 0.32 
4.60 819.81 6492.99 0.41 
815.64 291.27 7139.21 0.17 
284.52 952.40 5771.71 0.36 
998.35 611.75 5753.77 0.46 
712.63 314.86 6927.81 0.33 
45.86 448.00 7038.11 0.44 
22.91 305.30 6816.31 0.33 
200.86 959.72 6705.74 0.43 
544.47 105.01 6555.79 0.58 
340.80 926.16 7164.25 0.38 
675.12 274.67 6657.33 0.42 
738.42 610.93 6771.46 0.31 
888.27 684.51 6634.77 0.45 
15.25 14.14 7234.19 0.46 
380.57 969.46 6788.28 0.40 
770.55 289.32 7004.33 0.27 
914.20 709.92 6973.53 0.42 
674.18 202.65 6643.80 0.34 
