602.47 555.55 6109.90 0.42 
771.16 587.06 6750.86 0.51 
595.40 605.51 7325.10 0.38 
707.20 725.10 5962.23 0.29 
776.46 961.05 6772.72 0.44 
570.32 594.02 6569.67 0.33 
554.37 585.30 5889.18 0.39 
860.13 577.46 6365.29 0.57 
596.20 577.64 6156.66 0.66 
685.53 778.11 6552.65 0.33 
1020.82 866.25 6918.75 0.38 
858.30 637.44 6816.90 0.23 
680.24 991.52 6394.62 0.44 
762.24 742.12 5120.23 0.45 
685.67 653.74 7013.26 0.50 
686.70 1075.08 6256.45 0.56 
920.62 588.20 5426.06 0.28 
671.03 683.21 7196.22 0.39 
752.68 644.88 6809.10 0.45 
704.17 709.72 6755.29 0.32 
1072.79 585.88 5934.59 0.34 
568.20 630.45 6512.23 0.34 
589.68 557.64 6521.93 0.31 
865.09 651.16 6371.63 0.33 
560.53 599.58 6409.56 0.34 
645.68 1053.03 6173.08 0.35 
582.34 868.43 6520.19 0.36 
633.07 672.62 6579.43 0.24 
743.43 709.80 7004.25 0.37 
612.99 868.99 6849.96 0.56 
654.17 620.74 6268.64 0.39 
557.88 543.02 6161.81 0.24 
920.81 1043.49 7116.23 0.12 
738.45 603.61 7699.69 0.42 
583.29 736.60 6794.55 0.44 
591.54 824.23 6374.91 0.52 
562.13 703.87 6414.13 0.30 
565.95 796.31 6956.44 0.45 
625.16 556.76 7345.76 0.49 
592.68 765.26 7075.23 0.34 
999.26 560.93 6716.61 0.48 
745.60 665.98 4931.10 0.46 
717.76 644.79 5740.82 0.41 
837.42 771.42 7330.19 0.23 
998.45 588.20 6430.08 0.39 
708.28 591.96 6198.24 0.37 
545.80 657.52 7182.40 0.32 
602.38 689.50 6520.15 0.38 
1290.86 758.47 7686.20 0.55 
628.47 633.56 6288.10 0.26 
606.44 1145.89 7559.94 0.47 
769.88 647.82 7114.67 0.30 
699.23 649.44 7150.14 0.41 
869.47 592.55 6228.30 0.47 
840.72 626.97 7140.63 0.21 
601.71 1001.87 7735.70 0.60 
822.61 563.01 7009.44 0.35 
866.59 880.88 6456.51 0.36 
822.34 671.53 6365.58 0.50 
974.10 691.00 6924.63 0.50 
788.16 792.56 7305.10 0.51 
801.42 699.69 7907.10 0.36 
707.35 647.03 6861.46 0.40 
568.42 555.03 6698.01 0.37 
609.73 577.70 7362.15 0.43 
764.18 771.80 6772.03 0.25 
561.22 626.58 6626.95 0.30 
573.13 871.30 6474.18 0.32 
650.01 739.84 6012.03 0.10 
758.59 795.16 7782.04 0.44 
727.67 620.00 6130.85 0.59 
634.40 688.14 6792.52 0.40 
629.54 732.38 6989.98 0.41 
555.21 607.59 6744.28 0.40 
646.80 688.22 6015.16 0.37 
571.14 627.92 6900.25 0.74 
866.03 641.98 6918.48 0.37 
795.03 791.94 6139.03 0.49 
819.09 601.35 6201.80 0.48 
583.43 553.78 6453.50 0.58 
737.47 713.08 6934.84 0.46 
542.46 647.12 7925.72 0.43 
1130.42 655.06 6868.23 0.37 
773.69 606.34 6334.13 0.47 
676.16 660.79 6735.95 0.20 
794.53 826.46 4746.36 0.32 
735.03 851.23 6234.18 0.39 
901.50 655.57 5428.26 0.39 
565.19 615.42 5550.70 0.47 
614.05 693.60 6773.90 0.43 
757.41 554.84 6117.31 0.37 
871.70 656.43 5413.56 0.28 
953.44 670.47 7722.67 0.10 
615.13 637.70 7087.62 0.32 
801.64 732.27 5469.87 0.48 
662.98 840.17 5811.35 0.43 
555.59 634.83 7053.21 0.26 
614.91 607.43 6211.01 0.33 
613.28 707.28 7062.60 0.31 
726.10 757.80 7400.69 0.34 
794.53 944.04 6273.24 0.43 
636.55 839.26 6447.32 0.24 
645.31 600.74 7013.20 0.35 
571.39 924.01 6529.52 0.34 
668.16 785.16 6508.42 0.36 
599.26 616.48 5977.33 0.37 
616.41 1031.61 6975.30 0.23 
687.56 541.82 7009.98 0.50 
691.91 742.01 6228.13 0.46 
649.64 604.85 7225.31 0.33 
939.39 757.16 6480.31 0.22 
639.45 540.75 6934.66 0.42 
895.89 623.39 7449.95 0.46 
675.83 594.50 6948.57 0.30 
551.23 683.32 6513.13 0.36 
730.08 913.88 6960.67 0.40 
626.00 957.11 6948.76 0.73 
700.83 708.47 7007.04 0.24 
755.34 733.18 6560.29 0.29 
630.46 825.50 7452.42 0.38 
695.96 714.19 5590.64 0.40 
588.93 821.93 7024.20 0.56 
913.47 838.03 7169.51 0.27 
764.97 881.35 6514.72 0.31 
584.70 728.82 6463.43 0.37 
567.25 622.42 6208.45 0.48 
559.68 695.95 7211.40 0.51 
717.73 769.34 6922.26 0.37 
717.47 896.19 6651.26 0.60 
619.80 611.51 6984.79 0.69 
929.89 562.88 7202.10 0.30 
693.58 602.00 6451.10 0.49 
555.90 577.41 5476.05 0.47 
555.17 666.15 7134.02 0.43 
626.05 761.50 6508.24 0.52 
866.84 629.74 7629.01 0.38 
597.20 970.27 7301.98 0.27 
663.61 718.05 5886.32 0.45 
567.70 762.43 6971.13 0.52 
747.41 651.56 6870.73 0.48 
637.98 685.51 6856.14 0.37 
1045.18 665.87 6934.06 0.52 
671.97 578.91 7263.17 0.40 
564.26 835.32 6325.28 0.51 
563.40 696.45 6116.71 0.45 
715.32 723.35 6888.61 0.39 
785.61 602.21 6669.65 0.37 
625.21 1116.20 6205.38 0.48 
582.46 636.69 5918.14 0.37 
773.18 571.78 5413.98 0.54 
806.77 711.98 6563.84 0.37 
