590.54 619.01 6644.30 0.33 
996.21 802.28 7015.72 0.43 
587.17 789.76 5903.72 0.37 
822.27 585.79 7543.10 0.25 
712.34 972.65 5945.08 0.48 
553.36 782.32 6411.89 0.14 
807.57 646.60 6264.66 0.44 
541.64 604.95 6951.70 0.42 
551.39 804.96 7590.77 0.44 
601.00 704.63 7181.89 0.32 
946.91 739.46 5806.51 0.26 
757.31 738.96 6316.99 0.38 
908.36 1030.96 6971.94 0.49 
806.50 651.94 7126.45 0.26 
858.49 665.36 6737.11 0.32 
551.73 702.14 6642.96 0.36 
567.99 568.60 6251.65 0.36 
720.40 605.44 6326.94 0.39 
543.71 627.83 6612.97 0.39 
666.85 683.40 5770.65 0.53 
698.85 971.56 5260.30 0.43 
768.06 1161.09 6818.55 0.38 
844.53 667.81 6048.55 0.33 
571.51 1100.73 7182.37 0.47 
555.83 880.85 6778.90 0.34 
791.52 550.72 7668.61 0.30 
583.70 541.11 6197.05 0.38 
796.06 897.60 6457.05 0.31 
782.82 639.61 7916.85 0.26 
656.46 655.58 7236.10 0.52 
611.90 546.47 7436.64 0.58 
767.46 731.32 6530.04 0.42 
599.89 791.48 6416.00 0.61 
903.97 649.68 6746.90 0.48 
603.26 675.65 6541.52 0.33 
968.68 693.95 6717.20 0.27 
667.73 653.91 6341.38 0.55 
689.18 817.35 5976.01 0.50 
582.93 608.98 4826.74 0.22 
789.63 615.59 6899.31 0.36 
716.10 746.45 5612.01 0.55 
621.52 550.99 6066.30 0.58 
693.65 840.12 6374.13 0.48 
637.60 585.96 6012.33 0.28 
601.59 570.85 6695.64 0.41 
885.75 674.45 7212.68 0.43 
877.68 827.27 6094.33 0.36 
718.85 778.59 7156.77 0.17 
1256.65 1330.77 6042.11 0.43 
858.38 690.38 6646.99 0.49 
711.93 621.67 6744.23 0.50 
1247.83 548.10 6050.65 0.31 
681.24 918.15 6863.06 0.23 
605.08 694.15 7014.17 0.45 
836.13 640.59 7080.76 0.50 
606.37 733.65 6465.91 0.48 
702.42 718.80 6576.77 0.38 
787.76 715.58 7318.68 0.53 
777.78 763.90 6403.26 0.26 
1329.74 1100.85 5407.82 0.42 
597.70 927.22 6673.12 0.41 
885.34 655.25 7375.33 0.43 
550.71 553.02 5372.29 0.41 
583.59 935.37 6443.47 0.45 
565.62 584.84 7571.35 0.54 
631.45 864.94 7670.65 0.50 
943.62 542.84 5923.62 0.30 
609.29 682.03 5522.88 0.28 
711.99 714.63 6822.89 0.35 
674.78 668.06 6666.96 0.38 
568.03 574.49 6926.10 0.44 
675.22 816.61 6243.07 0.34 
555.94 807.72 6348.58 0.16 
821.00 722.37 6561.89 0.38 
639.67 794.84 7122.67 0.33 
615.36 702.02 7470.11 0.52 
994.54 745.10 5746.73 0.34 
705.89 713.21 6538.95 0.42 
621.99 562.11 6751.10 0.44 
717.77 741.90 6545.27 0.42 
778.24 1096.84 6034.99 0.37 
584.82 774.98 5863.16 0.36 
663.25 641.44 6997.17 0.55 
817.87 833.06 5534.24 0.43 
612.97 825.51 6403.64 0.36 
747.90 594.87 6768.07 0.62 
874.62 570.14 6474.66 0.43 
809.79 647.71 5752.11 0.41 
697.00 1002.35 6544.27 0.38 
739.55 718.21 7025.85 0.36 
803.40 874.53 4836.49 0.42 
