747.59 541.62 6303.16 0.33 
619.02 569.73 6989.57 0.30 
691.13 705.93 7591.88 0.55 
661.99 975.19 6926.41 0.55 
671.35 902.10 6713.22 0.41 
736.12 683.56 5679.83 0.51 
653.80 568.52 7001.54 0.38 
674.81 738.61 6346.08 0.58 
723.02 550.74 7656.20 0.48 
652.44 997.48 6970.78 0.54 
634.41 845.37 6609.08 0.39 
686.39 884.56 6525.23 0.49 
859.35 567.04 6001.25 0.32 
763.16 704.88 7046.17 0.52 
601.06 839.92 6905.34 0.51 
810.70 964.20 6572.06 0.35 
562.79 541.49 5490.50 0.58 
816.76 721.90 5634.48 0.26 
759.66 622.69 5416.27 0.26 
906.63 771.43 5208.92 0.40 
645.35 716.89 7390.00 0.40 
658.55 935.53 6139.64 0.49 
879.70 585.91 7076.60 0.34 
540.28 886.73 6746.98 0.38 
759.88 808.20 5516.37 0.35 
686.95 767.34 7033.75 0.43 
658.16 936.64 7213.70 0.47 
577.48 786.82 6700.58 0.39 
694.59 1040.73 6906.27 0.55 
615.02 666.86 6691.18 0.31 
616.08 671.93 6921.09 0.66 
