593.48 983.66 6901.00 0.37 
1052.30 619.72 6721.65 0.45 
941.99 862.29 6086.99 0.42 
761.07 777.97 6084.54 0.41 
771.08 853.92 7305.72 0.45 
594.38 664.62 6336.35 0.38 
936.31 578.53 6791.14 0.38 
798.59 793.68 7196.09 0.47 
758.98 716.12 6615.70 0.47 
899.68 736.28 6219.34 0.24 
988.50 599.59 6129.20 0.32 
1050.41 737.67 7622.95 0.42 
620.92 875.76 7244.55 0.45 
771.37 715.55 5974.83 0.58 
625.01 662.42 6500.00 0.27 
708.98 573.45 6507.51 0.49 
814.13 702.41 7859.27 0.31 
697.35 962.80 6309.52 0.32 
676.94 788.22 6319.73 0.39 
801.80 716.96 6372.91 0.48 
657.46 541.20 6375.25 0.39 
677.29 767.67 6870.56 0.37 
891.22 846.35 6530.21 0.44 
703.22 761.01 6203.99 0.48 
813.88 681.30 6806.27 0.35 
714.02 573.99 6839.43 0.43 
576.67 869.46 6913.65 0.39 
630.58 601.08 7273.61 0.42 
590.98 548.26 7439.71 0.53 
860.80 632.34 7171.21 0.57 
692.57 899.27 6396.20 0.51 
676.12 706.69 6056.21 0.48 
720.36 861.53 6212.43 0.21 
1038.40 733.90 6124.79 0.28 
681.21 944.06 6850.52 0.34 
866.06 718.58 6880.55 0.41 
622.19 737.72 7545.26 0.31 
602.17 735.28 6890.86 0.23 
618.98 738.97 7179.07 0.38 
1000.46 830.49 6281.92 0.41 
634.45 574.07 7052.06 0.37 
572.02 624.59 6331.80 0.35 
657.53 739.99 7114.97 0.32 
683.80 826.63 7287.53 0.39 
803.69 663.46 7296.28 0.40 
598.63 883.39 6643.01 0.37 
876.24 773.12 5897.19 0.39 
670.46 713.10 6146.28 0.17 
757.12 627.92 7491.17 0.28 
1005.99 733.14 6773.30 0.30 
781.31 673.35 6050.45 0.38 
863.75 660.61 5910.04 0.19 
684.34 857.55 6818.17 0.46 
619.26 656.76 6427.09 0.50 
1116.29 556.53 6208.79 0.43 
780.95 559.03 6934.18 0.43 
568.88 933.15 7021.16 0.50 
542.55 656.28 6965.24 0.55 
822.65 1014.81 6934.91 0.41 
734.26 918.33 7020.72 0.62 
788.36 615.61 5960.15 0.47 
648.51 636.08 7667.32 0.20 
608.05 679.93 5851.08 0.44 
603.30 1373.63 7270.95 0.33 
939.68 662.09 6465.16 0.39 
742.41 641.47 6444.79 0.36 
1104.56 613.34 7062.77 0.49 
649.57 889.45 7874.69 0.46 
600.70 849.06 7669.00 0.28 
622.49 733.32 6113.02 0.51 
664.58 849.96 7436.17 0.39 
