818.46 600.45 5761.33 0.59 
1067.06 761.80 5486.98 0.50 
622.48 707.44 6732.75 0.41 
797.65 724.66 7103.95 0.41 
915.87 595.39 7256.85 0.54 
858.17 823.38 6009.14 0.41 
680.24 761.87 5891.36 0.28 
563.00 807.76 6165.59 0.54 
652.11 983.69 6927.78 0.49 
752.73 706.04 6206.48 0.53 
678.84 977.70 6938.01 0.36 
654.04 559.26 7524.16 0.33 
872.11 590.91 7298.98 0.71 
651.99 631.06 7418.45 0.41 
732.88 1097.03 5924.00 0.39 
695.67 552.45 7422.70 0.37 
546.09 572.53 5715.49 0.43 
788.83 667.55 7293.64 0.22 
866.48 914.12 6503.80 0.56 
574.20 680.13 6372.98 0.34 
1180.34 622.81 6748.38 0.36 
