642.48 604.69 7166.03 0.40 
646.91 1082.32 6172.35 0.18 
806.02 804.96 6003.77 0.42 
850.59 851.84 6694.06 0.43 
904.21 642.52 6180.21 0.32 
940.80 686.94 6997.77 0.40 
712.24 800.65 7433.69 0.39 
728.64 914.72 6375.35 0.50 
930.16 681.90 5807.89 0.39 
580.52 638.32 6912.68 0.20 
724.30 549.98 5324.61 0.46 
756.41 683.60 5864.70 0.32 
676.05 713.41 5850.34 0.48 
901.19 585.46 6257.71 0.54 
649.17 732.33 6098.18 0.35 
553.99 614.31 6862.64 0.50 
733.03 604.35 7250.39 0.44 
564.57 754.83 5344.37 0.47 
771.77 853.65 7266.75 0.49 
744.50 614.37 6388.99 0.40 
761.10 866.65 6535.88 0.48 
999.78 690.38 6582.52 0.51 
898.30 1093.98 6784.43 0.42 
556.69 626.38 6143.87 0.44 
717.41 679.10 6228.77 0.43 
544.95 675.83 6435.34 0.52 
657.29 624.13 6054.30 0.33 
697.29 741.74 6592.68 0.39 
935.77 611.82 7354.71 0.30 
674.25 742.76 7060.37 0.37 
980.41 912.44 6723.95 0.30 
614.14 551.96 6719.24 0.41 
825.59 724.04 7073.95 0.46 
768.30 575.68 6676.16 0.35 
563.16 699.68 6831.27 0.26 
728.87 643.86 7653.22 0.23 
720.59 765.00 6052.98 0.51 
706.09 602.40 6863.42 0.35 
549.58 547.69 6911.87 0.65 
808.15 585.66 5125.74 0.49 
774.01 700.61 6986.56 0.36 
899.91 838.90 7551.64 0.48 
951.62 626.83 7088.18 0.36 
621.75 658.58 6660.41 0.50 
784.57 738.02 6367.59 0.37 
943.95 936.31 6924.65 0.17 
652.03 642.80 6089.92 0.44 
625.91 861.06 7517.47 0.45 
680.05 606.96 7445.65 0.33 
581.97 1049.79 5757.52 0.36 
676.17 990.25 6452.90 0.31 
1023.62 619.11 7667.03 0.48 
657.23 725.28 7249.09 0.27 
619.19 555.45 6503.08 0.24 
650.96 646.07 7061.39 0.52 
844.13 966.90 6595.07 0.38 
786.21 617.86 6771.60 0.45 
640.21 641.76 6632.73 0.47 
556.62 963.26 6981.07 0.34 
625.24 779.22 7597.65 0.40 
831.33 858.57 5910.28 0.32 
567.14 765.32 6639.93 0.44 
1240.86 619.95 5728.40 0.40 
883.38 560.33 6323.72 0.40 
600.81 605.80 5235.97 0.50 
1059.51 856.18 6860.53 0.46 
872.53 722.08 6732.48 0.43 
823.23 572.67 7107.67 0.46 
581.26 1095.30 7561.42 0.41 
594.83 742.81 7001.02 0.41 
666.13 574.66 7306.60 0.39 
772.85 624.66 7727.69 0.51 
719.31 821.79 6788.55 0.41 
547.25 672.45 7463.65 0.46 
612.09 951.15 7707.67 0.25 
582.15 683.74 6821.00 0.64 
731.27 643.91 5385.95 0.28 
595.12 779.35 6334.57 0.38 
591.02 579.83 6452.47 0.47 
690.45 642.82 6625.27 0.37 
681.01 963.66 7392.75 0.49 
798.47 1249.96 5779.44 0.56 
958.97 762.93 6161.35 0.39 
595.86 935.95 6707.94 0.50 
560.97 907.28 7571.51 0.06 
886.18 990.57 7564.80 0.47 
848.57 695.36 5806.83 0.46 
667.04 709.00 6873.18 0.27 
645.75 692.37 7585.17 0.35 
809.01 849.90 7264.11 0.53 
813.67 702.54 6952.11 0.38 
643.87 636.71 7034.62 0.34 
603.94 578.59 6680.52 0.51 
896.03 587.91 5883.99 0.34 
634.65 704.60 7154.54 0.38 
844.33 739.57 6828.71 0.38 
576.26 867.63 6727.07 0.38 
724.96 601.48 6863.29 0.44 
546.72 550.01 7044.80 0.44 
727.70 606.26 7218.87 0.20 
560.39 934.69 6121.42 0.44 
606.64 615.78 6968.30 0.40 
902.56 759.42 6553.36 0.39 
710.15 617.51 6711.52 0.45 
750.94 686.16 6713.77 0.20 
540.71 718.07 6930.63 0.35 
607.52 727.38 6336.41 0.36 
646.77 687.06 6777.39 0.48 
649.92 818.36 6730.92 0.36 
543.72 543.02 6758.37 0.24 
928.36 641.88 6701.57 0.53 
933.14 819.43 7271.58 0.39 
709.21 668.49 6581.80 0.42 
593.45 1284.94 6796.66 0.41 
836.67 926.45 7183.94 0.38 
660.03 669.78 6666.80 0.30 
671.16 867.99 7001.40 0.30 
750.12 621.58 6060.43 0.39 
961.21 599.34 6315.42 0.45 
767.43 747.85 7481.04 0.38 
651.46 654.09 6883.84 0.51 
803.90 553.31 7368.65 0.34 
744.85 609.69 6854.48 0.39 
679.65 721.63 6352.52 0.39 
584.25 718.53 7480.00 0.37 
568.66 548.94 6687.45 0.42 
608.55 592.56 6486.61 0.53 
699.63 793.76 5719.53 0.55 
593.25 798.86 6184.55 0.42 
636.66 846.21 6771.66 0.34 
674.80 829.40 5503.32 0.28 
797.85 623.36 6431.13 0.38 
752.91 620.61 6346.05 0.60 
578.97 774.24 6814.69 0.45 
770.39 1015.73 6185.48 0.30 
1110.80 568.94 5960.24 0.51 
728.26 911.05 6226.01 0.39 
610.76 614.17 7069.83 0.32 
696.55 741.70 6386.98 0.48 
630.91 551.23 6500.83 0.40 
610.23 623.68 6484.23 0.39 
647.13 543.32 6178.27 0.59 
689.05 769.10 5955.25 0.30 
646.08 928.87 6197.18 0.34 
675.42 565.67 6972.51 0.15 
631.62 635.07 6148.50 0.41 
597.44 721.88 6589.17 0.61 
588.33 643.29 7213.36 0.49 
697.87 672.81 7241.89 0.37 
832.84 577.94 6937.58 0.47 
773.26 547.51 6854.12 0.42 
816.05 798.45 6437.94 0.26 
946.15 817.27 6073.66 0.20 
612.22 586.78 7982.69 0.57 
694.12 681.37 6476.26 0.38 
617.59 724.89 7024.14 0.34 
764.97 603.85 6643.81 0.60 
868.26 664.74 7442.69 0.62 
663.28 811.54 6546.97 0.50 
816.86 973.10 7408.36 0.43 
899.32 715.13 7356.94 0.31 
729.14 577.46 6414.83 0.57 
931.17 607.66 7194.99 0.48 
900.39 643.79 6650.22 0.26 
883.85 970.68 7498.58 0.35 
674.63 668.31 5998.58 0.40 
717.80 642.20 6193.76 0.36 
884.83 756.67 5070.85 0.30 
582.37 802.55 6881.67 0.38 
660.11 855.51 5238.79 0.50 
835.75 726.51 7225.62 0.40 
1055.68 720.13 6578.09 0.40 
886.62 759.92 6967.32 0.36 
542.13 622.21 6857.97 0.19 
583.88 544.16 7100.88 0.23 
741.59 825.58 7692.16 0.38 
696.48 835.96 6251.53 0.31 
735.00 923.32 7393.62 0.48 
963.22 764.72 6360.14 0.52 
1234.64 603.68 6784.00 0.33 
685.10 795.67 5320.56 0.48 
680.91 675.40 5663.40 0.27 
699.06 1007.59 7392.53 0.49 
559.57 636.24 6875.64 0.41 
578.99 552.93 7013.03 0.25 
657.55 701.23 6659.36 0.41 
628.35 696.22 5546.43 0.47 
738.75 1194.46 7061.88 0.37 
633.62 604.75 6942.66 0.37 
837.73 634.96 5741.83 0.41 
662.87 884.72 5881.55 0.43 
817.63 559.03 6576.37 0.27 
860.59 565.16 5957.11 0.55 
581.39 700.12 5468.65 0.36 
708.87 568.42 6254.63 0.55 
790.30 667.46 6904.16 0.24 
552.01 544.92 7562.53 0.56 
675.14 698.95 6939.49 0.27 
695.98 831.75 6978.91 0.39 
815.60 556.11 6499.59 0.40 
683.20 554.04 6866.18 0.57 
