684.37 717.52 6864.62 0.38 
585.76 693.30 6133.30 0.44 
775.51 592.50 7791.10 0.34 
708.53 725.97 7199.42 0.42 
714.98 595.31 6331.76 0.56 
580.44 571.66 7886.46 0.50 
757.54 592.60 5738.36 0.54 
685.52 1328.61 6816.00 0.40 
1011.42 945.70 7387.08 0.28 
558.79 847.22 6298.31 0.45 
740.96 705.35 7766.05 0.39 
541.02 896.14 6215.32 0.49 
733.04 771.94 6737.94 0.31 
673.66 631.21 6713.86 0.44 
602.34 960.65 7922.71 0.15 
649.81 541.03 7794.48 0.49 
938.58 724.74 6670.82 0.26 
932.53 658.14 5679.91 0.37 
544.62 943.34 6510.63 0.28 
968.44 577.39 6309.62 0.48 
627.92 846.88 6506.95 0.42 
1002.42 785.21 7211.56 0.25 
545.08 599.74 6679.80 0.31 
1397.63 860.81 5963.49 0.45 
684.74 572.09 5451.08 0.35 
1020.25 654.94 6473.81 0.32 
806.60 754.12 6348.65 0.43 
1140.65 1023.89 6332.56 0.39 
769.53 958.33 6241.78 0.31 
835.25 780.37 6796.01 0.45 
617.41 647.69 6640.99 0.34 
1061.28 595.06 6953.27 0.28 
753.46 596.05 7062.90 0.43 
791.86 781.62 7198.18 0.33 
569.56 779.41 5604.17 0.33 
696.92 713.92 7251.29 0.48 
725.28 617.72 6821.10 0.29 
587.93 717.30 6157.61 0.56 
557.95 758.68 5936.52 0.53 
615.70 655.37 5708.20 0.41 
743.83 644.54 5713.70 0.37 
