737.92 582.79 6052.06 0.22 
562.40 540.30 7014.17 0.31 
619.84 634.68 7467.75 0.50 
798.00 775.39 6363.14 0.34 
763.89 554.21 6081.84 0.58 
569.73 947.65 5810.54 0.34 
718.53 713.67 7390.30 0.26 
866.60 734.56 6565.49 0.45 
771.48 818.32 7022.22 0.55 
688.86 765.44 6524.83 0.38 
694.98 570.79 7278.43 0.26 
1038.95 557.74 7306.06 0.29 
654.17 570.89 7080.59 0.53 
612.72 590.06 6222.21 0.31 
587.09 1232.61 6561.37 0.27 
703.93 994.52 6084.21 0.52 
619.63 790.52 6648.00 0.37 
555.57 583.61 7120.42 0.49 
922.32 681.04 7525.11 0.32 
794.11 773.73 5401.34 0.52 
574.60 644.51 6743.66 0.24 
894.46 657.45 7375.45 0.38 
589.15 559.20 6920.73 0.61 
800.79 557.17 7222.53 0.36 
655.45 543.53 6010.55 0.28 
792.18 547.84 6206.39 0.29 
663.46 740.70 7096.75 0.30 
613.72 660.66 5867.36 0.43 
875.24 559.16 5875.21 0.18 
655.86 554.97 6325.76 0.48 
562.72 611.52 5466.77 0.46 
789.53 697.72 6907.90 0.45 
839.38 902.26 6999.80 0.33 
1080.79 1106.24 7132.07 0.29 
662.16 710.81 6854.53 0.48 
558.79 633.40 5945.88 0.33 
571.84 622.73 5846.07 0.43 
794.05 855.63 5973.61 0.50 
574.42 963.30 5617.09 0.49 
740.49 719.63 7125.01 0.42 
1356.65 979.70 7162.09 0.56 
596.13 863.29 6413.64 0.61 
836.06 540.04 6387.29 0.39 
589.96 818.47 7699.15 0.42 
586.37 568.98 6783.70 0.26 
1082.75 918.89 5176.87 0.49 
706.09 735.15 7097.71 0.29 
868.79 1058.25 6295.75 0.46 
745.79 789.42 5911.08 0.48 
660.58 894.81 7861.46 0.21 
975.84 791.53 7453.88 0.43 
771.52 976.49 7429.33 0.32 
646.90 672.10 6638.07 0.28 
629.42 653.38 7500.01 0.40 
818.19 653.00 7387.02 0.29 
577.89 948.04 6627.75 0.44 
557.16 541.00 6901.21 0.48 
588.81 988.74 6062.79 0.32 
978.33 734.35 7166.06 0.39 
548.38 876.47 7600.32 0.38 
672.30 557.70 7143.10 0.36 
621.03 723.14 6471.53 0.45 
699.41 994.13 6171.65 0.34 
691.36 608.38 6783.07 0.39 
606.62 718.59 7380.74 0.21 
843.95 834.54 5955.87 0.47 
687.52 729.49 7230.35 0.44 
730.64 711.53 7816.39 0.25 
586.13 673.42 6171.04 0.37 
671.00 723.45 6099.40 0.30 
635.81 654.34 6326.68 0.34 
764.77 580.82 5900.61 0.40 
631.24 664.48 7083.45 0.43 
547.43 569.07 5905.74 0.33 
764.17 547.31 5862.69 0.22 
934.73 648.78 7329.36 0.44 
634.94 580.47 7062.01 0.42 
652.05 552.49 7025.51 0.31 
771.62 829.93 6360.34 0.60 
636.98 939.91 7396.74 0.42 
701.70 633.87 5877.80 0.42 
615.76 575.62 6659.91 0.22 
676.88 775.68 7857.65 0.48 
825.94 689.27 7163.42 0.39 
868.83 595.37 6659.11 0.52 
616.42 828.27 6249.89 0.23 
769.43 584.44 6049.42 0.53 
588.55 978.46 6271.28 0.31 
727.03 801.17 6399.29 0.48 
838.37 679.53 6389.57 0.47 
975.74 664.32 5787.60 0.46 
744.31 558.74 6113.17 0.33 
586.04 918.85 7177.80 0.43 
611.16 595.06 6207.03 0.39 
623.56 772.53 7726.15 0.38 
739.13 578.18 7087.35 0.49 
894.14 924.76 6016.00 0.50 
595.34 553.81 7217.13 0.24 
622.61 622.83 6893.96 0.38 
759.82 1161.06 7111.56 0.53 
948.66 881.23 7115.49 0.60 
