684.03 704.61 6169.05 0.31 
607.52 687.12 7581.67 0.41 
649.84 799.02 5934.91 0.45 
723.29 700.81 7179.33 0.40 
794.44 649.90 6746.68 0.40 
811.48 894.26 6375.73 0.33 
769.35 717.00 7066.69 0.49 
909.09 1008.23 6438.33 0.40 
575.02 852.63 6614.81 0.51 
1127.22 596.02 6838.67 0.31 
893.28 623.02 6102.91 0.34 
980.16 682.46 6651.33 0.39 
733.32 613.43 5957.95 0.39 
641.29 891.81 7133.83 0.45 
862.06 707.00 6593.06 0.31 
759.90 566.33 7553.34 0.38 
919.78 834.15 7457.43 0.50 
675.84 749.60 7395.52 0.27 
776.92 553.25 7404.54 0.36 
652.18 618.26 5509.86 0.42 
609.15 856.44 5529.64 0.33 
604.89 595.01 6868.04 0.27 
1078.58 844.77 6076.61 0.56 
669.42 1039.21 7349.46 0.51 
737.43 641.17 7246.34 0.27 
631.54 781.44 6568.82 0.48 
845.95 942.75 6084.10 0.38 
603.50 700.09 5964.04 0.50 
566.96 574.48 6976.18 0.43 
640.85 683.31 7577.35 0.40 
547.65 714.37 6842.53 0.26 
671.98 584.75 5952.98 0.51 
629.42 893.66 6722.11 0.36 
624.37 583.78 5517.08 0.44 
727.07 867.03 6676.90 0.34 
626.70 571.20 6545.18 0.45 
847.23 708.28 6364.29 0.43 
766.35 549.37 7329.22 0.43 
1069.57 557.41 6889.16 0.37 
551.86 948.78 6396.65 0.42 
618.50 578.42 5914.18 0.33 
542.02 801.24 6941.60 0.50 
619.81 690.33 6685.22 0.33 
646.63 629.94 6768.84 0.46 
640.52 838.00 6476.51 0.22 
674.57 647.32 5767.88 0.25 
856.31 823.40 7384.87 0.39 
601.48 1014.28 6427.18 0.47 
703.10 720.52 7322.85 0.27 
1037.12 726.59 6986.98 0.37 
781.27 638.11 6742.53 0.41 
777.96 877.17 5911.36 0.43 
819.81 715.16 4725.92 0.24 
797.26 659.59 6351.01 0.35 
549.39 621.57 7132.47 0.36 
640.76 651.28 6013.49 0.41 
637.38 672.68 6030.25 0.76 
804.41 942.41 6143.47 0.60 
590.23 548.64 6511.77 0.58 
701.20 639.42 6465.46 0.37 
952.11 1128.70 5542.04 0.29 
671.94 877.36 6385.65 0.57 
750.13 1025.58 6270.24 0.33 
697.72 699.82 6316.84 0.22 
726.15 710.53 5288.13 0.42 
608.76 711.02 6088.40 0.47 
647.41 784.23 6823.96 0.46 
581.80 601.47 6118.34 0.41 
642.77 767.40 7951.79 0.51 
574.28 999.70 6582.06 0.43 
755.62 763.20 7895.51 0.26 
736.31 731.00 6977.11 0.50 
668.49 596.89 5970.76 0.29 
639.28 852.44 6963.77 0.41 
561.47 689.58 6872.93 0.57 
703.20 942.57 6895.96 0.47 
624.92 611.64 7809.06 0.39 
783.72 668.89 5660.65 0.47 
729.18 806.82 6791.79 0.45 
706.64 853.84 6943.64 0.41 
586.01 810.92 6419.62 0.49 
