451.77 475.83 0.24 6028.06
446.51 536.06 0.04 7287.28
496.74 508.32 0.38 6089.23
494.76 497.22 0.14 8269.20
457.24 492.12 0.19 9141.00
489.49 480.10 0.33 7289.45
506.68 552.87 0.41 7523.69
552.34 549.89 0.58 7106.03
510.78 426.18 0.31 6381.81
443.27 515.44 0.31 5129.06
418.81 425.70 0.01 10212.50
473.31 567.59 0.13 10455.48
541.56 545.60 0.45 6489.49
496.59 480.55 0.17 7215.75
515.30 532.46 0.07 9966.56
520.68 446.27 0.48 8363.43
530.81 433.99 0.12 8181.47
545.47 579.39 0.38 5330.65
399.67 448.58 0.30 8007.77
512.33 433.06 0.15 9549.30
524.38 523.09 0.12 9411.78
484.78 549.33 0.04 6437.39
560.51 484.66 0.12 9282.82
438.75 515.30 0.48 6235.58
467.46 569.04 0.20 7655.25
514.17 421.61 0.03 6260.96
538.57 611.75 0.57 8969.05
506.91 495.13 0.17 10374.24
566.62 600.63 0.22 8179.57
442.56 427.47 0.04 9340.80
537.04 593.36 0.56 6193.19
439.92 439.11 0.42 7773.85
531.18 471.65 0.25 10566.77
400.25 512.09 0.04 9339.62
472.94 540.46 0.38 8578.46
540.20 454.06 0.44 7945.56
552.22 452.53 0.12 10800.00
531.87 501.17 0.60 6035.16
526.32 513.83 0.07 6935.50
483.81 530.70 0.50 8947.06
545.07 511.14 0.14 6168.24
479.63 489.24 0.29 6398.86
442.96 458.72 0.29 7384.41
504.60 513.30 0.24 8787.04
443.53 458.11 0.49 5355.96
417.22 493.25 0.27 8963.03
513.21 479.45 0.60 10596.91
504.46 437.63 0.24 7138.00
531.63 467.80 0.56 7023.50
400.02 500.52 0.45 5907.49
560.02 520.49 0.51 5564.54
468.95 504.45 0.13 9321.87
430.88 463.70 0.23 7429.57
517.80 444.62 0.46 6844.37
430.67 470.97 0.42 8691.36
475.10 432.07 0.30 5480.34
539.66 486.06 0.37 6319.13
529.20 473.70 0.57 7038.37
474.41 519.70 0.07 9314.63
483.64 505.74 0.57 5792.05
473.96 576.62 0.21 6519.16
629.78 437.69 0.20 8382.01
533.55 547.55 0.07 9557.07
496.90 491.03 0.56 6639.22
550.11 499.17 0.42 6941.16
475.46 596.89 0.41 8666.90
539.73 531.67 0.45 6257.19
539.90 552.78 0.06 5780.20
502.86 470.68 0.15 8767.95
516.72 532.41 0.52 7135.15
505.97 502.12 0.55 9483.40
463.76 452.10 0.20 8283.15
470.03 383.69 0.01 6905.08
490.27 529.77 0.23 9901.02
423.49 428.74 0.34 6755.97
394.86 520.00 0.42 10479.68
454.26 445.44 0.14 8225.92
540.36 549.06 0.47 6641.21
574.06 418.44 0.53 8698.78
558.11 450.81 0.04 8401.97
492.32 456.30 0.30 6667.09
505.59 458.43 0.00 10445.45
494.79 562.72 0.16 9119.63
546.60 520.11 0.41 7532.75
542.24 465.72 0.40 6620.88
468.78 561.17 0.22 9161.99
428.10 471.89 0.27 8420.76
598.75 411.41 0.56 6645.41
596.67 486.04 0.45 5520.47
530.93 425.17 0.53 7045.03
536.10 475.48 0.02 7833.67
444.04 417.19 0.11 9362.44
534.16 515.97 0.18 8894.82
485.41 476.67 0.22 7991.35
545.72 522.30 0.36 7290.22
533.72 446.25 0.42 9546.73
515.84 495.85 0.55 7068.57
569.92 462.29 0.44 7212.64
520.00 504.18 0.26 7952.33
473.08 586.79 0.51 6488.92
475.36 475.49 0.21 10228.51
433.49 532.52 0.29 7134.08
505.32 474.02 0.22 7252.43
493.56 516.14 0.13 8214.50
499.97 424.89 0.41 8236.45
600.78 489.74 0.20 10391.16
470.18 466.32 0.39 10195.17
429.90 529.24 0.45 7592.11
447.70 516.95 0.24 10284.91
580.40 503.79 0.46 7506.58
544.42 436.11 0.52 7099.54
552.53 491.92 0.10 8797.44
547.71 549.50 0.21 5547.50
426.82 494.05 0.10 10476.44
427.10 514.31 0.33 6265.48
422.69 590.09 0.05 8630.72
448.87 557.40 0.59 9817.05
518.62 333.97 0.44 10642.00
519.68 428.12 0.33 7771.51
628.78 471.57 0.27 10502.25
467.24 442.94 0.08 9257.63
510.34 490.08 0.52 7199.20
527.85 449.76 0.32 6773.72
482.04 473.06 0.15 7231.47
500.26 456.21 0.47 6275.02
