138.32 15.60 0.04 3877.35
114.04 83.50 0.18 8076.74
67.29 116.98 0.04 5010.27
14.48 137.86 0.23 3152.37
158.07 83.06 0.31 1465.33
118.61 260.62 0.43 2306.59
37.36 259.19 0.14 6011.62
49.42 225.13 0.06 1010.41
76.51 179.69 0.18 2742.92
67.81 344.42 0.10 7179.17
80.62 564.00 0.23 2584.01
132.81 504.97 0.36 8250.64
1.80 522.43 0.28 3338.28
143.69 542.96 0.17 9885.00
65.30 495.56 0.42 1320.59
120.96 730.15 0.22 7494.54
70.08 709.27 0.32 1558.93
57.32 714.77 0.13 3024.55
120.60 726.76 0.18 5893.29
148.31 679.42 0.22 2576.10
167.69 937.20 0.20 6068.16
111.81 918.98 0.18 1035.13
168.49 867.90 0.16 10357.14
21.06 921.36 0.21 6159.03
136.96 969.65 0.14 3260.11
312.88 131.25 0.11 1490.20
265.98 63.89 0.04 4358.88
363.79 54.90 0.29 3557.20
287.99 174.64 0.16 3731.97
305.37 25.26 0.06 9644.94
349.28 265.02 0.31 2063.33
310.54 432.65 0.16 7195.43
239.76 281.46 0.11 4678.71
350.86 313.91 0.20 7057.44
394.37 334.39 0.15 990.81
260.87 496.38 0.11 10474.40
254.52 570.16 0.19 3784.05
263.70 555.32 0.02 3240.55
252.38 593.05 0.11 10138.94
328.24 529.75 0.25 2940.88
316.19 659.79 0.27 2838.70
335.34 637.41 0.04 4464.01
342.13 703.40 0.08 8676.03
274.47 676.50 0.38 6463.19
340.03 661.69 0.20 2922.61
250.70 899.88 0.24 5836.58
340.78 908.78 0.28 7325.60
274.71 936.62 0.25 3991.44
338.59 896.73 0.17 4886.00
307.84 999.00 0.12 7503.49
522.74 85.24 0.16 5509.40
488.69 172.92 0.33 3413.23
480.78 82.49 0.17 3638.44
523.41 89.23 0.15 9842.26
573.70 127.92 0.32 3376.47
500.82 311.53 0.23 3426.31
558.88 370.01 0.12 6090.21
558.44 351.56 0.21 8764.74
572.21 293.40 0.16 2115.36
487.95 204.99 0.06 5095.06
521.59 512.57 0.10 4962.24
487.74 478.15 0.26 8528.42
540.10 475.37 0.19 2110.93
395.84 558.30 0.22 7783.93
478.19 462.21 0.21 4148.41
463.92 632.75 0.12 10501.57
497.90 689.27 0.14 2656.70
491.50 744.05 0.20 3554.52
539.63 597.94 0.10 6885.51
608.10 749.94 0.06 5458.45
524.26 882.85 0.35 5300.82
489.82 925.87 0.39 4307.21
511.02 902.69 0.31 8550.82
482.06 885.34 0.18 9717.16
503.98 915.58 0.19 6397.53
712.36 141.65 0.14 4549.60
729.96 85.36 0.22 3040.64
693.54 157.03 0.12 9740.02
673.99 8.46 0.15 10677.61
714.90 55.61 0.29 10145.33
764.57 307.35 0.17 10054.25
740.15 274.47 0.12 4114.84
678.71 325.30 0.13 5152.10
778.45 274.24 0.22 6280.41
761.77 234.43 0.30 8374.81
814.01 483.65 0.26 10148.88
751.78 440.84 0.07 9300.64
588.39 519.20 0.46 3676.93
786.68 495.52 0.16 1724.35
734.42 457.25 0.11 5160.04
622.61 695.12 0.31 6466.82
755.33 734.76 0.18 7540.97
704.71 596.85 0.33 10613.89
725.83 719.68 0.02 2573.47
761.31 738.78 0.09 8914.75
758.05 902.96 0.27 3101.06
664.99 944.74 0.08 3163.44
728.32 896.94 0.13 4110.34
606.12 871.32 0.05 4242.15
760.51 896.53 0.21 5560.48
916.56 97.37 0.14 8372.87
936.13 156.47 0.22 8024.76
922.54 90.29 0.37 7505.44
949.80 16.70 0.26 6508.55
920.68 100.02 0.18 10739.90
921.84 295.69 0.20 8440.57
884.82 313.37 0.10 4014.00
895.26 252.71 0.28 3112.51
852.86 285.59 0.10 3141.86
901.56 365.18 0.17 1108.30
896.34 528.95 0.16 10177.01
838.77 544.20 0.29 2131.25
983.06 473.19 0.22 9864.91
864.56 491.58 0.27 9578.84
871.44 469.83 0.11 5228.56
900.02 719.97 0.15 10319.13
973.16 746.09 0.21 6449.05
880.33 695.44 0.29 1182.87
843.59 673.85 0.18 9036.73
898.11 687.44 0.06 6513.01
947.11 912.48 0.16 9643.33
908.32 921.99 0.35 7337.53
940.36 977.50 0.14 1582.30
980.67 919.61 0.16 6853.07
851.60 891.86 0.31 8315.05

7349.9748739849365
