1 19 39 10 15 16 2 3 23 36 25 17 24 5 22 26 13 31 37 38 12 7 30 6 29 34 32 4 35 28 9 33 18 14 40 21 11 8 27 20 
Moving time: 32.73 130.62 247.01 350.88 423.30 474.27 547.46 595.19 683.23 818.09 903.44 948.89 1024.07 1041.80 1060.70 1108.24 1134.38 1175.87 1267.09 1341.64 1495.12 1509.75 1677.12 1817.00 1903.92 2062.13 2087.84 2128.72 2208.34 2338.40 2447.69 2583.62 2690.01 2771.02 2923.56 2965.10 3051.21 3122.41 3178.18 3349.05 3525.25 
Best fitness: 1.00
Worst fitness: 1.0
Average fitness: 1.00
Alpha: 0.50
K: 0.02
Crossover probability: 0.50
Mutation probability: 0.10
Change mutation operator probability 1: 0.15
Change mutation operator probability 2: 0.15