104.36 50.87 0.33 6963.12
22.22 182.60 0.55 5219.29
137.02 185.17 0.60 5425.44
48.65 63.35 0.39 5662.34
183.11 137.85 0.50 6721.05
136.10 15.20 0.48 5955.63
157.74 17.57 0.36 7803.62
179.13 247.35 0.41 6073.14
137.52 211.81 0.53 6226.57
167.67 308.64 0.42 6896.39
88.10 386.15 0.60 9073.82
104.02 374.45 0.51 6555.05
198.11 304.62 0.53 6665.03
112.71 271.67 0.28 6957.74
75.92 481.16 0.54 6886.75
175.26 595.81 0.50 4916.06
165.42 483.40 0.32 8710.72
123.60 418.03 0.30 6238.21
86.97 501.03 0.54 6621.61
94.02 573.39 0.60 7339.38
47.21 597.15 0.60 7318.51
81.20 762.52 0.50 7315.47
55.09 718.52 0.48 7636.26
148.13 729.37 0.52 7050.61
32.83 793.38 0.50 8844.19
38.82 747.65 0.37 8198.96
73.73 639.80 0.50 7681.25
63.04 665.19 0.56 7681.40
24.71 986.41 0.45 7657.41
45.88 995.95 0.38 7761.22
64.32 817.27 0.50 5677.56
193.11 930.79 0.60 7670.85
126.79 977.08 0.47 5775.90
129.76 911.98 0.48 7083.47
7.37 899.35 0.60 6827.34
235.73 189.63 0.38 5903.35
212.09 84.80 0.46 7086.70
349.11 16.89 0.60 8282.06
393.64 17.82 0.50 7063.58
277.75 58.16 0.44 4787.08
322.16 180.65 0.43 7250.15
223.43 99.54 0.60 6743.47
252.23 251.59 0.58 6291.95
206.39 290.35 0.53 6011.12
397.34 323.93 0.47 5429.07
255.11 249.21 0.25 8786.68
314.42 267.88 0.42 4717.07
335.80 302.61 0.52 6461.42
282.04 227.13 0.44 7283.43
298.37 543.23 0.59 6956.76
213.21 571.48 0.53 6700.01
325.64 400.38 0.60 6304.34
374.72 554.22 0.48 6748.80
284.39 485.69 0.54 6309.44
309.97 522.47 0.58 6626.13
393.34 525.23 0.49 7109.51
268.95 647.58 0.33 5715.16
226.81 700.43 0.57 5657.52
317.46 750.06 0.52 7084.58
206.04 700.66 0.43 6225.65
254.13 644.42 0.60 7212.83
347.27 667.81 0.31 6204.30
306.00 677.47 0.38 8640.52
289.14 977.99 0.45 6207.62
298.24 996.49 0.60 7023.16
231.89 950.38 0.57 8219.87
334.48 827.87 0.52 6549.90
322.74 946.19 0.60 4817.32
200.49 977.92 0.51 7317.87
386.75 817.04 0.60 6825.06
421.61 94.43 0.28 3773.90
460.86 91.88 0.48 5870.64
554.68 109.95 0.42 7358.98
441.05 46.46 0.47 6270.89
548.11 91.02 0.44 7684.29
588.85 14.01 0.50 7596.92
484.18 99.31 0.47 8629.64
521.51 316.95 0.49 9293.67
431.38 203.82 0.40 7866.53
564.60 276.80 0.54 6987.81
477.91 208.61 0.49 7528.10
449.41 386.97 0.60 6905.13
540.89 394.80 0.37 6482.45
420.83 380.19 0.60 8762.97
416.72 429.76 0.60 6964.60
443.68 412.81 0.24 7135.65
513.82 453.80 0.51 6704.02
597.10 536.97 0.54 7975.10
549.88 450.88 0.60 6228.94
553.61 443.21 0.54 6394.59
433.10 469.20 0.60 6646.55
426.92 667.09 0.28 9292.68
556.25 795.60 0.60 6371.72
589.02 785.26 0.45 7117.50
415.15 689.90 0.59 6850.06
578.57 728.35 0.49 7016.30
481.40 746.03 0.47 6664.59
421.18 686.95 0.36 7139.72
498.36 937.56 0.53 5569.47
475.16 900.01 0.43 7159.27
578.02 873.60 0.60 7347.16
455.91 827.40 0.38 6660.92
471.01 922.20 0.57 7804.25
418.48 952.59 0.36 5256.85
457.37 928.47 0.45 6743.47
782.54 145.01 0.49 7591.10
662.73 77.05 0.45 8429.54
695.51 28.48 0.40 6889.12
623.32 51.89 0.44 6080.46
768.86 135.50 0.43 6826.29
678.56 199.66 0.49 7990.49
691.22 150.39 0.47 7305.93
719.04 327.09 0.46 7877.13
786.27 282.62 0.50 7563.77
745.26 306.21 0.37 6614.89
610.58 246.25 0.37 6603.60
734.60 310.13 0.47 7664.71
759.19 249.88 0.60 7332.23
601.51 385.31 0.54 7983.53
613.29 488.07 0.47 6251.63
685.84 490.06 0.42 5507.94
733.67 470.72 0.46 8990.56
666.90 547.86 0.40 7529.49
635.43 422.44 0.55 6217.09
716.04 488.35 0.42 5558.30
706.87 561.24 0.60 5676.51
658.62 714.21 0.50 6286.58
682.12 651.61 0.50 6460.65
696.38 759.63 0.41 6905.05
679.36 718.57 0.35 6102.58
722.85 681.75 0.49 9078.93
718.74 676.98 0.47 6843.35
650.03 781.53 0.60 5376.72
639.99 949.86 0.48 7439.86
775.13 909.41 0.32 7847.66
607.73 841.53 0.52 6553.79
793.32 831.18 0.37 6809.62
726.87 827.11 0.50 6539.18
716.37 930.14 0.30 6705.71
617.52 893.45 0.36 6109.51
961.07 191.96 0.34 6218.31
905.19 159.00 0.53 8701.80
904.41 29.49 0.56 7445.77
879.88 38.12 0.42 4749.85
863.00 140.85 0.51 6720.53
842.00 155.77 0.51 7319.20
877.62 147.93 0.31 8300.34
995.97 391.48 0.51 5753.23
994.82 317.72 0.44 6742.22
923.02 315.71 0.60 7849.59
830.36 380.11 0.41 7517.61
888.35 218.20 0.42 8080.43
963.40 236.89 0.60 5429.69
960.45 366.66 0.60 7209.14
971.74 523.37 0.51 6881.49
956.75 577.05 0.40 6159.82
964.42 595.35 0.41 7396.45
918.24 444.94 0.59 5882.99
946.67 493.06 0.60 7123.98
899.37 524.16 0.54 9262.86
830.40 540.02 0.32 6888.40
812.42 669.53 0.59 6847.86
858.87 740.60 0.48 7021.70
818.57 675.32 0.49 7017.82
948.85 784.92 0.26 6438.81
979.97 735.73 0.50 7099.27
930.06 653.98 0.60 6578.75
860.51 733.03 0.51 7658.93
978.45 811.93 0.35 6086.12
926.86 908.07 0.60 6598.87
833.70 976.48 0.34 8183.82
810.28 872.52 0.45 7716.30
821.86 953.88 0.38 6362.72
859.55 850.07 0.44 8636.25
809.29 901.84 0.47 6181.21

17982.45
