599.35 868.40 5568.65 0.49 
645.64 886.94 3883.56 0.50 
587.01 1101.26 1500.04 0.37 
902.59 918.59 2372.91 0.29 
597.08 565.48 5918.81 0.45 
880.02 569.28 1555.24 0.41 
547.03 583.38 827.44 0.29 
892.15 1154.69 3057.95 0.39 
569.33 623.40 5965.52 0.40 
887.02 804.70 3638.75 0.58 
848.00 701.42 4124.47 0.61 
855.25 655.50 4668.41 0.36 
550.36 604.11 3133.58 0.28 
669.85 713.18 3891.29 0.44 
721.15 810.93 1316.91 0.34 
691.23 589.77 1353.07 0.32 
741.69 583.90 2613.95 0.27 
680.51 541.65 6492.04 0.28 
826.91 683.54 7590.06 0.41 
695.00 572.80 6179.05 0.33 
757.97 592.39 3832.36 0.38 
594.73 840.66 5523.93 0.11 
853.16 805.99 2147.40 0.45 
724.08 560.72 2088.68 0.44 
608.92 983.69 4630.24 0.46 
741.66 661.08 5689.08 0.50 
591.94 572.36 3126.54 0.49 
546.43 559.10 1951.25 0.21 
1020.79 603.60 5025.46 0.52 
625.21 576.08 4895.49 0.35 
689.22 612.75 7661.13 0.32 
752.90 862.75 3808.72 0.31 
555.38 757.47 5191.20 0.26 
634.81 739.85 2964.66 0.40 
996.53 559.12 2417.62 0.17 
545.70 562.15 7998.17 0.32 
772.08 661.06 1565.35 0.40 
557.47 795.26 3970.67 0.35 
623.89 786.89 2888.33 0.38 
870.52 742.69 3955.65 0.37 
813.06 563.74 5699.91 0.43 
639.53 613.93 709.18 0.37 
1001.01 707.19 4489.23 0.51 
695.36 650.97 2946.43 0.32 
827.71 1094.27 840.09 0.47 
784.97 586.06 1372.13 0.39 
694.45 735.15 4129.32 0.19 
578.69 676.74 5424.53 0.39 
827.50 676.25 3646.36 0.55 
608.35 784.86 4648.05 0.33 
743.10 661.09 4571.57 0.58 
968.31 659.93 1661.21 0.33 
570.21 630.20 5838.83 0.35 
786.91 820.72 2221.43 0.30 
567.27 922.06 3490.69 0.41 
747.12 647.26 2995.98 0.47 
565.80 736.23 2473.46 0.56 
671.43 597.89 5125.07 0.33 
671.88 635.24 6731.65 0.34 
750.63 687.15 1876.99 0.27 
839.38 785.55 3452.01 0.40 
748.96 1026.68 6248.86 0.38 
594.63 836.03 1364.74 0.26 
1013.24 768.79 4927.70 0.30 
692.61 637.78 6643.54 0.36 
583.02 685.87 3925.72 0.47 
671.44 840.62 3938.08 0.34 
778.27 831.95 1786.12 0.30 
1025.90 696.28 4194.45 0.62 
807.76 774.77 4740.49 0.17 
902.53 586.61 1926.16 0.43 
626.58 631.95 5109.47 0.36 
879.80 798.61 4266.04 0.46 
639.22 609.72 6241.54 0.41 
716.49 560.63 2984.61 0.51 
625.26 582.43 4922.58 0.48 
671.22 1091.44 2363.88 0.42 
605.07 643.28 3836.24 0.54 
820.84 620.85 5245.36 0.52 
642.33 739.00 2091.21 0.34 
983.39 658.07 1191.59 0.30 
620.11 554.14 3681.34 0.39 
1000.11 666.04 1984.11 0.35 
949.08 884.83 5143.12 0.27 
686.19 631.79 3533.18 0.29 
873.47 707.28 4037.18 0.26 
566.84 552.03 1642.31 0.27 
674.98 691.23 6498.99 0.35 
864.05 672.11 762.90 0.45 
578.57 921.64 5940.61 0.42 
602.95 899.00 1589.68 0.27 
781.87 643.68 6053.04 0.37 
630.31 627.44 7038.84 0.35 
600.29 596.49 1925.88 0.58 
582.06 570.98 5610.25 0.45 
909.54 936.77 2598.74 0.28 
637.08 838.31 4317.95 0.42 
693.99 587.51 1564.81 0.43 
553.32 924.27 6144.44 0.47 
544.50 1046.17 4269.03 0.34 
698.12 715.32 4573.82 0.45 
551.78 795.45 7368.03 0.28 
865.92 561.27 4383.30 0.34 
1020.07 665.66 3212.38 0.41 
685.96 565.02 4965.68 0.55 
670.72 970.01 6127.79 0.32 
686.22 1169.62 2666.71 0.28 
765.90 922.17 2056.04 0.35 
701.24 662.90 5637.57 0.50 
683.53 665.52 4189.10 0.37 
727.77 595.43 3947.08 0.45 
546.71 924.23 3356.17 0.68 
547.48 697.93 1239.77 0.33 
942.84 759.85 7391.26 0.47 
679.18 568.28 4422.18 0.27 
618.39 696.73 4840.79 0.48 
604.18 566.60 5481.14 0.24 
647.90 659.23 7984.34 0.27 
581.85 1070.78 6536.62 0.25 
550.19 612.09 5376.07 0.35 
554.54 1378.43 6880.82 0.25 
894.18 645.90 6796.30 0.57 
591.83 690.86 1519.80 0.35 
814.13 578.54 5728.91 0.21 
686.20 871.97 7010.21 0.44 
563.54 1094.64 3585.85 0.34 
843.99 692.65 1710.55 0.42 
771.90 676.01 6739.77 0.35 
620.96 881.79 5022.25 0.34 
920.53 1172.87 7882.99 0.35 
830.58 646.69 5992.84 0.29 
636.84 755.42 5778.12 0.38 
1215.41 637.88 1094.00 0.35 
872.86 761.65 1635.04 0.42 
760.46 740.88 2735.81 0.56 
550.46 761.23 7630.34 0.33 
999.98 998.14 5800.42 0.33 
828.80 678.56 5519.15 0.40 
690.78 547.96 7691.96 0.35 
858.24 701.86 1284.65 0.29 
549.60 802.43 5552.95 0.32 
956.50 683.35 7974.13 0.38 
543.03 848.68 5221.95 0.30 
800.89 949.79 7831.02 0.45 
663.90 589.58 2734.31 0.48 
552.82 563.39 1844.20 0.33 
587.66 562.18 2341.85 0.35 
698.08 698.53 5485.27 0.47 
1069.38 543.36 3863.00 0.47 
687.24 852.09 7295.10 0.43 
541.31 780.30 7909.23 0.47 
