666.66 832.18 2509.82 0.55 
707.61 757.07 2600.46 0.19 
1019.77 541.22 3144.14 0.45 
639.91 900.55 5170.74 0.48 
609.83 663.02 2778.20 0.20 
1189.42 540.61 3864.09 0.41 
631.47 641.38 1005.78 0.50 
659.18 559.75 981.18 0.54 
609.92 682.14 6674.08 0.49 
658.18 740.13 3869.62 0.39 
1096.52 1109.30 2923.47 0.30 
986.74 817.85 6577.38 0.26 
556.04 571.22 7086.69 0.44 
758.49 908.44 7048.73 0.47 
602.27 645.10 5985.94 0.38 
618.02 848.76 3463.23 0.51 
697.10 632.52 611.07 0.46 
743.29 747.30 1463.87 0.45 
637.48 695.40 7034.21 0.30 
617.77 851.40 5218.11 0.38 
1030.87 618.78 5539.26 0.35 
578.11 638.35 6157.87 0.38 
774.16 807.26 1268.99 0.37 
759.81 1055.69 3217.49 0.43 
556.97 658.40 1863.50 0.35 
648.55 900.20 4213.12 0.30 
734.78 577.20 3266.19 0.29 
900.97 552.40 1766.83 0.42 
669.50 658.91 5114.98 0.29 
785.75 806.59 4023.11 0.41 
672.98 568.23 4235.27 0.50 
926.49 659.55 5016.31 0.38 
860.37 619.82 7437.85 0.44 
582.72 760.26 6202.53 0.46 
668.85 656.73 6951.34 0.33 
956.33 887.32 3947.82 0.25 
1211.63 793.69 7178.19 0.60 
673.98 544.21 7452.74 0.45 
806.28 621.71 7800.01 0.33 
625.65 783.70 5788.81 0.17 
701.99 639.46 4590.33 0.37 
