704.95 681.75 6910.55 0.41 
625.80 543.19 5798.56 0.44 
766.11 713.02 2527.16 0.47 
746.44 944.72 908.88 0.46 
589.97 692.77 2428.59 0.31 
1042.86 633.98 832.78 0.49 
874.18 602.93 1058.42 0.30 
725.79 1120.17 2519.74 0.40 
671.35 808.06 6339.10 0.60 
622.02 553.66 2729.65 0.42 
931.37 864.03 4861.94 0.44 
567.75 646.51 2155.29 0.45 
729.71 725.85 6318.76 0.31 
631.46 848.48 2052.69 0.52 
543.40 659.75 6934.54 0.59 
574.77 786.74 3887.68 0.27 
732.52 637.08 1848.77 0.31 
634.96 840.12 2956.47 0.34 
879.24 618.80 4320.14 0.29 
635.77 683.42 3732.12 0.37 
541.47 693.91 786.74 0.38 
614.80 651.96 4971.19 0.41 
789.41 741.12 1246.79 0.47 
557.02 761.17 3628.32 0.50 
739.42 721.10 7537.73 0.22 
609.24 579.84 6033.43 0.40 
733.59 1087.03 4672.52 0.53 
729.45 548.99 3757.01 0.44 
650.41 613.95 6878.65 0.39 
661.83 567.08 7324.83 0.19 
888.52 758.02 3709.09 0.36 
543.30 692.36 6821.65 0.40 
628.92 698.46 3506.12 0.44 
580.91 816.03 7364.70 0.31 
550.28 589.19 1972.76 0.51 
611.20 683.83 4056.91 0.36 
585.76 619.92 2366.45 0.31 
640.85 605.76 4165.19 0.46 
1056.81 693.81 7273.68 0.44 
742.69 631.44 3884.32 0.38 
643.43 564.62 5588.15 0.29 
557.78 547.66 5498.64 0.30 
932.03 662.23 5861.51 0.39 
706.02 544.90 7482.88 0.26 
622.86 600.42 1892.54 0.37 
943.28 605.39 825.02 0.34 
1078.15 769.53 613.81 0.39 
762.98 837.45 5497.97 0.34 
577.98 871.11 3685.83 0.28 
903.87 583.03 5445.02 0.33 
961.77 810.95 2505.92 0.53 
684.79 715.77 7175.21 0.38 
816.97 618.52 5497.46 0.27 
669.14 815.49 6418.90 0.58 
541.73 604.56 6856.36 0.28 
554.05 832.13 3877.72 0.44 
554.54 822.79 3723.62 0.44 
615.50 906.20 2424.71 0.19 
880.44 860.60 5139.93 0.21 
772.02 803.93 1145.00 0.24 
701.50 911.76 6722.50 0.42 
1135.44 577.39 680.76 0.40 
671.70 696.33 1982.48 0.25 
607.49 633.07 6579.51 0.20 
845.07 797.01 7268.15 0.39 
1076.84 1095.81 6926.74 0.36 
661.24 774.63 4335.82 0.54 
744.29 729.42 7723.08 0.27 
986.54 883.91 7163.78 0.59 
697.28 590.06 3085.36 0.43 
634.95 662.70 3398.88 0.44 
762.27 691.60 7429.59 0.54 
697.61 558.02 3441.98 0.61 
631.23 825.80 2232.33 0.41 
747.91 797.12 5002.36 0.32 
540.72 742.70 7072.29 0.47 
827.73 755.53 1139.31 0.37 
558.19 600.83 2066.09 0.32 
680.31 685.62 1867.88 0.46 
732.74 569.77 7204.94 0.52 
561.30 840.28 4865.78 0.44 
722.01 771.23 3450.82 0.42 
908.19 625.68 3269.89 0.42 
820.12 849.82 4384.26 0.26 
705.31 674.23 7895.96 0.36 
550.86 615.27 3826.43 0.41 
608.53 697.28 1188.92 0.32 
556.43 590.99 4597.86 0.57 
602.89 701.87 4567.84 0.47 
636.79 542.63 1057.16 0.43 
820.18 916.11 4467.83 0.39 
639.64 779.30 1946.61 0.41 
728.64 763.44 6847.69 0.42 
1004.02 739.23 7047.19 0.49 
838.26 577.35 6669.66 0.41 
583.89 540.01 6683.46 0.36 
801.32 717.84 1225.25 0.39 
778.62 766.64 6465.71 0.33 
719.33 768.65 6224.94 0.28 
667.30 705.82 4831.52 0.64 
989.39 543.74 6201.82 0.51 
756.67 654.65 2596.84 0.29 
579.25 636.26 6709.27 0.42 
541.80 743.42 5533.48 0.38 
727.90 585.68 3245.75 0.35 
728.10 860.29 1280.23 0.31 
950.90 589.44 6867.78 0.41 
720.30 653.69 7781.90 0.46 
653.03 1093.40 7215.03 0.38 
800.13 569.21 2237.30 0.47 
598.64 714.70 1142.08 0.39 
552.98 616.93 3764.91 0.36 
1000.69 570.38 6124.39 0.27 
558.00 558.08 4024.72 0.45 
595.67 812.47 4177.63 0.31 
812.65 716.72 2255.92 0.30 
714.14 731.08 1185.62 0.33 
1020.61 593.85 5202.28 0.27 
575.88 655.61 5034.24 0.27 
610.51 832.10 2097.02 0.24 
730.44 765.34 6514.36 0.52 
891.88 579.59 7504.90 0.28 
977.47 603.53 3651.46 0.41 
683.65 607.05 7156.12 0.55 
744.24 571.10 3873.68 0.48 
945.53 727.91 7350.62 0.22 
725.59 559.08 3251.46 0.41 
759.64 591.38 5595.26 0.39 
544.84 979.82 6415.72 0.08 
1050.26 739.98 4335.13 0.44 
1017.51 713.72 5057.15 0.41 
562.50 685.09 1814.00 0.33 
710.31 541.54 7085.91 0.62 
828.01 859.33 2801.72 0.44 
697.43 644.12 4560.67 0.36 
630.49 553.57 2705.57 0.47 
565.69 870.97 7511.64 0.59 
565.00 611.15 6710.51 0.40 
884.73 763.69 5078.50 0.24 
603.42 556.33 7206.13 0.34 
629.72 916.11 5046.65 0.37 
874.29 571.92 4425.47 0.50 
653.45 837.01 2733.37 0.35 
775.65 573.81 7327.54 0.51 
586.91 879.28 5005.92 0.36 
554.30 665.75 5668.90 0.32 
548.70 978.48 3490.24 0.22 
643.19 578.61 3742.84 0.33 
989.49 627.60 1401.74 0.50 
804.68 893.28 6983.85 0.44 
1371.71 556.46 4603.82 0.54 
978.79 875.56 2400.11 0.24 
1018.10 625.53 7101.10 0.52 
591.89 813.59 3452.68 0.32 
671.16 714.50 2168.74 0.55 
833.02 575.25 2475.42 0.37 
721.76 871.51 1546.93 0.39 
1046.04 890.73 5086.53 0.28 
807.32 687.95 3419.64 0.49 
626.25 641.93 5798.09 0.56 
562.69 542.61 3681.32 0.31 
707.79 706.00 804.99 0.36 
541.70 884.51 3028.37 0.41 
903.93 625.94 6552.98 0.38 
690.65 958.82 4297.45 0.27 
675.99 586.97 947.66 0.28 
625.36 597.59 1488.00 0.34 
541.12 674.76 3763.25 0.50 
834.75 765.13 3588.97 0.42 
911.31 616.59 1940.20 0.17 
586.11 566.45 5379.39 0.48 
1092.82 685.92 4464.77 0.42 
642.09 761.56 1320.29 0.51 
560.25 603.85 5936.22 0.33 
564.32 735.39 1485.10 0.53 
575.16 874.53 6238.27 0.65 
684.45 694.14 649.38 0.19 
657.00 543.30 4813.39 0.54 
794.96 733.38 5067.29 0.34 
973.39 553.73 4189.28 0.43 
982.66 542.32 2076.01 0.52 
656.33 639.14 4477.12 0.43 
694.52 675.76 7021.91 0.35 
870.28 546.50 2897.32 0.52 
554.33 644.77 6482.52 0.22 
1033.64 943.58 5858.63 0.43 
726.20 746.05 7079.40 0.17 
596.89 1272.95 7335.78 0.39 
724.09 663.75 6901.57 0.35 
728.08 636.14 7385.28 0.47 
663.21 839.60 7784.09 0.51 
762.15 635.07 3371.51 0.42 
846.39 822.08 6526.17 0.54 
819.72 817.87 5470.75 0.44 
551.57 880.78 5488.78 0.44 
629.06 749.94 3269.65 0.41 
1128.07 923.01 1930.83 0.28 
624.12 632.50 2800.09 0.38 
635.89 720.59 1028.84 0.40 
618.57 677.46 3872.94 0.36 
833.08 757.25 3419.26 0.36 
