615.52 857.59 3030.32 0.48 
699.03 605.76 2340.18 0.57 
576.21 819.92 5178.09 0.38 
546.35 938.02 6817.53 0.40 
836.68 905.32 4050.21 0.45 
934.55 673.27 813.43 0.45 
574.79 577.07 3380.94 0.58 
858.37 543.35 6777.90 0.51 
592.07 1308.35 3030.10 0.36 
757.48 1087.21 3051.42 0.32 
587.82 639.51 7779.83 0.29 
603.57 815.77 5099.26 0.45 
829.28 784.61 5780.05 0.48 
554.52 973.45 6317.72 0.47 
594.42 684.20 1067.19 0.46 
1010.25 572.38 3874.30 0.43 
625.79 1153.62 5159.45 0.53 
591.17 585.14 5189.01 0.46 
696.62 732.94 5077.91 0.42 
772.21 728.59 2678.12 0.31 
670.49 815.76 7609.18 0.48 
