837.92 884.41 731.47 0.53 
777.22 614.31 3035.67 0.32 
622.27 562.98 3687.77 0.32 
1293.15 893.09 3722.27 0.36 
768.34 694.91 4081.05 0.43 
691.73 691.11 5125.63 0.58 
889.14 549.08 5406.28 0.37 
574.75 674.58 1367.39 0.60 
694.89 570.38 1306.28 0.64 
580.10 670.90 5440.21 0.34 
763.36 778.47 4294.18 0.47 
633.34 592.24 6105.91 0.64 
578.14 800.67 2870.17 0.34 
1319.70 755.28 6671.48 0.34 
772.66 868.06 1000.11 0.44 
1119.78 800.50 2004.70 0.39 
780.88 922.96 949.44 0.33 
597.87 720.73 5057.89 0.35 
577.86 913.50 3274.24 0.45 
1019.17 722.15 6717.94 0.37 
568.79 593.25 608.33 0.30 
866.89 839.68 3009.55 0.36 
869.73 557.22 3163.48 0.25 
698.29 627.11 7513.79 0.43 
561.93 669.54 4307.95 0.37 
577.07 1160.35 3990.51 0.51 
682.22 689.40 2532.45 0.47 
825.75 736.22 575.30 0.51 
596.39 631.22 863.92 0.32 
856.92 662.69 813.44 0.35 
744.37 642.90 6486.03 0.42 
805.88 573.49 1916.93 0.55 
771.99 575.34 6184.22 0.46 
950.11 676.21 7908.00 0.29 
884.19 750.99 2247.25 0.55 
809.75 719.47 6784.40 0.35 
830.72 990.80 1881.29 0.32 
583.89 721.10 2097.19 0.57 
563.73 793.93 1955.55 0.36 
774.80 563.24 7411.27 0.48 
718.64 872.90 2457.67 0.42 
603.63 549.20 798.15 0.42 
1008.70 735.44 5514.75 0.44 
572.52 554.99 788.44 0.29 
612.52 616.33 4972.74 0.41 
768.37 557.33 3953.28 0.12 
701.60 649.07 2417.43 0.40 
645.49 562.56 3084.27 0.38 
855.45 565.50 4929.83 0.44 
665.92 852.57 6475.66 0.50 
1014.72 677.84 6583.10 0.34 
697.92 780.72 2852.66 0.46 
711.22 706.66 2137.41 0.31 
1011.41 654.52 5918.70 0.49 
547.73 795.13 1051.20 0.36 
654.36 587.17 1163.66 0.19 
677.15 737.64 7435.87 0.45 
591.15 750.52 4454.18 0.58 
865.79 631.20 7466.63 0.45 
756.44 692.25 5067.23 0.38 
583.02 1064.18 3082.41 0.64 
753.14 735.22 2385.03 0.12 
903.52 676.10 5565.82 0.33 
555.67 829.03 1314.47 0.47 
860.39 566.94 1630.37 0.32 
570.43 931.34 6769.70 0.54 
901.61 924.66 5153.91 0.60 
569.12 622.50 2892.61 0.44 
963.27 612.94 7026.54 0.52 
743.79 823.97 6473.51 0.42 
602.31 558.58 1740.32 0.37 
704.99 549.24 7880.21 0.42 
757.17 847.34 980.35 0.45 
837.13 983.88 7408.85 0.48 
704.84 830.87 5388.89 0.41 
568.44 786.49 3757.15 0.47 
978.96 653.49 5571.99 0.34 
698.83 886.30 4461.24 0.46 
807.46 841.29 7661.46 0.36 
909.69 615.55 5890.51 0.36 
654.06 1019.92 3523.28 0.32 
1044.50 640.37 2760.71 0.44 
621.55 622.28 1509.25 0.42 
1100.15 764.61 6441.61 0.42 
605.42 694.42 7814.48 0.32 
736.88 664.89 2809.45 0.59 
712.50 576.74 1415.03 0.45 
1044.34 909.47 2402.51 0.46 
731.17 969.54 4853.16 0.26 
582.59 750.76 7355.52 0.25 
804.77 700.37 7891.06 0.29 
732.16 546.56 6530.46 0.47 
604.13 609.75 6127.14 0.48 
627.95 844.64 3469.82 0.45 
725.68 1061.38 6672.44 0.26 
845.01 726.44 2888.25 0.41 
1117.96 540.26 3082.34 0.47 
878.64 643.76 5938.92 0.39 
609.22 734.42 693.95 0.27 
700.17 841.37 3014.71 0.42 
918.15 728.42 4338.65 0.41 
