581.61 893.23 6184.90 0.46 
627.33 630.87 1912.93 0.42 
820.33 760.68 2028.90 0.47 
557.10 642.62 6551.35 0.48 
737.00 975.34 1472.01 0.35 
577.43 790.88 6377.70 0.42 
1000.61 793.23 4531.21 0.44 
643.48 545.65 3404.13 0.41 
643.51 723.02 2564.17 0.31 
640.93 659.12 6583.57 0.46 
895.60 815.23 6435.92 0.41 
809.55 557.01 2764.59 0.36 
802.85 551.36 2517.74 0.15 
698.50 654.53 7673.06 0.53 
767.43 650.52 7376.76 0.46 
726.49 786.30 1343.08 0.45 
778.09 625.62 2550.87 0.35 
778.75 645.27 2654.80 0.42 
722.90 711.48 3140.65 0.38 
994.21 920.03 1826.17 0.43 
567.33 729.50 5301.66 0.35 
617.10 854.89 7866.25 0.47 
732.73 958.72 2972.93 0.43 
592.12 661.94 7421.76 0.36 
633.73 667.60 7275.14 0.32 
833.18 850.58 2991.28 0.37 
890.76 578.19 4546.95 0.31 
628.17 669.71 2223.27 0.52 
587.28 592.74 6495.71 0.45 
642.47 877.54 5127.94 0.39 
543.79 727.54 5795.30 0.39 
