543.66 578.08 2681.02 0.43 
584.40 1042.68 7794.71 0.30 
656.18 708.09 6178.74 0.48 
700.83 961.60 920.36 0.41 
652.62 736.69 693.16 0.39 
841.96 1069.68 7180.38 0.32 
718.62 893.20 7205.62 0.66 
788.96 865.78 6752.41 0.31 
576.01 655.06 7613.91 0.40 
1208.82 844.91 7207.70 0.41 
847.53 940.85 4317.59 0.40 
604.59 710.66 981.74 0.51 
637.99 581.54 6991.12 0.28 
907.83 945.39 1624.68 0.49 
706.33 897.17 3124.74 0.46 
964.66 564.38 1969.30 0.29 
642.43 844.12 3033.07 0.47 
541.31 892.87 3834.47 0.45 
810.52 589.63 1717.58 0.30 
688.12 672.57 5620.43 0.39 
586.69 573.18 3641.25 0.46 
674.95 1124.33 911.79 0.34 
631.86 1001.14 2405.21 0.25 
637.81 771.81 4125.29 0.48 
1132.93 766.74 1742.21 0.32 
838.06 666.76 7364.53 0.36 
724.34 1224.89 7256.14 0.31 
677.60 661.76 2341.34 0.33 
782.12 730.13 6107.91 0.43 
591.44 851.22 972.97 0.45 
662.10 602.02 3175.41 0.16 
922.17 809.73 4063.37 0.39 
697.53 656.82 2738.19 0.37 
765.00 587.11 1302.55 0.55 
803.02 608.41 2580.05 0.28 
611.67 650.47 4776.59 0.50 
714.98 872.73 5596.57 0.38 
568.96 763.35 2366.98 0.23 
876.65 1003.59 1466.37 0.39 
1129.71 570.93 685.99 0.26 
959.52 617.20 6801.07 0.54 
1190.96 560.36 5598.54 0.26 
608.27 653.66 1257.28 0.31 
873.17 990.67 2841.28 0.42 
887.63 1064.91 4075.41 0.39 
629.98 706.32 3559.48 0.44 
596.91 884.02 7175.54 0.45 
802.07 588.68 7651.07 0.33 
652.04 857.86 2182.82 0.40 
742.56 571.85 5304.51 0.33 
590.99 625.54 6989.75 0.55 
555.12 717.76 7501.88 0.42 
648.56 577.13 7054.60 0.50 
720.64 747.99 4198.12 0.53 
652.37 929.50 6663.75 0.59 
569.24 646.34 2348.22 0.42 
984.09 1039.33 4348.65 0.48 
621.74 703.72 3822.29 0.28 
581.59 542.43 7527.57 0.38 
667.81 1099.46 5318.59 0.51 
726.51 737.25 6789.47 0.26 
585.61 595.71 1860.58 0.26 
644.26 695.59 2097.93 0.38 
612.00 1047.98 6248.59 0.54 
794.09 791.26 4330.14 0.37 
820.14 569.58 6112.36 0.43 
604.10 765.98 1049.90 0.46 
718.29 928.88 5327.43 0.38 
748.39 770.33 5359.66 0.42 
574.24 616.07 4917.82 0.42 
694.73 1469.11 5877.82 0.42 
721.32 591.78 2686.94 0.35 
743.97 698.57 2894.32 0.14 
615.43 642.33 7658.34 0.35 
925.20 735.89 1423.08 0.40 
553.48 686.50 4613.10 0.39 
668.35 628.35 2120.45 0.37 
885.72 645.43 3959.82 0.35 
549.88 659.15 4629.29 0.33 
796.18 1072.47 4259.43 0.34 
745.75 636.87 3737.90 0.45 
754.27 631.96 7167.06 0.39 
816.25 894.55 7911.16 0.24 
882.42 853.32 6648.80 0.40 
631.50 591.37 6168.34 0.44 
727.26 578.65 2756.12 0.19 
729.67 676.22 6092.28 0.42 
557.24 748.72 2005.61 0.47 
791.64 980.56 4900.68 0.35 
586.29 822.42 3168.83 0.42 
596.92 732.21 1379.49 0.37 
