546.94 859.73 2786.55 0.32 
625.86 673.86 3530.41 0.28 
675.57 695.55 7690.52 0.40 
624.07 698.89 3481.05 0.46 
711.12 749.97 696.89 0.39 
674.09 709.30 7012.61 0.39 
540.77 574.98 5830.63 0.42 
775.60 576.63 3797.32 0.31 
1092.30 566.15 7107.06 0.42 
600.50 630.41 4263.26 0.45 
726.82 564.83 1920.99 0.32 
576.22 584.35 4179.15 0.32 
697.71 653.15 5723.12 0.40 
701.62 726.58 7096.77 0.39 
977.39 710.18 1359.88 0.34 
884.86 716.89 2142.41 0.39 
583.25 736.57 766.29 0.32 
799.95 657.59 6281.37 0.52 
925.67 878.67 884.42 0.30 
630.07 698.43 7232.65 0.50 
698.44 979.78 3274.65 0.37 
926.56 674.98 5975.21 0.57 
1061.48 739.72 7876.46 0.26 
631.95 625.29 3677.47 0.34 
1309.36 657.76 6214.31 0.56 
836.23 933.99 866.25 0.32 
640.90 552.59 4480.31 0.49 
728.94 779.48 7414.28 0.44 
587.12 547.52 1024.59 0.50 
660.22 610.78 4352.05 0.44 
836.30 546.44 4158.83 0.38 
668.93 613.96 652.98 0.38 
763.82 652.48 6926.82 0.56 
612.38 657.76 6824.12 0.56 
915.42 1070.94 1373.72 0.36 
620.95 578.16 6678.12 0.26 
687.32 695.22 3264.18 0.34 
796.98 727.47 848.71 0.40 
728.05 640.88 3177.62 0.43 
578.29 711.41 1109.08 0.43 
687.38 793.55 6991.45 0.39 
686.18 695.20 7340.89 0.49 
583.86 848.87 7411.04 0.43 
837.06 938.04 3698.14 0.20 
982.02 813.90 1777.62 0.41 
605.06 600.07 7812.02 0.58 
901.76 726.08 1725.66 0.40 
624.72 617.07 5636.19 0.40 
543.21 544.88 1302.04 0.41 
779.05 704.93 4012.04 0.33 
682.94 665.60 2586.74 0.36 
542.55 573.80 2093.75 0.57 
797.75 550.75 1594.96 0.50 
894.04 740.00 6087.64 0.52 
693.69 548.40 5322.27 0.23 
678.80 733.24 5751.15 0.20 
550.83 853.03 4657.50 0.40 
1001.75 664.21 3674.60 0.19 
712.08 837.83 4844.11 0.33 
611.28 570.17 6365.54 0.55 
605.24 666.73 7052.33 0.37 
634.02 541.75 5938.78 0.36 
942.71 547.12 2067.29 0.22 
753.25 804.41 3684.97 0.38 
552.57 911.46 6446.90 0.40 
854.23 648.92 1713.66 0.39 
619.46 596.94 6117.69 0.31 
995.83 636.82 6270.15 0.17 
702.11 661.88 7353.55 0.39 
927.56 553.76 2694.72 0.50 
916.29 633.47 7165.25 0.46 
594.33 632.48 3022.97 0.38 
561.90 646.23 2947.42 0.38 
674.48 543.03 5000.53 0.50 
604.27 550.91 5170.48 0.47 
740.69 669.22 4447.42 0.20 
703.74 569.82 2692.29 0.35 
701.57 845.21 5499.21 0.42 
572.01 651.51 3305.01 0.54 
566.10 833.19 3563.67 0.30 
1066.14 607.32 7486.76 0.46 
