623.44 668.34 4558.59 0.39 
711.31 794.06 3372.19 0.23 
604.56 671.79 7110.08 0.31 
715.91 734.48 1554.72 0.42 
641.67 635.34 1218.81 0.41 
626.90 751.79 4774.88 0.42 
612.49 698.55 6253.93 0.58 
550.21 818.80 5704.74 0.41 
559.73 912.21 2111.28 0.45 
669.93 616.81 6774.77 0.36 
663.98 656.78 6505.99 0.38 
950.92 571.58 3469.17 0.30 
859.44 771.14 2651.43 0.38 
591.70 859.78 1888.51 0.31 
659.66 599.05 6301.71 0.45 
546.83 904.67 5407.29 0.41 
942.29 669.13 6882.54 0.37 
547.35 913.23 7701.71 0.60 
981.89 728.45 3944.74 0.37 
640.68 828.05 6500.70 0.45 
654.40 778.92 4210.82 0.52 
619.85 840.88 7402.62 0.47 
691.71 714.61 5232.27 0.39 
628.08 656.91 2885.06 0.31 
595.86 907.57 5841.99 0.26 
898.51 961.39 7804.55 0.37 
588.24 896.85 5089.56 0.45 
867.58 785.98 1858.64 0.36 
664.88 560.18 1139.67 0.47 
611.90 590.25 7203.02 0.42 
644.20 715.54 2584.36 0.53 
607.32 1082.61 6319.59 0.26 
752.39 631.50 2964.86 0.26 
740.02 548.79 4384.56 0.40 
708.37 883.63 820.47 0.41 
790.32 582.70 1066.21 0.49 
594.37 824.41 7378.93 0.41 
695.78 637.66 2703.39 0.44 
736.97 1161.31 7151.59 0.58 
651.00 705.76 1855.10 0.46 
558.58 552.65 2398.35 0.53 
746.23 540.83 7909.32 0.46 
577.01 941.65 1431.44 0.40 
859.02 712.49 2571.26 0.44 
729.91 617.94 3778.30 0.40 
927.65 609.54 1865.89 0.54 
648.54 807.01 1404.40 0.38 
910.90 769.47 6840.89 0.43 
614.11 789.13 2734.53 0.42 
762.48 935.67 5320.85 0.29 
842.28 594.71 1221.87 0.48 
590.96 710.94 4632.76 0.23 
783.56 555.88 1868.02 0.22 
632.60 592.07 2303.34 0.32 
670.26 791.28 4404.07 0.32 
825.93 732.98 5127.53 0.58 
1157.51 597.76 6615.42 0.39 
671.84 563.45 6941.36 0.37 
593.70 560.51 4994.25 0.48 
975.55 902.86 5065.29 0.31 
887.41 560.80 4549.76 0.47 
678.59 722.61 761.35 0.40 
639.61 654.94 7573.07 0.31 
690.61 548.38 4331.50 0.39 
629.81 928.66 7000.44 0.45 
555.42 631.37 3327.70 0.39 
679.62 1072.53 3654.40 0.50 
762.87 962.44 4888.84 0.51 
580.51 798.26 5009.52 0.37 
633.67 776.31 5464.01 0.23 
759.01 637.54 7150.72 0.21 
