103.50 173.18 0.14 6814.12
91.37 80.88 0.19 3533.58
221.95 50.76 0.33 4565.82
97.67 35.10 0.37 4899.36
68.95 126.76 0.35 4493.93
148.19 78.93 0.12 9450.46
164.15 170.15 0.08 9834.15
86.69 290.86 0.31 8893.76
55.37 314.39 0.03 9925.59
118.85 244.70 0.24 5605.53
42.84 345.75 0.10 6533.31
113.72 323.93 0.41 5470.31
89.55 340.49 0.26 3676.71
170.42 309.35 0.21 1956.97
5.03 464.88 0.34 7065.45
50.65 585.40 0.35 10337.04
146.34 524.88 0.40 5173.12
146.24 522.03 0.09 9565.22
102.80 451.11 0.17 2586.28
85.71 483.41 0.24 8075.93
100.64 529.72 0.32 8918.15
193.63 719.04 0.11 6507.26
94.59 664.35 0.33 2673.73
34.43 747.87 0.18 6621.20
58.80 738.97 0.24 4023.41
56.34 775.05 0.02 10697.59
61.96 677.71 0.26 6703.90
110.16 806.55 0.22 3913.01
5.97 969.80 0.26 7838.33
130.99 939.09 0.11 2406.88
147.50 845.23 0.29 2414.00
78.51 887.12 0.16 2279.59
195.29 980.10 0.30 4864.20
103.82 924.94 0.10 5148.30
33.57 931.11 0.19 6449.73
308.01 84.76 0.09 1005.07
312.46 147.71 0.17 2916.02
323.60 150.41 0.32 1581.60
311.48 41.24 0.17 7059.81
314.50 130.51 0.18 6289.42
240.31 74.24 0.04 9565.20
213.72 158.58 0.25 5679.10
237.19 232.05 0.21 3836.53
240.57 427.95 0.14 5247.46
313.20 283.72 0.32 4964.00
313.62 254.84 0.13 742.77
266.76 313.42 0.20 6437.96
348.02 283.15 0.24 2477.88
295.51 281.06 0.21 2958.18
341.21 483.45 0.27 9000.60
317.57 555.16 0.15 1383.61
199.29 506.76 0.23 3571.87
277.36 524.79 0.33 1595.51
291.28 467.29 0.26 4798.81
313.38 641.36 0.37 572.18
368.42 607.28 0.22 4948.07
338.38 685.21 0.05 8948.30
385.25 613.83 0.12 10108.76
285.85 710.88 0.04 5189.90
263.35 676.94 0.11 3661.45
325.96 706.50 0.14 6566.24
318.77 709.95 0.19 5164.56
344.59 656.51 0.16 5595.72
261.59 908.38 0.22 9393.33
267.65 937.58 0.26 5519.71
308.23 941.46 0.01 5344.64
359.30 894.08 0.18 2548.23
324.82 853.43 0.19 5498.44
205.57 919.43 0.32 3922.62
252.81 902.43 0.23 1593.01
560.16 68.73 0.33 7717.67
499.03 108.48 0.28 7127.55
436.77 59.09 0.11 8039.28
586.16 20.93 0.17 9475.83
494.85 156.19 0.19 3769.86
520.82 78.97 0.19 5156.70
531.52 69.90 0.10 4085.94
558.20 322.43 0.21 8864.54
481.81 333.37 0.36 9179.22
502.28 343.21 0.37 8154.79
476.65 301.93 0.34 2839.98
523.08 374.89 0.32 6197.98
477.68 343.18 0.28 5289.69
519.05 371.15 0.06 10240.00
435.90 395.17 0.26 6131.16
525.77 490.49 0.14 2201.06
464.85 461.45 0.11 8189.82
482.45 480.92 0.31 8165.55
489.15 465.70 0.14 1603.85
394.65 499.41 0.15 2171.24
532.71 621.83 0.01 6338.37
488.31 645.54 0.22 7687.42
597.23 692.86 0.32 1378.25
471.89 712.65 0.22 5734.93
471.96 695.97 0.28 1556.64
594.26 724.85 0.31 3977.09
460.69 697.26 0.31 5348.60
401.32 650.27 0.03 7891.17
465.85 836.41 0.09 3654.59
483.02 894.22 0.07 3944.91
490.91 966.81 0.08 3146.65
500.23 917.32 0.14 5425.92
511.56 905.20 0.33 6549.98
621.97 873.12 0.30 7728.72
474.97 858.10 0.13 8236.88
660.49 67.92 0.38 7814.58
755.38 178.60 0.29 7431.12
735.54 31.94 0.18 5588.85
721.79 87.99 0.24 6100.23
769.79 190.13 0.31 4696.59
659.32 176.26 0.27 4629.28
697.01 61.08 0.29 5944.42
816.06 323.97 0.16 667.39
689.70 280.77 0.18 526.38
731.31 245.11 0.07 2270.43
651.46 242.46 0.44 9955.19
769.70 285.81 0.17 9669.84
676.36 316.76 0.26 8414.36
724.73 173.46 0.35 9947.29
680.76 555.43 0.24 9511.41
654.44 526.86 0.42 3107.47
648.06 488.48 0.14 10465.92
707.81 456.89 0.18 7256.70
620.23 503.50 0.16 6181.94
692.54 390.35 0.32 8766.75
686.28 473.05 0.24 5573.60
733.18 745.73 0.36 4896.80
648.59 728.47 0.25 2463.82
717.78 718.80 0.23 6561.33
664.03 715.90 0.17 3634.41
699.96 725.61 0.02 10024.17
672.55 845.07 0.18 1756.63
764.62 756.60 0.27 895.07
665.81 926.43 0.05 4984.41
657.20 885.91 0.29 6345.78
702.09 925.01 0.15 1742.75
743.37 798.36 0.15 3639.36
705.17 924.99 0.06 4321.02
660.71 944.39 0.23 7610.43
646.26 878.14 0.12 9457.86
999.00 24.25 0.05 9439.63
930.30 187.65 0.16 9015.26
856.11 13.50 0.34 7389.86
912.16 157.31 0.33 6898.80
884.01 52.28 0.11 2322.91
856.22 98.20 0.35 8472.88
839.52 72.39 0.26 2759.70
899.66 233.88 0.32 4099.87
951.73 233.52 0.22 2293.95
906.33 261.78 0.16 8043.14
895.64 259.91 0.05 3234.57
886.08 328.72 0.25 8332.22
878.47 380.47 0.29 6687.16
859.44 367.62 0.17 5092.06
871.67 494.36 0.19 7175.04
872.42 582.52 0.17 5164.81
916.68 536.53 0.09 584.33
830.84 512.05 0.35 7513.26
975.33 398.96 0.26 3275.37
889.20 516.11 0.21 10089.20
926.25 487.72 0.18 2741.88
917.48 612.65 0.08 5297.62
919.59 658.45 0.05 6649.47
937.81 711.23 0.01 8274.88
957.92 624.26 0.23 7318.71
855.23 681.59 0.18 2032.25
885.09 642.37 0.24 7968.23
958.35 659.13 0.18 8002.98
981.59 877.74 0.15 9868.85
866.71 910.45 0.08 2537.17
943.88 831.21 0.18 2339.07
887.63 936.54 0.14 6704.15
892.28 940.97 0.21 9635.09
999.00 950.24 0.14 6017.57
929.25 913.69 0.46 7624.86
