716.620000 368.830000 0.250000 1698.920000
646.790000 428.430000 0.220000 4334.970000
738.920000 667.640000 0.190000 2517.670000
444.880000 473.510000 0.290000 1511.550000
455.550000 126.540000 0.070000 3291.120000
726.240000 524.450000 0.210000 3532.920000
534.490000 403.330000 0.170000 3524.080000
260.020000 581.270000 0.420000 4314.390000
577.650000 901.880000 0.190000 3401.990000
714.040000 440.440000 0.220000 2472.430000
561.160000 314.040000 0.150000 3337.890000
367.630000 420.210000 0.110000 2280.350000
452.790000 567.850000 0.160000 3080.320000
187.880000 323.440000 0.410000 3023.400000
456.500000 538.060000 0.210000 1202.400000
556.020000 514.920000 0.310000 3771.380000
387.700000 609.890000 0.130000 2332.560000
805.960000 552.660000 0.300000 1389.810000
312.320000 577.860000 0.160000 2565.890000
237.200000 483.280000 0.310000 1460.610000
Schedule:20 1 4 17 10 3 14 5 11 6 16 7 8 2 20 1 4 17 3 14 5 11 6 7 16 8 2 20 4 1 3 17 5 11 6 14 16 8 2 20 4 1 5 11 6 17 16 8 2 14 
Number of Deaths: 9
Execution time: 151214.0