670.69 655.30 2239.13 0.34 
805.04 725.35 2209.57 0.40 
745.05 668.80 613.99 0.42 
1202.18 587.81 731.62 0.44 
945.09 831.62 1337.28 0.44 
893.01 673.71 1460.50 0.35 
856.74 572.23 982.20 0.30 
728.66 720.64 1937.81 0.30 
890.97 773.35 820.79 0.51 
581.56 1025.25 1133.16 0.40 
762.91 880.37 1844.24 0.55 
1168.43 878.23 1815.90 0.45 
762.91 597.98 2089.68 0.54 
688.38 742.67 2007.80 0.33 
873.41 623.52 905.37 0.48 
700.93 656.02 2168.89 0.34 
721.47 890.81 2295.18 0.39 
788.45 1364.16 1569.68 0.46 
625.55 782.11 2419.76 0.44 
802.72 614.67 1821.69 0.43 
558.37 544.54 1511.95 0.44 
926.78 544.07 2059.64 0.47 
606.47 632.13 1698.78 0.60 
643.87 588.82 2874.24 0.36 
550.95 566.64 1518.47 0.39 
826.43 932.46 1690.10 0.38 
600.52 659.73 1493.39 0.25 
567.62 734.77 1025.28 0.44 
951.41 634.32 1379.95 0.51 
706.68 760.30 1047.24 0.39 
657.40 641.81 1149.30 0.46 
575.47 658.82 695.68 0.46 
543.74 823.74 2085.81 0.47 
776.60 1137.42 1634.70 0.31 
964.62 713.50 586.31 0.53 
585.74 579.80 1021.11 0.31 
696.41 814.62 1167.05 0.39 
873.21 694.96 1133.83 0.51 
717.59 704.56 826.51 0.29 
650.94 718.08 544.78 0.37 
604.66 726.39 1275.75 0.29 
695.87 658.71 1348.69 0.33 
1029.13 696.53 942.41 0.44 
586.52 886.01 931.47 0.45 
595.82 634.74 1801.07 0.36 
628.13 598.23 926.62 0.41 
716.25 540.65 2000.18 0.52 
792.59 594.82 1435.09 0.54 
580.77 549.67 1915.31 0.36 
640.65 555.14 1534.14 0.29 
632.24 818.43 998.12 0.37 
645.04 584.76 1978.28 0.55 
545.09 586.45 2036.24 0.53 
745.02 545.78 1292.04 0.38 
821.37 694.78 1537.24 0.42 
601.41 766.69 2175.59 0.45 
685.62 748.07 890.65 0.54 
556.50 825.67 1498.56 0.36 
891.75 846.72 928.86 0.58 
882.34 641.81 2266.70 0.40 
895.06 867.22 1636.85 0.53 
707.14 558.29 736.82 0.26 
584.48 644.35 1293.02 0.48 
874.35 798.16 1676.17 0.38 
648.40 607.61 832.79 0.44 
850.69 611.47 1209.78 0.30 
961.57 1115.00 1295.85 0.35 
690.03 649.50 1313.36 0.32 
607.50 622.07 2351.08 0.34 
609.95 609.59 1523.54 0.49 
787.37 766.29 892.30 0.39 
21 49 65 68 31 40 3 66 15 29 35 9 59 71 37 57 30 20 48 13 62 24 46 52 23 45 63 32 53 36 70 28 56 51 44 33 58 19 38 43 4 6 55 54 47 16 42 39 8 41 25 50 7 22 5 61 11 17 10 14 27 69 1 60 2 64 26 34 18 67 12 
Best fitness: 10.17
51 59 11 37 40 15 29 4 35 38 71 3 39 14 30 57 32 46 62 65 52 54 47 68 1 69 70 45 63 23 31 28 61 5 9 2 8 16 48 55 6 7 13 42 27 41 33 58 56 44 10 17 64 20 25 36 21 53 66 22 43 12 67 26 19 49 50 24 60 34 18 
Worst fitness: 13.19

Mean: 11.54

Standard deviation: 0.33
