877.83 752.85 1952.82 0.53 
627.63 778.01 782.71 0.33 
570.20 973.96 1155.08 0.35 
838.38 540.14 1501.91 0.46 
890.83 684.02 1165.08 0.34 
562.92 692.19 1132.97 0.40 
681.28 843.00 2127.57 0.26 
635.97 957.42 907.32 0.32 
1148.76 646.24 1425.78 0.51 
996.95 1015.06 1452.82 0.39 
626.79 991.89 3964.43 0.59 
768.12 1143.46 1268.60 0.35 
592.84 962.83 2678.16 0.34 
763.70 841.14 1177.01 0.33 
772.31 699.28 830.61 0.26 
653.09 810.45 1492.22 0.48 
629.04 637.95 2838.08 0.49 
852.72 650.37 1615.79 0.31 
644.02 1089.85 1960.81 0.58 
733.86 651.54 2231.65 0.33 
713.19 646.84 2041.42 0.50 
814.69 571.66 1114.82 0.49 
608.30 682.79 867.62 0.39 
580.89 636.60 824.14 0.41 
749.87 546.87 568.19 0.52 
557.70 939.92 1392.88 0.44 
707.80 769.38 1434.43 0.30 
704.00 587.02 2108.94 0.31 
763.22 580.16 855.16 0.19 
610.79 832.91 2287.54 0.35 
918.60 864.52 1463.09 0.38 
612.30 636.55 785.19 0.38 
798.80 777.52 1522.96 0.36 
551.84 809.51 1668.56 0.32 
999.96 866.73 2325.40 0.48 
683.26 806.73 1186.22 0.39 
809.85 918.43 1550.82 0.52 
661.81 810.24 1227.73 0.42 
651.37 579.27 1663.42 0.36 
767.76 868.01 1381.96 0.44 
566.41 550.35 1652.09 0.29 
553.03 885.75 549.81 0.51 
775.75 623.50 1388.82 0.44 
600.73 867.59 654.02 0.25 
836.40 994.88 1071.37 0.35 
886.52 942.97 1592.22 0.42 
814.94 795.11 1619.28 0.46 
599.08 597.20 2540.68 0.58 
703.61 916.79 1552.59 0.30 
567.41 624.01 1502.48 0.44 
882.61 711.71 757.33 0.42 
554.77 708.44 2048.43 0.58 
615.54 567.91 1346.65 0.31 
694.01 719.40 1201.09 0.47 
601.52 726.43 913.59 0.38 
595.84 924.73 1620.23 0.38 
722.50 552.04 1741.61 0.44 
687.83 615.70 1855.98 0.39 
831.30 616.43 1346.44 0.42 
540.27 587.75 940.17 0.30 
844.55 615.78 1072.68 0.35 
555.95 645.89 680.36 0.27 
646.35 920.53 678.24 0.63 
604.69 773.05 2232.40 0.29 
612.47 928.32 1427.78 0.44 
872.03 592.10 1636.21 0.49 
709.07 667.80 1059.25 0.47 
725.18 641.87 1125.03 0.37 
568.79 727.01 962.86 0.62 
744.05 596.91 1943.63 0.29 
747.46 692.74 1413.02 0.26 
654.07 759.42 2206.02 0.36 
902.34 780.86 1275.16 0.33 
1023.90 876.47 1828.20 0.36 
712.20 552.22 1510.16 0.35 
681.01 890.05 1226.99 0.23 
710.66 612.90 1840.82 0.36 
1049.41 677.70 1815.58 0.39 
604.07 1161.01 967.52 0.32 
550.17 603.73 864.05 0.40 
1254.87 822.72 1840.27 0.42 
784.42 556.60 1603.03 0.61 
678.59 816.81 1754.78 0.33 
641.68 904.23 1386.99 0.58 
589.02 901.12 2740.22 0.22 
672.94 646.99 1132.95 0.39 
583.56 966.70 1200.48 0.41 
891.90 946.83 1882.99 0.43 
728.89 661.96 1920.68 0.41 
917.93 684.38 686.77 0.43 
623.06 559.02 1357.94 0.31 
41 62 52 69 16 64 2 30 85 87 3 42 44 63 84 51 15 89 55 6 23 24 91 53 48 50 80 60 32 57 25 82 22 4 59 61 18 43 77 58 86 21 68 67 38 36 27 54 1 33 40 37 8 65 26 56 19 79 11 72 39 75 90 5 47 14 76 49 35 74 71 28 29 70 73 31 45 12 46 78 9 66 7 83 88 34 20 17 13 10 81 
Best fitness: 15.08
80 48 23 86 6 2 38 27 67 54 55 42 8 63 83 20 70 25 82 58 69 32 22 51 5 43 68 21 36 16 26 65 84 37 46 45 76 44 7 15 90 1 18 61 47 14 56 3 87 19 79 34 77 28 57 75 24 62 52 72 71 66 4 29 59 73 49 40 89 17 60 50 91 41 39 33 88 12 10 74 31 11 64 30 53 85 13 78 35 9 81 
Worst fitness: 18.73

Mean: 17.16

Standard deviation: 0.77
