612.79 707.78 1256.08 0.39 
584.71 790.27 1576.37 0.50 
1025.16 751.79 1384.25 0.38 
637.03 980.87 1763.39 0.43 
621.40 556.51 1167.47 0.35 
541.74 658.33 578.43 0.51 
903.03 725.33 946.30 0.47 
732.22 635.28 1111.68 0.51 
677.06 587.25 1299.60 0.40 
710.63 770.58 1497.84 0.62 
665.78 749.32 2331.42 0.45 
666.23 541.26 1799.20 0.40 
1425.22 690.63 1994.79 0.41 
649.50 703.56 1299.81 0.48 
607.13 747.44 2732.98 0.21 
587.18 780.79 1074.50 0.50 
1047.84 1085.92 1704.37 0.45 
572.97 639.91 1112.32 0.52 
753.17 540.43 2007.24 0.34 
721.69 934.81 1385.77 0.44 
836.18 659.78 1375.69 0.37 
684.41 582.48 1821.70 0.40 
666.02 772.12 1306.27 0.49 
904.02 1041.74 1885.15 0.52 
851.63 910.12 1116.63 0.27 
571.24 762.23 1744.27 0.44 
585.51 787.22 762.80 0.47 
650.78 880.75 746.13 0.44 
742.77 1019.27 1256.84 0.47 
885.19 596.39 1393.55 0.52 
785.81 549.85 1999.30 0.51 
12 5 18 6 27 28 4 2 16 26 15 11 23 10 20 29 7 21 8 14 1 9 22 19 31 30 3 25 24 17 13 
Fitness: 2.91


Mean: 2.68

Standard deviation: 0.01
12 5 18 6 27 28 4 2 16 26 15 11 23 10 20 29 7 21 8 14 1 9 22 19 31 30 3 25 24 17 13 
Fitness: 2.91


Mean: 2.68

Standard deviation: 0.01
12 5 18 6 27 28 4 2 16 26 15 11 23 10 20 29 7 21 8 14 1 9 22 19 31 30 3 25 24 17 13 
Fitness: 2.91


Mean: 2.68

Standard deviation: 0.01
12 5 18 6 27 28 4 2 16 26 15 11 23 10 20 29 7 21 8 14 1 9 22 19 31 30 3 25 24 17 13 
Fitness: 2.91


Mean: 2.68

Standard deviation: 0.01
12 5 18 6 27 28 4 2 16 26 15 11 23 10 20 29 7 21 8 14 1 9 22 19 31 30 3 25 24 17 13 
Fitness: 2.91


Mean: 2.68

Standard deviation: 0.01
12 5 18 6 27 28 4 2 16 26 15 11 23 10 20 29 7 21 8 14 1 9 22 19 31 30 3 25 24 17 13 
Fitness: 2.91


Mean: 2.68

Standard deviation: 0.01
12 5 18 6 27 28 4 2 16 26 15 11 23 10 20 29 7 21 8 14 1 9 22 19 31 30 3 25 24 17 13 
Fitness: 2.91


Mean: 2.68

Standard deviation: 0.01
12 5 18 6 27 28 4 2 16 26 15 11 23 10 20 29 7 21 8 14 1 9 22 19 31 30 3 25 24 17 13 
Fitness: 2.91


Mean: 2.68

Standard deviation: 0.01
12 5 18 6 27 28 4 2 16 26 15 11 23 10 20 29 7 21 8 14 1 9 22 19 31 30 3 25 24 17 13 
Fitness: 2.91


Mean: 2.68

Standard deviation: 0.01
12 5 18 6 27 28 4 2 16 26 15 11 23 10 20 29 7 21 8 14 1 9 22 19 31 30 3 25 24 17 13 
Fitness: 2.91


Mean: 2.68

Standard deviation: 0.01
12 5 18 6 27 28 4 2 16 26 15 11 23 10 20 29 7 21 8 14 1 9 22 19 31 30 3 25 24 17 13 
Fitness: 2.91


Mean: 2.68

Standard deviation: 0.01
12 5 18 6 27 28 4 2 16 26 15 11 23 10 20 29 7 21 8 14 1 9 22 19 31 30 3 25 24 17 13 
Fitness: 2.91


Mean: 2.68

Standard deviation: 0.01
12 5 18 6 27 28 4 2 16 26 15 11 23 10 20 29 7 21 8 14 1 9 22 19 31 30 3 25 24 17 13 
Fitness: 2.91


Mean: 2.68

Standard deviation: 0.01
12 5 18 6 27 28 4 2 16 26 15 11 23 10 20 29 7 21 8 14 1 9 22 19 31 30 3 25 24 17 13 
Fitness: 2.91


Mean: 2.68

Standard deviation: 0.01
12 5 18 6 27 28 4 2 16 26 15 11 23 10 20 29 7 21 8 14 1 9 22 19 31 30 3 25 24 17 13 
Fitness: 2.91


Mean: 2.68

Standard deviation: 0.01
12 5 18 6 27 28 4 2 16 26 15 11 23 10 20 29 7 21 8 14 1 9 22 19 31 30 3 25 24 17 13 
Fitness: 2.91


Mean: 2.68

Standard deviation: 0.01
12 5 18 6 27 28 4 2 16 26 15 11 23 10 20 29 7 21 8 14 1 9 22 19 31 30 3 25 24 17 13 
Fitness: 2.91


Mean: 2.68

Standard deviation: 0.01
12 5 18 6 27 28 4 2 16 26 15 11 23 10 20 29 7 21 8 14 1 9 22 19 31 30 3 25 24 17 13 
Fitness: 2.91


Mean: 2.68

Standard deviation: 0.01
12 5 18 6 27 28 4 2 16 26 15 11 23 10 20 29 7 21 8 14 1 9 22 19 31 30 3 25 24 17 13 
Fitness: 2.91


Mean: 2.68

Standard deviation: 0.01
12 5 18 6 27 28 4 2 16 26 15 11 23 10 20 29 7 21 8 14 1 9 22 19 31 30 3 25 24 17 13 
Fitness: 2.91


Mean: 2.68

Standard deviation: 0.01
12 5 18 6 27 28 4 2 16 26 15 11 23 10 20 29 7 21 8 14 1 9 22 19 31 30 3 25 24 17 13 
Fitness: 2.91


Mean: 2.68

Standard deviation: 0.01
12 5 18 6 27 28 4 2 16 26 15 11 23 10 20 29 7 21 8 14 1 9 22 19 31 30 3 25 24 17 13 
Fitness: 2.91


Mean: 2.68

Standard deviation: 0.01
12 5 18 6 27 28 4 2 16 26 15 11 23 10 20 29 7 21 8 14 1 9 22 19 31 30 3 25 24 17 13 
Fitness: 2.91


Mean: 2.68

Standard deviation: 0.01
12 5 18 6 27 28 4 2 16 26 15 11 23 10 20 29 7 21 8 14 1 9 22 19 31 30 3 25 24 17 13 
Fitness: 2.91


Mean: 2.68

Standard deviation: 0.01
12 5 18 6 27 28 4 2 16 26 15 11 23 10 20 29 7 21 8 14 1 9 22 19 31 30 3 25 24 17 13 
Fitness: 2.91


Mean: 2.68

Standard deviation: 0.01
12 5 18 6 27 28 4 2 16 26 15 11 23 10 20 29 7 21 8 14 1 9 22 19 31 30 3 25 24 17 13 
Fitness: 2.91


Mean: 2.68

Standard deviation: 0.01
12 5 18 6 27 28 4 2 16 26 15 11 23 10 20 29 7 21 8 14 1 9 22 19 31 30 3 25 24 17 13 
Fitness: 2.91


Mean: 2.68

Standard deviation: 0.01
12 5 18 6 27 28 4 2 16 26 15 11 23 10 20 29 7 21 8 14 1 9 22 19 31 30 3 25 24 17 13 
Fitness: 2.91


Mean: 2.68

Standard deviation: 0.01
12 5 18 6 27 28 4 2 16 26 15 11 23 10 20 29 7 21 8 14 1 9 22 19 31 30 3 25 24 17 13 
Fitness: 2.91


Mean: 2.68

Standard deviation: 0.01
12 5 18 6 27 28 4 2 16 26 15 11 23 10 20 29 7 21 8 14 1 9 22 19 31 30 3 25 24 17 13 
Fitness: 2.91


Mean: 2.68

Standard deviation: 0.01
12 5 18 6 27 28 4 2 16 26 15 11 23 10 20 29 7 21 8 14 1 9 22 19 31 30 3 25 24 17 13 
Fitness: 2.91


Mean: 2.68

Standard deviation: 0.01
12 5 18 6 27 28 4 2 16 26 15 11 23 10 20 29 7 21 8 14 1 9 22 19 31 30 3 25 24 17 13 
Fitness: 2.91


Mean: 2.68

Standard deviation: 0.01
12 5 18 6 27 28 4 2 16 26 15 11 23 10 20 29 7 21 8 14 1 9 22 19 31 30 3 25 24 17 13 
Fitness: 2.91


Mean: 2.68

Standard deviation: 0.01
12 5 18 6 27 28 4 2 16 26 15 11 23 10 20 29 7 21 8 14 1 9 22 19 31 30 3 25 24 17 13 
Fitness: 2.91


Mean: 2.68

Standard deviation: 0.01
12 5 18 6 27 28 4 2 16 26 15 11 23 10 20 29 7 21 8 14 1 9 22 19 31 30 3 25 24 17 13 
Fitness: 2.91


Mean: 2.68

Standard deviation: 0.01
12 5 18 6 27 28 4 2 16 26 15 11 23 10 20 29 7 21 8 14 1 9 22 19 31 30 3 25 24 17 13 
Fitness: 2.91


Mean: 2.68

Standard deviation: 0.01
12 5 18 6 27 28 4 2 16 26 15 11 23 10 20 29 7 21 8 14 1 9 22 19 31 30 3 25 24 17 13 
Fitness: 2.91


Mean: 2.68

Standard deviation: 0.01
12 5 18 6 27 28 4 2 16 26 15 11 23 10 20 29 7 21 8 14 1 9 22 19 31 30 3 25 24 17 13 
Fitness: 2.91


Mean: 2.68

Standard deviation: 0.01
12 5 18 6 27 28 4 2 16 26 15 11 23 10 20 29 7 21 8 14 1 9 22 19 31 30 3 25 24 17 13 
Fitness: 2.91


Mean: 2.68

Standard deviation: 0.01
12 5 18 6 27 28 4 2 16 26 15 11 23 10 20 29 7 21 8 14 1 9 22 19 31 30 3 25 24 17 13 
Fitness: 2.91


Mean: 2.68

Standard deviation: 0.01
12 5 18 6 27 28 4 2 16 26 15 11 23 10 20 29 7 21 8 14 1 9 22 19 31 30 3 25 24 17 13 
Fitness: 2.91


Mean: 2.68

Standard deviation: 0.01
12 5 18 6 27 28 4 2 16 26 15 11 23 10 20 29 7 21 8 14 1 9 22 19 31 30 3 25 24 17 13 
Fitness: 2.91


Mean: 2.68

Standard deviation: 0.01
12 5 18 6 27 28 4 2 16 26 15 11 23 10 20 29 7 21 8 14 1 9 22 19 31 30 3 25 24 17 13 
Fitness: 2.91


Mean: 2.68

Standard deviation: 0.01
12 5 18 6 27 28 4 2 16 26 15 11 23 10 20 29 7 21 8 14 1 9 22 19 31 30 3 25 24 17 13 
Fitness: 2.91


Mean: 2.68

Standard deviation: 0.01
12 5 18 6 27 28 4 2 16 26 15 11 23 10 20 29 7 21 8 14 1 9 22 19 31 30 3 25 24 17 13 
Fitness: 2.91


Mean: 2.68

Standard deviation: 0.01
12 5 18 6 27 28 4 2 16 26 15 11 23 10 20 29 7 21 8 14 1 9 22 19 31 30 3 25 24 17 13 
Fitness: 2.91


Mean: 2.68

Standard deviation: 0.01
12 5 18 6 27 28 4 2 16 26 15 11 23 10 20 29 7 21 8 14 1 9 22 19 31 30 3 25 24 17 13 
Fitness: 2.91


Mean: 2.68

Standard deviation: 0.01
12 5 18 6 27 28 4 2 16 26 15 11 23 10 20 29 7 21 8 14 1 9 22 19 31 30 3 25 24 17 13 
Fitness: 2.91


Mean: 2.68

Standard deviation: 0.01
12 5 18 6 27 28 4 2 16 26 15 11 23 10 20 29 7 21 8 14 1 9 22 19 31 30 3 25 24 17 13 
Fitness: 2.91


Mean: 2.68

Standard deviation: 0.01
12 5 18 6 27 28 4 2 16 26 15 11 23 10 20 29 7 21 8 14 1 9 22 19 31 30 3 25 24 17 13 
Fitness: 2.91


Mean: 2.68

Standard deviation: 0.01
12 5 18 6 27 28 4 2 16 26 15 11 23 10 20 29 7 21 8 14 1 9 22 19 31 30 3 25 24 17 13 
Fitness: 2.91


Mean: 2.68

Standard deviation: 0.01
12 5 18 6 27 28 4 2 16 26 15 11 23 10 20 29 7 21 8 14 1 9 22 19 31 30 3 25 24 17 13 
Fitness: 2.91


Mean: 2.68

Standard deviation: 0.01
12 5 18 6 27 28 4 2 16 26 15 11 23 10 20 29 7 21 8 14 1 9 22 19 31 30 3 25 24 17 13 
Fitness: 2.91


Mean: 2.68

Standard deviation: 0.01
12 5 18 6 27 28 4 2 16 26 15 11 23 10 20 29 7 21 8 14 1 9 22 19 31 30 3 25 24 17 13 
Fitness: 2.91


Mean: 2.68

Standard deviation: 0.01
12 5 18 6 27 28 4 2 16 26 15 11 23 10 20 29 7 21 8 14 1 9 22 19 31 30 3 25 24 17 13 
Fitness: 2.91


Mean: 2.68

Standard deviation: 0.01
12 5 18 6 27 28 4 2 16 26 15 11 23 10 20 29 7 21 8 14 1 9 22 19 31 30 3 25 24 17 13 
Fitness: 2.91


Mean: 2.68

Standard deviation: 0.01
12 5 18 6 27 28 4 2 16 26 15 11 23 10 20 29 7 21 8 14 1 9 22 19 31 30 3 25 24 17 13 
Fitness: 2.91


Mean: 2.68

Standard deviation: 0.01
12 5 18 6 27 28 4 2 16 26 15 11 23 10 20 29 7 21 8 14 1 9 22 19 31 30 3 25 24 17 13 
Fitness: 2.91


Mean: 2.68

Standard deviation: 0.01
12 5 18 6 27 28 4 2 16 26 15 11 23 10 20 29 7 21 8 14 1 9 22 19 31 30 3 25 24 17 13 
Fitness: 2.91


Mean: 2.68

Standard deviation: 0.01
12 5 18 6 27 28 4 2 16 26 15 11 23 10 20 29 7 21 8 14 1 9 22 19 31 30 3 25 24 17 13 
Fitness: 2.91


Mean: 2.68

Standard deviation: 0.01
12 5 18 6 27 28 4 2 16 26 15 11 23 10 20 29 7 21 8 14 1 9 22 19 31 30 3 25 24 17 13 
Fitness: 2.91


Mean: 2.68

Standard deviation: 0.01
12 5 18 6 27 28 4 2 16 26 15 11 23 10 20 29 7 21 8 14 1 9 22 19 31 30 3 25 24 17 13 
Fitness: 2.91


Mean: 2.68

Standard deviation: 0.01
12 5 18 6 27 28 4 2 16 26 15 11 23 10 20 29 7 21 8 14 1 9 22 19 31 30 3 25 24 17 13 
Fitness: 2.91


Mean: 2.68

Standard deviation: 0.01
12 5 18 6 27 28 4 2 16 26 15 11 23 10 20 29 7 21 8 14 1 9 22 19 31 30 3 25 24 17 13 
Fitness: 2.91


Mean: 2.68

Standard deviation: 0.01
12 5 18 6 27 28 4 2 16 26 15 11 23 10 20 29 7 21 8 14 1 9 22 19 31 30 3 25 24 17 13 
Fitness: 2.91


Mean: 2.68

Standard deviation: 0.01
12 5 18 6 27 28 4 2 16 26 15 11 23 10 20 29 7 21 8 14 1 9 22 19 31 30 3 25 24 17 13 
Fitness: 2.91


Mean: 2.68

Standard deviation: 0.01
12 5 18 6 27 28 4 2 16 26 15 11 23 10 20 29 7 21 8 14 1 9 22 19 31 30 3 25 24 17 13 
Fitness: 2.91


Mean: 2.68

Standard deviation: 0.01
12 5 18 6 27 28 4 2 16 26 15 11 23 10 20 29 7 21 8 14 1 9 22 19 31 30 3 25 24 17 13 
Fitness: 2.91


Mean: 2.68

Standard deviation: 0.01
12 5 18 6 27 28 4 2 16 26 15 11 23 10 20 29 7 21 8 14 1 9 22 19 31 30 3 25 24 17 13 
Fitness: 2.91


Mean: 2.68

Standard deviation: 0.01
12 5 18 6 27 28 4 2 16 26 15 11 23 10 20 29 7 21 8 14 1 9 22 19 31 30 3 25 24 17 13 
Fitness: 2.91


Mean: 2.68

Standard deviation: 0.01
12 5 18 6 27 28 4 2 16 26 15 11 23 10 20 29 7 21 8 14 1 9 22 19 31 30 3 25 24 17 13 
Fitness: 2.91


Mean: 2.68

Standard deviation: 0.01
12 5 18 6 27 28 4 2 16 26 15 11 23 10 20 29 7 21 8 14 1 9 22 19 31 30 3 25 24 17 13 
Fitness: 2.91


Mean: 2.68

Standard deviation: 0.01
12 5 18 6 27 28 4 2 16 26 15 11 23 10 20 29 7 21 8 14 1 9 22 19 31 30 3 25 24 17 13 
Fitness: 2.91


Mean: 2.68

Standard deviation: 0.01
12 5 18 6 27 28 4 2 16 26 15 11 23 10 20 29 7 21 8 14 1 9 22 19 31 30 3 25 24 17 13 
Fitness: 2.91


Mean: 2.68

Standard deviation: 0.01
12 5 18 6 27 28 4 2 16 26 15 11 23 10 20 29 7 21 8 14 1 9 22 19 31 30 3 25 24 17 13 
Fitness: 2.91


Mean: 2.68

Standard deviation: 0.01
12 5 18 6 27 28 4 2 16 26 15 11 23 10 20 29 7 21 8 14 1 9 22 19 31 30 3 25 24 17 13 
Fitness: 2.91


Mean: 2.68

Standard deviation: 0.01
12 5 18 6 27 28 4 2 16 26 15 11 23 10 20 29 7 21 8 14 1 9 22 19 31 30 3 25 24 17 13 
Fitness: 2.91


Mean: 2.68

Standard deviation: 0.01
12 5 18 6 27 28 4 2 16 26 15 11 23 10 20 29 7 21 8 14 1 9 22 19 31 30 3 25 24 17 13 
Fitness: 2.91


Mean: 2.68

Standard deviation: 0.01
12 5 18 6 27 28 4 2 16 26 15 11 23 10 20 29 7 21 8 14 1 9 22 19 31 30 3 25 24 17 13 
Fitness: 2.91


Mean: 2.68

Standard deviation: 0.01
12 5 18 6 27 28 4 2 16 26 15 11 23 10 20 29 7 21 8 14 1 9 22 19 31 30 3 25 24 17 13 
Fitness: 2.91


Mean: 2.68

Standard deviation: 0.01
12 5 18 6 27 28 4 2 16 26 15 11 23 10 20 29 7 21 8 14 1 9 22 19 31 30 3 25 24 17 13 
Fitness: 2.91


Mean: 2.68

Standard deviation: 0.01
12 5 18 6 27 28 4 2 16 26 15 11 23 10 20 29 7 21 8 14 1 9 22 19 31 30 3 25 24 17 13 
Fitness: 2.91


Mean: 2.68

Standard deviation: 0.01
12 5 18 6 27 28 4 2 16 26 15 11 23 10 20 29 7 21 8 14 1 9 22 19 31 30 3 25 24 17 13 
Fitness: 2.91


Mean: 2.68

Standard deviation: 0.01
12 5 18 6 27 28 4 2 16 26 15 11 23 10 20 29 7 21 8 14 1 9 22 19 31 30 3 25 24 17 13 
Fitness: 2.91


Mean: 2.68

Standard deviation: 0.01
12 5 18 6 27 28 4 2 16 26 15 11 23 10 20 29 7 21 8 14 1 9 22 19 31 30 3 25 24 17 13 
Fitness: 2.91


Mean: 2.68

Standard deviation: 0.01
12 5 18 6 27 28 4 2 16 26 15 11 23 10 20 29 7 21 8 14 1 9 22 19 31 30 3 25 24 17 13 
Fitness: 2.91


Mean: 2.68

Standard deviation: 0.01
12 5 18 6 27 28 4 2 16 26 15 11 23 10 20 29 7 21 8 14 1 9 22 19 31 30 3 25 24 17 13 
Fitness: 2.91


Mean: 2.68

Standard deviation: 0.01
12 5 18 6 27 28 4 2 16 26 15 11 23 10 20 29 7 21 8 14 1 9 22 19 31 30 3 25 24 17 13 
Fitness: 2.91


Mean: 2.68

Standard deviation: 0.01
12 5 18 6 27 28 4 2 16 26 15 11 23 10 20 29 7 21 8 14 1 9 22 19 31 30 3 25 24 17 13 
Fitness: 2.91


Mean: 2.68

Standard deviation: 0.01
12 5 18 6 27 28 4 2 16 26 15 11 23 10 20 29 7 21 8 14 1 9 22 19 31 30 3 25 24 17 13 
Fitness: 2.91


Mean: 2.68

Standard deviation: 0.01
12 5 18 6 27 28 4 2 16 26 15 11 23 10 20 29 7 21 8 14 1 9 22 19 31 30 3 25 24 17 13 
Fitness: 2.91


Mean: 2.68

Standard deviation: 0.01
12 5 18 6 27 28 4 2 16 26 15 11 23 10 20 29 7 21 8 14 1 9 22 19 31 30 3 25 24 17 13 
Fitness: 2.91


Mean: 2.68

Standard deviation: 0.01
12 5 18 6 27 28 4 2 16 26 15 11 23 10 20 29 7 21 8 14 1 9 22 19 31 30 3 25 24 17 13 
Fitness: 2.91


Mean: 2.68

Standard deviation: 0.01
12 5 18 6 27 28 4 2 16 26 15 11 23 10 20 29 7 21 8 14 1 9 22 19 31 30 3 25 24 17 13 
Fitness: 2.91


Mean: 2.68

Standard deviation: 0.01
12 5 18 6 27 28 4 2 16 26 15 11 23 10 20 29 7 21 8 14 1 9 22 19 31 30 3 25 24 17 13 
Fitness: 2.91


Mean: 2.68

Standard deviation: 0.01
12 5 18 6 27 28 4 2 16 26 15 11 23 10 20 29 7 21 8 14 1 9 22 19 31 30 3 25 24 17 13 
Fitness: 2.91


Mean: 2.68

Standard deviation: 0.01
12 5 18 6 27 28 4 2 16 26 15 11 23 10 20 29 7 21 8 14 1 9 22 19 31 30 3 25 24 17 13 
Fitness: 2.91


Mean: 2.68

Standard deviation: 0.01
12 5 18 6 27 28 4 2 16 26 15 11 23 10 20 29 7 21 8 14 1 9 22 19 31 30 3 25 24 17 13 
Fitness: 2.91


Mean: 2.68

Standard deviation: 0.01
12 5 18 6 27 28 4 2 16 26 15 11 23 10 20 29 7 21 8 14 1 9 22 19 31 30 3 25 24 17 13 
Fitness: 2.91


Mean: 2.68

Standard deviation: 0.01
12 5 18 6 27 28 4 2 16 26 15 11 23 10 20 29 7 21 8 14 1 9 22 19 31 30 3 25 24 17 13 
Fitness: 2.91


Mean: 2.68

Standard deviation: 0.01
12 5 18 6 27 28 4 2 16 26 15 11 23 10 20 29 7 21 8 14 1 9 22 19 31 30 3 25 24 17 13 
Fitness: 2.91


Mean: 2.68

Standard deviation: 0.01
12 5 18 6 27 28 4 2 16 26 15 11 23 10 20 29 7 21 8 14 1 9 22 19 31 30 3 25 24 17 13 
Fitness: 2.91


Mean: 2.68

Standard deviation: 0.01
12 5 18 6 27 28 4 2 16 26 15 11 23 10 20 29 7 21 8 14 1 9 22 19 31 30 3 25 24 17 13 
Fitness: 2.91


Mean: 2.68

Standard deviation: 0.01
12 5 18 6 27 28 4 2 16 26 15 11 23 10 20 29 7 21 8 14 1 9 22 19 31 30 3 25 24 17 13 
Fitness: 2.91


Mean: 2.68

Standard deviation: 0.01
12 5 18 6 27 28 4 2 16 26 15 11 23 10 20 29 7 21 8 14 1 9 22 19 31 30 3 25 24 17 13 
Fitness: 2.91


Mean: 2.68

Standard deviation: 0.01
12 5 18 6 27 28 4 2 16 26 15 11 23 10 20 29 7 21 8 14 1 9 22 19 31 30 3 25 24 17 13 
Fitness: 2.91


Mean: 2.68

Standard deviation: 0.01
12 5 18 6 27 28 4 2 16 26 15 11 23 10 20 29 7 21 8 14 1 9 22 19 31 30 3 25 24 17 13 
Fitness: 2.91


Mean: 2.68

Standard deviation: 0.01
12 5 18 6 27 28 4 2 16 26 15 11 23 10 20 29 7 21 8 14 1 9 22 19 31 30 3 25 24 17 13 
Fitness: 2.91


Mean: 2.68

Standard deviation: 0.01
12 5 18 6 27 28 4 2 16 26 15 11 23 10 20 29 7 21 8 14 1 9 22 19 31 30 3 25 24 17 13 
Fitness: 2.91


Mean: 2.68

Standard deviation: 0.01
12 5 18 6 27 28 4 2 16 26 15 11 23 10 20 29 7 21 8 14 1 9 22 19 31 30 3 25 24 17 13 
Fitness: 2.91


Mean: 2.68

Standard deviation: 0.01
12 5 18 6 27 28 4 2 16 26 15 11 23 10 20 29 7 21 8 14 1 9 22 19 31 30 3 25 24 17 13 
Fitness: 2.91


Mean: 2.68

Standard deviation: 0.01
12 5 18 6 27 28 4 2 16 26 15 11 23 10 20 29 7 21 8 14 1 9 22 19 31 30 3 25 24 17 13 
Fitness: 2.91


Mean: 2.68

Standard deviation: 0.01
12 5 18 6 27 28 4 2 16 26 15 11 23 10 20 29 7 21 8 14 1 9 22 19 31 30 3 25 24 17 13 
Fitness: 2.91


Mean: 2.68

Standard deviation: 0.01
12 5 18 6 27 28 4 2 16 26 15 11 23 10 20 29 7 21 8 14 1 9 22 19 31 30 3 25 24 17 13 
Fitness: 2.91


Mean: 2.68

Standard deviation: 0.01
12 5 18 6 27 28 4 2 16 26 15 11 23 10 20 29 7 21 8 14 1 9 22 19 31 30 3 25 24 17 13 
Fitness: 2.91


Mean: 2.68

Standard deviation: 0.01
12 5 18 6 27 28 4 2 16 26 15 11 23 10 20 29 7 21 8 14 1 9 22 19 31 30 3 25 24 17 13 
Fitness: 2.91


Mean: 2.68

Standard deviation: 0.01
12 5 18 6 27 28 4 2 16 26 15 11 23 10 20 29 7 21 8 14 1 9 22 19 31 30 3 25 24 17 13 
Fitness: 2.91


Mean: 2.68

Standard deviation: 0.01
12 5 18 6 27 28 4 2 16 26 15 11 23 10 20 29 7 21 8 14 1 9 22 19 31 30 3 25 24 17 13 
Fitness: 2.91


Mean: 2.68

Standard deviation: 0.01
12 5 18 6 27 28 4 2 16 26 15 11 23 10 20 29 7 21 8 14 1 9 22 19 31 30 3 25 24 17 13 
Fitness: 2.91


Mean: 2.68

Standard deviation: 0.01
12 5 18 6 27 28 4 2 16 26 15 11 23 10 20 29 7 21 8 14 1 9 22 19 31 30 3 25 24 17 13 
Fitness: 2.91


Mean: 2.68

Standard deviation: 0.01
12 5 18 6 27 28 4 2 16 26 15 11 23 10 20 29 7 21 8 14 1 9 22 19 31 30 3 25 24 17 13 
Fitness: 2.91


Mean: 2.68

Standard deviation: 0.01
12 5 18 6 27 28 4 2 16 26 15 11 23 10 20 29 7 21 8 14 1 9 22 19 31 30 3 25 24 17 13 
Fitness: 2.91


Mean: 2.68

Standard deviation: 0.01
12 5 18 6 27 28 4 2 16 26 15 11 23 10 20 29 7 21 8 14 1 9 22 19 31 30 3 25 24 17 13 
Fitness: 2.91


Mean: 2.68

Standard deviation: 0.01
12 5 18 6 27 28 4 2 16 26 15 11 23 10 20 29 7 21 8 14 1 9 22 19 31 30 3 25 24 17 13 
Fitness: 2.91


Mean: 2.68

Standard deviation: 0.01
12 5 18 6 27 28 4 2 16 26 15 11 23 10 20 29 7 21 8 14 1 9 22 19 31 30 3 25 24 17 13 
Fitness: 2.91


Mean: 2.68

Standard deviation: 0.01
12 5 18 6 27 28 4 2 16 26 15 11 23 10 20 29 7 21 8 14 1 9 22 19 31 30 3 25 24 17 13 
Fitness: 2.91


Mean: 2.68

Standard deviation: 0.01
12 5 18 6 27 28 4 2 16 26 15 11 23 10 20 29 7 21 8 14 1 9 22 19 31 30 3 25 24 17 13 
Fitness: 2.91


Mean: 2.68

Standard deviation: 0.01
12 5 18 6 27 28 4 2 16 26 15 11 23 10 20 29 7 21 8 14 1 9 22 19 31 30 3 25 24 17 13 
Fitness: 2.91


Mean: 2.68

Standard deviation: 0.01
12 5 18 6 27 28 4 2 16 26 15 11 23 10 20 29 7 21 8 14 1 9 22 19 31 30 3 25 24 17 13 
Fitness: 2.91


Mean: 2.68

Standard deviation: 0.01
12 5 18 6 27 28 4 2 16 26 15 11 23 10 20 29 7 21 8 14 1 9 22 19 31 30 3 25 24 17 13 
Fitness: 2.91


Mean: 2.68

Standard deviation: 0.01
12 5 18 6 27 28 4 2 16 26 15 11 23 10 20 29 7 21 8 14 1 9 22 19 31 30 3 25 24 17 13 
Fitness: 2.91


Mean: 2.68

Standard deviation: 0.01
12 5 18 6 27 28 4 2 16 26 15 11 23 10 20 29 7 21 8 14 1 9 22 19 31 30 3 25 24 17 13 
Fitness: 2.91


Mean: 2.68

Standard deviation: 0.01
12 5 18 6 27 28 4 2 16 26 15 11 23 10 20 29 7 21 8 14 1 9 22 19 31 30 3 25 24 17 13 
Fitness: 2.91


Mean: 2.68

Standard deviation: 0.01
12 5 18 6 27 28 4 2 16 26 15 11 23 10 20 29 7 21 8 14 1 9 22 19 31 30 3 25 24 17 13 
Fitness: 2.91


Mean: 2.68

Standard deviation: 0.01
12 5 18 6 27 28 4 2 16 26 15 11 23 10 20 29 7 21 8 14 1 9 22 19 31 30 3 25 24 17 13 
Fitness: 2.91


Mean: 2.68

Standard deviation: 0.01
12 5 18 6 27 28 4 2 16 26 15 11 23 10 20 29 7 21 8 14 1 9 22 19 31 30 3 25 24 17 13 
Fitness: 2.91


Mean: 2.68

Standard deviation: 0.01
12 5 18 6 27 28 4 2 16 26 15 11 23 10 20 29 7 21 8 14 1 9 22 19 31 30 3 25 24 17 13 
Fitness: 2.91


Mean: 2.68

Standard deviation: 0.01
12 5 18 6 27 28 4 2 16 26 15 11 23 10 20 29 7 21 8 14 1 9 22 19 31 30 3 25 24 17 13 
Fitness: 2.91


Mean: 2.68

Standard deviation: 0.01
12 5 18 6 27 28 4 2 16 26 15 11 23 10 20 29 7 21 8 14 1 9 22 19 31 30 3 25 24 17 13 
Fitness: 2.91


Mean: 2.68

Standard deviation: 0.01
12 5 18 6 27 28 4 2 16 26 15 11 23 10 20 29 7 21 8 14 1 9 22 19 31 30 3 25 24 17 13 
Fitness: 2.91


Mean: 2.68

Standard deviation: 0.01
12 5 18 6 27 28 4 2 16 26 15 11 23 10 20 29 7 21 8 14 1 9 22 19 31 30 3 25 24 17 13 
Fitness: 2.91


Mean: 2.68

Standard deviation: 0.01
12 5 18 6 27 28 4 2 16 26 15 11 23 10 20 29 7 21 8 14 1 9 22 19 31 30 3 25 24 17 13 
Fitness: 2.91


Mean: 2.68

Standard deviation: 0.01
12 5 18 6 27 28 4 2 16 26 15 11 23 10 20 29 7 21 8 14 1 9 22 19 31 30 3 25 24 17 13 
Fitness: 2.91


Mean: 2.68

Standard deviation: 0.01
12 5 18 6 27 28 4 2 16 26 15 11 23 10 20 29 7 21 8 14 1 9 22 19 31 30 3 25 24 17 13 
Fitness: 2.91


Mean: 2.68

Standard deviation: 0.01
12 5 18 6 27 28 4 2 16 26 15 11 23 10 20 29 7 21 8 14 1 9 22 19 31 30 3 25 24 17 13 
Fitness: 2.91


Mean: 2.68

Standard deviation: 0.01
12 5 18 6 27 28 4 2 16 26 15 11 23 10 20 29 7 21 8 14 1 9 22 19 31 30 3 25 24 17 13 
Fitness: 2.91


Mean: 2.68

Standard deviation: 0.01
12 5 18 6 27 28 4 2 16 26 15 11 23 10 20 29 7 21 8 14 1 9 22 19 31 30 3 25 24 17 13 
Fitness: 2.91


Mean: 2.68

Standard deviation: 0.01
12 5 18 6 27 28 4 2 16 26 15 11 23 10 20 29 7 21 8 14 1 9 22 19 31 30 3 25 24 17 13 
Fitness: 2.91


Mean: 2.68

Standard deviation: 0.01
12 5 18 6 27 28 4 2 16 26 15 11 23 10 20 29 7 21 8 14 1 9 22 19 31 30 3 25 24 17 13 
Fitness: 2.91


Mean: 2.68

Standard deviation: 0.01
12 5 18 6 27 28 4 2 16 26 15 11 23 10 20 29 7 21 8 14 1 9 22 19 31 30 3 25 24 17 13 
Fitness: 2.91


Mean: 2.68

Standard deviation: 0.01
12 5 18 6 27 28 4 2 16 26 15 11 23 10 20 29 7 21 8 14 1 9 22 19 31 30 3 25 24 17 13 
Fitness: 2.91


Mean: 2.68

Standard deviation: 0.01
12 5 18 6 27 28 4 2 16 26 15 11 23 10 20 29 7 21 8 14 1 9 22 19 31 30 3 25 24 17 13 
Fitness: 2.91


Mean: 2.68

Standard deviation: 0.01
12 5 18 6 27 28 4 2 16 26 15 11 23 10 20 29 7 21 8 14 1 9 22 19 31 30 3 25 24 17 13 
Fitness: 2.91


Mean: 2.68

Standard deviation: 0.01
12 5 18 6 27 28 4 2 16 26 15 11 23 10 20 29 7 21 8 14 1 9 22 19 31 30 3 25 24 17 13 
Fitness: 2.91


Mean: 2.68

Standard deviation: 0.01
12 5 18 6 27 28 4 2 16 26 15 11 23 10 20 29 7 21 8 14 1 9 22 19 31 30 3 25 24 17 13 
Fitness: 2.91


Mean: 2.68

Standard deviation: 0.01
12 5 18 6 27 28 4 2 16 26 15 11 23 10 20 29 7 21 8 14 1 9 22 19 31 30 3 25 24 17 13 
Fitness: 2.91


Mean: 2.68

Standard deviation: 0.01
12 5 18 6 27 28 4 2 16 26 15 11 23 10 20 29 7 21 8 14 1 9 22 19 31 30 3 25 24 17 13 
Fitness: 2.91


Mean: 2.68

Standard deviation: 0.01
12 5 18 6 27 28 4 2 16 26 15 11 23 10 20 29 7 21 8 14 1 9 22 19 31 30 3 25 24 17 13 
Fitness: 2.91


Mean: 2.68

Standard deviation: 0.01
12 5 18 6 27 28 4 2 16 26 15 11 23 10 20 29 7 21 8 14 1 9 22 19 31 30 3 25 24 17 13 
Fitness: 2.91


Mean: 2.68

Standard deviation: 0.01
12 5 18 6 27 28 4 2 16 26 15 11 23 10 20 29 7 21 8 14 1 9 22 19 31 30 3 25 24 17 13 
Fitness: 2.91


Mean: 2.68

Standard deviation: 0.01
12 5 18 6 27 28 4 2 16 26 15 11 23 10 20 29 7 21 8 14 1 9 22 19 31 30 3 25 24 17 13 
Fitness: 2.91


Mean: 2.68

Standard deviation: 0.01
12 5 18 6 27 28 4 2 16 26 15 11 23 10 20 29 7 21 8 14 1 9 22 19 31 30 3 25 24 17 13 
Fitness: 2.91


Mean: 2.68

Standard deviation: 0.01
12 5 18 6 27 28 4 2 16 26 15 11 23 10 20 29 7 21 8 14 1 9 22 19 31 30 3 25 24 17 13 
Fitness: 2.91


Mean: 2.68

Standard deviation: 0.01
12 5 18 6 27 28 4 2 16 26 15 11 23 10 20 29 7 21 8 14 1 9 22 19 31 30 3 25 24 17 13 
Fitness: 2.91


Mean: 2.68

Standard deviation: 0.01
12 5 18 6 27 28 4 2 16 26 15 11 23 10 20 29 7 21 8 14 1 9 22 19 31 30 3 25 24 17 13 
Fitness: 2.91


Mean: 2.68

Standard deviation: 0.01
12 5 18 6 27 28 4 2 16 26 15 11 23 10 20 29 7 21 8 14 1 9 22 19 31 30 3 25 24 17 13 
Fitness: 2.91


Mean: 2.68

Standard deviation: 0.01
12 5 18 6 27 28 4 2 16 26 15 11 23 10 20 29 7 21 8 14 1 9 22 19 31 30 3 25 24 17 13 
Fitness: 2.91


Mean: 2.68

Standard deviation: 0.01
12 5 18 6 27 28 4 2 16 26 15 11 23 10 20 29 7 21 8 14 1 9 22 19 31 30 3 25 24 17 13 
Fitness: 2.91


Mean: 2.68

Standard deviation: 0.01
12 5 18 6 27 28 4 2 16 26 15 11 23 10 20 29 7 21 8 14 1 9 22 19 31 30 3 25 24 17 13 
Fitness: 2.91


Mean: 2.68

Standard deviation: 0.01
12 5 18 6 27 28 4 2 16 26 15 11 23 10 20 29 7 21 8 14 1 9 22 19 31 30 3 25 24 17 13 
Fitness: 2.91


Mean: 2.68

Standard deviation: 0.01
12 5 18 6 27 28 4 2 16 26 15 11 23 10 20 29 7 21 8 14 1 9 22 19 31 30 3 25 24 17 13 
Fitness: 2.91


Mean: 2.68

Standard deviation: 0.01
12 5 18 6 27 28 4 2 16 26 15 11 23 10 20 29 7 21 8 14 1 9 22 19 31 30 3 25 24 17 13 
Fitness: 2.91


Mean: 2.68

Standard deviation: 0.01
12 5 18 6 27 28 4 2 16 26 15 11 23 10 20 29 7 21 8 14 1 9 22 19 31 30 3 25 24 17 13 
Fitness: 2.91


Mean: 2.68

Standard deviation: 0.01
12 5 18 6 27 28 4 2 16 26 15 11 23 10 20 29 7 21 8 14 1 9 22 19 31 30 3 25 24 17 13 
Fitness: 2.91


Mean: 2.68

Standard deviation: 0.01
12 5 18 6 27 28 4 2 16 26 15 11 23 10 20 29 7 21 8 14 1 9 22 19 31 30 3 25 24 17 13 
Fitness: 2.91


Mean: 2.68

Standard deviation: 0.01
12 5 18 6 27 28 4 2 16 26 15 11 23 10 20 29 7 21 8 14 1 9 22 19 31 30 3 25 24 17 13 
Fitness: 2.91


Mean: 2.68

Standard deviation: 0.01
12 5 18 6 27 28 4 2 16 26 15 11 23 10 20 29 7 21 8 14 1 9 22 19 31 30 3 25 24 17 13 
Fitness: 2.91


Mean: 2.68

Standard deviation: 0.01
12 5 18 6 27 28 4 2 16 26 15 11 23 10 20 29 7 21 8 14 1 9 22 19 31 30 3 25 24 17 13 
Fitness: 2.91


Mean: 2.68

Standard deviation: 0.01
12 5 18 6 27 28 4 2 16 26 15 11 23 10 20 29 7 21 8 14 1 9 22 19 31 30 3 25 24 17 13 
Fitness: 2.91


Mean: 2.68

Standard deviation: 0.01
12 5 18 6 27 28 4 2 16 26 15 11 23 10 20 29 7 21 8 14 1 9 22 19 31 30 3 25 24 17 13 
Fitness: 2.91


Mean: 2.68

Standard deviation: 0.01
12 5 18 6 27 28 4 2 16 26 15 11 23 10 20 29 7 21 8 14 1 9 22 19 31 30 3 25 24 17 13 
Fitness: 2.91


Mean: 2.68

Standard deviation: 0.01
12 5 18 6 27 28 4 2 16 26 15 11 23 10 20 29 7 21 8 14 1 9 22 19 31 30 3 25 24 17 13 
Fitness: 2.91


Mean: 2.68

Standard deviation: 0.01
12 5 18 6 27 28 4 2 16 26 15 11 23 10 20 29 7 21 8 14 1 9 22 19 31 30 3 25 24 17 13 
Fitness: 2.91


Mean: 2.68

Standard deviation: 0.01
12 5 18 6 27 28 4 2 16 26 15 11 23 10 20 29 7 21 8 14 1 9 22 19 31 30 3 25 24 17 13 
Fitness: 2.91


Mean: 2.68

Standard deviation: 0.01
12 5 18 6 27 28 4 2 16 26 15 11 23 10 20 29 7 21 8 14 1 9 22 19 31 30 3 25 24 17 13 
Fitness: 2.91


Mean: 2.68

Standard deviation: 0.01
12 5 18 6 27 28 4 2 16 26 15 11 23 10 20 29 7 21 8 14 1 9 22 19 31 30 3 25 24 17 13 
Fitness: 2.91


Mean: 2.68

Standard deviation: 0.01
12 5 18 6 27 28 4 2 16 26 15 11 23 10 20 29 7 21 8 14 1 9 22 19 31 30 3 25 24 17 13 
Fitness: 2.91


Mean: 2.68

Standard deviation: 0.01
12 5 18 6 27 28 4 2 16 26 15 11 23 10 20 29 7 21 8 14 1 9 22 19 31 30 3 25 24 17 13 
Fitness: 2.91


Mean: 2.68

Standard deviation: 0.01
12 5 18 6 27 28 4 2 16 26 15 11 23 10 20 29 7 21 8 14 1 9 22 19 31 30 3 25 24 17 13 
Fitness: 2.91


Mean: 2.68

Standard deviation: 0.01
12 5 18 6 27 28 4 2 16 26 15 11 23 10 20 29 7 21 8 14 1 9 22 19 31 30 3 25 24 17 13 
Fitness: 2.91


Mean: 2.68

Standard deviation: 0.01
12 5 18 6 27 28 4 2 16 26 15 11 23 10 20 29 7 21 8 14 1 9 22 19 31 30 3 25 24 17 13 
Fitness: 2.91


Mean: 2.68

Standard deviation: 0.01
12 5 18 6 27 28 4 2 16 26 15 11 23 10 20 29 7 21 8 14 1 9 22 19 31 30 3 25 24 17 13 
Fitness: 2.91


Mean: 2.68

Standard deviation: 0.01
12 5 18 6 27 28 4 2 16 26 15 11 23 10 20 29 7 21 8 14 1 9 22 19 31 30 3 25 24 17 13 
Fitness: 2.91


Mean: 2.68

Standard deviation: 0.01
12 5 18 6 27 28 4 2 16 26 15 11 23 10 20 29 7 21 8 14 1 9 22 19 31 30 3 25 24 17 13 
Fitness: 2.91


Mean: 2.68

Standard deviation: 0.01
12 5 18 6 27 28 4 2 16 26 15 11 23 10 20 29 7 21 8 14 1 9 22 19 31 30 3 25 24 17 13 
Fitness: 2.91


Mean: 2.68

Standard deviation: 0.01
12 5 18 6 27 28 4 2 16 26 15 11 23 10 20 29 7 21 8 14 1 9 22 19 31 30 3 25 24 17 13 
Fitness: 2.91


Mean: 2.68

Standard deviation: 0.01
12 5 18 6 27 28 4 2 16 26 15 11 23 10 20 29 7 21 8 14 1 9 22 19 31 30 3 25 24 17 13 
Fitness: 2.91


Mean: 2.68

Standard deviation: 0.01
12 5 18 6 27 28 4 2 16 26 15 11 23 10 20 29 7 21 8 14 1 9 22 19 31 30 3 25 24 17 13 
Fitness: 2.91


Mean: 2.68

Standard deviation: 0.01
12 5 18 6 27 28 4 2 16 26 15 11 23 10 20 29 7 21 8 14 1 9 22 19 31 30 3 25 24 17 13 
Fitness: 2.91


Mean: 2.68

Standard deviation: 0.01
12 5 18 6 27 28 4 2 16 26 15 11 23 10 20 29 7 21 8 14 1 9 22 19 31 30 3 25 24 17 13 
Fitness: 2.91


Mean: 2.68

Standard deviation: 0.01
12 5 18 6 27 28 4 2 16 26 15 11 23 10 20 29 7 21 8 14 1 9 22 19 31 30 3 25 24 17 13 
Fitness: 2.91


Mean: 2.68

Standard deviation: 0.01
12 5 18 6 27 28 4 2 16 26 15 11 23 10 20 29 7 21 8 14 1 9 22 19 31 30 3 25 24 17 13 
Fitness: 2.91


Mean: 2.68

Standard deviation: 0.01
12 5 18 6 27 28 4 2 16 26 15 11 23 10 20 29 7 21 8 14 1 9 22 19 31 30 3 25 24 17 13 
Fitness: 2.91


Mean: 2.68

Standard deviation: 0.01
12 5 18 6 27 28 4 2 16 26 15 11 23 10 20 29 7 21 8 14 1 9 22 19 31 30 3 25 24 17 13 
Fitness: 2.91


Mean: 2.68

Standard deviation: 0.01
12 5 18 6 27 28 4 2 16 26 15 11 23 10 20 29 7 21 8 14 1 9 22 19 31 30 3 25 24 17 13 
Fitness: 2.91


Mean: 2.68

Standard deviation: 0.01
12 5 18 6 27 28 4 2 16 26 15 11 23 10 20 29 7 21 8 14 1 9 22 19 31 30 3 25 24 17 13 
Fitness: 2.91


Mean: 2.68

Standard deviation: 0.01
12 5 18 6 27 28 4 2 16 26 15 11 23 10 20 29 7 21 8 14 1 9 22 19 31 30 3 25 24 17 13 
Fitness: 2.91


Mean: 2.68

Standard deviation: 0.01
12 5 18 6 27 28 4 2 16 26 15 11 23 10 20 29 7 21 8 14 1 9 22 19 31 30 3 25 24 17 13 
Fitness: 2.91


Mean: 2.68

Standard deviation: 0.01
12 5 18 6 27 28 4 2 16 26 15 11 23 10 20 29 7 21 8 14 1 9 22 19 31 30 3 25 24 17 13 
Fitness: 2.91


Mean: 2.68

Standard deviation: 0.01
12 5 18 6 27 28 4 2 16 26 15 11 23 10 20 29 7 21 8 14 1 9 22 19 31 30 3 25 24 17 13 
Fitness: 2.91


Mean: 2.68

Standard deviation: 0.01
12 5 18 6 27 28 4 2 16 26 15 11 23 10 20 29 7 21 8 14 1 9 22 19 31 30 3 25 24 17 13 
Fitness: 2.91


Mean: 2.68

Standard deviation: 0.01
12 5 18 6 27 28 4 2 16 26 15 11 23 10 20 29 7 21 8 14 1 9 22 19 31 30 3 25 24 17 13 
Fitness: 2.91


Mean: 2.68

Standard deviation: 0.01
12 5 18 6 27 28 4 2 16 26 15 11 23 10 20 29 7 21 8 14 1 9 22 19 31 30 3 25 24 17 13 
Fitness: 2.91


Mean: 2.68

Standard deviation: 0.01
12 5 18 6 27 28 4 2 16 26 15 11 23 10 20 29 7 21 8 14 1 9 22 19 31 30 3 25 24 17 13 
Fitness: 2.91


Mean: 2.68

Standard deviation: 0.01
12 5 18 6 27 28 4 2 16 26 15 11 23 10 20 29 7 21 8 14 1 9 22 19 31 30 3 25 24 17 13 
Fitness: 2.91


Mean: 2.68

Standard deviation: 0.01
12 5 18 6 27 28 4 2 16 26 15 11 23 10 20 29 7 21 8 14 1 9 22 19 31 30 3 25 24 17 13 
Fitness: 2.91


Mean: 2.68

Standard deviation: 0.01
12 5 18 6 27 28 4 2 16 26 15 11 23 10 20 29 7 21 8 14 1 9 22 19 31 30 3 25 24 17 13 
Fitness: 2.91


Mean: 2.68

Standard deviation: 0.01
12 5 18 6 27 28 4 2 16 26 15 11 23 10 20 29 7 21 8 14 1 9 22 19 31 30 3 25 24 17 13 
Fitness: 2.91


Mean: 2.68

Standard deviation: 0.01
12 5 18 6 27 28 4 2 16 26 15 11 23 10 20 29 7 21 8 14 1 9 22 19 31 30 3 25 24 17 13 
Fitness: 2.91


Mean: 2.68

Standard deviation: 0.01
12 5 18 6 27 28 4 2 16 26 15 11 23 10 20 29 7 21 8 14 1 9 22 19 31 30 3 25 24 17 13 
Fitness: 2.91


Mean: 2.68

Standard deviation: 0.01
12 5 18 6 27 28 4 2 16 26 15 11 23 10 20 29 7 21 8 14 1 9 22 19 31 30 3 25 24 17 13 
Fitness: 2.91


Mean: 2.68

Standard deviation: 0.01
12 5 18 6 27 28 4 2 16 26 15 11 23 10 20 29 7 21 8 14 1 9 22 19 31 30 3 25 24 17 13 
Fitness: 2.91


Mean: 2.68

Standard deviation: 0.01
12 5 18 6 27 28 4 2 16 26 15 11 23 10 20 29 7 21 8 14 1 9 22 19 31 30 3 25 24 17 13 
Fitness: 2.91


Mean: 2.68

Standard deviation: 0.01
12 5 18 6 27 28 4 2 16 26 15 11 23 10 20 29 7 21 8 14 1 9 22 19 31 30 3 25 24 17 13 
Fitness: 2.91


Mean: 2.68

Standard deviation: 0.01
12 5 18 6 27 28 4 2 16 26 15 11 23 10 20 29 7 21 8 14 1 9 22 19 31 30 3 25 24 17 13 
Fitness: 2.91


Mean: 2.68

Standard deviation: 0.01
12 5 18 6 27 28 4 2 16 26 15 11 23 10 20 29 7 21 8 14 1 9 22 19 31 30 3 25 24 17 13 
Fitness: 2.91


Mean: 2.68

Standard deviation: 0.01
12 5 18 6 27 28 4 2 16 26 15 11 23 10 20 29 7 21 8 14 1 9 22 19 31 30 3 25 24 17 13 
Fitness: 2.91


Mean: 2.68

Standard deviation: 0.01
12 5 18 6 27 28 4 2 16 26 15 11 23 10 20 29 7 21 8 14 1 9 22 19 31 30 3 25 24 17 13 
Fitness: 2.91


Mean: 2.68

Standard deviation: 0.01
12 5 18 6 27 28 4 2 16 26 15 11 23 10 20 29 7 21 8 14 1 9 22 19 31 30 3 25 24 17 13 
Fitness: 2.91


Mean: 2.68

Standard deviation: 0.01
12 5 18 6 27 28 4 2 16 26 15 11 23 10 20 29 7 21 8 14 1 9 22 19 31 30 3 25 24 17 13 
Fitness: 2.91


Mean: 2.68

Standard deviation: 0.01
12 5 18 6 27 28 4 2 16 26 15 11 23 10 20 29 7 21 8 14 1 9 22 19 31 30 3 25 24 17 13 
Fitness: 2.91


Mean: 2.68

Standard deviation: 0.01
12 5 18 6 27 28 4 2 16 26 15 11 23 10 20 29 7 21 8 14 1 9 22 19 31 30 3 25 24 17 13 
Fitness: 2.91


Mean: 2.68

Standard deviation: 0.01
12 5 18 6 27 28 4 2 16 26 15 11 23 10 20 29 7 21 8 14 1 9 22 19 31 30 3 25 24 17 13 
Fitness: 2.91


Mean: 2.68

Standard deviation: 0.01
12 5 18 6 27 28 4 2 16 26 15 11 23 10 20 29 7 21 8 14 1 9 22 19 31 30 3 25 24 17 13 
Fitness: 2.91


Mean: 2.68

Standard deviation: 0.01
12 5 18 6 27 28 4 2 16 26 15 11 23 10 20 29 7 21 8 14 1 9 22 19 31 30 3 25 24 17 13 
Fitness: 2.91


Mean: 2.68

Standard deviation: 0.01
12 5 18 6 27 28 4 2 16 26 15 11 23 10 20 29 7 21 8 14 1 9 22 19 31 30 3 25 24 17 13 
Fitness: 2.91


Mean: 2.68

Standard deviation: 0.01
12 5 18 6 27 28 4 2 16 26 15 11 23 10 20 29 7 21 8 14 1 9 22 19 31 30 3 25 24 17 13 
Fitness: 2.91


Mean: 2.68

Standard deviation: 0.01
12 5 18 6 27 28 4 2 16 26 15 11 23 10 20 29 7 21 8 14 1 9 22 19 31 30 3 25 24 17 13 
Fitness: 2.91


Mean: 2.68

Standard deviation: 0.01
12 5 18 6 27 28 4 2 16 26 15 11 23 10 20 29 7 21 8 14 1 9 22 19 31 30 3 25 24 17 13 
Fitness: 2.91


Mean: 2.68

Standard deviation: 0.01
12 5 18 6 27 28 4 2 16 26 15 11 23 10 20 29 7 21 8 14 1 9 22 19 31 30 3 25 24 17 13 
Fitness: 2.91


Mean: 2.68

Standard deviation: 0.01
12 5 18 6 27 28 4 2 16 26 15 11 23 10 20 29 7 21 8 14 1 9 22 19 31 30 3 25 24 17 13 
Fitness: 2.91


Mean: 2.68

Standard deviation: 0.01
12 5 18 6 27 28 4 2 16 26 15 11 23 10 20 29 7 21 8 14 1 9 22 19 31 30 3 25 24 17 13 
Fitness: 2.91


Mean: 2.68

Standard deviation: 0.01
12 5 18 6 27 28 4 2 16 26 15 11 23 10 20 29 7 21 8 14 1 9 22 19 31 30 3 25 24 17 13 
Fitness: 2.91


Mean: 2.68

Standard deviation: 0.01
12 5 18 6 27 28 4 2 16 26 15 11 23 10 20 29 7 21 8 14 1 9 22 19 31 30 3 25 24 17 13 
Fitness: 2.91


Mean: 2.68

Standard deviation: 0.01
12 5 18 6 27 28 4 2 16 26 15 11 23 10 20 29 7 21 8 14 1 9 22 19 31 30 3 25 24 17 13 
Fitness: 2.91


Mean: 2.68

Standard deviation: 0.01
12 5 18 6 27 28 4 2 16 26 15 11 23 10 20 29 7 21 8 14 1 9 22 19 31 30 3 25 24 17 13 
Fitness: 2.91


Mean: 2.68

Standard deviation: 0.01
12 5 18 6 27 28 4 2 16 26 15 11 23 10 20 29 7 21 8 14 1 9 22 19 31 30 3 25 24 17 13 
Fitness: 2.91


Mean: 2.68

Standard deviation: 0.01
12 5 18 6 27 28 4 2 16 26 15 11 23 10 20 29 7 21 8 14 1 9 22 19 31 30 3 25 24 17 13 
Fitness: 2.91


Mean: 2.68

Standard deviation: 0.01
12 5 18 6 27 28 4 2 16 26 15 11 23 10 20 29 7 21 8 14 1 9 22 19 31 30 3 25 24 17 13 
Fitness: 2.91


Mean: 2.68

Standard deviation: 0.01
12 5 18 6 27 28 4 2 16 26 15 11 23 10 20 29 7 21 8 14 1 9 22 19 31 30 3 25 24 17 13 
Fitness: 2.91


Mean: 2.68

Standard deviation: 0.01
