161.39 111.66 0.30 8630.09
109.05 19.96 0.45 8983.37
150.71 43.09 0.50 8344.79
106.24 138.11 0.75 6496.30
142.84 28.79 0.45 5541.98
148.37 212.37 0.51 6520.63
155.90 344.32 0.33 7572.96
173.40 372.08 0.47 6623.63
78.72 395.42 0.48 5730.84
46.93 227.28 0.53 6923.77
146.01 523.92 0.49 6795.67
71.85 513.03 0.46 8814.48
146.96 465.25 0.55 7200.79
30.56 450.52 0.45 7055.75
43.51 517.20 0.46 7146.24
8.53 697.40 0.45 6706.06
35.24 787.49 0.45 6709.87
45.65 784.28 0.29 6011.23
167.48 758.82 0.54 7438.47
185.87 733.07 0.58 6423.62
148.85 868.40 0.54 6649.10
159.83 884.78 0.30 5897.43
98.88 911.85 0.49 7843.00
55.12 870.08 0.58 6475.11
12.78 956.67 0.30 8145.55
273.30 132.14 0.55 6408.08
350.28 118.13 0.31 5024.94
263.55 95.61 0.40 5722.10
363.93 152.90 0.36 7561.64
325.42 193.36 0.45 7499.47
391.32 202.13 0.45 7010.06
291.41 367.26 0.40 5876.38
223.02 293.26 0.49 7550.63
251.85 281.02 0.52 7773.64
276.43 244.03 0.52 6956.20
243.63 570.64 0.44 8679.92
202.57 584.66 0.48 6870.36
233.53 524.74 0.48 5919.26
238.20 435.78 0.48 7237.63
332.54 427.80 0.56 8430.69
325.60 647.71 0.51 7085.84
304.90 735.26 0.39 7422.93
291.11 637.19 0.46 6904.72
284.65 646.33 0.52 7777.77
392.36 632.21 0.46 6749.17
363.31 827.98 0.57 6346.22
326.56 801.67 0.56 6474.17
291.88 882.11 0.49 8524.71
254.00 863.22 0.30 5690.51
356.41 915.35 0.62 7515.87
557.80 192.94 0.61 6147.92
565.85 23.72 0.51 7422.54
578.60 193.63 0.48 5755.96
499.90 78.79 0.49 5241.51
538.61 115.27 0.50 7721.98
553.26 251.63 0.50 8663.16
458.73 208.22 0.56 8080.02
505.67 233.98 0.48 8011.46
498.70 274.02 0.47 6777.36
490.12 260.61 0.66 7282.07
481.31 485.26 0.64 7999.03
417.69 461.53 0.36 6466.94
475.36 560.43 0.38 7951.34
494.28 587.46 0.48 9514.12
542.75 576.95 0.35 6894.64
416.42 709.35 0.52 7486.71
589.87 733.67 0.67 7196.82
542.72 738.92 0.57 7466.51
446.00 738.01 0.43 7548.53
537.42 611.04 0.37 9241.92
484.57 845.77 0.31 5093.47
523.11 860.51 0.76 6288.53
535.79 898.26 0.65 6728.59
480.87 837.21 0.70 5865.99
423.53 940.85 0.49 6630.29
684.67 141.78 0.51 6759.88
754.59 110.70 0.66 8043.86
667.77 83.52 0.40 8788.52
775.18 68.20 0.52 4500.98
623.74 85.70 0.55 7061.38
745.94 295.18 0.59 7955.63
636.56 296.41 0.63 5529.47
702.33 370.80 0.53 6721.53
727.65 266.60 0.62 7386.03
686.14 257.05 0.34 8338.14
742.69 533.37 0.43 4234.51
643.76 584.41 0.57 6412.83
689.25 568.21 0.53 7157.64
602.02 539.75 0.51 6231.46
658.20 529.19 0.41 7450.08
713.13 687.02 0.37 7030.44
662.02 695.08 0.43 7502.84
745.01 687.47 0.40 6574.19
746.55 703.13 0.52 6485.99
713.47 747.37 0.54 6766.34
706.68 917.70 0.47 6878.13
624.65 992.48 0.64 8192.56
708.70 940.01 0.65 6093.37
633.72 972.90 0.27 7382.27
666.70 977.81 0.51 4876.05
876.92 173.10 0.43 6958.75
933.41 26.53 0.27 8676.53
949.42 43.84 0.53 7277.08
906.49 54.76 0.38 6343.36
873.32 150.75 0.48 7737.76
977.18 297.39 0.63 7239.43
865.56 392.69 0.60 7895.56
944.79 306.43 0.39 8804.57
877.57 267.27 0.55 6881.06
837.55 385.23 0.59 5418.33
906.03 584.11 0.45 8709.24
943.44 421.26 0.41 6441.45
920.43 524.36 0.41 7908.45
855.13 446.37 0.46 7278.84
992.51 409.03 0.57 7472.66
915.23 784.42 0.66 8001.13
838.16 636.84 0.57 7557.78
816.01 613.55 0.33 8102.57
830.41 796.44 0.38 7106.97
983.50 686.74 0.54 6018.39
858.15 976.45 0.67 5453.75
820.50 933.49 0.62 6887.51
837.95 854.63 0.64 6398.02
929.67 832.93 0.46 5081.57
824.70 984.39 0.50 6405.60
25849.962755890723