491.25 486.50 0.42 7632.99
455.42 482.56 0.53 1179.69
543.10 531.55 0.52 7133.80
503.49 544.90 0.21 8423.20
469.88 506.14 0.18 7781.60
548.01 519.20 0.58 9925.71
446.62 473.82 0.27 8806.30
388.92 526.73 0.33 4250.08
510.84 454.79 0.20 1602.63
441.44 437.74 0.09 10661.25
515.23 512.01 0.28 7772.13
597.60 537.34 0.15 6893.92
525.75 428.50 0.23 684.70
552.49 485.60 0.59 7826.07
461.48 504.91 0.57 3502.97
518.89 460.91 0.25 9520.17
540.47 494.10 0.56 9644.60
518.84 429.45 0.23 2416.03
612.27 567.06 0.25 769.48
562.01 509.36 0.44 7110.45
539.41 464.06 0.11 941.41
466.28 557.38 0.04 3586.98
413.91 426.51 0.15 1161.30
563.67 435.68 0.07 6615.40
524.97 465.16 0.48 5454.46
445.70 536.55 0.58 8600.14
513.65 518.75 0.50 7315.65
575.27 560.42 0.58 2546.82
485.45 427.78 0.08 7481.39
485.94 508.39 0.02 3419.42
592.11 496.67 0.35 5262.69
473.15 479.02 0.50 4582.30
525.78 501.79 0.23 2023.80
497.61 572.54 0.38 8797.18
440.27 580.95 0.26 4176.53
538.15 488.34 0.09 2601.92
498.44 489.38 0.16 10245.27
509.55 534.36 0.31 2990.66
542.86 531.67 0.15 8570.68
496.90 422.89 0.39 9841.06
551.49 487.40 0.11 1599.16
484.47 491.21 0.40 1354.35
448.55 513.86 0.11 10425.56
560.71 433.78 0.33 4886.45
530.03 527.14 0.31 8052.92
487.79 406.24 0.49 1754.57
571.74 514.90 0.28 3110.07
506.57 489.69 0.06 9018.77
418.22 439.82 0.06 2094.98
476.09 503.11 0.31 4143.80
517.75 501.25 0.27 10698.67
454.77 527.90 0.30 2007.54
402.39 509.61 0.12 1800.92
493.51 440.23 0.29 2595.30
581.11 566.19 0.34 10572.21
502.54 458.75 0.49 9428.82
465.67 556.19 0.25 4122.82
479.65 454.45 0.49 1155.15
497.85 475.22 0.10 7939.98
545.87 526.24 0.22 3663.33
453.31 526.16 0.53 6496.74
485.02 523.34 0.19 4923.19
510.69 454.59 0.30 962.55
458.43 523.76 0.32 7557.94
449.43 512.12 0.40 10212.72
436.02 517.22 0.47 1262.21
512.93 481.12 0.33 2675.66
487.83 517.94 0.59 2931.46
503.54 488.74 0.15 4278.79
645.50 522.20 0.08 4444.94
471.05 510.07 0.43 4745.40
445.43 506.29 0.19 7183.95
488.20 573.06 0.08 1980.41
500.64 565.79 0.24 4282.48
495.63 587.31 0.15 9615.69
487.60 479.98 0.14 6025.45
580.76 509.98 0.45 8150.81
467.71 518.87 0.16 4618.91
606.38 529.84 0.50 3564.19
499.55 463.87 0.30 10230.70
539.26 409.29 0.27 7606.10
475.10 499.37 0.32 4385.49
541.70 524.08 0.41 6392.72
519.75 549.21 0.12 2893.84
534.00 495.51 0.35 968.73
543.47 443.30 0.30 8397.74
563.28 495.59 0.59 10065.20
557.87 397.10 0.45 7241.92
459.08 514.06 0.43 1809.08
525.99 412.67 0.17 1850.97
431.42 505.30 0.18 6298.07
421.11 576.69 0.03 9046.90
499.43 448.39 0.55 1268.97
473.14 588.67 0.39 1059.94
539.08 580.68 0.41 1340.75
532.53 559.17 0.46 8083.77
566.47 555.77 0.06 8747.41
508.96 472.71 0.24 7696.68
449.71 497.94 0.43 5946.87
603.86 385.04 0.52 4731.07
561.19 572.99 0.39 8333.04
536.14 457.20 0.02 9634.38
549.92 597.86 0.50 4572.38
391.99 486.81 0.08 4097.99
579.10 463.30 0.41 10696.68
487.17 572.10 0.34 5272.18
538.33 519.88 0.44 9976.86
466.71 450.30 0.21 7968.51
572.55 477.14 0.09 7018.62
554.41 472.83 0.18 3997.46
527.69 539.01 0.34 4086.38
521.94 566.79 0.33 3505.57
439.77 527.65 0.08 6252.83
472.88 545.12 0.37 8395.69
444.34 489.95 0.13 1302.05
428.07 490.40 0.33 9762.06
444.20 454.22 0.02 5478.00
512.40 453.46 0.35 5565.06
567.67 534.46 0.55 3330.74
486.75 453.86 0.00 10511.79
502.57 459.06 0.46 7238.60
536.15 433.96 0.26 8821.43
547.10 457.25 0.38 4258.55
508.35 613.95 0.40 6259.44
528.12 568.11 0.41 3383.89
512.92 532.61 0.27 9984.30
473.43 530.68 0.02 5135.72
541.79 467.70 0.22 9536.15
495.70 538.29 0.43 6334.30
554.98 532.47 0.51 8501.84
552.70 543.71 0.35 10114.81
479.68 498.48 0.37 8815.66
457.16 593.23 0.07 1789.93
498.52 527.99 0.38 7222.92
463.28 518.15 0.19 10737.96
413.28 521.06 0.22 3814.32
490.68 546.01 0.23 3515.97
440.97 492.02 0.44 8053.61
516.01 508.47 0.09 5506.50
538.19 500.56 0.12 6657.27
504.60 522.42 0.02 10783.26
492.49 559.46 0.32 4208.29
556.92 488.22 0.27 7906.89
512.97 477.55 0.24 8648.86
449.61 522.13 0.58 5201.80
445.65 493.69 0.46 2736.79
399.09 426.14 0.36 6601.13
569.36 442.69 0.34 3309.07
565.12 542.35 0.55 2171.80
458.79 555.51 0.37 7480.31

4621.60
