453.68 535.49 0.10 5727.03
526.98 580.86 0.47 10614.90
450.36 477.49 0.47 5835.89
453.04 499.54 0.59 2708.96
463.80 465.74 0.50 5682.22
587.19 551.08 0.24 3578.54
547.42 493.99 0.21 9082.67
495.15 500.77 0.52 7557.92
619.19 423.06 0.16 2915.76
499.17 483.34 0.27 5923.77
536.27 537.26 0.54 6950.41
530.44 521.66 0.59 1101.43
406.60 573.09 0.31 4183.65
543.57 416.02 0.39 5017.09
522.23 519.09 0.48 2772.64
458.32 476.18 0.26 6189.48
455.62 529.40 0.43 4154.31
507.03 495.93 0.58 8211.03
562.81 536.89 0.42 2414.55
610.69 421.87 0.41 5760.44
545.71 476.04 0.06 7881.53
528.50 525.14 0.06 942.65
501.56 428.02 0.06 5448.15
586.01 463.03 0.09 3771.27
486.45 489.70 0.03 4177.57
447.51 557.80 0.22 6245.96
490.23 541.66 0.08 10266.86
539.76 431.97 0.43 2920.50
475.42 571.18 0.33 7931.04
493.13 500.05 0.13 2666.98
527.76 564.23 0.23 7881.87
546.44 491.02 0.57 5768.49
513.10 516.67 0.36 6732.55
660.58 579.15 0.47 3740.74
558.44 518.41 0.22 7718.20
442.02 428.50 0.12 2145.63
517.56 458.71 0.19 1937.03
374.46 517.68 0.24 3888.61
426.89 453.28 0.26 830.69
518.14 438.08 0.33 4347.00
474.66 497.72 0.34 6565.20
587.92 466.71 0.16 6959.37
551.54 519.84 0.57 7009.60
438.43 459.58 0.10 2453.54
475.65 514.34 0.08 8497.62
446.49 572.54 0.42 7235.97
475.14 431.92 0.42 6364.16
540.04 580.90 0.39 6116.80
491.94 478.76 0.22 10526.84
461.33 542.02 0.58 10084.79
482.60 569.20 0.46 7530.40
479.95 575.29 0.13 10446.29
511.52 438.75 0.10 4132.81
522.92 511.68 0.20 720.62
492.22 538.52 0.50 7134.06
433.66 547.15 0.12 3895.19
543.79 488.69 0.17 2684.95
365.41 605.28 0.33 8907.97
542.07 546.91 0.59 5087.58
501.82 494.91 0.27 5854.50
601.50 493.52 0.16 1092.78
487.63 482.34 0.31 2138.32
399.56 507.15 0.26 2801.58
456.79 553.08 0.42 9494.01
486.78 501.06 0.22 9684.79
553.41 477.52 0.26 6283.49
503.53 487.22 0.18 2420.82
401.09 544.18 0.26 1781.92
561.30 502.01 0.14 2213.92
493.50 428.37 0.30 1454.40
579.12 502.57 0.39 7192.83
478.32 508.12 0.12 4766.45
470.73 516.96 0.35 8019.41
512.27 452.75 0.37 9341.35
495.46 526.32 0.60 6228.85
495.32 489.20 0.55 1204.52
408.95 530.76 0.34 5897.52
494.19 448.44 0.04 6787.20
591.18 431.86 0.06 4313.82
426.36 562.83 0.03 5075.58
532.90 525.73 0.12 2406.07
414.34 493.73 0.17 6546.81
502.41 454.29 0.41 2364.83
467.54 584.58 0.30 6676.68
546.00 495.02 0.32 10202.31
446.93 544.16 0.40 6077.70
451.77 482.06 0.18 1013.87
540.63 507.56 0.12 3994.52
382.88 482.78 0.32 7734.37
487.30 569.00 0.31 2480.87
520.74 529.19 0.09 2408.70
436.09 554.37 0.16 8406.60
450.82 452.74 0.17 3617.98
487.73 482.78 0.49 8818.30
515.06 600.65 0.38 2564.40
409.21 572.22 0.25 6031.80
536.76 641.84 0.00 9158.19
446.44 517.19 0.37 5242.86
511.28 574.29 0.32 6283.17
539.02 509.22 0.35 10127.24

3558.23
