498.34 597.06 0.52 6301.90
540.09 517.68 0.60 6252.44
474.80 471.97 0.08 4126.42
495.54 393.42 0.55 4537.50
524.80 502.49 0.23 10152.30
491.44 494.88 0.48 2330.34
517.22 589.09 0.01 7440.18
516.67 486.85 0.59 9207.43
525.58 495.81 0.53 7157.86
511.87 505.36 0.04 739.83
569.76 459.60 0.07 1990.63
500.50 476.92 0.56 6023.61
480.51 543.97 0.23 5078.03
455.65 448.40 0.15 4809.14
508.35 534.39 0.20 7444.98
486.08 556.12 0.01 4656.84
437.45 521.44 0.28 3572.94
569.80 629.12 0.42 6086.25
534.30 453.08 0.53 8853.71
490.79 505.90 0.27 3865.43
494.34 561.33 0.56 7922.78
553.20 510.33 0.28 5135.62
395.65 467.72 0.11 3752.80
508.15 471.54 0.06 7046.82
501.08 472.12 0.47 5056.31
526.62 521.08 0.33 2447.21
557.39 471.77 0.24 8122.10
531.50 562.52 0.24 3580.94
562.73 499.83 0.31 5245.41
506.34 561.89 0.46 10620.06
476.76 476.86 0.60 9288.76
445.09 522.61 0.30 7218.19
509.53 412.48 0.19 4894.09
552.47 549.95 0.17 7800.81
520.66 539.72 0.32 1957.59
498.45 476.85 0.23 6686.75
409.43 478.91 0.39 9853.05
449.06 485.85 0.24 2638.51
525.67 521.04 0.59 6860.45
504.08 471.11 0.48 725.50
550.30 544.48 0.35 9454.29
544.91 523.80 0.49 10632.06
500.37 513.09 0.23 7287.63
432.59 453.30 0.35 4265.74
423.44 450.24 0.14 8650.26
544.54 448.90 0.23 3299.12
547.00 561.16 0.55 2985.44
471.18 442.07 0.36 1020.89
470.45 519.55 0.51 10000.43
563.43 556.19 0.37 5726.55
480.98 547.07 0.03 1007.34
549.16 429.32 0.37 7131.97
454.95 495.46 0.18 5909.07
446.75 490.90 0.60 4050.13
482.71 500.78 0.04 8356.84
491.79 455.70 0.28 2695.99
537.59 456.17 0.22 5800.70
514.09 513.09 0.11 7798.23
509.08 480.07 0.02 7323.04
575.38 468.01 0.06 5235.81
556.15 537.69 0.34 9482.81
497.94 598.78 0.09 6847.83
477.44 456.20 0.48 10760.91
467.33 561.36 0.31 7125.78
527.66 458.27 0.23 7600.80
420.95 538.87 0.27 2853.11
478.08 453.84 0.08 3840.48
415.00 489.24 0.34 8382.62
581.95 487.95 0.48 3951.30
561.82 522.34 0.58 2752.82
433.14 602.78 0.07 1629.92
506.49 502.00 0.57 9630.36
521.42 493.57 0.30 8622.25
525.05 600.27 0.40 4728.95
518.06 510.21 0.41 10720.90
552.32 607.48 0.25 2366.80
431.45 486.76 0.10 8865.24
496.15 486.98 0.34 6195.46
455.09 558.68 0.17 2642.98
490.35 464.60 0.56 9054.61
566.80 423.38 0.57 1134.71
469.93 423.53 0.16 1763.35
512.16 512.50 0.15 2988.31
475.43 489.13 0.12 9126.80
547.31 509.20 0.47 9449.97
482.39 521.59 0.58 5206.41
457.31 467.64 0.12 3132.59
456.47 526.26 0.56 5222.55
447.75 470.65 0.39 4102.17
498.78 471.98 0.48 9647.16
468.49 504.91 0.47 3987.78
485.22 503.58 0.20 7911.96
543.42 529.81 0.54 5026.40
561.40 506.75 0.02 4100.42
523.85 369.53 0.42 6192.11
609.90 494.24 0.08 9879.16
521.14 438.01 0.19 2602.48
548.28 596.13 0.54 1369.56
546.38 483.19 0.35 8519.52
515.57 404.26 0.08 7406.06
577.84 534.01 0.12 8699.94
495.18 493.22 0.43 3090.54
467.40 510.92 0.26 4107.10
562.60 592.75 0.09 10392.45
538.42 471.46 0.48 4492.82
553.95 557.68 0.12 4135.49
542.27 476.96 0.41 6346.05
468.35 459.34 0.26 3180.46
455.65 408.24 0.34 3463.04
539.46 550.18 0.42 9221.60
423.12 414.54 0.18 1959.42
436.01 416.78 0.36 5308.64
495.87 495.50 0.25 6679.57
568.73 499.72 0.51 3582.41
546.86 483.82 0.26 1006.14
483.20 566.73 0.18 3764.54
442.08 600.36 0.51 7551.05
474.95 479.58 0.03 5027.53
467.45 472.39 0.34 2616.59
434.54 548.18 0.57 6318.49
533.09 566.62 0.26 1386.88
423.53 479.99 0.05 6315.39
573.22 481.32 0.51 3161.18
488.67 535.30 0.16 6719.72
573.69 600.33 0.39 6984.66
526.89 500.16 0.51 3071.18
454.13 507.66 0.09 9552.90
582.02 454.04 0.36 1896.02
526.65 427.41 0.20 7237.14
445.02 467.62 0.53 6310.39
543.35 427.15 0.51 2975.09
517.05 531.29 0.42 2722.71
457.50 562.46 0.50 4591.09
546.75 543.06 0.39 6279.15
502.50 596.86 0.48 2309.27
529.31 627.67 0.58 1480.59
516.20 432.87 0.38 9787.06
550.77 519.86 0.45 8473.22
522.93 423.54 0.46 4158.50
586.40 509.01 0.35 5389.69
552.85 506.33 0.36 9021.24
436.48 455.28 0.35 10356.80
423.28 461.86 0.33 4365.30
440.42 576.91 0.32 8140.26
502.52 498.16 0.02 8541.68
440.31 513.06 0.03 1826.22
531.63 503.18 0.47 7468.69
525.72 497.56 0.33 2328.45
572.27 518.70 0.21 832.51
554.56 546.29 0.54 2064.75
448.76 577.76 0.18 7219.80
542.94 522.00 0.21 748.73
541.10 498.91 0.43 968.59
435.10 528.07 0.59 3946.14
406.13 493.85 0.17 3766.52
478.84 537.72 0.57 7337.48
531.75 544.29 0.33 10220.30
477.29 488.67 0.57 3387.09
555.36 483.16 0.05 9729.74
462.27 460.91 0.31 4095.84
611.57 496.21 0.29 4511.97
548.25 428.23 0.10 3224.27
506.19 480.99 0.22 8652.79
489.22 617.26 0.48 3796.30
464.04 555.08 0.24 3430.49
532.55 458.07 0.13 4380.50
536.95 527.13 0.04 982.85
457.10 567.63 0.19 10277.59
469.71 553.59 0.21 4830.62
452.29 504.11 0.22 7620.90
442.54 474.29 0.04 10328.47
470.57 496.66 0.07 6659.26
468.83 520.66 0.59 9178.21
536.74 527.55 0.28 7450.65
517.00 550.36 0.41 8885.98
522.61 489.11 0.27 1285.33
459.70 495.10 0.34 10404.19
575.90 570.06 0.58 3168.60
571.17 409.76 0.14 6013.03
428.71 373.13 0.06 4406.21
528.79 447.79 0.05 4935.17
428.61 440.08 0.58 6874.17
504.13 533.86 0.54 4876.89
490.15 429.51 0.49 3017.15
429.04 594.95 0.30 6991.04
499.37 505.35 0.12 8463.67
487.41 572.01 0.26 4519.15
503.27 493.25 0.20 6237.09
472.52 511.68 0.28 8288.63
475.51 536.39 0.57 4826.45
563.28 520.28 0.52 7605.82
562.14 548.37 0.37 7239.60
507.31 502.90 0.26 4550.73
460.01 564.82 0.29 1737.54
524.11 506.26 0.54 5211.68
495.89 470.78 0.48 3390.96
420.49 522.60 0.22 9381.76
551.75 441.41 0.42 8681.89
395.17 505.68 0.45 7245.71
523.00 482.71 0.33 8422.18

5438.02
