514.910000 752.400000 0.240000 719.170000
568.270000 395.820000 0.190000 1933.370000
325.860000 498.790000 0.170000 1994.670000
587.930000 906.500000 0.250000 802.820000
537.110000 174.460000 0.120000 2858.960000
655.470000 463.860000 0.080000 2536.940000
587.300000 665.920000 0.260000 1258.780000
673.410000 573.440000 0.340000 2625.190000
415.680000 409.730000 0.310000 796.970000
309.400000 532.400000 0.170000 1299.450000
389.950000 307.860000 0.160000 1257.950000
557.080000 801.220000 0.040000 2907.670000
614.770000 963.550000 0.130000 1130.100000
490.080000 412.540000 0.310000 2287.980000
167.980000 575.490000 0.260000 660.450000
455.830000 398.320000 0.180000 1666.750000
343.210000 885.380000 0.170000 2814.130000
374.760000 404.860000 0.190000 1779.250000
531.020000 181.260000 0.230000 2537.240000
646.390000 556.010000 0.140000 2749.140000
536.890000 551.780000 0.220000 2511.790000
639.860000 293.840000 0.230000 2438.670000
760.790000 336.330000 0.230000 1550.010000
640.090000 648.020000 0.230000 2179.850000
573.540000 424.240000 0.120000 1150.810000
512.390000 371.300000 0.210000 1065.140000
177.960000 480.560000 0.210000 775.800000
554.910000 671.140000 0.270000 641.580000
736.840000 539.920000 0.220000 1734.520000
594.760000 579.470000 0.170000 1080.920000
435.330000 467.400000 0.060000 1440.740000
593.640000 510.260000 0.210000 1147.740000
450.550000 388.430000 0.140000 1576.510000
320.200000 585.730000 0.360000 1495.980000
502.660000 468.290000 0.180000 1548.880000
651.870000 276.440000 0.010000 925.860000
534.400000 800.350000 0.140000 2671.580000
580.630000 526.720000 0.250000 1366.570000
184.350000 694.070000 0.300000 1766.150000
548.010000 423.060000 0.130000 1469.360000
744.930000 475.250000 0.200000 1399.030000
354.670000 547.460000 0.370000 1013.230000
430.500000 721.900000 0.030000 2644.860000
410.530000 389.070000 0.200000 3890.530000
426.550000 688.370000 0.020000 876.270000
580.330000 493.650000 0.070000 3419.400000
853.470000 752.960000 0.070000 1477.900000
171.820000 666.120000 0.410000 1967.920000
506.360000 518.970000 0.090000 1293.570000
544.380000 505.870000 0.030000 672.560000
693.100000 296.710000 0.130000 2959.030000
470.650000 781.430000 0.090000 3770.130000
550.730000 377.400000 0.280000 2762.250000
368.860000 298.590000 0.290000 889.360000
946.630000 493.300000 0.060000 1199.870000
659.930000 738.920000 0.300000 3084.450000
389.000000 728.730000 0.250000 1840.830000
649.410000 423.640000 0.280000 1496.460000
461.640000 453.760000 0.100000 2134.510000
320.160000 413.180000 0.230000 1298.670000
421.190000 241.960000 0.370000 3201.990000
343.850000 705.980000 0.190000 839.930000
421.990000 613.000000 0.270000 1318.350000
559.310000 603.460000 0.370000 639.730000
407.050000 433.720000 0.140000 1387.510000
559.210000 493.260000 0.160000 1112.070000
544.810000 747.400000 0.280000 2315.030000
545.080000 422.600000 0.180000 562.670000
405.000000 527.690000 0.140000 2679.190000
178.260000 639.330000 0.290000 1498.540000
420.770000 621.730000 0.280000 1117.820000
528.010000 376.990000 0.080000 1138.030000
608.620000 356.200000 0.040000 1985.640000
247.000000 347.850000 0.470000 764.420000
324.530000 570.960000 0.230000 711.100000
344.400000 640.900000 0.270000 1092.360000
478.930000 603.960000 0.080000 1262.240000
475.320000 456.440000 0.210000 557.500000
443.980000 716.970000 0.020000 2477.550000
444.840000 669.590000 0.250000 3058.280000
478.030000 639.660000 0.020000 2428.610000
349.330000 531.720000 0.200000 2237.420000
671.180000 327.470000 0.140000 1735.590000
395.410000 616.120000 0.160000 1972.780000
739.350000 464.190000 0.330000 2809.820000
835.010000 554.870000 0.170000 1805.360000
435.230000 616.620000 0.210000 1493.610000
415.450000 476.060000 0.290000 2810.080000
689.590000 162.940000 0.270000 776.340000
558.840000 559.390000 0.200000 1140.690000
361.390000 249.990000 0.290000 2136.680000
513.940000 573.790000 0.150000 1576.990000
414.640000 322.880000 0.210000 832.680000
368.640000 142.890000 0.250000 1322.940000
426.670000 548.620000 0.250000 1215.370000
189.200000 508.760000 0.440000 1169.120000
593.250000 630.590000 0.330000 1212.440000
514.490000 811.240000 0.220000 1891.270000
615.470000 573.690000 0.310000 1489.340000
482.030000 391.610000 0.230000 2811.850000
74 9 18 93 11 54 60 27 96 15 39 62 75 42 67 1 57 87 95 59 78 71 77 64 97 28 98 4 8 99 32 68 14 35 90 92 7 76 63 38 58 83 22 89 53 26 66 10 48 70 34 84 49 16 88 31 65 21 30 29 86 41 25 40 24 56 61 94 19 79 45 80 13 85 73 91 33 100 82 69 3 44 2 72 23 36 5 37 20 50 47 12 52 17 43 81 46 6 51 55 
Best fitness: 9.46
9 95 1 97 28 64 30 8 20 66 38 32 35 78 84 71 63 45 75 42 54 11 74 68 25 29 85 41 93 91 96 15 27 43 7 99 12 4 37 40 26 88 62 76 34 70 48 10 65 60 94 61 33 100 14 89 23 86 87 57 67 24 83 22 58 46 90 92 77 18 82 39 79 80 2 72 59 53 3 44 16 36 51 6 49 21 31 5 19 73 50 98 13 56 47 55 69 17 52 81 
Worst fitness: 11.80
74 54 9 35 78 42 34 62 15 75 27 96 70 48 39 60 16 33 68 66 64 97 63 71 95 21 28 7 4 98 67 1 32 30 99 38 41 23 53 40 2 26 14 11 93 18 76 84 87 10 90 20 8 73 58 85 29 24 56 81 44 91 94 61 82 3 65 100 89 51 25 72 31 69 22 83 86 92 49 88 59 45 57 80 77 55 47 37 6 36 19 43 79 13 17 12 52 46 50 5 
Best fitness: 9.28
94 19 89 9 93 18 74 37 98 4 97 64 7 28 1 75 42 96 48 87 71 65 78 31 49 30 95 76 34 16 26 99 67 52 43 80 63 32 68 2 66 50 10 15 27 70 62 57 21 90 38 6 58 72 11 54 60 35 29 23 85 24 8 56 92 40 25 100 14 44 88 84 61 91 73 41 86 51 36 22 53 59 45 82 39 77 81 12 13 79 69 3 33 5 83 20 46 17 55 47 
Worst fitness: 12.00
74 91 54 9 44 93 33 88 87 77 64 32 38 49 78 27 96 15 95 75 10 82 42 34 76 57 43 28 97 71 63 62 39 70 48 1 4 98 67 7 90 50 16 65 26 68 66 30 99 21 35 69 84 24 85 41 58 2 53 14 100 60 11 61 94 89 83 22 23 25 46 86 6 72 40 8 29 56 79 80 92 59 3 13 52 18 5 51 73 19 81 37 20 17 45 55 47 31 36 12 
Best fitness: 8.90
15 42 9 65 21 28 1 64 78 54 60 96 27 41 85 97 71 77 32 68 26 93 74 10 18 33 16 31 88 34 75 63 80 76 95 35 14 100 38 90 7 29 8 99 30 89 83 58 6 2 66 24 87 62 43 4 57 59 40 72 53 23 36 73 22 11 94 3 70 39 48 61 91 44 49 25 50 56 67 92 82 84 81 12 98 13 86 51 5 19 17 20 69 46 45 37 52 79 47 55 
Worst fitness: 11.87
74 27 96 34 4 1 64 90 95 42 71 63 81 28 7 97 30 38 66 50 78 9 65 60 68 33 16 93 89 22 83 26 14 35 72 32 99 49 75 48 70 15 10 3 11 54 91 18 44 73 58 41 25 82 69 77 84 76 21 24 67 98 57 62 87 92 88 31 59 40 8 6 85 29 53 100 61 46 2 80 52 43 39 37 56 23 36 19 94 45 79 12 13 55 86 5 20 47 17 51 
Best fitness: 9.86
54 68 99 64 28 74 11 90 7 98 4 1 95 78 89 22 97 63 71 9 60 27 96 15 34 75 42 16 83 19 5 61 2 50 66 62 48 76 32 38 46 58 85 41 26 18 10 65 93 91 94 14 72 35 59 82 87 92 30 29 8 20 57 70 39 17 56 24 6 23 40 25 88 45 37 67 21 33 100 44 3 84 49 69 12 13 86 53 77 80 43 31 36 79 47 51 55 81 52 73 
Worst fitness: 12.44
