103.50 173.18 0.14 8044.46
91.37 80.88 0.19 3032.56
221.95 50.76 0.33 4677.16
97.67 35.10 0.37 6611.13
68.95 126.76 0.35 2132.55
148.19 78.93 0.12 10290.97
164.15 170.15 0.08 10206.49
86.69 290.86 0.31 3229.72
55.37 314.39 0.03 10176.46
118.85 244.70 0.24 6726.01
42.84 345.75 0.10 5665.50
113.72 323.93 0.41 6105.21
89.55 340.49 0.26 4706.99
170.42 309.35 0.21 2284.52
5.03 464.88 0.34 4493.67
50.65 585.40 0.35 10751.76
146.34 524.88 0.40 764.55
146.24 522.03 0.09 6592.57
102.80 451.11 0.17 3100.07
85.71 483.41 0.24 8346.59
100.64 529.72 0.32 9074.63
193.63 719.04 0.11 6645.04
94.59 664.35 0.33 4296.26
34.43 747.87 0.18 7371.52
58.80 738.97 0.24 5465.55
56.34 775.05 0.02 10722.05
61.96 677.71 0.26 7980.42
110.16 806.55 0.22 4278.30
5.97 969.80 0.26 9836.37
130.99 939.09 0.11 2713.36
147.50 845.23 0.29 2537.31
78.51 887.12 0.16 3058.42
195.29 980.10 0.30 6683.58
103.82 924.94 0.10 5322.22
33.57 931.11 0.19 7327.36
308.01 84.76 0.09 1605.80
312.46 147.71 0.17 2928.54
323.60 150.41 0.32 1604.44
311.48 41.24 0.17 8150.01
314.50 130.51 0.18 2244.95
240.31 74.24 0.04 9902.11
213.72 158.58 0.25 6490.08
237.19 232.05 0.21 5231.49
240.57 427.95 0.14 5796.32
313.20 283.72 0.32 4996.28
313.62 254.84 0.13 993.39
266.76 313.42 0.20 7871.69
348.02 283.15 0.24 2766.72
295.51 281.06 0.21 1737.31
341.21 483.45 0.27 10051.25
317.57 555.16 0.15 1436.25
199.29 506.76 0.23 4488.27
277.36 524.79 0.33 1710.30
291.28 467.29 0.26 5081.30
313.38 641.36 0.37 667.74
368.42 607.28 0.22 6042.06
338.38 685.21 0.05 9347.57
385.25 613.83 0.12 8265.51
285.85 710.88 0.04 5171.27
263.35 676.94 0.11 4219.26
325.96 706.50 0.14 1147.36
318.77 709.95 0.19 6608.72
344.59 656.51 0.16 6872.01
261.59 908.38 0.22 10703.72
267.65 937.58 0.26 5962.07
308.23 941.46 0.01 5282.95
359.30 894.08 0.18 1731.04
324.82 853.43 0.19 6475.29
205.57 919.43 0.32 5576.56
252.81 902.43 0.23 1983.74
560.16 68.73 0.33 9832.77
499.03 108.48 0.28 9396.95
436.77 59.09 0.11 8565.94
586.16 20.93 0.17 10619.84
494.85 156.19 0.19 4252.44
520.82 78.97 0.19 6433.11
531.52 69.90 0.10 4834.98
558.20 322.43 0.21 10371.42
481.81 333.37 0.36 9543.53
502.28 343.21 0.37 4333.52
476.65 301.93 0.34 3693.55
523.08 374.89 0.32 3789.74
477.68 343.18 0.28 5572.45
519.05 371.15 0.06 10462.28
435.90 395.17 0.26 3006.06
525.77 490.49 0.14 2710.74
464.85 461.45 0.11 8880.88
482.45 480.92 0.31 9953.91
489.15 465.70 0.14 1700.54
394.65 499.41 0.15 2485.18
532.71 621.83 0.01 6389.64
488.31 645.54 0.22 8868.00
597.23 692.86 0.32 1615.32
471.89 712.65 0.22 6916.24
471.96 695.97 0.28 1921.54
594.26 724.85 0.31 5582.67
460.69 697.26 0.31 5913.99
401.32 650.27 0.03 7935.02
465.85 836.41 0.09 4155.23
483.02 894.22 0.07 4099.45
490.91 966.81 0.08 3286.56
500.23 917.32 0.14 6270.84
511.56 905.20 0.33 7484.89
621.97 873.12 0.30 9081.92
474.97 858.10 0.13 8915.98
660.49 67.92 0.38 9269.28
755.38 178.60 0.29 8766.88
735.54 31.94 0.18 6375.54
721.79 87.99 0.24 7459.82
769.79 190.13 0.31 5501.13
659.32 176.26 0.27 5800.50
697.01 61.08 0.29 7533.84
816.06 323.97 0.16 1005.75
689.70 280.77 0.18 688.29
731.31 245.11 0.07 2520.80
651.46 242.46 0.44 10122.74
769.70 285.81 0.17 10275.98
676.36 316.76 0.26 5706.02
724.73 173.46 0.35 10665.87
680.76 555.43 0.24 9696.96
654.44 526.86 0.42 3510.20
648.06 488.48 0.14 9016.29
707.81 456.89 0.18 8668.79
620.23 503.50 0.16 5452.27
692.54 390.35 0.32 9753.33
686.28 473.05 0.24 7186.55
733.18 745.73 0.36 6261.54
648.59 728.47 0.25 3415.87
717.78 718.80 0.23 8142.34
664.03 715.90 0.17 3863.40
699.96 725.61 0.02 10130.36
672.55 845.07 0.18 2355.81
764.62 756.60 0.27 1501.96
665.81 926.43 0.05 5397.36
657.20 885.91 0.29 7309.03
702.09 925.01 0.15 2622.98
743.37 798.36 0.15 4397.89
705.17 924.99 0.06 4677.21
660.71 944.39 0.23 8959.03
646.26 878.14 0.12 9285.36
999.00 24.25 0.05 9807.72
930.30 187.65 0.16 9350.35
856.11 13.50 0.34 10151.81
912.16 157.31 0.33 8355.35
884.01 52.28 0.11 2810.78
856.22 98.20 0.35 10029.08
839.52 72.39 0.26 2759.99
899.66 233.88 0.32 4777.42
951.73 233.52 0.22 2870.10
906.33 261.78 0.16 9229.22
895.64 259.91 0.05 3575.53
886.08 328.72 0.25 8996.18
878.47 380.47 0.29 8306.71
859.44 367.62 0.17 5545.15
871.67 494.36 0.19 1081.39
872.42 582.52 0.17 5540.03
916.68 536.53 0.09 658.17
830.84 512.05 0.35 8317.84
975.33 398.96 0.26 3838.29
889.20 516.11 0.21 10260.57
926.25 487.72 0.18 2892.48
917.48 612.65 0.08 5968.04
919.59 658.45 0.05 6997.58
937.81 711.23 0.01 8338.88
957.92 624.26 0.23 8940.79
855.23 681.59 0.18 2468.66
885.09 642.37 0.24 9756.13
958.35 659.13 0.18 9152.92
981.59 877.74 0.15 1501.46
866.71 910.45 0.08 3017.07
943.88 831.21 0.18 3467.31
887.63 936.54 0.14 7255.59
892.28 940.97 0.21 10702.58
999.00 950.24 0.14 5397.29
929.25 913.69 0.46 10587.47

10255.307300397608
