13 43 6 26 59 74 63 57 22 78 68 14 52 60 20 56 2 8 47 30 45 54 36 50 28 48 16 65 11 72 44 70 66 21 33 10 62 73 46 79 27 23 15 71 5 18 35 55 40 58 1 69 34 7 32 64 51 12 80 37 31 38 41 4 77 17 25 29 75 24 67 9 39 19 61 42 49 3 53 76 
Moving time: 133.32 189.24 205.61 230.53 248.77 265.53 289.13 320.70 344.01 378.15 390.67 423.50 461.61 499.89 510.39 528.58 551.10 559.77 573.08 581.69 590.78 612.16 640.98 650.92 697.77 708.60 715.46 745.46 754.97 794.47 822.50 861.57 898.76 915.08 937.97 974.08 994.38 1035.99 1063.96 1082.05 1111.12 1147.05 1163.42 1205.21 1210.17 1252.96 1286.63 1314.76 1370.50 1452.63 1473.09 1503.16 1509.03 1551.18 1587.90 1674.97 1682.56 1758.32 1789.33 1825.06 1880.21 1911.26 1923.65 1931.31 1952.06 1995.37 2004.42 2070.75 2099.34 2145.97 2168.21 2218.58 2275.66 2310.70 2365.28 2413.02 2419.48 2456.97 2523.25 2582.97 2674.14 
Best fitness: 1.00
Worst fitness: 3.0
Average fitness: 1.57
Alpha: 0.50
K: 0.02
Crossover probability: 0.50
Mutation probability: 0.10
Change mutation operator probability 1: 0.15
Change mutation operator probability 2: 0.15