44 22 1 45 31 63 64 68 49 8 15 20 43 50 21 42 30 55 57 13 34 10 11 36 62 32 59 69 67 51 47 24 16 53 12 70 4 58 33 9 2 60 28 39 17 14 29 52 37 48 27 26 18 5 35 19 6 46 3 38 40 25 65 61 66 7 41 54 23 56 
Moving time: 128.66 143.13 177.90 197.22 236.64 260.33 299.63 333.88 367.29 395.57 414.82 455.58 477.97 496.23 516.94 523.40 535.25 547.52 553.27 563.73 596.54 631.52 640.66 683.14 763.93 796.37 829.11 850.79 921.43 962.51 977.52 995.24 1012.99 1030.94 1048.73 1117.79 1132.87 1134.44 1158.43 1216.07 1274.12 1332.49 1350.72 1391.17 1427.05 1437.10 1476.07 1493.75 1537.09 1575.75 1597.07 1645.01 1674.79 1715.14 1748.40 1756.94 1781.37 1814.58 1841.73 1845.05 1867.26 1899.57 1930.34 1965.94 1974.53 2014.37 2054.93 2085.49 2144.93 2242.78 2373.16 
Best fitness: 0.00
Worst fitness: 1.0
Average fitness: 0.03
Alpha: 0.50
K: 0.02
Crossover probability: 0.50
Mutation probability: 0.10
Change mutation operator probability 1: 0.15
Change mutation operator probability 2: 0.15