44 85 69 67 46 86 90 5 76 6 38 58 70 50 41 2 33 73 7 42 29 34 56 27 32 89 19 75 78 13 87 26 79 51 39 17 21 82 4 84 80 71 59 36 81 47 88 18 57 60 55 53 25 28 65 24 77 66 35 61 48 11 40 30 37 64 43 52 68 20 9 54 45 62 1 8 16 74 10 23 14 49 15 12 72 3 22 31 83 63 
Moving time: 112.78 145.74 165.58 189.70 195.25 222.75 240.25 265.06 286.18 306.48 345.13 370.13 448.57 484.94 500.30 513.56 528.05 533.09 574.45 601.66 631.29 649.62 660.08 703.72 725.01 740.47 749.01 769.16 794.61 817.80 824.11 838.06 842.93 872.21 934.43 950.85 960.05 980.76 1023.51 1036.20 1044.09 1076.10 1128.48 1142.08 1171.80 1226.90 1252.36 1265.82 1288.78 1294.57 1316.82 1364.43 1385.34 1418.38 1433.26 1434.10 1447.38 1498.27 1522.71 1531.02 1546.20 1566.56 1598.78 1620.77 1637.25 1650.56 1687.82 1705.69 1710.16 1737.67 1789.39 1809.80 1820.09 1848.70 1855.54 1877.87 1906.49 1940.14 1976.28 2016.51 2035.66 2063.88 2096.89 2134.63 2230.30 2253.00 2262.39 2307.93 2338.30 2358.37 2511.36 
Best fitness: 1.00
Worst fitness: 2.0
Average fitness: 1.70
Alpha: 0.50
K: 0.02
Crossover probability: 0.50
Mutation probability: 0.10
Change mutation operator probability 1: 0.15
Change mutation operator probability 2: 0.15