64 53 21 34 28 51 48 62 14 44 47 22 11 67 50 7 33 9 39 49 35 43 6 3 25 24 4 61 42 70 5 57 27 54 37 66 10 1 58 13 46 18 65 32 19 55 36 15 2 68 8 69 29 38 56 60 17 41 23 59 45 12 30 52 31 20 40 26 16 63 
Moving time: 74.25 105.65 122.00 134.97 146.27 190.13 210.94 222.80 334.32 372.58 415.35 430.61 476.22 489.23 527.63 558.10 567.69 592.71 600.05 619.00 670.27 705.35 737.82 766.41 817.72 856.49 883.83 901.80 925.13 940.04 959.76 972.64 1009.56 1020.87 1075.37 1136.23 1181.75 1232.70 1269.22 1320.59 1375.29 1399.93 1433.62 1472.44 1514.13 1563.49 1623.77 1670.61 1717.77 1794.93 1846.39 1912.86 1942.74 1957.67 1987.16 2012.97 2053.95 2095.54 2149.16 2180.71 2193.94 2205.53 2226.06 2274.95 2300.83 2334.82 2359.39 2376.44 2393.19 2402.76 2563.45 
Best fitness: 2.00
Worst fitness: 4.0
Average fitness: 2.80
Alpha: 0.50
K: 0.02
Crossover probability: 0.50
Mutation probability: 0.10
Change mutation operator probability 1: 0.15
Change mutation operator probability 2: 0.15