514.910000 752.400000 0.240000 719.170000
568.270000 395.820000 0.190000 1933.370000
325.860000 498.790000 0.170000 1994.670000
587.930000 906.500000 0.250000 802.820000
537.110000 174.460000 0.120000 2858.960000
655.470000 463.860000 0.080000 2536.940000
587.300000 665.920000 0.260000 1258.780000
673.410000 573.440000 0.340000 2625.190000
415.680000 409.730000 0.310000 796.970000
309.400000 532.400000 0.170000 1299.450000
389.950000 307.860000 0.160000 1257.950000
557.080000 801.220000 0.040000 2907.670000
614.770000 963.550000 0.130000 1130.100000
490.080000 412.540000 0.310000 2287.980000
167.980000 575.490000 0.260000 660.450000
455.830000 398.320000 0.180000 1666.750000
343.210000 885.380000 0.170000 2814.130000
374.760000 404.860000 0.190000 1779.250000
531.020000 181.260000 0.230000 2537.240000
646.390000 556.010000 0.140000 2749.140000
536.890000 551.780000 0.220000 2511.790000
639.860000 293.840000 0.230000 2438.670000
760.790000 336.330000 0.230000 1550.010000
640.090000 648.020000 0.230000 2179.850000
573.540000 424.240000 0.120000 1150.810000
512.390000 371.300000 0.210000 1065.140000
177.960000 480.560000 0.210000 775.800000
554.910000 671.140000 0.270000 641.580000
736.840000 539.920000 0.220000 1734.520000
594.760000 579.470000 0.170000 1080.920000
435.330000 467.400000 0.060000 1440.740000
593.640000 510.260000 0.210000 1147.740000
450.550000 388.430000 0.140000 1576.510000
320.200000 585.730000 0.360000 1495.980000
502.660000 468.290000 0.180000 1548.880000
651.870000 276.440000 0.010000 925.860000
534.400000 800.350000 0.140000 2671.580000
580.630000 526.720000 0.250000 1366.570000
184.350000 694.070000 0.300000 1766.150000
548.010000 423.060000 0.130000 1469.360000
744.930000 475.250000 0.200000 1399.030000
354.670000 547.460000 0.370000 1013.230000
430.500000 721.900000 0.030000 2644.860000
410.530000 389.070000 0.200000 3890.530000
426.550000 688.370000 0.020000 876.270000
580.330000 493.650000 0.070000 3419.400000
853.470000 752.960000 0.070000 1477.900000
171.820000 666.120000 0.410000 1967.920000
506.360000 518.970000 0.090000 1293.570000
544.380000 505.870000 0.030000 672.560000
693.100000 296.710000 0.130000 2959.030000
470.650000 781.430000 0.090000 3770.130000
550.730000 377.400000 0.280000 2762.250000
368.860000 298.590000 0.290000 889.360000
946.630000 493.300000 0.060000 1199.870000
659.930000 738.920000 0.300000 3084.450000
389.000000 728.730000 0.250000 1840.830000
649.410000 423.640000 0.280000 1496.460000
461.640000 453.760000 0.100000 2134.510000
320.160000 413.180000 0.230000 1298.670000
421.190000 241.960000 0.370000 3201.990000
343.850000 705.980000 0.190000 839.930000
421.990000 613.000000 0.270000 1318.350000
559.310000 603.460000 0.370000 639.730000
407.050000 433.720000 0.140000 1387.510000
559.210000 493.260000 0.160000 1112.070000
544.810000 747.400000 0.280000 2315.030000
545.080000 422.600000 0.180000 562.670000
405.000000 527.690000 0.140000 2679.190000
178.260000 639.330000 0.290000 1498.540000
420.770000 621.730000 0.280000 1117.820000
528.010000 376.990000 0.080000 1138.030000
608.620000 356.200000 0.040000 1985.640000
247.000000 347.850000 0.470000 764.420000
324.530000 570.960000 0.230000 711.100000
344.400000 640.900000 0.270000 1092.360000
478.930000 603.960000 0.080000 1262.240000
475.320000 456.440000 0.210000 557.500000
443.980000 716.970000 0.020000 2477.550000
444.840000 669.590000 0.250000 3058.280000
478.030000 639.660000 0.020000 2428.610000
349.330000 531.720000 0.200000 2237.420000
671.180000 327.470000 0.140000 1735.590000
395.410000 616.120000 0.160000 1972.780000
739.350000 464.190000 0.330000 2809.820000
835.010000 554.870000 0.170000 1805.360000
435.230000 616.620000 0.210000 1493.610000
415.450000 476.060000 0.290000 2810.080000
689.590000 162.940000 0.270000 776.340000
558.840000 559.390000 0.200000 1140.690000
361.390000 249.990000 0.290000 2136.680000
513.940000 573.790000 0.150000 1576.990000
414.640000 322.880000 0.210000 832.680000
368.640000 142.890000 0.250000 1322.940000
426.670000 548.620000 0.250000 1215.370000
189.200000 508.760000 0.440000 1169.120000
593.250000 630.590000 0.330000 1212.440000
514.490000 811.240000 0.220000 1891.270000
615.470000 573.690000 0.310000 1489.340000
482.030000 391.610000 0.230000 2811.850000
94 61 93 11 54 74 96 34 68 40 66 32 64 1 98 4 37 52 67 28 59 78 75 42 76 87 63 62 15 27 18 60 26 38 97 7 71 57 39 70 48 10 69 95 88 65 9 5 89 16 33 100 14 46 50 90 24 56 99 30 20 29 41 58 53 25 21 92 49 35 91 3 82 84 45 43 81 8 86 23 83 22 19 2 72 44 79 77 6 85 73 80 17 13 31 12 47 55 36 51 
Best fitness: 23.62
93 89 58 95 42 60 74 75 97 28 1 57 76 84 78 64 37 4 32 68 26 9 54 94 10 15 96 34 30 99 24 7 63 21 53 2 66 38 70 48 39 62 43 79 88 91 11 90 77 45 67 56 46 25 72 14 35 6 41 8 80 87 71 27 65 61 18 16 33 29 85 23 83 40 31 44 3 92 49 59 19 36 86 98 82 73 51 20 100 81 13 12 52 69 22 55 47 50 17 5 
Worst fitness: 31.49
15 75 42 62 13 4 7 28 1 98 64 30 99 32 38 66 40 59 9 14 78 50 90 92 76 63 71 48 70 39 34 96 27 95 88 60 74 54 94 11 91 93 16 33 68 46 58 41 29 23 89 26 100 35 97 8 80 52 67 79 57 82 10 18 44 65 87 21 25 53 61 72 2 85 86 6 20 49 84 22 83 51 36 19 24 56 37 81 45 77 69 3 31 43 17 47 73 12 55 5 
Best fitness: 9.79
9 66 64 1 67 74 91 96 15 41 29 97 59 78 26 54 93 68 14 44 33 42 34 62 71 63 7 81 45 57 75 76 95 84 87 92 90 28 4 79 39 48 70 27 82 77 38 30 99 20 58 83 61 11 3 10 49 32 8 21 35 18 60 65 16 72 53 40 25 2 22 89 19 5 73 85 23 94 88 80 13 98 24 56 86 100 17 12 31 50 51 6 47 69 52 46 36 43 37 55 
Worst fitness: 12.11
74 27 15 96 78 68 14 93 54 9 64 28 7 1 43 10 82 42 71 81 97 90 21 77 84 87 63 34 75 76 95 99 32 38 66 40 35 59 60 48 39 62 57 67 56 13 4 98 8 29 30 2 53 26 100 88 80 17 70 3 49 50 24 41 58 19 61 5 89 83 25 33 16 11 46 92 65 44 51 23 22 72 91 94 18 69 31 6 85 86 52 47 12 37 79 20 55 73 45 36 
Best fitness: 6.71
89 83 58 32 66 9 35 49 76 39 96 15 78 60 74 31 93 25 68 30 64 97 48 70 34 62 79 1 98 4 37 7 21 92 28 87 71 63 95 59 33 27 88 54 11 10 75 82 42 57 67 38 8 41 90 46 40 72 53 26 14 16 61 94 91 65 69 81 99 50 2 3 18 100 24 56 84 22 23 85 29 80 43 13 86 6 77 44 19 20 17 5 55 52 73 47 51 36 45 12 
Worst fitness: 8.70
74 96 27 15 10 75 71 63 64 44 54 93 60 18 9 66 78 35 72 68 32 38 95 80 45 67 28 97 7 1 4 57 62 42 34 76 91 61 53 58 26 14 100 33 16 59 70 48 87 30 99 8 90 40 25 94 89 41 29 24 92 49 21 77 88 82 65 11 22 23 83 19 36 2 51 86 6 85 98 84 52 81 56 46 20 50 69 3 39 37 13 17 47 12 55 43 5 73 31 79 
Best fitness: 4.78
3 42 10 16 26 68 64 87 71 45 79 76 96 15 75 63 77 46 78 9 95 66 8 97 30 90 27 74 93 28 24 99 32 38 21 49 62 57 1 7 44 11 61 19 58 14 91 54 18 60 43 52 98 34 84 81 67 4 12 56 23 89 51 22 73 100 65 72 53 2 25 41 29 85 35 92 80 48 39 70 88 82 69 31 40 33 94 37 13 17 6 83 47 86 50 36 5 55 20 59 
Worst fitness: 6.14
74 27 60 10 75 70 15 96 42 49 50 2 53 93 54 9 33 26 72 68 90 21 38 32 78 87 71 1 28 64 30 99 62 76 34 97 7 56 4 63 69 95 14 16 61 94 11 100 25 66 8 29 41 85 86 24 67 98 48 82 57 79 80 92 46 58 65 88 31 35 40 22 89 83 23 36 5 19 18 91 3 77 81 84 13 17 39 59 44 37 45 47 51 6 20 55 73 52 12 43 
Best fitness: 3.13
93 42 75 62 76 34 54 74 8 20 21 49 78 64 28 4 1 57 99 32 38 68 53 9 95 96 27 97 7 71 63 87 91 94 33 26 10 77 90 46 66 2 100 35 88 14 30 58 41 25 61 11 60 82 65 18 44 16 23 51 89 19 15 48 29 85 36 40 24 92 84 67 56 3 70 39 37 98 13 47 86 22 83 73 72 80 52 45 17 79 12 81 69 31 50 59 5 6 55 43 
Worst fitness: 4.13
74 18 33 9 26 100 16 14 78 59 68 64 32 66 92 77 95 42 75 34 76 62 1 4 28 30 99 90 93 11 60 27 96 65 89 94 91 54 10 71 63 49 46 53 2 25 40 35 87 15 48 70 39 45 57 7 97 38 20 85 41 86 29 8 24 23 22 73 58 88 69 21 81 67 37 13 98 79 80 84 82 3 50 19 61 72 43 17 56 83 6 51 44 31 52 47 36 55 5 12 
Best fitness: 2.34
15 76 34 10 78 64 21 90 69 74 54 19 89 60 96 27 62 28 7 99 16 100 26 40 68 38 30 97 35 14 95 42 75 32 58 94 11 93 65 70 48 63 71 87 77 67 98 92 20 41 29 9 33 66 8 56 4 1 52 80 84 57 39 3 31 25 61 91 18 88 59 36 53 83 23 22 73 2 85 86 72 50 49 82 81 24 45 13 17 43 79 44 5 51 55 37 12 46 6 47 
Worst fitness: 2.98
