648.40 636.17 5546.22 0.44 
731.24 967.59 4424.38 0.47 
1087.84 774.71 3649.50 0.51 
731.06 911.91 5127.39 0.32 
602.86 664.59 4466.81 0.41 
617.02 603.21 3676.73 0.22 
672.66 995.61 3451.37 0.49 
719.88 1154.50 4819.54 0.42 
821.63 690.52 2663.69 0.17 
658.44 925.80 4478.21 0.33 
807.58 550.02 4678.52 0.63 
698.19 613.69 3739.95 0.61 
806.39 961.95 3076.36 0.38 
549.62 678.24 4503.63 0.28 
542.28 785.96 4879.70 0.41 
664.59 649.43 3496.45 0.33 
581.79 598.10 4200.54 0.41 
703.29 953.85 3208.75 0.40 
884.93 615.21 4797.58 0.61 
734.32 587.40 5351.50 0.49 
734.44 660.15 3237.35 0.51 
773.33 690.17 3792.69 0.45 
704.79 740.68 4302.40 0.31 
585.57 929.70 4026.49 0.40 
768.43 713.67 3401.07 0.17 
719.47 662.87 3376.08 0.59 
888.08 544.70 3469.37 0.31 
741.64 679.06 4051.62 0.61 
623.87 690.36 4954.25 0.32 
694.08 674.64 3890.17 0.48 
620.71 552.75 4131.88 0.44 
610.48 590.89 4308.67 0.33 
722.49 912.24 3260.64 0.25 
965.84 645.49 5045.28 0.36 
653.87 602.77 3164.78 0.49 
748.28 615.63 4655.26 0.35 
765.41 751.21 3365.32 0.51 
934.56 632.84 3369.35 0.33 
721.95 787.47 4255.19 0.53 
914.59 824.39 4237.70 0.33 
750.22 805.34 4820.89 0.46 
615.11 617.32 4412.71 0.42 
786.81 761.64 4232.44 0.45 
671.34 657.49 5035.83 0.55 
777.61 640.96 2902.97 0.52 
774.36 573.82 4137.65 0.30 
598.36 642.96 5355.20 0.34 
745.37 555.84 3754.88 0.40 
797.98 610.59 3476.12 0.41 
829.84 588.55 3416.19 0.37 
726.09 722.24 4483.04 0.47 
678.86 692.74 4500.74 0.39 
767.45 621.26 2949.62 0.41 
941.53 836.86 4161.04 0.45 
692.67 808.65 3634.09 0.30 
605.92 605.45 3942.24 0.37 
585.08 617.86 4560.80 0.35 
609.48 583.95 4734.14 0.36 
656.51 576.69 4856.14 0.52 
1133.19 647.07 4217.26 0.32 
807.87 599.25 3420.77 0.19 
931.07 693.44 3730.72 0.34 
613.26 880.19 4919.06 0.31 
732.98 601.15 4218.59 0.40 
728.36 836.77 3407.39 0.36 
749.74 795.97 3219.72 0.28 
717.44 700.15 4177.40 0.23 
580.70 793.48 3356.99 0.26 
997.18 611.88 4435.57 0.44 
807.40 780.89 2324.15 0.48 
684.70 1053.61 3119.41 0.51 
701.56 830.43 4469.23 0.58 
560.00 823.47 5275.06 0.36 
750.37 854.39 4931.89 0.60 
649.86 634.15 3996.92 0.38 
754.58 660.53 3421.92 0.47 
642.62 669.07 4889.39 0.38 
657.01 701.63 3416.36 0.39 
828.46 744.40 3711.71 0.25 
784.42 752.23 4173.27 0.36 
984.60 839.52 5018.48 0.24 
564.80 734.31 4593.80 0.42 
818.67 700.55 4059.38 0.34 
917.84 672.87 3934.14 0.39 
778.16 1058.52 3287.64 0.32 
583.67 1050.53 3145.67 0.47 
670.16 700.33 3173.46 0.44 
652.36 557.69 4216.90 0.57 
823.32 637.11 2659.96 0.50 
744.22 796.69 3923.93 0.47 
562.57 589.93 4449.07 0.39 
904.58 706.89 2847.47 0.28 
618.96 547.84 4194.65 0.32 
616.74 683.11 4618.99 0.18 
592.68 594.73 3763.87 0.32 
586.43 707.94 3442.52 0.37 
992.74 682.00 2934.91 0.45 
564.06 609.62 4821.58 0.49 
614.75 667.99 3225.00 0.38 
694.30 543.48 3385.42 0.39 
749.97 708.22 3799.58 0.44 
