427.49 602.42 0.42 7541.02
523.11 505.71 0.34 7602.34
538.03 520.61 0.49 9543.31
465.50 441.72 0.49 5429.33
451.83 545.37 0.42 5782.09
437.72 417.08 0.45 5562.02
538.70 462.45 0.43 7070.04
452.14 584.02 0.60 6581.45
507.90 453.21 0.60 6724.41
551.94 490.35 0.46 8115.73
519.61 485.86 0.60 7308.59
413.04 541.98 0.39 9368.96
481.71 508.43 0.42 4995.98
577.11 474.51 0.38 7187.92
504.85 488.65 0.35 7048.03
539.72 525.29 0.60 5935.95
473.76 532.99 0.53 7123.69
481.98 563.10 0.26 7906.53
563.53 510.88 0.36 10566.69
591.68 518.52 0.49 7627.36
473.18 514.27 0.42 9005.00
531.31 518.82 0.60 7073.16
521.27 521.56 0.47 6223.09
496.84 427.53 0.44 8679.23
334.44 491.27 0.31 9618.28
483.35 538.81 0.42 6810.73
497.35 446.22 0.41 7176.11
488.56 474.17 0.50 9292.80
500.71 448.67 0.40 5356.12
553.65 457.08 0.60 5147.59
510.83 474.12 0.44 9106.07
447.48 501.79 0.43 7398.30
536.96 540.72 0.60 7935.75
507.02 478.38 0.60 4687.60
461.91 457.40 0.51 8684.53
479.35 464.17 0.60 5004.35
572.41 452.62 0.51 6858.26
514.83 494.23 0.49 8693.11
482.77 567.33 0.39 8778.75
457.10 489.37 0.53 6991.82
518.33 552.43 0.52 7084.69
531.58 493.19 0.43 10571.50
504.80 525.46 0.56 9172.73
445.62 478.03 0.30 6795.51
481.00 477.51 0.38 5984.43
477.59 514.25 0.39 8337.76
470.75 612.39 0.40 7344.98
468.65 445.89 0.39 7020.82
587.37 525.49 0.57 7798.76
507.05 532.59 0.50 6898.18
472.42 508.08 0.54 8170.74
490.72 424.42 0.41 9186.39
526.40 524.80 0.60 5336.37
423.40 500.82 0.53 5795.21
571.20 499.51 0.53 9039.59
440.15 503.86 0.52 6479.15
643.29 586.97 0.52 10305.24
542.59 468.30 0.60 6653.51
506.76 562.13 0.51 5774.29
530.23 439.61 0.48 5768.48
440.54 484.75 0.42 5226.23
522.69 419.61 0.57 7302.13
508.30 522.90 0.55 6182.72
423.96 552.19 0.47 7756.28
558.45 547.18 0.53 8490.38
509.63 475.86 0.48 6130.63
475.39 444.98 0.39 8282.24
466.28 514.77 0.41 7335.93
490.48 466.23 0.31 8346.22
405.05 458.40 0.49 5367.91
540.48 640.57 0.45 5329.42
535.23 463.22 0.33 5324.47
498.38 484.12 0.45 7273.74
488.55 526.84 0.44 6654.08
486.68 480.78 0.46 7054.37
525.94 586.58 0.51 7392.47
439.14 531.30 0.38 9921.28
378.56 560.33 0.52 4452.01
505.65 391.84 0.44 10631.68
477.21 486.44 0.42 5278.50
537.04 554.27 0.54 7900.50
477.01 495.34 0.51 5192.65
578.84 541.85 0.40 8011.67
493.93 510.60 0.60 9014.73
540.12 464.09 0.60 5089.36
459.97 488.23 0.52 9740.79
475.73 426.58 0.43 6467.51
507.39 483.13 0.60 6535.82
459.46 467.93 0.53 7906.69
425.34 516.08 0.52 7253.74
506.36 490.85 0.50 5986.12
563.89 484.29 0.42 7718.93
485.07 415.11 0.60 10732.02
487.37 414.54 0.56 5663.27
446.47 407.60 0.60 8924.59
519.10 420.37 0.47 8479.03
468.33 461.69 0.49 7846.52
486.50 484.94 0.60 6360.57
478.45 564.24 0.52 4359.12
589.14 494.11 0.47 3729.60
375.76 487.19 0.60 7419.25
580.17 481.22 0.52 6082.50
481.70 491.52 0.60 6126.27
500.68 450.03 0.46 6362.06
535.71 429.76 0.51 4712.53
512.09 550.87 0.35 6219.59
472.81 334.97 0.52 10800.00
483.16 523.12 0.39 7908.99
543.57 563.20 0.39 4876.02
484.14 449.59 0.42 8030.73
535.41 466.66 0.44 5162.70
494.34 514.55 0.52 7325.13
420.31 484.89 0.40 8166.67
549.28 599.63 0.58 5172.19
407.88 490.90 0.58 5678.83
562.78 421.60 0.37 6540.86
495.75 512.29 0.58 7076.78
515.84 418.70 0.60 4249.09
510.73 497.63 0.60 7417.88
544.58 440.92 0.56 6749.37
480.75 519.39 0.51 7412.22
504.45 496.91 0.60 8431.33
436.31 463.43 0.60 6662.39
480.40 492.12 0.43 6961.53
438.72 415.08 0.47 9592.63
484.24 520.09 0.51 4744.79
545.76 505.72 0.50 7230.34
510.04 439.05 0.60 6670.69
466.15 550.82 0.60 6357.03
477.69 579.60 0.55 6795.51
420.02 510.16 0.39 5807.43
528.50 444.76 0.44 8022.97
471.90 527.29 0.58 6068.03
497.30 537.76 0.45 4355.45
557.86 463.23 0.49 5624.64
520.30 476.56 0.40 6620.45
586.68 477.60 0.55 5350.46
475.36 508.54 0.42 6683.91
550.38 420.48 0.38 7853.71
469.58 465.45 0.57 7771.70
509.31 509.26 0.53 6390.49
501.51 583.34 0.60 7685.74
449.35 484.82 0.60 7696.02
501.06 451.69 0.46 6433.61
467.53 537.09 0.54 5753.99
453.05 574.73 0.51 4924.59
477.58 529.33 0.54 6324.17
464.35 422.56 0.60 7375.27
440.04 561.43 0.59 8255.47
526.68 493.40 0.60 5587.99
554.56 460.86 0.60 4443.93
459.89 486.28 0.49 5759.61
428.03 530.63 0.56 5217.75
471.71 454.60 0.41 6053.06
438.84 561.66 0.31 4489.23
509.88 411.09 0.52 6473.83
485.10 487.47 0.46 7973.98
428.59 470.81 0.60 5895.20
403.99 541.48 0.46 4738.00
557.20 484.45 0.60 5106.06
528.71 447.40 0.51 6903.95
497.75 432.89 0.51 7427.67
614.68 516.80 0.60 9050.94
465.71 352.49 0.52 7936.43
515.99 524.46 0.45 7233.84
518.40 512.04 0.45 5194.69
459.39 501.68 0.35 6256.98
489.20 516.05 0.60 7361.45
546.20 446.71 0.50 6062.18
486.91 452.76 0.24 8823.22
424.49 451.75 0.45 6878.35
478.68 534.05 0.16 9443.66
539.16 503.01 0.52 5942.05
474.13 434.57 0.50 7828.74
460.72 389.31 0.59 5746.59
