516.71 431.60 0.48 10050.64
525.85 472.02 0.49 5419.40
483.78 444.51 0.42 8810.03
479.59 563.54 0.35 10450.81
572.68 542.95 0.32 8073.69
602.37 473.92 0.60 4958.12
532.89 476.73 0.52 6460.36
471.18 463.11 0.29 10520.18
510.79 494.62 0.60 8444.56
559.42 487.95 0.60 3892.45
501.18 456.49 0.56 7367.59
439.03 442.10 0.35 10657.15
441.22 481.46 0.56 5607.15
568.88 564.61 0.58 9152.77
461.14 446.48 0.60 6704.52
495.66 469.43 0.31 9430.69
525.99 534.99 0.57 6941.56
440.17 447.48 0.47 8859.60
608.96 478.14 0.48 5561.80
477.83 469.02 0.44 9031.52
534.23 545.27 0.44 8423.44
525.54 423.97 0.50 4927.65
518.99 374.26 0.50 10048.71
569.40 494.61 0.40 6713.39
544.49 460.79 0.36 4122.47
537.37 406.75 0.45 7196.60
492.22 454.08 0.47 7227.17
327.85 427.85 0.60 6781.32
426.96 590.18 0.60 7741.98
509.04 515.22 0.38 7160.37
438.05 497.95 0.48 7113.28
450.98 511.93 0.49 10486.02
511.72 512.81 0.53 6609.68
450.43 470.80 0.46 5972.44
428.16 544.67 0.44 6195.37
382.10 509.00 0.60 8043.20
574.74 518.81 0.40 4526.82
542.90 471.26 0.49 5180.43
500.25 474.23 0.60 6489.88
492.16 547.63 0.53 6324.88
529.55 427.65 0.60 5265.81
477.36 426.47 0.45 6123.74
577.73 503.41 0.40 5936.81
465.61 464.00 0.44 8052.58
431.45 508.68 0.60 4204.50
424.46 447.42 0.43 6548.28
482.56 526.56 0.55 6044.80
375.06 549.09 0.55 9178.78
447.40 431.07 0.42 6801.45
503.54 557.07 0.55 5951.19
572.59 602.31 0.49 8209.99
561.56 482.56 0.49 8088.00
555.40 530.14 0.50 7731.03
536.41 522.51 0.47 6221.94
550.09 499.74 0.56 9527.31
532.67 535.67 0.39 7633.18
439.98 453.21 0.38 7058.16
529.42 557.07 0.57 10312.94
462.74 469.49 0.54 5903.62
467.30 473.61 0.33 5093.01
505.56 516.02 0.36 9579.36
508.99 498.94 0.34 6325.12
474.98 471.59 0.26 5845.35
498.13 543.09 0.44 5691.37
588.79 427.61 0.50 6235.72
402.74 489.48 0.60 5277.77
431.12 582.42 0.32 9798.75
438.27 456.94 0.53 5978.03
566.90 463.89 0.56 7232.64
480.18 503.24 0.53 7050.85
456.66 569.43 0.54 9131.97
539.35 464.77 0.51 5803.08
480.96 407.55 0.52 7187.60
491.95 625.87 0.44 9020.85
370.72 528.68 0.52 7146.18
557.05 477.22 0.55 6608.85
515.81 445.60 0.57 5997.36
537.00 515.67 0.60 8307.19
608.56 568.41 0.40 9066.62
492.94 568.75 0.44 9711.68
468.73 490.59 0.36 6164.01
493.51 387.44 0.60 8769.38
479.21 517.35 0.60 5913.69
427.79 443.44 0.50 6011.64
440.45 564.38 0.44 9207.79
486.08 499.80 0.54 6391.65
480.45 544.44 0.49 5878.62
521.90 547.24 0.50 6414.20
464.86 494.06 0.60 8162.29
548.10 587.57 0.35 9745.49
569.36 549.41 0.48 8060.96
566.44 487.46 0.52 4599.70
399.37 497.46 0.51 6798.81
515.15 542.90 0.60 10412.99
410.39 451.43 0.44 9809.82
520.84 513.32 0.55 8804.86
497.34 456.78 0.51 4904.71
477.07 496.42 0.32 5033.26
450.14 495.17 0.38 10042.93
568.66 466.77 0.45 4753.30
382.05 423.04 0.48 7037.07
519.65 451.66 0.36 7253.64
545.52 483.10 0.44 5854.80
534.80 478.87 0.34 9551.24
557.67 541.15 0.39 5595.66
500.63 510.46 0.54 6817.83
481.31 524.85 0.47 9038.25
498.18 484.28 0.58 7144.23
501.22 559.08 0.47 6664.46
487.91 586.29 0.59 5481.90
462.06 410.56 0.60 6831.41
538.07 483.44 0.51 4346.55
518.24 478.89 0.39 5771.05
566.07 452.49 0.45 10455.94
506.20 506.03 0.41 5690.17
507.24 563.04 0.60 6115.56
397.66 526.12 0.50 7083.28
610.53 502.95 0.50 6357.03
503.16 478.56 0.47 6549.71
509.81 654.32 0.34 10164.61
404.15 585.29 0.60 10800.00
548.32 541.13 0.32 10283.67
507.02 492.49 0.60 7597.06
452.87 451.63 0.60 8246.55
549.81 498.95 0.48 6379.66
464.20 579.48 0.54 6751.81
524.20 414.66 0.45 6462.56
428.51 496.15 0.44 6376.47
402.37 556.88 0.48 6720.24
566.32 425.49 0.49 5464.91
515.92 567.19 0.51 9408.78
440.60 485.74 0.53 6468.80
516.42 511.84 0.60 8013.03
563.80 504.54 0.54 6607.93
418.98 455.24 0.50 3768.90
530.98 441.55 0.60 6471.10
533.29 418.00 0.40 8777.14
505.31 558.07 0.53 4108.33
556.96 512.73 0.56 5209.66
424.93 396.66 0.42 6034.25
423.60 463.35 0.45 9160.90
471.30 513.99 0.42 8706.69
391.35 434.87 0.44 6146.11
506.73 428.37 0.32 8032.57
526.43 631.52 0.43 5711.03
489.01 582.10 0.39 5439.05
525.01 450.48 0.46 5594.78
505.07 510.84 0.36 7077.81
524.86 529.06 0.46 7190.08
493.30 451.98 0.60 10298.58
