539.26 571.50 0.60 6367.63
447.02 548.29 0.55 6301.77
468.88 598.66 0.54 8823.00
516.17 533.79 0.35 6555.98
455.21 422.90 0.54 8169.79
500.96 513.85 0.55 6666.45
519.17 533.57 0.36 7278.72
501.14 512.06 0.54 6570.97
529.25 446.73 0.60 6854.02
505.54 568.51 0.60 6889.76
579.66 466.99 0.47 6875.21
441.59 520.86 0.43 8004.62
493.49 410.65 0.44 5817.80
523.60 560.85 0.39 6329.13
453.10 515.85 0.60 5398.28
457.99 426.22 0.42 4517.67
494.92 556.23 0.48 10023.80
496.76 500.88 0.60 5793.03
507.84 541.48 0.40 5098.88
533.02 537.96 0.55 4408.06
457.14 498.85 0.60 8400.05
630.16 474.20 0.52 6878.56
425.61 569.30 0.53 6624.23
559.68 440.62 0.52 6601.10
505.01 519.86 0.39 8224.80
526.18 435.58 0.35 5944.83
568.96 495.07 0.41 4172.72
438.99 634.65 0.31 5673.31
569.21 428.03 0.60 6403.26
471.14 481.93 0.52 7578.34
583.18 495.01 0.36 4967.27
497.14 424.80 0.41 9565.59
486.24 536.28 0.44 7416.38
472.85 520.35 0.42 6000.26
488.45 528.28 0.48 6572.45
506.45 497.18 0.56 6045.49
513.38 539.62 0.49 5949.72
487.30 537.74 0.60 7575.38
510.08 440.07 0.49 6242.10
440.42 437.18 0.38 4856.90
458.02 502.61 0.56 10197.09
468.03 516.79 0.46 10433.93
492.70 435.76 0.60 5910.16
436.89 470.00 0.53 7500.56
497.80 506.49 0.40 9738.01
552.73 569.81 0.57 6154.77
516.37 556.92 0.43 10110.84
479.71 404.35 0.50 5260.22
465.59 511.37 0.54 7155.24
492.21 572.52 0.60 6195.25
493.22 520.89 0.48 4124.24
490.65 557.45 0.56 7690.08
574.15 490.57 0.47 6435.11
462.19 547.61 0.44 7880.59
497.60 487.36 0.46 6946.84
519.85 533.65 0.52 6230.06
487.12 520.81 0.60 8621.39
497.82 527.85 0.46 7031.34
572.54 513.06 0.60 5599.33
436.69 509.95 0.45 6304.14
455.50 517.07 0.31 6382.85
454.77 535.11 0.41 8104.59
473.59 619.14 0.40 6033.67
529.04 573.84 0.36 10701.55
477.65 449.32 0.56 5873.24
512.11 490.88 0.40 7859.26
460.81 526.31 0.51 5880.93
466.81 535.40 0.42 5421.15
536.89 492.86 0.60 4809.06
532.26 498.47 0.57 7334.29
601.77 538.91 0.40 6270.05
490.36 527.01 0.53 6879.56
557.88 521.45 0.46 5938.48
575.83 483.27 0.53 5745.17
602.12 495.10 0.45 5092.81
471.81 469.96 0.47 5699.77
503.73 554.57 0.47 5742.28
505.34 452.57 0.50 5579.27
505.04 542.34 0.59 5634.04
403.72 526.94 0.60 7580.62
477.83 451.84 0.44 5891.52
478.30 511.85 0.46 6212.87
508.71 494.97 0.43 10149.87
392.72 435.06 0.53 5188.64
493.59 525.26 0.48 7666.26
486.26 420.13 0.56 6889.68
538.49 535.95 0.38 10030.09
528.27 546.80 0.57 6647.78
413.38 489.53 0.40 6829.61
473.22 541.07 0.51 7580.85
635.44 546.79 0.57 6715.09
560.72 460.91 0.32 7716.83
448.69 459.84 0.50 6593.33
502.89 453.11 0.41 6275.28
508.59 406.11 0.45 7113.58
492.44 549.26 0.39 5641.32
470.16 574.82 0.43 6179.09
566.92 495.15 0.52 7568.73
425.48 457.61 0.46 5220.64
509.39 486.93 0.59 10159.95
557.11 495.24 0.56 4738.65
492.10 517.66 0.44 7700.35
461.27 471.85 0.56 8408.72
490.01 578.84 0.57 5386.01
548.39 486.78 0.48 6663.54
476.44 545.40 0.52 4414.86
509.01 493.15 0.60 4992.97
467.89 426.57 0.60 6357.97
527.54 457.34 0.53 8604.87
556.76 461.34 0.55 4812.61
439.36 528.73 0.57 7145.32
484.70 574.37 0.35 10586.31
521.04 520.57 0.34 5780.75
420.70 393.05 0.24 8625.63
521.41 551.36 0.31 6157.04
518.48 550.61 0.39 6009.35
517.33 498.72 0.54 6263.15
491.54 578.64 0.59 5816.22
609.81 504.44 0.60 6068.24
534.09 457.42 0.47 6006.90
471.76 504.30 0.46 7738.20
475.24 401.63 0.42 5869.15
454.58 529.72 0.60 8296.78
553.20 527.53 0.33 6362.32
473.73 510.05 0.55 7773.62
454.91 408.15 0.60 9059.67
475.82 496.09 0.41 8359.60
566.41 496.21 0.57 7774.59
446.89 555.38 0.48 6850.10
444.42 432.11 0.45 8532.42
417.30 600.57 0.50 7211.70
533.19 430.39 0.60 4403.74
439.01 366.13 0.55 6722.44
515.82 568.06 0.30 7054.46
520.82 533.46 0.60 5347.67
585.14 527.46 0.45 5801.95
498.10 444.02 0.44 6361.67
507.04 469.29 0.53 7130.01
584.04 420.96 0.51 5223.76
494.12 527.68 0.51 6152.61
433.56 577.87 0.31 8344.59
469.27 483.75 0.39 6050.33
523.54 454.42 0.60 5279.32
466.58 526.96 0.37 6462.20
533.97 457.75 0.55 6681.21
475.75 407.79 0.58 6064.51
469.24 456.36 0.58 10046.66
562.64 641.56 0.56 5302.56
524.37 465.97 0.38 6431.19
565.35 453.50 0.50 6162.30
487.34 517.64 0.43 6626.12
511.37 562.47 0.60 6735.51
588.15 557.21 0.49 5368.99
510.34 530.09 0.49 8642.29
535.18 512.46 0.52 6017.09
619.83 492.98 0.50 6210.99
533.99 436.26 0.53 6372.62
370.47 506.51 0.34 9144.69
598.70 454.20 0.38 5193.04
484.03 482.90 0.54 6558.38
587.32 385.83 0.60 4856.49
581.77 466.83 0.45 9503.48
541.88 439.81 0.51 5958.11
522.31 577.81 0.60 7361.12
435.82 510.10 0.54 10002.93
439.18 522.62 0.60 7462.02
511.83 502.60 0.52 4708.64
499.93 461.69 0.47 5600.28
501.44 485.13 0.28 5397.44
454.22 509.96 0.42 6572.77
447.70 499.19 0.50 6857.28
557.34 503.13 0.37 5881.80
427.52 469.01 0.41 6491.52
496.32 500.62 0.59 4498.82
394.17 436.49 0.23 7516.51
482.06 496.49 0.60 5725.23
392.86 419.89 0.60 6475.83
482.18 536.87 0.49 6674.30
501.13 524.09 0.48 6551.01
467.90 512.26 0.30 6156.39
545.31 567.78 0.50 7915.10
462.81 491.94 0.54 6821.98
544.69 460.74 0.41 5494.22
500.88 433.29 0.47 6761.70
427.71 533.29 0.55 7711.13
509.00 570.70 0.56 6582.55
529.83 554.80 0.50 5663.14
525.88 551.57 0.47 9678.18
528.36 482.45 0.49 8211.70
551.53 491.20 0.40 9746.72
472.67 509.41 0.33 5633.88
493.18 531.56 0.60 8868.34
488.76 552.25 0.34 7327.56
549.66 446.16 0.60 6897.61
500.91 416.09 0.49 6291.22
521.08 443.38 0.60 9763.93
524.77 519.05 0.51 6473.17
477.58 502.44 0.60 6477.03
448.52 498.35 0.60 7362.05
530.12 529.08 0.49 7489.78
