588.96 979.02 0.92 7306.18
837.67 1.78 0.81 7114.03
8.27 732.20 0.79 8011.45
352.88 704.08 0.55 7500.63
815.59 993.00 0.34 9504.90
724.44 670.18 0.57 7595.29
16.07 262.72 0.60 6372.55
390.59 608.47 0.44 8057.33
584.34 913.41 0.68 6543.48
995.69 256.82 0.48 7465.82
731.23 762.31 0.59 7200.86
499.57 438.89 0.82 8207.03
99.98 162.89 0.10 7508.83
744.38 486.96 0.87 6283.15
62.83 486.92 0.47 7479.14
640.11 446.31 0.52 5095.12
489.97 808.87 0.18 6869.10
758.19 584.26 0.40 7083.94
256.21 807.74 0.28 6891.50
944.82 644.21 0.44 6683.18
384.09 381.70 0.68 7247.89
749.92 899.28 0.68 5788.87
198.58 25.45 0.76 8393.89
941.32 688.90 0.50 6901.62
418.35 222.58 0.62 8133.40
830.44 389.79 0.64 7456.74
946.76 540.73 0.70 7004.51
691.34 152.53 0.47 6443.97
269.10 748.05 0.72 6276.64
872.12 142.85 0.46 6777.70
399.87 893.34 0.05 7441.85
204.16 757.68 0.37 5205.73
205.14 495.82 0.09 6816.69
379.74 981.04 0.14 6608.02
294.33 727.99 0.68 8085.10
166.42 665.75 0.82 6437.77
728.47 363.31 0.39 7656.90
861.30 18.53 0.68 6129.43
55.58 969.49 0.78 7387.98
98.68 278.15 0.48 6180.36
395.94 124.99 0.29 8069.07
925.85 887.98 0.60 7051.18
3.11 528.34 0.13 6627.17
922.35 373.67 0.68 6632.88
339.75 934.12 0.70 7140.35
158.44 24.18 0.05 6805.88
220.85 631.34 0.87 6105.03
425.87 433.18 0.44 5848.17
109.65 495.52 0.51 6756.09
914.07 6.07 0.31 6549.08
361.88 888.14 0.31 9258.27
31.43 41.63 0.32 5277.49
183.24 476.98 0.58 5980.83
453.52 51.99 0.26 6022.06
410.63 399.47 0.54 5133.71
28.14 37.09 0.89 6397.68
535.55 39.83 0.53 6547.29
354.16 466.13 0.04 8031.30
296.04 218.13 0.73 5462.65
54.00 177.29 0.65 8195.03
375.88 621.21 0.09 6797.99
895.01 241.91 0.64 6322.74
852.25 593.51 0.54 6548.22
686.79 515.85 0.58 9291.05
727.06 187.72 0.95 6160.76
961.70 362.61 0.33 6870.92
704.88 382.76 0.04 6700.30
417.00 670.16 0.77 6926.14
731.81 211.37 0.49 7763.36
291.02 247.38 0.57 7304.54
522.46 550.39 0.47 7868.04
760.97 496.79 0.82 8125.61
720.80 494.21 0.28 7652.00
872.59 939.31 0.60 8378.24
3.97 90.41 0.06 8770.51
588.59 412.12 0.69 6679.31
918.26 597.00 0.82 6120.87
434.25 363.17 0.05 8748.70
267.35 485.17 0.78 7385.51
339.81 665.09 0.22 6203.68
256.97 927.39 0.71 5836.90
138.21 651.20 0.30 5375.30
103.50 46.45 0.09 4875.34
772.33 494.90 0.49 6498.64
95.75 56.11 0.76 8665.81
571.74 500.11 0.80 4525.52
730.66 912.66 0.40 5977.74
537.93 704.02 0.07 7805.47
536.56 577.11 0.02 7143.36
403.56 899.90 0.05 5543.71
212.76 248.57 0.25 7324.74
295.72 766.29 0.56 7497.15
310.08 8.77 1.00 7319.51
527.84 509.93 0.53 6459.16
996.41 997.71 0.69 5240.42
652.18 875.08 0.14 8271.31
731.45 609.76 0.22 6898.37
451.90 546.90 0.05 8410.07
358.91 963.51 0.78 7962.22
303.51 354.28 0.19 8882.08
525.28 57.00 0.38 6432.19
975.43 840.12 0.45 7317.41
882.22 627.05 0.18 7297.34
752.48 901.21 0.14 5502.74
131.03 842.42 0.21 7998.05
319.85 775.08 0.57 6239.73
556.34 490.29 0.21 8126.32
86.44 581.18 0.74 7259.69
506.79 900.10 0.49 6264.66
193.84 998.43 0.94 6329.83
977.84 840.57 0.47 7113.91
812.06 232.37 0.25 7827.20
122.22 510.84 0.35 6414.75
197.22 732.14 0.37 6850.20
285.94 602.26 0.82 5929.64
665.61 68.66 0.31 6071.10
259.81 733.89 0.70 4646.26
192.08 467.85 0.81 5894.38
650.05 22.27 0.15 6861.27
447.74 437.49 0.46 6629.90
365.49 269.98 0.91 5067.00
886.37 304.00 0.66 6424.45
419.52 148.59 0.07 4964.27
456.20 434.91 0.46 6301.86
540.74 540.60 0.98 5415.42
925.57 230.52 0.23 5775.22
600.68 449.63 0.94 6791.70
456.78 68.99 0.14 5746.82
244.03 16.94 0.95 6057.92
124.75 467.47 0.81 5049.35
387.95 344.03 0.61 5771.20
218.15 264.07 0.56 6621.02
717.18 263.99 0.31 5732.74
755.56 737.36 0.83 7848.80
345.71 393.33 0.75 7504.55
855.59 291.06 0.48 6998.52
151.77 979.25 0.32 6064.82
65.36 652.43 0.73 5868.57
87.45 484.14 0.72 6294.69
833.07 223.35 0.30 5928.29
189.12 735.06 0.46 7941.33
29.24 552.44 0.05 6655.54
208.41 316.92 0.50 6220.08
303.55 37.24 0.21 6529.81
452.70 15.25 0.64 5598.16
314.96 141.98 0.09 6709.15
1.05 280.53 0.84 6477.50
545.74 192.21 0.64 7976.61
20.61 541.29 0.27 5627.68
249.64 129.87 0.34 7323.99
632.07 257.03 0.69 5047.63
870.57 697.22 0.42 5349.62
616.09 444.89 0.02 7471.64
938.95 118.92 0.76 6392.42
393.49 770.91 0.50 8609.72
59.61 675.91 0.83 7300.58
499.45 439.15 0.78 7182.37
329.80 278.43 0.72 6091.33
986.51 407.36 0.88 5241.96
615.95 793.85 0.72 7258.22
0.43 351.79 0.82 6103.51
880.86 814.47 0.11 7219.92
958.15 131.33 0.90 6194.85
809.68 22.29 0.51 7281.47
138.91 215.62 0.61 6003.39
227.32 460.66 0.22 5509.07
177.84 735.88 0.61 8562.11
379.61 590.25 0.35 9273.13
869.16 162.84 0.47 4655.87
819.99 677.88 0.12 4833.18
46.49 835.80 0.83 7014.74
881.04 367.83 0.57 7190.89
960.01 458.56 0.40 5761.48
577.66 745.80 0.22 9353.72
127.36 936.43 0.62 6609.54
840.97 142.30 0.33 6907.45
704.45 657.47 0.65 7055.18
428.91 171.71 0.49 6457.83
811.61 716.55 0.06 5701.39
813.40 884.81 0.76 6795.67
908.94 893.38 0.83 6441.36
205.41 985.70 0.11 6760.99
600.51 672.49 0.86 7004.45
552.95 80.36 0.47 6684.29
756.22 36.12 0.83 6165.06
160.38 679.48 0.35 7549.42
696.62 648.07 0.82 6091.67
403.23 31.04 0.17 7323.10
319.08 80.21 0.67 7934.10
62.58 481.03 0.21 6216.75
5.26 333.18 0.01 6377.06
357.58 143.99 0.72 7556.23
53.00 431.01 0.21 6348.58
415.27 765.23 0.12 9755.61
584.55 93.73 0.71 8230.40
227.68 75.92 0.05 8982.70
511.06 798.54 0.29 6425.70
591.07 5.04 0.50 7029.06
200.50 455.81 0.76 7588.15
600.84 338.05 0.56 6259.74
30578.815997120742