15 14 10 3 11 4 12 9 13 5 17 8 18 2 20 6 1 19 16 7 
11 4 12 17 1 14 9 13 20 19 3 10 18 15 8 6 2 5 16 7 
1 4 10 6 11 5 12 13 9 14 3 20 18 15 8 17 2 19 16 7 
9 4 10 17 11 14 20 13 1 7 3 12 18 15 8 6 2 19 16 5 
1 4 10 17 11 14 20 13 15 5 3 12 18 9 8 6 2 19 16 7 
1 4 5 6 19 13 20 14 9 10 3 12 18 15 8 7 17 11 16 2 
15 4 10 5 11 14 20 13 9 17 3 12 16 18 8 6 2 19 1 7 
4 19 10 9 11 14 20 13 17 5 3 15 2 8 12 6 18 7 16 1 
1 11 10 17 4 14 20 13 9 5 3 12 18 15 8 6 2 19 16 7 
1 3 10 9 11 20 14 15 17 5 4 12 18 13 7 6 2 19 16 8 
1 4 10 14 11 3 20 13 9 5 17 12 18 15 8 6 2 19 16 7 
1 4 10 17 11 14 20 13 9 5 3 2 18 15 12 6 8 19 16 7 
1 4 15 17 3 14 10 13 9 16 11 12 18 20 8 6 2 19 5 7 
1 12 10 17 11 14 20 4 9 5 3 13 18 15 8 6 2 19 16 7 
2 12 10 17 11 14 9 13 20 5 3 4 18 15 8 6 1 19 16 7 
1 5 10 17 18 14 20 13 9 4 3 12 11 15 8 6 2 19 16 7 
1 4 10 17 11 3 20 2 7 5 14 12 18 15 8 6 13 19 16 9 
1 4 10 17 14 11 5 13 9 20 3 12 18 15 8 6 2 19 16 7 
5 20 10 17 11 14 4 13 9 1 12 3 19 15 8 6 2 18 16 7 
14 4 10 17 11 19 8 13 2 5 3 12 18 15 20 6 9 1 16 7 
1 4 10 17 11 14 20 13 9 5 3 12 18 15 8 6 2 19 16 7 
1 4 5 17 11 2 20 8 9 10 18 13 3 15 12 6 14 19 16 7 
1 4 12 17 11 20 14 13 9 5 3 10 18 15 8 6 2 19 16 7 
1 4 20 17 19 18 10 15 9 5 3 16 14 13 8 6 2 11 12 7 
16 9 10 17 11 14 20 13 12 5 3 4 18 15 8 6 2 19 1 7 
9 4 10 17 11 14 20 7 1 5 3 12 18 15 8 6 2 19 16 13 
1 4 10 17 11 14 20 13 9 5 3 12 18 15 8 6 2 19 16 7 
20 4 10 9 11 8 1 13 17 5 3 6 18 15 14 12 2 19 16 7 
1 4 3 17 11 14 20 13 9 5 18 12 10 15 8 6 2 19 16 7 
2 4 10 8 11 14 20 13 9 5 3 12 18 15 17 6 1 19 16 7 
1 19 10 17 14 5 20 13 9 11 3 12 18 15 8 6 2 4 16 7 
1 9 10 17 11 14 20 13 4 12 3 5 18 15 8 6 2 19 16 7 
1 4 10 5 11 14 20 13 9 17 3 12 18 15 8 6 2 19 16 7 
1 4 9 16 11 14 20 2 13 5 10 12 18 15 7 6 19 3 17 8 
1 4 11 17 10 14 20 16 9 12 3 5 18 15 8 6 2 19 13 7 
1 4 10 17 11 14 20 19 3 5 9 12 18 15 8 6 2 13 16 7 
1 4 10 17 11 14 20 13 9 19 3 8 18 15 12 6 2 5 16 7 
13 4 10 17 11 14 3 1 9 5 20 7 18 15 8 6 2 19 16 12 
1 4 16 17 11 14 20 13 9 5 10 12 18 15 8 6 2 19 3 7 
1 12 10 17 11 6 18 13 9 5 3 4 20 8 15 14 2 19 16 7 
1 4 10 17 11 14 20 13 9 5 3 2 18 15 8 6 12 7 16 19 
1 7 10 8 11 14 2 13 9 12 3 5 18 15 17 6 20 19 16 4 
1 4 10 17 6 13 20 14 18 5 2 12 9 15 8 19 3 11 16 7 
1 4 10 17 15 11 20 13 9 7 3 12 18 14 8 6 16 19 2 5 
12 4 10 18 11 14 20 13 9 5 3 1 17 15 8 6 2 19 16 7 
1 12 10 17 11 14 20 13 9 5 3 4 18 15 16 6 2 19 8 7 
1 4 10 17 11 14 20 13 9 5 3 12 18 15 8 6 2 19 16 7 
1 12 10 17 11 14 20 5 9 6 3 4 18 15 19 13 2 8 16 7 
4 1 3 17 11 14 20 2 9 19 10 12 18 15 8 6 13 5 16 7 
1 4 14 6 11 10 20 17 9 5 3 12 18 15 8 13 2 19 16 7 
1 4 10 17 11 20 14 13 9 5 3 12 16 15 8 6 2 19 18 7 
1 10 4 17 11 14 20 15 9 5 3 12 18 13 8 6 2 19 16 7 
1 7 10 17 11 14 20 13 9 5 3 12 18 15 8 6 2 19 16 4 
1 4 8 17 11 14 20 13 9 5 3 12 18 15 10 6 2 19 16 7 
8 4 10 9 11 14 20 7 17 5 3 12 18 19 1 6 2 15 16 13 
1 19 10 17 11 14 20 7 9 5 3 13 18 15 8 6 2 4 16 12 
9 4 10 17 6 14 20 13 1 5 3 19 18 15 12 16 2 8 11 7 
15 7 10 17 11 14 20 13 9 5 3 12 18 1 8 16 2 19 6 4 
1 4 10 9 11 14 20 13 17 5 3 12 18 15 8 6 2 19 16 7 
1 4 10 17 11 14 20 13 2 5 3 12 18 15 8 6 9 19 16 7 
17 4 10 1 11 16 20 13 9 5 3 12 18 15 8 6 2 19 14 7 
1 4 10 17 11 9 20 13 14 5 3 19 18 15 8 6 2 12 16 7 
1 4 10 17 11 14 20 3 9 5 13 12 18 15 8 6 2 19 16 7 
1 4 10 15 11 14 20 13 9 5 3 12 18 17 8 6 2 19 16 7 
1 4 10 17 11 14 20 13 9 5 3 12 18 15 8 6 2 19 16 7 
1 4 10 17 11 14 18 13 9 7 3 12 20 15 8 6 2 19 16 5 
1 17 10 4 11 14 20 13 9 5 3 12 18 15 8 6 2 19 16 7 
1 4 10 17 11 14 20 13 9 5 3 12 18 15 8 6 2 19 16 7 
1 2 10 17 11 14 20 13 9 6 3 12 18 15 8 5 4 19 16 7 
1 4 10 17 15 14 20 13 9 5 3 12 18 11 8 6 2 19 16 7 
1 4 10 17 11 14 20 13 9 5 3 12 18 15 8 6 2 19 16 7 
1 13 10 17 20 14 11 4 9 5 7 12 18 15 16 6 19 2 8 3 
4 1 10 17 11 14 20 13 9 5 3 12 2 15 8 6 18 19 16 7 
10 4 1 17 11 14 20 13 9 5 3 12 18 15 8 6 2 19 16 7 
1 4 10 17 11 14 20 13 9 5 3 12 18 15 8 6 2 19 16 7 
1 4 10 17 11 14 20 13 9 5 3 12 18 16 8 6 2 19 15 7 
1 13 10 17 11 14 20 4 9 3 5 12 18 15 2 6 8 19 16 7 
15 4 10 17 11 14 20 13 9 5 3 12 18 1 8 6 2 19 16 7 
1 4 10 17 11 14 16 13 9 5 19 12 18 15 8 2 6 3 20 7 
1 4 17 10 19 14 20 13 9 5 3 12 18 15 8 6 2 11 16 7 
10 4 2 17 11 14 3 13 9 5 20 12 18 15 8 6 1 19 16 7 
1 4 15 17 11 14 20 13 9 5 3 12 18 10 8 6 2 19 16 7 
1 4 10 17 11 14 12 13 9 5 3 6 18 15 8 20 2 19 16 7 
1 5 10 17 11 14 20 13 9 16 3 12 4 15 8 6 2 19 18 7 
3 4 10 17 11 14 20 12 9 5 1 13 18 15 8 6 2 19 16 7 
1 4 10 17 11 14 20 13 9 5 3 12 18 15 8 6 2 19 16 7 
1 4 10 17 11 14 20 6 9 5 3 12 18 15 8 13 2 19 16 7 
1 4 10 17 11 16 20 13 9 5 3 12 18 15 8 6 2 19 14 7 
1 9 10 17 11 14 20 7 4 5 3 12 18 15 8 6 2 19 16 13 
20 4 10 17 11 3 1 5 9 13 14 12 18 15 8 6 2 19 16 7 
1 4 10 17 11 14 20 13 9 5 3 12 18 15 8 19 2 6 16 7 
1 4 10 17 11 14 20 13 9 5 3 12 18 15 8 6 2 19 16 7 
15 4 10 17 11 14 20 13 9 5 3 12 18 1 8 6 2 19 16 7 
18 4 10 17 11 14 20 13 6 5 3 12 1 15 8 9 2 19 16 7 
1 4 10 17 11 14 20 13 9 5 3 15 18 12 8 19 2 6 16 7 
1 8 10 17 11 14 20 13 9 5 3 12 18 15 4 6 2 7 16 19 
12 4 10 18 11 14 20 13 9 5 3 1 17 15 8 6 2 19 16 7 
1 4 10 17 11 14 18 13 9 5 3 12 20 15 8 6 2 19 16 7 
1 4 10 17 11 14 20 13 9 5 3 12 18 15 8 6 2 19 16 7 
1 4 10 17 20 14 11 13 9 5 3 12 18 15 8 6 2 19 16 7 
1 4 10 17 11 14 20 13 9 5 3 12 18 15 8 6 2 19 16 7 
1 4 10 17 11 14 20 13 9 5 3 12 18 15 8 6 2 19 16 7 
3 4 10 17 11 14 20 13 9 5 1 12 18 15 8 6 2 19 16 7 
1 4 10 17 11 14 20 13 9 7 3 12 18 5 8 19 2 6 16 15 
2 4 10 17 11 14 20 13 9 5 3 12 18 15 8 6 1 19 16 7 
1 4 10 17 11 14 20 15 9 5 3 12 18 13 8 6 2 19 16 7 
15 4 10 17 11 14 20 13 9 5 3 12 18 1 8 2 6 19 16 7 
1 4 10 17 11 14 20 13 9 5 3 12 18 15 8 6 7 19 16 2 
1 4 10 17 11 14 20 13 2 5 3 12 18 15 8 6 9 19 16 7 
1 4 10 17 11 14 20 13 9 5 3 12 18 15 8 6 2 19 16 7 
1 4 10 17 11 14 20 13 9 5 3 12 18 15 8 6 2 19 16 7 
1 4 10 17 11 14 20 13 9 5 3 12 18 15 8 6 2 19 16 7 
1 4 10 17 11 14 20 13 9 5 3 12 18 2 8 6 15 19 16 7 
1 4 10 17 16 14 20 13 18 5 3 12 7 15 8 19 2 6 11 9 
1 4 10 17 11 14 20 13 9 5 3 6 18 15 8 12 2 19 16 7 
1 4 10 17 11 2 19 13 9 5 3 12 18 20 8 6 14 15 16 7 
1 4 10 17 11 2 13 20 9 5 3 12 18 15 8 6 14 19 16 7 
1 4 10 15 11 14 20 13 3 5 9 12 18 17 8 6 2 19 16 7 
1 4 10 17 11 14 20 13 9 5 3 12 18 15 8 6 2 19 16 7 
11 4 10 17 1 14 20 13 9 5 3 12 18 15 8 6 2 19 16 7 
1 4 10 17 11 14 20 13 2 5 3 12 18 15 8 6 9 19 16 7 
1 4 10 17 11 14 7 13 9 5 3 12 18 15 8 6 2 19 16 20 
1 4 10 17 11 14 20 13 9 5 3 12 16 15 8 6 2 19 18 7 
1 3 10 17 11 14 20 13 9 5 4 12 18 15 8 6 2 19 16 7 
1 4 10 17 11 14 20 13 9 5 7 12 18 15 8 6 2 19 16 3 
1 4 10 17 11 14 20 13 18 5 3 15 9 12 8 6 2 19 16 7 
1 4 13 17 11 14 20 10 9 5 3 12 18 15 7 6 2 19 16 8 
1 4 10 17 11 14 20 13 9 5 3 12 18 15 8 6 2 19 16 7 
1 4 10 17 11 14 20 13 9 5 3 12 18 15 8 6 2 19 16 7 
1 4 11 17 10 14 20 18 9 5 3 12 13 15 8 6 2 19 16 7 
1 4 10 17 11 14 20 13 9 5 3 12 18 15 8 6 2 19 16 7 
1 4 10 17 11 14 20 13 9 5 3 12 18 15 8 6 2 19 16 7 
1 4 10 17 11 14 20 2 9 5 3 12 18 15 8 6 13 19 16 7 
1 4 10 17 11 14 20 13 9 5 3 12 18 15 8 6 2 19 16 7 
1 4 10 17 11 14 20 13 9 5 3 12 18 15 8 6 2 19 16 7 
1 4 10 17 11 14 20 13 9 5 3 12 18 15 8 6 2 19 16 7 
1 4 15 17 11 14 20 13 9 5 3 12 18 10 8 6 2 19 16 7 
1 4 10 17 11 14 20 13 9 5 3 12 2 15 8 6 18 19 16 7 
1 4 10 17 11 14 20 13 9 5 3 12 18 15 8 6 2 19 16 7 
1 4 10 17 11 14 20 13 9 5 3 12 18 15 8 6 2 19 16 7 
1 4 10 17 11 14 20 13 9 5 3 12 16 15 8 6 2 19 18 7 
1 4 10 17 11 14 20 13 9 5 3 12 18 15 8 6 2 19 16 7 
1 4 10 17 11 14 20 13 9 15 3 12 18 5 8 6 2 19 16 7 
1 4 10 17 11 14 20 13 9 5 3 12 18 15 8 6 2 19 16 7 
1 4 10 17 11 14 20 13 9 5 3 12 18 15 8 6 2 19 16 7 
1 4 10 17 11 14 20 13 9 5 3 12 18 7 8 6 2 19 16 15 
1 4 10 17 11 14 20 13 9 5 3 12 18 15 8 6 2 19 16 7 
1 4 10 17 11 14 20 13 9 5 3 12 18 15 8 6 2 19 16 7 
1 4 10 18 11 14 20 13 9 5 3 12 17 15 8 6 2 19 16 7 
1 6 10 17 11 14 20 13 9 5 3 12 18 15 8 4 2 19 16 7 
1 4 10 17 11 14 20 13 9 5 3 12 18 15 8 6 2 19 16 7 
1 4 10 14 17 11 20 13 9 5 3 12 18 15 8 6 2 19 16 7 
1 11 10 4 17 5 20 13 9 14 15 12 18 3 8 6 2 19 16 7 
1 4 10 17 11 14 20 13 9 5 3 12 18 15 8 6 2 19 16 7 
1 4 10 17 11 14 20 13 9 5 3 12 18 15 8 6 2 19 16 7 
1 4 10 17 11 14 20 13 9 5 3 12 18 15 8 6 2 19 16 7 
1 4 10 17 11 14 20 13 9 5 3 12 18 15 8 6 2 19 16 7 
1 4 10 17 11 14 20 13 9 5 3 12 18 15 8 6 2 19 16 7 
1 4 10 17 11 14 20 13 9 5 3 12 18 15 8 6 2 19 16 7 
1 4 10 17 11 14 20 13 9 5 3 12 18 15 8 6 2 19 16 7 
1 4 10 17 11 14 20 13 9 16 3 12 18 15 8 6 2 19 5 7 
1 4 10 17 11 14 20 13 9 5 3 12 18 15 8 6 2 19 16 7 
1 4 10 17 11 14 20 13 9 5 3 12 18 15 8 6 2 19 16 7 
1 4 10 17 11 14 20 13 9 5 3 12 18 15 8 6 2 19 16 7 
1 4 10 17 11 18 20 13 9 5 3 12 14 15 8 6 2 19 16 7 
1 4 10 17 11 14 20 13 9 5 3 12 18 15 2 6 8 19 16 7 
1 4 10 17 11 14 20 13 9 5 3 12 18 15 8 6 2 19 16 7 
1 4 10 17 11 14 20 13 9 5 3 12 18 15 8 6 2 19 16 7 
1 4 10 17 11 14 20 13 9 5 3 12 18 15 8 6 2 19 16 7 
1 4 10 17 11 14 20 9 13 5 3 12 18 15 8 6 2 19 16 7 
1 4 10 17 11 14 20 13 9 5 3 12 18 15 8 6 2 19 16 7 
1 4 10 17 11 14 20 13 9 5 3 12 18 15 8 6 2 19 16 7 
1 4 10 17 11 14 20 13 9 5 3 12 18 15 8 6 2 19 16 7 
1 7 10 17 11 14 20 13 9 2 3 12 18 15 8 6 5 19 16 4 
1 4 10 17 11 14 20 13 9 5 3 12 18 15 8 6 2 19 16 7 
8 4 10 17 11 14 20 13 9 5 3 12 18 15 1 6 2 19 16 7 
1 4 10 17 11 14 20 13 9 5 3 12 18 15 8 6 2 19 16 7 
1 4 10 17 11 14 20 13 9 5 3 12 18 15 8 6 2 19 16 7 
1 4 10 17 11 14 20 13 9 5 3 12 18 15 8 6 2 19 16 7 
1 4 10 17 11 14 20 13 9 5 3 12 18 15 8 6 2 19 16 7 
1 4 10 17 11 14 20 13 9 5 3 12 18 15 8 6 2 19 16 7 
1 4 10 17 11 14 20 13 9 5 3 12 18 15 8 6 2 19 16 7 
17 4 10 1 11 14 20 13 9 5 3 12 18 15 8 6 2 19 16 7 
1 4 10 17 11 14 20 13 9 5 3 12 18 15 8 6 2 19 16 7 
1 4 10 17 11 14 20 13 9 5 3 12 18 15 8 6 2 19 16 7 
1 4 10 17 11 14 20 13 9 5 3 12 18 15 8 6 2 19 16 7 
1 4 10 17 11 14 20 13 9 5 3 12 18 15 8 6 2 19 16 7 
1 4 10 17 11 14 20 13 9 5 3 12 18 15 8 6 2 19 16 7 
1 4 10 17 11 14 20 13 9 5 3 12 18 15 8 6 2 19 16 7 
1 4 10 17 11 14 20 13 9 5 3 12 18 15 8 6 2 19 16 7 
1 4 10 17 11 14 20 13 9 5 3 12 18 15 8 6 2 19 16 7 
1 4 10 17 11 14 20 13 9 5 3 12 18 15 8 6 2 19 16 7 
1 4 10 17 11 14 20 13 9 5 3 12 18 15 8 6 2 19 16 7 
1 4 10 17 11 14 20 13 9 5 3 12 18 15 8 6 2 19 16 7 
1 4 10 17 11 14 20 13 9 5 3 12 18 15 8 6 2 19 16 7 
1 4 10 17 11 14 20 13 9 5 3 12 18 15 8 6 2 19 16 7 
1 4 10 17 11 14 20 13 9 5 3 12 18 15 8 6 2 19 16 7 
1 4 10 17 11 14 20 13 9 5 3 12 18 15 8 6 2 19 16 7 
1 4 10 17 11 14 20 13 9 5 3 12 18 15 8 6 2 19 16 7 
1 4 10 17 11 14 20 13 9 5 3 12 18 15 8 6 2 19 16 7 
