97 9 6 28 17 29 39 1 22 40 16 68 60 65 89 57 99 54 41 76 37 73 46 33 12 77 75 2 63 42 13 19 53 59 71 92 21 100 56 64 70 34 23 74 45 88 94 95 84 86 24 69 38 87 48 50 55 72 25 32 52 4 15 8 58 20 85 3 51 66 96 80 5 36 49 30 98 18 14 91 31 62 79 61 44 82 81 10 26 90 78 47 83 35 67 11 27 93 7 43 
Moving time: 46.73 126.08 154.18 182.47 193.65 234.12 257.23 276.79 365.69 406.02 434.94 522.54 575.80 609.90 718.00 784.45 948.89 975.05 1139.04 1153.18 1186.18 1269.19 1293.58 1326.78 1342.16 1420.20 1532.25 1658.58 1675.39 1715.45 1744.64 1771.29 1847.59 1905.99 1954.01 2004.68 2085.61 2182.88 2201.55 2326.67 2337.25 2348.83 2390.04 2449.13 2522.53 2611.61 2744.87 2756.73 2904.64 2983.64 3037.81 3091.25 3261.53 3316.17 3431.30 3436.89 3474.92 3515.92 3544.14 3661.73 3761.29 3827.04 3895.79 4002.72 4091.21 4105.00 4117.48 4152.98 4182.72 4246.92 4266.09 4303.48 4339.50 4347.81 4391.12 4452.40 4472.36 4533.74 4543.83 4588.18 4633.55 4678.76 4787.90 4969.83 5064.41 5118.02 5220.60 5271.60 5287.18 5312.93 5351.69 5399.05 5439.11 5494.27 5671.44 5850.06 5870.34 5958.45 6001.21 6022.64 6104.09 
Best fitness: 11.00
Worst fitness: 16.0
Average fitness: 12.97
Alpha: 0.50
K: 0.02
Crossover probability: 0.50
Mutation probability: 0.10
Change mutation operator probability 1: 0.15
Change mutation operator probability 2: 0.15