4 30 5 16 20 3 15 18 28 11 17 22 1 19 2 7 24 27 8 25 9 10 14 21 29 12 6 23 26 13 
Moving time: 152.81 284.58 473.96 674.59 845.50 1031.40 1106.63 1208.20 1384.77 1504.20 1530.98 1631.41 1762.17 1892.99 2007.60 2177.28 2196.14 2357.00 2412.64 2525.92 2591.34 2677.99 2873.69 2907.68 2948.22 3052.63 3070.93 3175.69 3309.29 3350.10 3495.94 
Best fitness: 0.00
Worst fitness: 0.0
Average fitness: 0.00
Alpha: 0.50
K: 0.02
Crossover probability: 0.50
Mutation probability: 0.10
Change mutation operator probability 1: 0.15
Change mutation operator probability 2: 0.15