36 26 9 34 6 14 12 28 37 16 15 20 29 18 25 22 40 19 35 4 24 23 7 21 17 2 32 8 33 11 5 10 31 30 3 13 38 39 27 1 
Moving time: 72.89 153.13 266.16 345.64 405.70 540.98 696.32 818.42 929.06 1094.55 1266.46 1372.74 1437.50 1555.90 1644.43 1777.40 1902.95 2046.04 2126.67 2150.67 2176.48 2335.91 2394.51 2490.20 2609.82 2750.23 2850.79 3025.37 3053.00 3142.22 3179.21 3248.76 3377.90 3566.04 3703.26 3828.53 3841.47 3936.75 3976.90 4022.51 4193.21 
Best fitness: 1.00
Worst fitness: 2.0
Average fitness: 1.17
Alpha: 0.50
K: 0.02
Crossover probability: 0.50
Mutation probability: 0.10
Change mutation operator probability 1: 0.15
Change mutation operator probability 2: 0.15