21 39 51 35 28 47 18 26 60 58 54 42 4 16 50 1 41 9 31 64 7 5 32 30 38 33 55 65 36 2 19 59 11 25 3 17 67 46 23 37 8 70 24 63 12 49 61 29 20 62 68 66 44 57 52 45 43 40 14 48 34 56 27 53 15 10 13 22 6 69 
Moving time: 235.55 338.57 388.57 477.56 538.92 669.12 815.01 902.63 975.30 1102.89 1233.51 1321.33 1341.11 1411.18 1502.31 1609.93 1631.26 1748.42 1859.60 1964.78 2002.55 2139.02 2254.40 2414.02 2532.06 2565.39 2733.32 2813.86 2841.84 3035.14 3274.19 3435.49 3573.85 3645.67 3786.75 3976.84 4105.37 4129.43 4183.85 4347.90 4484.80 4574.04 4619.89 4753.03 4915.44 4956.96 5038.47 5144.75 5271.85 5347.54 5514.05 5581.45 5721.08 5834.34 5906.15 6094.76 6264.01 6448.88 6526.99 6644.55 6718.42 6814.45 6904.18 7009.40 7065.58 7128.09 7266.67 7405.18 7496.15 7605.56 7822.54 
Best fitness: 3.00
Worst fitness: 5.0
Average fitness: 4.13
Alpha: 0.50
K: 0.02
Crossover probability: 0.50
Mutation probability: 0.10
Change mutation operator probability 1: 0.15
Change mutation operator probability 2: 0.15