52 27 46 62 54 30 1 42 38 8 43 12 64 76 2 74 36 35 25 48 11 55 73 50 40 68 80 22 65 67 9 70 44 63 59 66 13 60 21 7 33 3 79 56 34 69 16 47 75 39 15 24 72 19 4 58 31 17 29 37 49 77 28 6 20 18 57 23 78 10 41 53 45 61 14 51 5 32 26 71 
Moving time: 18.66 175.42 256.32 367.68 384.06 491.79 524.95 575.76 734.73 829.69 914.71 1032.59 1243.18 1460.81 1616.59 1689.63 1849.98 1919.42 1981.37 2008.59 2048.84 2180.48 2315.74 2464.61 2505.85 2538.43 2628.54 2760.91 2869.79 2895.98 3071.58 3241.40 3389.87 3445.13 3591.88 3702.97 3833.10 3990.28 4139.66 4193.19 4231.30 4372.28 4441.96 4564.16 4600.66 4694.39 4875.10 5052.12 5109.52 5224.81 5284.63 5403.81 5512.09 5627.27 5691.88 5791.03 5894.25 5925.58 5981.25 6070.18 6218.85 6257.03 6369.78 6447.77 6544.99 6611.60 6769.24 6845.53 6919.90 7068.88 7170.17 7357.43 7487.03 7539.42 7633.45 7687.86 7808.89 7939.20 8003.27 8182.62 8336.31 
Best fitness: 5.00
Worst fitness: 7.0
Average fitness: 5.80
Alpha: 0.50
K: 0.02
Crossover probability: 0.50
Mutation probability: 0.10
Change mutation operator probability 1: 0.15
Change mutation operator probability 2: 0.15