33 20 9 84 47 68 56 86 78 7 26 40 43 19 59 46 79 34 29 44 31 85 90 17 48 60 73 63 58 2 54 21 81 77 62 72 41 5 11 22 64 52 16 15 36 32 75 61 3 55 53 83 4 24 42 13 71 8 35 28 89 10 67 18 1 27 37 69 39 70 65 38 74 88 51 30 14 12 45 87 76 57 49 25 6 50 23 82 66 80 
Moving time: 190.76 311.30 361.87 380.54 386.19 546.71 683.90 810.97 869.48 954.76 1055.14 1181.77 1333.69 1415.84 1464.65 1566.66 1646.90 1732.29 1771.87 1843.77 1925.71 1984.77 2195.78 2237.50 2382.31 2548.70 2696.18 2822.71 2914.49 2984.82 3127.82 3233.26 3327.89 3447.21 3648.89 3826.76 4004.20 4184.80 4223.74 4293.66 4360.85 4436.33 4475.78 4562.58 4700.36 4772.71 4862.03 4926.77 4964.34 5044.34 5126.53 5245.04 5428.83 5552.20 5639.68 5705.25 5871.83 6081.22 6313.56 6412.74 6499.23 6602.80 6708.77 6768.35 6859.17 6946.39 6964.19 7028.95 7208.79 7304.49 7374.76 7419.51 7539.53 7673.81 7812.88 7821.85 7877.92 7914.92 8041.78 8077.94 8196.95 8334.75 8392.76 8458.18 8624.46 8702.12 8719.87 8881.42 8925.02 8985.88 9069.76 
Best fitness: 4.00
Worst fitness: 6.0
Average fitness: 4.90
Alpha: 0.50
K: 0.02
Crossover probability: 0.50
Mutation probability: 0.10
Change mutation operator probability 1: 0.15
Change mutation operator probability 2: 0.15