50.37 7.18 0.25 7924.42
4.03 171.37 0.13 10760.02
33.61 171.88 0.23 6071.03
188.67 111.99 0.14 10705.82
40.02 362.37 0.19 6755.27
78.12 202.32 0.31 6002.99
18.22 243.62 0.17 6066.06
91.37 373.12 0.31 8418.76
65.75 582.08 0.21 5939.93
171.77 524.06 0.23 7445.11
139.60 560.56 0.15 9711.71
95.36 434.43 0.20 8293.28
2.33 694.50 0.25 9203.78
170.10 701.50 0.26 8625.02
38.45 776.01 0.26 4804.69
73.35 643.23 0.27 10622.80
176.87 835.03 0.23 6360.98
51.04 908.62 0.20 6446.96
151.02 908.17 0.32 5616.95
40.71 912.13 0.27 10515.78
262.54 124.11 0.24 6741.82
359.66 3.72 0.28 7926.18
303.91 160.07 0.15 8937.91
310.24 146.77 0.20 9086.53
317.58 327.03 0.27 9413.70
256.81 387.35 0.30 7265.36
345.12 221.51 0.18 8712.48
283.92 214.26 0.29 7244.83
295.97 550.25 0.08 8687.68
338.74 579.49 0.29 8006.71
312.65 442.87 0.07 9481.76
389.91 462.26 0.30 6098.96
394.31 762.22 0.42 5705.58
390.84 714.27 0.04 8615.36
326.30 760.33 0.32 5350.03
207.24 730.18 0.12 5398.85
225.02 898.84 0.12 7104.89
391.30 846.73 0.34 5754.46
268.33 954.42 0.20 8702.49
368.88 919.52 0.20 5698.92
599.56 50.97 0.17 9762.54
443.83 47.81 0.25 6168.78
599.98 121.78 0.06 10658.93
495.93 93.01 0.06 8184.27
594.12 250.86 0.03 8479.03
596.95 218.87 0.28 6556.55
429.24 245.88 0.24 6632.72
452.60 245.91 0.35 7545.50
408.43 587.84 0.03 7992.53
542.39 563.42 0.12 8128.60
516.94 459.15 0.42 7037.19
535.08 562.33 0.48 6689.21
481.05 778.83 0.26 6495.10
565.38 603.66 0.10 10449.83
541.05 633.09 0.23 5192.84
547.75 798.97 0.11 8635.49
457.14 844.40 0.10 10131.35
501.03 932.81 0.17 10258.16
557.83 822.46 0.04 6046.40
527.82 983.38 0.33 6368.51
602.51 19.04 0.19 9405.86
742.25 155.64 0.14 9428.94
621.93 55.57 0.32 6155.66
649.30 50.18 0.21 6854.08
784.67 398.51 0.27 6416.95
678.56 215.67 0.19 5571.99
612.58 261.33 0.21 9160.87
641.36 218.76 0.43 6133.83
684.25 551.90 0.29 7312.40
784.44 410.61 0.34 6232.43
738.19 591.07 0.12 10546.98
779.55 455.66 0.20 5555.23
700.64 688.65 0.06 6951.47
747.38 641.15 0.08 5856.93
617.79 726.33 0.32 5454.80
790.87 624.47 0.07 7730.61
739.51 815.92 0.16 8019.12
655.60 820.56 0.24 8445.25
767.53 955.30 0.18 10777.33
760.34 816.07 0.23 8133.88
877.39 37.85 0.15 8039.88
814.69 139.43 0.25 9203.07
878.64 161.28 0.22 5228.28
968.42 83.50 0.11 9378.25
924.72 389.34 0.19 9568.74
944.95 364.03 0.38 4915.41
911.64 398.08 0.14 7959.40
989.64 223.76 0.26 9956.69
933.07 506.62 0.28 5234.56
989.15 589.58 0.01 10800.00
819.14 524.66 0.33 6379.84
910.20 420.66 0.15 8636.27
839.62 691.14 0.23 6734.28
869.89 789.02 0.23 5643.97
893.15 778.26 0.18 5975.03
923.28 774.52 0.17 6711.35
881.67 943.97 0.22 6388.64
818.19 829.52 0.19 7189.45
800.91 895.23 0.27 10484.23
950.42 902.19 0.21 7585.82
