31.38 190.56 0.13 6181.25
63.22 199.45 0.15 4733.38
167.60 10.64 0.37 5482.42
149.13 166.30 0.34 5281.35
2.08 78.52 0.16 5597.01
45.85 165.83 0.22 4346.45
6.39 15.43 0.19 4140.31
92.58 365.75 0.27 6664.30
188.67 237.92 0.26 5431.45
151.34 278.46 0.28 4139.66
196.34 215.67 0.06 7094.05
105.32 355.78 0.01 7582.30
72.91 302.72 0.11 5708.77
44.81 293.13 0.29 9624.78
100.79 406.34 0.27 4940.72
163.62 476.00 0.20 5391.83
145.84 425.84 0.36 5173.84
46.56 520.56 0.11 7437.23
53.04 450.58 0.31 9828.24
33.46 511.23 0.18 8455.57
98.82 436.35 0.11 5404.42
141.78 668.87 0.08 5378.37
17.26 660.50 0.13 5105.21
127.80 787.20 0.24 4469.39
129.33 700.25 0.05 9003.41
180.36 789.44 0.36 6405.11
132.38 774.45 0.07 4441.25
146.54 682.89 0.23 8833.69
111.88 860.02 0.20 4006.66
71.26 975.84 0.33 3581.78
188.92 805.62 0.26 8792.27
3.70 973.88 0.20 5200.28
56.35 913.41 0.21 6593.67
116.11 821.54 0.01 5198.17
7.10 852.81 0.01 6685.63
389.80 109.40 0.20 4270.90
377.03 54.10 0.11 7422.29
237.04 48.07 0.17 7756.94
302.25 33.23 0.31 9771.37
287.83 108.43 0.13 6642.78
298.28 39.63 0.18 7986.07
275.15 31.59 0.23 4483.64
213.81 256.78 0.15 4647.17
249.80 390.06 0.03 5372.51
343.87 313.43 0.22 6254.42
258.65 397.72 0.05 5785.12
296.04 295.58 0.06 5571.09
304.35 200.96 0.17 7651.03
384.33 341.67 0.15 6608.66
355.64 417.83 0.22 6440.10
341.37 552.00 0.22 7542.85
370.45 538.40 0.19 6699.67
266.24 575.07 0.10 5302.01
350.92 414.56 0.13 7776.27
304.77 443.58 0.10 7570.16
365.95 528.72 0.35 6076.78
257.73 796.36 0.06 6660.08
293.65 736.80 0.16 6545.27
365.11 781.70 0.13 5096.35
218.02 687.26 0.24 6777.67
385.47 791.05 0.35 6083.32
395.92 600.42 0.27 8117.91
308.49 682.37 0.25 5725.08
205.77 966.69 0.32 4525.38
344.01 938.13 0.08 6552.81
277.63 819.46 0.23 6885.49
294.56 850.15 0.25 5326.56
387.06 803.56 0.34 6208.98
362.41 948.77 0.36 5897.31
315.38 824.63 0.07 8312.56
599.13 162.82 0.19 6566.31
543.50 103.92 0.01 7743.10
542.66 174.47 0.10 5755.32
554.69 24.91 0.17 5657.35
480.78 134.59 0.36 7224.76
598.06 129.03 0.15 5947.17
517.25 65.87 0.03 6871.88
578.93 342.50 0.08 5929.76
415.27 227.34 0.25 7156.95
477.16 241.11 0.34 8389.86
565.50 362.96 0.18 7103.26
481.46 385.81 0.17 7469.79
409.84 223.69 0.19 6926.74
547.86 374.35 0.27 5892.80
515.04 477.11 0.16 4163.29
428.88 571.11 0.07 5484.95
435.72 529.70 0.33 6817.61
501.19 417.79 0.14 6660.60
451.56 412.84 0.15 6261.76
500.86 564.52 0.31 10671.52
540.81 466.33 0.12 6901.93
454.02 641.50 0.25 5960.06
531.70 748.69 0.23 4521.39
423.77 737.50 0.21 6556.37
562.53 742.47 0.26 4751.06
434.95 679.51 0.39 5592.70
499.13 698.22 0.19 7004.71
495.50 645.03 0.32 8375.53
572.73 910.67 0.21 10311.54
485.26 925.96 0.10 5295.11
414.55 831.63 0.17 6777.24
498.00 992.46 0.37 6681.65
537.20 917.66 0.14 10231.19
471.19 835.58 0.29 4787.39
467.60 990.41 0.36 6859.33
611.58 187.05 0.13 6228.06
661.32 36.18 0.16 4854.28
785.23 11.14 0.44 9897.22
698.95 191.36 0.14 6028.36
748.75 53.75 0.10 7222.91
663.71 56.14 0.09 5567.00
719.76 164.76 0.05 6335.84
758.69 294.83 0.26 6932.30
723.62 342.75 0.08 6397.07
696.00 328.80 0.20 9052.77
662.50 230.73 0.30 8190.90
612.63 373.61 0.06 8744.98
634.09 368.07 0.41 6200.50
665.89 353.04 0.37 5627.03
646.88 516.67 0.22 5415.48
748.65 592.62 0.36 5910.01
727.06 457.18 0.20 6118.15
671.90 542.24 0.28 6161.32
771.28 567.05 0.31 4238.38
626.19 440.26 0.11 5693.15
798.70 423.41 0.13 7997.22
688.08 668.71 0.19 3831.68
753.23 670.91 0.36 3829.55
661.76 678.16 0.17 10211.46
672.32 728.52 0.38 4797.39
662.02 740.62 0.17 6406.25
670.88 740.82 0.26 5876.90
620.80 732.57 0.18 6772.96
711.60 887.35 0.17 6082.52
749.06 921.41 0.41 5546.15
634.81 943.02 0.24 7413.61
687.52 883.62 0.21 5600.58
770.99 855.43 0.34 9526.83
715.18 884.51 0.27 4861.93
642.75 999.38 0.22 8297.67
978.84 84.90 0.11 5319.48
808.50 165.65 0.07 5373.55
922.63 114.86 0.32 4032.04
830.34 151.78 0.21 8777.12
993.19 128.83 0.05 5024.13
940.92 194.35 0.18 5720.45
825.45 34.59 0.28 6753.54
900.39 253.00 0.33 8223.29
827.41 204.15 0.01 8285.53
963.61 355.72 0.03 6054.41
933.02 370.12 0.40 5542.44
808.40 367.08 0.21 10338.28
929.05 281.20 0.39 5824.39
936.22 302.12 0.22 9431.55
847.92 420.64 0.23 5456.31
845.02 477.91 0.32 7205.47
930.53 548.72 0.06 5677.94
831.19 528.13 0.16 5204.25
847.51 557.63 0.25 10470.39
942.98 526.98 0.06 5985.35
953.45 513.03 0.07 6415.72
969.93 618.03 0.35 6525.85
818.60 704.06 0.34 4770.00
826.31 754.60 0.09 8020.65
915.71 606.36 0.25 9602.30
822.76 660.00 0.20 5606.26
980.82 651.77 0.05 6890.35
966.30 658.25 0.17 7521.81
843.52 884.57 0.11 6451.08
946.93 976.54 0.14 9136.40
918.67 864.17 0.20 6047.41
938.88 888.11 0.24 5615.19
865.18 899.72 0.06 4205.80
993.43 926.17 0.14 6688.37
986.02 964.58 0.11 6297.60
