129.39 169.13 0.11 6103.79
47.39 67.54 0.01 6048.58
120.44 49.52 0.32 6035.70
192.24 127.89 0.02 7045.20
45.92 72.97 0.34 6734.13
132.79 304.25 0.23 10380.19
47.56 361.48 0.01 7836.35
131.40 209.43 0.23 10722.94
140.07 232.96 0.22 7880.66
27.14 376.36 0.20 6117.00
185.02 509.60 0.29 6492.11
49.56 466.15 0.33 6970.81
142.48 448.32 0.31 8898.19
28.43 530.59 0.25 8538.41
62.12 525.84 0.11 6024.58
32.09 747.71 0.02 5373.57
102.37 786.08 0.24 7981.77
131.52 759.79 0.09 9366.80
98.47 608.38 0.19 10183.75
57.23 662.66 0.07 8743.66
66.17 909.60 0.14 4611.40
128.14 998.09 0.34 6887.35
104.20 908.79 0.31 5027.50
117.09 908.59 0.24 5152.55
21.58 921.45 0.23 7380.62
335.13 188.81 0.25 7361.45
381.35 64.69 0.27 6709.18
312.92 127.97 0.28 9842.96
320.38 124.12 0.31 7146.01
239.84 96.46 0.19 7001.99
303.97 354.05 0.07 5598.77
288.63 312.26 0.25 9765.89
242.31 210.48 0.23 7396.21
204.04 234.02 0.16 4782.83
333.94 244.27 0.35 7256.18
336.41 541.38 0.07 6729.84
391.33 502.22 0.16 8543.11
207.96 563.83 0.37 6971.35
372.80 436.04 0.12 9702.20
375.80 409.98 0.08 9726.95
234.85 673.76 0.04 9274.38
295.87 709.70 0.31 7606.08
249.57 672.93 0.34 6860.96
325.21 638.59 0.06 8617.54
254.38 748.81 0.23 6408.71
383.54 957.73 0.16 7498.68
351.35 974.71 0.24 5445.90
305.49 962.24 0.19 10106.23
232.08 879.38 0.42 9592.86
312.47 923.30 0.19 7837.12
407.83 84.78 0.22 7382.92
486.84 58.24 0.19 6771.51
563.69 159.15 0.17 9464.53
480.29 165.05 0.25 6243.11
459.81 147.25 0.23 7305.16
408.93 233.47 0.15 6137.87
567.69 340.89 0.16 5657.18
439.96 303.06 0.17 6900.68
495.18 286.10 0.33 6676.86
501.69 241.90 0.11 7708.89
515.30 521.68 0.19 10067.31
554.46 564.53 0.34 7416.21
569.97 555.06 0.09 6599.79
585.44 574.57 0.08 4827.47
438.07 462.19 0.25 7869.57
494.92 607.10 0.11 4385.93
504.94 708.53 0.14 4386.05
509.94 628.67 0.03 6632.14
503.32 652.81 0.20 7892.90
467.62 682.59 0.13 5883.85
502.26 843.99 0.18 9765.47
475.11 816.01 0.23 9414.78
519.90 899.00 0.29 6665.26
585.96 928.57 0.21 10781.29
553.96 813.39 0.18 5928.24
630.71 142.16 0.19 5548.45
692.52 88.02 0.08 7600.76
651.17 18.14 0.22 4335.88
683.15 125.34 0.31 9775.39
743.28 21.73 0.21 10537.77
675.82 313.49 0.18 6521.05
769.77 323.44 0.08 7059.32
638.50 233.10 0.16 8590.66
778.45 359.24 0.35 6010.86
791.34 296.70 0.24 5948.16
713.36 530.95 0.02 6727.23
641.84 471.76 0.20 6595.55
701.13 436.10 0.22 7568.02
767.05 480.01 0.30 10691.52
600.54 465.18 0.23 6025.04
689.46 713.13 0.05 8157.82
696.88 628.45 0.29 7418.49
612.82 741.48 0.27 7521.79
711.23 684.95 0.15 9048.80
786.02 785.85 0.16 9374.83
655.03 892.16 0.06 6984.48
699.29 889.78 0.18 4746.26
744.16 931.88 0.30 7384.52
699.44 812.37 0.35 6737.30
622.74 808.72 0.08 5628.77
978.84 165.11 0.25 6171.40
983.42 156.06 0.11 5997.95
815.72 154.04 0.25 6707.19
901.49 130.17 0.22 10504.96
828.35 130.92 0.19 4854.78
814.95 356.36 0.20 9928.96
866.80 229.85 0.41 6501.89
879.69 323.09 0.20 9683.24
881.90 318.02 0.39 4708.78
995.78 203.53 0.32 6029.09
988.68 501.38 0.12 6538.69
927.64 536.66 0.33 6808.51
977.23 498.87 0.11 7898.67
830.03 487.77 0.23 8996.69
899.78 514.52 0.25 6659.77
907.30 647.75 0.18 9436.89
951.97 796.57 0.25 9062.64
939.33 797.96 0.34 6529.62
911.36 732.35 0.16 5956.75
869.59 708.66 0.17 7605.71
898.66 961.75 0.22 5551.00
815.94 883.33 0.28 5720.06
843.89 801.31 0.25 6081.58
911.24 966.06 0.38 6924.13
819.37 936.25 0.02 6391.16
