72.79 48.03 0.21 6186.49
154.34 55.89 0.14 7526.99
27.95 132.85 0.18 8165.12
118.05 27.95 0.21 6849.24
53.89 134.76 0.28 9187.08
120.16 184.81 0.15 6185.13
97.62 364.57 0.13 8504.69
76.39 214.15 0.21 7345.96
127.85 297.65 0.08 9046.70
79.09 264.17 0.24 8155.11
172.30 362.52 0.46 5647.98
55.01 352.53 0.20 4769.49
131.46 520.58 0.18 6582.13
103.57 496.13 0.23 5356.13
195.36 594.26 0.25 8387.68
184.78 427.68 0.28 8560.72
33.97 487.75 0.25 7876.56
162.25 471.66 0.04 6091.81
193.21 666.26 0.29 6561.04
25.32 693.56 0.34 6234.99
81.83 687.40 0.09 5509.58
186.53 659.92 0.16 5075.68
98.91 625.89 0.16 5142.30
85.27 739.53 0.33 9044.83
193.24 955.85 0.12 9439.60
63.34 993.05 0.18 5919.37
150.57 887.53 0.22 3807.73
156.55 980.07 0.07 8570.97
148.03 863.14 0.23 6722.33
83.75 834.74 0.36 5480.65
363.66 45.76 0.15 7746.65
374.77 33.57 0.21 8968.51
317.65 44.98 0.16 5063.75
283.34 198.96 0.38 5285.60
200.55 102.64 0.04 6946.83
350.81 183.92 0.28 8066.79
302.60 354.79 0.07 8691.87
395.46 267.55 0.18 4731.97
265.13 322.38 0.17 8332.72
208.49 334.32 0.25 9929.70
223.12 334.62 0.53 7870.01
222.48 388.41 0.29 6047.99
274.36 589.83 0.21 8273.73
383.02 462.72 0.38 8909.44
330.54 554.76 0.04 5971.80
269.69 581.57 0.25 7782.26
263.20 540.75 0.14 10252.71
277.51 429.51 0.23 6893.39
245.64 609.12 0.15 5883.49
309.11 637.18 0.03 5520.78
277.85 768.91 0.12 6367.00
375.45 734.19 0.18 6463.17
282.40 739.88 0.32 5943.73
220.11 763.64 0.08 6655.33
372.93 924.67 0.49 4757.32
390.19 989.75 0.05 5877.51
241.55 986.97 0.35 8623.32
355.50 954.61 0.20 6572.18
234.72 990.78 0.41 9781.95
330.59 996.61 0.06 6095.39
576.23 93.93 0.20 7317.00
515.30 47.35 0.15 9204.58
578.63 20.33 0.30 6077.65
546.71 99.10 0.33 6676.05
447.52 179.20 0.16 9807.49
599.62 104.57 0.32 5787.77
454.20 288.05 0.21 6290.66
583.47 394.60 0.15 5260.81
557.55 215.94 0.29 5657.63
597.67 315.25 0.16 8165.60
440.26 237.64 0.15 8070.20
543.10 218.94 0.20 10306.97
549.79 574.43 0.12 7397.68
423.31 504.19 0.36 8108.16
527.40 539.42 0.31 6020.26
516.97 500.30 0.39 6322.06
501.07 472.99 0.31 5537.06
591.78 412.50 0.17 6039.72
435.94 622.71 0.22 5650.19
513.91 782.94 0.18 10305.43
469.86 735.46 0.23 7011.59
403.90 795.98 0.22 4748.17
400.31 649.76 0.25 6075.59
497.46 772.20 0.15 6298.91
526.39 936.59 0.01 5884.01
436.62 836.91 0.11 6715.09
571.86 824.45 0.11 7966.82
416.88 837.85 0.22 7847.08
580.18 944.89 0.28 9645.51
512.00 986.20 0.16 6273.47
778.44 77.24 0.12 7047.94
790.08 62.26 0.05 6944.60
685.57 35.29 0.40 6364.56
713.39 102.98 0.22 4239.72
729.53 84.27 0.44 6639.82
721.46 81.78 0.21 6340.52
652.65 368.96 0.19 5668.83
799.45 300.88 0.22 6705.26
686.85 201.47 0.26 6114.59
758.44 304.47 0.44 10294.73
736.10 385.36 0.16 6741.54
781.35 300.52 0.05 8532.37
632.84 590.58 0.13 7485.92
793.38 432.83 0.23 6624.51
609.82 437.95 0.18 5707.92
637.52 596.13 0.04 7098.67
794.15 503.83 0.16 8149.22
648.31 452.57 0.21 8751.56
783.66 658.44 0.16 6307.26
736.89 638.43 0.19 6892.87
771.28 737.49 0.11 4481.16
618.58 604.23 0.17 4132.25
619.76 640.47 0.34 5655.62
719.46 773.21 0.17 8134.73
614.73 801.35 0.21 4757.67
788.86 996.66 0.36 7463.02
642.36 946.26 0.12 8070.17
743.39 977.11 0.12 8324.21
605.20 879.78 0.17 8604.67
734.08 886.72 0.15 5573.47
893.65 161.04 0.06 8577.72
860.83 191.75 0.38 6427.00
971.10 97.24 0.21 9851.95
808.96 192.30 0.05 6973.16
914.90 55.65 0.23 5557.84
819.84 128.20 0.29 7873.59
984.67 286.60 0.23 4496.18
836.02 205.91 0.37 6206.31
875.29 202.22 0.20 4800.61
974.05 331.44 0.01 5973.09
883.05 205.37 0.20 6325.12
985.00 203.64 0.13 9885.22
924.25 475.08 0.17 5964.45
870.84 489.63 0.37 6127.60
900.52 568.62 0.14 8864.37
933.14 556.76 0.14 6662.01
959.83 574.36 0.19 5304.23
831.88 404.94 0.02 6908.64
851.28 755.23 0.17 5192.60
970.91 654.56 0.15 6425.48
913.16 765.62 0.22 7291.90
988.57 675.86 0.35 5784.28
882.23 678.37 0.19 6789.58
831.50 696.14 0.18 6478.90
945.66 997.43 0.18 5289.23
813.61 955.83 0.10 4548.10
955.93 920.66 0.19 5924.40
892.82 907.60 0.35 5421.36
823.16 917.92 0.21 6250.32
803.20 829.25 0.09 9897.48
