636.61 826.43 6085.81 0.38 
600.90 767.23 7683.61 0.46 
703.04 1104.20 5798.39 0.44 
545.49 604.20 6312.86 0.47 
813.72 548.70 6596.25 0.56 
946.44 564.28 6042.20 0.42 
734.48 623.84 7226.02 0.32 
682.11 728.29 6551.01 0.43 
851.73 580.68 7484.27 0.41 
597.20 624.90 6464.04 0.56 
808.80 971.42 7425.71 0.43 
658.43 675.59 7789.16 0.28 
591.65 797.01 6538.22 0.38 
599.03 765.33 6446.48 0.38 
892.77 543.36 7289.82 0.35 
544.57 664.23 7372.35 0.36 
929.32 658.91 6804.69 0.47 
746.40 674.05 6519.17 0.31 
628.48 790.31 6356.59 0.26 
963.48 584.61 6412.15 0.49 
627.54 823.24 6383.69 0.38 
690.14 714.71 7416.28 0.17 
926.35 635.04 7554.05 0.49 
575.07 682.71 6306.78 0.40 
543.06 556.89 7517.12 0.30 
553.31 783.04 5453.47 0.28 
726.00 1061.92 6548.73 0.48 
730.19 773.28 7075.07 0.35 
1023.31 620.50 7583.85 0.45 
701.29 704.58 6616.50 0.29 
649.56 609.47 6805.40 0.26 
829.66 790.36 6453.48 0.41 
717.18 669.49 5690.86 0.27 
735.32 807.55 6624.26 0.55 
599.73 692.17 6826.65 0.32 
795.65 690.28 6861.67 0.47 
723.06 1072.67 7529.44 0.38 
774.32 799.59 6353.18 0.23 
709.20 1042.17 6895.65 0.25 
796.19 800.59 5285.83 0.45 
858.03 709.44 5952.73 0.44 
704.87 595.86 6634.29 0.38 
754.88 813.06 6778.39 0.27 
765.27 740.11 7823.62 0.30 
623.28 863.68 5929.89 0.42 
671.41 562.42 7549.13 0.37 
586.78 778.84 7149.49 0.43 
564.33 608.68 7262.00 0.39 
905.08 540.07 7120.65 0.48 
936.93 546.73 5922.53 0.40 
655.73 608.37 7051.52 0.44 
716.02 561.89 7026.61 0.46 
645.61 584.41 7250.83 0.38 
717.35 567.70 5784.06 0.52 
667.22 1044.70 7285.39 0.44 
768.03 675.79 6289.68 0.34 
890.89 738.85 6673.56 0.31 
609.70 651.51 5923.16 0.53 
544.21 605.31 6714.25 0.41 
572.31 563.68 7307.12 0.43 
650.78 790.52 6718.69 0.43 
621.72 623.12 6355.11 0.30 
545.52 634.18 6344.44 0.58 
707.97 727.28 6696.05 0.39 
864.18 600.66 7035.55 0.36 
704.91 692.87 7508.98 0.53 
707.23 966.16 7656.46 0.24 
624.57 564.63 7113.33 0.20 
662.43 606.97 6758.91 0.25 
585.69 560.47 6624.66 0.34 
584.75 666.51 7068.66 0.39 
605.72 750.05 6049.22 0.37 
642.66 1007.58 6838.45 0.43 
669.43 590.79 6612.29 0.08 
594.41 576.34 6284.54 0.27 
1180.52 650.35 7677.43 0.28 
542.31 723.42 6863.49 0.44 
690.71 951.10 7211.22 0.34 
707.95 622.82 5745.04 0.43 
695.60 917.76 7050.52 0.42 
600.46 636.83 6130.86 0.29 
571.00 1040.55 7260.24 0.36 
680.21 632.29 7524.65 0.31 
629.35 572.80 5908.55 0.28 
761.82 685.13 5720.73 0.25 
603.15 739.60 6519.57 0.35 
759.09 586.88 5633.72 0.57 
743.30 630.20 6901.19 0.28 
635.65 744.05 5545.74 0.34 
577.91 561.43 7920.80 0.36 
824.45 659.55 6477.78 0.33 
25 81 10 31 74 46 52 36 34 64 16 59 4 63 42 87 5 79 51 84 53 62 12 86 35 24 19 61 14 2 72 47 26 13 21 1 28 30 33 66 58 71 77 89 8 18 9 49 15 50 6 20 23 17 65 91 85 56 54 48 90 60 70 69 41 32 40 38 45 80 73 3 27 37 55 82 78 7 88 44 22 83 68 75 57 43 11 67 39 29 76 
Best fitness: 2.58
90 46 50 6 23 17 87 54 52 74 24 13 1 21 2 47 34 49 15 36 41 32 8 35 71 81 10 58 45 3 80 64 51 62 4 63 14 72 89 43 40 28 66 61 78 19 16 48 59 25 60 75 84 70 53 42 88 30 33 44 56 18 79 7 5 65 86 82 55 77 26 22 57 29 20 9 91 12 69 31 68 83 85 38 67 11 39 27 37 73 76 
Worst fitness: 3.39

Mean: 2.94

Standard deviation: 0.03
