657.70 710.85 6898.34 0.32 
631.68 803.28 7056.89 0.22 
837.11 553.47 6007.56 0.35 
876.36 710.28 7974.11 0.39 
889.81 1003.75 7312.35 0.48 
1154.85 775.76 5698.11 0.27 
881.40 563.68 6414.75 0.59 
593.86 620.80 6464.24 0.47 
602.60 591.28 7282.55 0.31 
705.14 593.42 7234.57 0.30 
736.77 1016.25 7054.62 0.47 
619.33 555.63 7432.77 0.36 
630.78 577.75 6217.71 0.19 
545.06 590.82 6917.58 0.45 
572.37 813.91 7922.74 0.27 
580.61 630.95 6212.81 0.38 
568.49 698.13 7147.98 0.37 
541.18 572.19 6110.49 0.39 
882.10 651.36 7252.16 0.22 
736.58 781.29 6454.04 0.46 
896.38 585.27 7523.38 0.32 
915.42 817.97 6299.86 0.18 
704.58 675.69 6396.03 0.33 
880.54 622.19 7541.30 0.45 
559.80 905.83 6160.78 0.44 
603.22 697.86 6798.99 0.39 
733.59 677.14 5774.15 0.40 
947.07 854.62 7688.36 0.52 
898.79 586.03 7300.88 0.43 
669.51 556.89 5311.12 0.38 
1058.79 753.61 6516.00 0.26 
664.78 649.90 6688.46 0.46 
642.28 562.27 6339.41 0.29 
706.77 648.02 5833.85 0.28 
863.43 557.16 6009.57 0.20 
675.71 554.72 7443.80 0.37 
545.17 838.28 6386.97 0.36 
608.60 753.39 6702.21 0.55 
901.27 681.43 7042.25 0.47 
564.81 597.21 6126.00 0.27 
619.31 732.90 7392.95 0.39 
1212.66 602.47 6228.23 0.43 
643.08 671.96 7154.50 0.41 
729.56 948.81 6454.93 0.35 
900.70 652.76 6192.27 0.39 
548.78 915.98 6856.69 0.42 
583.14 572.49 6808.53 0.36 
943.78 595.84 6176.39 0.37 
884.02 587.11 6295.14 0.23 
579.83 664.86 7399.43 0.37 
645.25 628.66 5938.17 0.23 
685.60 685.98 7045.60 0.23 
682.78 692.97 4963.30 0.48 
675.42 738.83 6691.03 0.44 
741.72 623.95 7912.65 0.43 
550.77 747.73 7378.03 0.20 
726.47 666.97 4983.41 0.30 
557.08 623.09 6094.13 0.47 
668.55 923.09 6208.73 0.39 
712.30 689.40 6316.16 0.26 
749.09 628.80 6577.80 0.24 
747.64 541.49 6539.40 0.33 
626.87 713.63 7450.69 0.43 
542.28 780.05 6761.79 0.39 
718.59 1014.03 7054.47 0.39 
893.88 636.00 6839.92 0.52 
740.75 926.49 6356.34 0.11 
833.28 675.85 7072.79 0.29 
558.40 945.23 7802.23 0.59 
544.96 644.92 5238.78 0.41 
559.28 615.55 7788.24 0.41 
910.02 813.98 6054.60 0.40 
917.28 748.21 6122.28 0.34 
757.74 756.91 6086.54 0.56 
951.37 702.92 5902.50 0.35 
955.81 888.82 7205.61 0.30 
728.32 642.01 7367.64 0.41 
766.29 760.56 6154.57 0.37 
784.72 622.62 6678.15 0.53 
1169.42 582.21 6585.26 0.32 
668.64 690.63 6001.26 0.42 
724.92 544.64 6527.44 0.52 
617.00 551.00 6662.02 0.50 
912.21 836.70 6722.51 0.58 
858.01 704.99 6131.02 0.37 
796.19 640.45 6293.76 0.38 
967.82 600.98 7180.85 0.36 
576.88 856.20 7174.48 0.51 
556.24 717.45 5567.49 0.42 
758.49 905.69 6746.09 0.48 
675.03 885.17 6522.15 0.30 
775.56 716.66 6553.29 0.29 
869.12 772.35 6309.26 0.40 
1129.36 976.47 6779.45 0.32 
660.74 851.20 5415.03 0.34 
810.33 545.11 7084.33 0.39 
592.07 583.53 6059.45 0.38 
725.72 622.34 6522.22 0.39 
623.88 580.49 6378.56 0.51 
559.11 966.68 5528.34 0.35 
686.57 759.40 6582.12 0.35 
813.96 1161.57 6554.00 0.25 
688.45 547.80 4994.78 0.54 
650.30 624.97 7430.50 0.45 
818.64 575.72 7818.58 0.53 
620.51 896.03 5468.78 0.46 
989.51 666.30 6567.05 0.52 
724.43 669.45 7050.55 0.25 
791.63 647.27 6214.62 0.49 
782.67 1050.80 6960.43 0.45 
978.01 613.21 7635.33 0.31 
543.42 651.74 6738.51 0.29 
569.14 729.48 5895.33 0.54 
633.36 834.59 6921.14 0.25 
688.39 669.56 6220.96 0.44 
579.60 813.33 6672.56 0.45 
805.12 804.89 6705.37 0.29 
612.99 593.86 7476.89 0.21 
1094.33 600.09 6192.60 0.38 
651.58 656.78 7330.47 0.47 
902.45 887.21 6924.00 0.31 
895.15 634.10 5993.80 0.21 
639.42 784.20 7336.39 0.56 
738.85 559.17 7185.25 0.24 
573.47 607.80 6667.53 0.43 
636.10 592.01 6738.85 0.29 
645.09 753.34 5919.85 0.40 
615.17 573.15 6418.31 0.25 
812.19 645.97 6564.42 0.46 
547.79 642.57 6938.47 0.53 
844.35 788.80 6747.29 0.37 
978.78 665.43 6461.90 0.33 
1072.24 625.71 6189.69 0.40 
598.17 615.00 6789.67 0.43 
828.60 765.46 6351.57 0.41 
602.80 729.38 7016.59 0.55 
703.50 672.20 7349.00 0.41 
736.41 754.10 7628.02 0.41 
668.78 591.62 5816.98 0.34 
1042.90 698.43 7049.22 0.42 
1004.90 779.17 6197.51 0.34 
664.69 553.77 5546.03 0.56 
771.45 755.82 5383.72 0.58 
678.22 742.77 6855.88 0.42 
724.68 561.56 6560.72 0.21 
863.26 613.61 6645.98 0.39 
798.98 559.59 5292.04 0.48 
695.92 570.68 5687.37 0.28 
699.67 1076.99 6542.65 0.55 
701.78 751.11 6725.01 0.39 
777.29 564.98 7417.18 0.43 
18 14 40 70 58 99 83 103 49 45 66 55 115 57 61 142 33 97 104 34 81 53 16 8 38 41 43 151 124 39 93 63 136 123 20 74 143 86 109 129 79 147 35 29 84 135 92 108 88 114 2 64 89 17 134 126 30 3 96 7 105 138 139 10 12 71 130 32 137 23 27 60 117 44 149 11 116 106 37 127 101 144 54 1 26 128 47 9 125 82 145 62 36 148 77 146 85 72 50 113 150 90 131 68 98 120 51 112 52 73 75 48 21 24 122 4 107 133 141 28 22 78 19 80 119 87 25 46 100 69 59 15 95 65 110 5 140 31 121 6 76 132 111 91 56 118 13 42 102 94 67 
Best fitness: 8.65
97 103 10 79 4 45 3 147 30 33 13 109 29 96 151 53 20 73 107 48 105 57 54 59 106 88 2 63 44 65 76 84 115 8 51 120 81 123 1 137 143 74 32 23 146 24 7 126 14 70 130 71 83 12 139 127 113 17 136 37 112 47 43 144 91 95 28 93 85 68 138 90 150 104 50 26 55 77 34 16 18 99 9 40 58 142 36 82 62 124 129 75 66 119 132 98 52 60 27 117 131 38 116 41 134 128 61 86 21 141 111 42 133 6 94 78 35 49 87 72 100 69 25 15 89 108 125 118 56 101 135 22 39 140 148 145 19 92 114 11 67 64 149 110 46 5 121 31 80 122 102 
Worst fitness: 10.38

Mean: 9.52

Standard deviation: 0.17
