934.52 793.60 7271.19 0.56 
783.44 754.69 6847.47 0.51 
729.98 940.53 7128.28 0.25 
598.16 927.79 6298.32 0.34 
738.87 547.81 6070.61 0.32 
794.30 893.87 6240.90 0.37 
861.14 570.71 7266.53 0.45 
740.69 641.16 6840.53 0.31 
687.96 973.89 7216.87 0.46 
648.82 1064.67 5865.96 0.50 
717.56 587.11 5841.87 0.42 
568.95 593.40 6585.57 0.41 
668.46 706.35 5240.21 0.25 
729.83 678.95 7442.24 0.35 
627.11 918.78 6690.71 0.22 
823.74 549.94 6988.02 0.40 
544.78 710.48 6424.25 0.35 
1021.29 551.82 6181.85 0.54 
587.99 740.22 6244.33 0.24 
1244.12 815.42 7023.26 0.46 
709.05 565.68 5346.16 0.40 
1133.23 545.02 5805.41 0.49 
990.84 570.09 6849.25 0.56 
1009.09 905.61 6211.66 0.41 
546.27 571.12 7011.45 0.32 
653.34 762.85 6680.17 0.27 
651.06 662.73 6565.15 0.65 
630.60 882.43 5811.79 0.37 
849.85 590.52 5713.79 0.38 
1097.20 586.69 6144.18 0.38 
803.60 782.59 6817.64 0.47 
813.71 847.15 6121.29 0.37 
880.51 576.67 7409.50 0.39 
636.08 966.08 6557.50 0.34 
913.89 850.77 6906.05 0.42 
671.57 810.02 6698.38 0.49 
672.11 974.55 7373.36 0.16 
754.93 805.47 6877.12 0.28 
623.30 761.01 7553.13 0.42 
597.53 613.33 6950.44 0.41 
641.30 687.16 5791.13 0.53 
12 40 41 39 36 6 32 1 30 22 18 23 33 7 29 16 5 21 11 27 2 31 38 26 14 8 13 17 19 4 28 34 10 9 3 35 24 20 25 15 37 
Best fitness: 0.81
5 18 23 33 7 29 16 21 11 8 14 28 4 41 27 40 12 25 13 17 19 39 26 36 2 31 1 24 20 22 30 35 32 38 6 3 9 34 37 10 15 
Worst fitness: 0.96

Mean: 0.88

Standard deviation: 0.00
