608.30 621.69 6778.87 0.43 
727.96 566.54 6329.15 0.54 
610.99 809.03 4962.18 0.38 
714.72 557.73 7155.65 0.47 
612.03 566.35 5766.63 0.42 
725.33 914.21 6939.66 0.39 
547.83 797.90 5594.58 0.40 
795.48 640.34 6855.16 0.37 
542.32 650.53 6478.15 0.28 
619.22 587.75 7244.86 0.41 
630.33 779.98 7274.93 0.30 
642.63 547.53 7885.53 0.56 
604.81 565.50 7217.66 0.46 
613.76 738.94 7303.25 0.49 
644.59 646.49 6948.75 0.48 
653.69 735.92 6691.98 0.47 
705.53 846.42 6794.50 0.32 
671.51 565.60 6592.72 0.50 
895.42 664.30 5476.76 0.48 
770.29 720.66 6743.19 0.32 
754.61 892.01 7740.48 0.35 
739.86 576.29 7372.17 0.52 
604.57 883.89 5769.35 0.31 
638.66 697.84 6807.80 0.47 
670.02 707.08 6488.10 0.41 
621.59 695.82 6664.80 0.38 
894.21 665.69 6376.08 0.34 
678.19 619.67 7565.31 0.31 
1001.45 862.80 7089.88 0.29 
810.41 934.80 6217.41 0.44 
1077.64 868.38 5477.37 0.48 
2 22 8 19 27 25 24 15 1 10 13 5 12 18 4 28 26 14 16 11 3 7 23 6 30 21 17 20 29 31 9 
Fitness: 0.43


Mean: 0.43

Standard deviation: 0.00
2 22 8 19 27 25 24 15 1 10 13 5 12 18 4 28 26 14 16 11 3 7 23 6 30 21 17 20 29 31 9 
Fitness: 0.43


Mean: 0.43

Standard deviation: 0.00
2 22 8 19 27 25 24 15 1 10 13 5 12 18 4 28 26 14 16 11 3 7 23 6 30 21 17 20 29 31 9 
Fitness: 0.43


Mean: 0.43

Standard deviation: 0.00
2 22 8 19 27 25 24 15 1 10 13 5 12 18 4 28 26 14 16 11 3 7 23 6 30 21 17 20 29 31 9 
Fitness: 0.43


Mean: 0.43

Standard deviation: 0.00
2 22 8 19 27 25 24 15 1 10 13 5 12 18 4 28 26 14 16 11 3 7 23 6 30 21 17 20 29 31 9 
Fitness: 0.43


Mean: 0.43

Standard deviation: 0.00
2 22 8 19 27 25 24 15 1 10 13 5 12 18 4 28 26 14 16 11 3 7 23 6 30 21 17 20 29 31 9 
Fitness: 0.43


Mean: 0.43

Standard deviation: 0.00
2 22 8 19 27 25 24 15 1 10 13 5 12 18 4 28 26 14 16 11 3 7 23 6 30 21 17 20 29 31 9 
Fitness: 0.43


Mean: 0.43

Standard deviation: 0.00
2 22 8 19 27 25 24 15 1 10 13 5 12 18 4 28 26 14 16 11 3 7 23 6 30 21 17 20 29 31 9 
Fitness: 0.43


Mean: 0.43

Standard deviation: 0.00
2 22 8 19 27 25 24 15 1 10 13 5 12 18 4 28 26 14 16 11 3 7 23 6 30 21 17 20 29 31 9 
Fitness: 0.43


Mean: 0.43

Standard deviation: 0.00
2 22 8 19 27 25 24 15 1 10 13 5 12 18 4 28 26 14 16 11 3 7 23 6 30 21 17 20 29 31 9 
Fitness: 0.43


Mean: 0.43

Standard deviation: 0.00
2 22 8 19 27 25 24 15 1 10 13 5 12 18 4 28 26 14 16 11 3 7 23 6 30 21 17 20 29 31 9 
Fitness: 0.43


Mean: 0.43

Standard deviation: 0.00
2 22 8 19 27 25 24 15 1 10 13 5 12 18 4 28 26 14 16 11 3 7 23 6 30 21 17 20 29 31 9 
Fitness: 0.43


Mean: 0.43

Standard deviation: 0.00
2 22 8 19 27 25 24 15 1 10 13 5 12 18 4 28 26 14 16 11 3 7 23 6 30 21 17 20 29 31 9 
Fitness: 0.43


Mean: 0.43

Standard deviation: 0.00
2 22 8 19 27 25 24 15 1 10 13 5 12 18 4 28 26 14 16 11 3 7 23 6 30 21 17 20 29 31 9 
Fitness: 0.43


Mean: 0.43

Standard deviation: 0.00
2 22 8 19 27 25 24 15 1 10 13 5 12 18 4 28 26 14 16 11 3 7 23 6 30 21 17 20 29 31 9 
Fitness: 0.43


Mean: 0.43

Standard deviation: 0.00
2 22 8 19 27 25 24 15 1 10 13 5 12 18 4 28 26 14 16 11 3 7 23 6 30 21 17 20 29 31 9 
Fitness: 0.43


Mean: 0.43

Standard deviation: 0.00
2 22 8 19 27 25 24 15 1 10 13 5 12 18 4 28 26 14 16 11 3 7 23 6 30 21 17 20 29 31 9 
Fitness: 0.43


Mean: 0.43

Standard deviation: 0.00
2 22 8 19 27 25 24 15 1 10 13 5 12 18 4 28 26 14 16 11 3 7 23 6 30 21 17 20 29 31 9 
Fitness: 0.43


Mean: 0.43

Standard deviation: 0.00
2 22 8 19 27 25 24 15 1 10 13 5 12 18 4 28 26 14 16 11 3 7 23 6 30 21 17 20 29 31 9 
Fitness: 0.43


Mean: 0.43

Standard deviation: 0.00
2 22 8 19 27 25 24 15 1 10 13 5 12 18 4 28 26 14 16 11 3 7 23 6 30 21 17 20 29 31 9 
Fitness: 0.43


Mean: 0.43

Standard deviation: 0.00
2 22 8 19 27 25 24 15 1 10 13 5 12 18 4 28 26 14 16 11 3 7 23 6 30 21 17 20 29 31 9 
Fitness: 0.43


Mean: 0.43

Standard deviation: 0.00
2 22 8 19 27 25 24 15 1 10 13 5 12 18 4 28 26 14 16 11 3 7 23 6 30 21 17 20 29 31 9 
Fitness: 0.43


Mean: 0.43

Standard deviation: 0.00
2 22 8 19 27 25 24 15 1 10 13 5 12 18 4 28 26 14 16 11 3 7 23 6 30 21 17 20 29 31 9 
Fitness: 0.43


Mean: 0.43

Standard deviation: 0.00
2 22 8 19 27 25 24 15 1 10 13 5 12 18 4 28 26 14 16 11 3 7 23 6 30 21 17 20 29 31 9 
Fitness: 0.43


Mean: 0.43

Standard deviation: 0.00
2 22 8 19 27 25 24 15 1 10 13 5 12 18 4 28 26 14 16 11 3 7 23 6 30 21 17 20 29 31 9 
Fitness: 0.43


Mean: 0.43

Standard deviation: 0.00
2 22 8 19 27 25 24 15 1 10 13 5 12 18 4 28 26 14 16 11 3 7 23 6 30 21 17 20 29 31 9 
Fitness: 0.43


Mean: 0.43

Standard deviation: 0.00
2 22 8 19 27 25 24 15 1 10 13 5 12 18 4 28 26 14 16 11 3 7 23 6 30 21 17 20 29 31 9 
Fitness: 0.43


Mean: 0.43

Standard deviation: 0.00
2 22 8 19 27 25 24 15 1 10 13 5 12 18 4 28 26 14 16 11 3 7 23 6 30 21 17 20 29 31 9 
Fitness: 0.43


Mean: 0.43

Standard deviation: 0.00
2 22 8 19 27 25 24 15 1 10 13 5 12 18 4 28 26 14 16 11 3 7 23 6 30 21 17 20 29 31 9 
Fitness: 0.43


Mean: 0.43

Standard deviation: 0.00
2 22 8 19 27 25 24 15 1 10 13 5 12 18 4 28 26 14 16 11 3 7 23 6 30 21 17 20 29 31 9 
Fitness: 0.43


Mean: 0.43

Standard deviation: 0.00
2 22 8 19 27 25 24 15 1 10 13 5 12 18 4 28 26 14 16 11 3 7 23 6 30 21 17 20 29 31 9 
Fitness: 0.43


Mean: 0.43

Standard deviation: 0.00
2 22 8 19 27 25 24 15 1 10 13 5 12 18 4 28 26 14 16 11 3 7 23 6 30 21 17 20 29 31 9 
Fitness: 0.43


Mean: 0.43

Standard deviation: 0.00
2 22 8 19 27 25 24 15 1 10 13 5 12 18 4 28 26 14 16 11 3 7 23 6 30 21 17 20 29 31 9 
Fitness: 0.43


Mean: 0.43

Standard deviation: 0.00
2 22 8 19 27 25 24 15 1 10 13 5 12 18 4 28 26 14 16 11 3 7 23 6 30 21 17 20 29 31 9 
Fitness: 0.43


Mean: 0.43

Standard deviation: 0.00
2 22 8 19 27 25 24 15 1 10 13 5 12 18 4 28 26 14 16 11 3 7 23 6 30 21 17 20 29 31 9 
Fitness: 0.43


Mean: 0.43

Standard deviation: 0.00
2 22 8 19 27 25 24 15 1 10 13 5 12 18 4 28 26 14 16 11 3 7 23 6 30 21 17 20 29 31 9 
Fitness: 0.43


Mean: 0.43

Standard deviation: 0.00
2 22 8 19 27 25 24 15 1 10 13 5 12 18 4 28 26 14 16 11 3 7 23 6 30 21 17 20 29 31 9 
Fitness: 0.43


Mean: 0.43

Standard deviation: 0.00
2 22 8 19 27 25 24 15 1 10 13 5 12 18 4 28 26 14 16 11 3 7 23 6 30 21 17 20 29 31 9 
Fitness: 0.43


Mean: 0.43

Standard deviation: 0.00
2 22 8 19 27 25 24 15 1 10 13 5 12 18 4 28 26 14 16 11 3 7 23 6 30 21 17 20 29 31 9 
Fitness: 0.43


Mean: 0.43

Standard deviation: 0.00
2 22 8 19 27 25 24 15 1 10 13 5 12 18 4 28 26 14 16 11 3 7 23 6 30 21 17 20 29 31 9 
Fitness: 0.43


Mean: 0.43

Standard deviation: 0.00
2 22 8 19 27 25 24 15 1 10 13 5 12 18 4 28 26 14 16 11 3 7 23 6 30 21 17 20 29 31 9 
Fitness: 0.43


Mean: 0.43

Standard deviation: 0.00
2 22 8 19 27 25 24 15 1 10 13 5 12 18 4 28 26 14 16 11 3 7 23 6 30 21 17 20 29 31 9 
Fitness: 0.43


Mean: 0.43

Standard deviation: 0.00
2 22 8 19 27 25 24 15 1 10 13 5 12 18 4 28 26 14 16 11 3 7 23 6 30 21 17 20 29 31 9 
Fitness: 0.43


Mean: 0.43

Standard deviation: 0.00
2 22 8 19 27 25 24 15 1 10 13 5 12 18 4 28 26 14 16 11 3 7 23 6 30 21 17 20 29 31 9 
Fitness: 0.43


Mean: 0.43

Standard deviation: 0.00
2 22 8 19 27 25 24 15 1 10 13 5 12 18 4 28 26 14 16 11 3 7 23 6 30 21 17 20 29 31 9 
Fitness: 0.43


Mean: 0.43

Standard deviation: 0.00
2 22 8 19 27 25 24 15 1 10 13 5 12 18 4 28 26 14 16 11 3 7 23 6 30 21 17 20 29 31 9 
Fitness: 0.43


Mean: 0.43

Standard deviation: 0.00
2 22 8 19 27 25 24 15 1 10 13 5 12 18 4 28 26 14 16 11 3 7 23 6 30 21 17 20 29 31 9 
Fitness: 0.43


Mean: 0.43

Standard deviation: 0.00
2 22 8 19 27 25 24 15 1 10 13 5 12 18 4 28 26 14 16 11 3 7 23 6 30 21 17 20 29 31 9 
Fitness: 0.43


Mean: 0.43

Standard deviation: 0.00
2 22 8 19 27 25 24 15 1 10 13 5 12 18 4 28 26 14 16 11 3 7 23 6 30 21 17 20 29 31 9 
Fitness: 0.43


Mean: 0.43

Standard deviation: 0.00
2 22 8 19 27 25 24 15 1 10 13 5 12 18 4 28 26 14 16 11 3 7 23 6 30 21 17 20 29 31 9 
Fitness: 0.43


Mean: 0.43

Standard deviation: 0.00
2 22 8 19 27 25 24 15 1 10 13 5 12 18 4 28 26 14 16 11 3 7 23 6 30 21 17 20 29 31 9 
Fitness: 0.43


Mean: 0.43

Standard deviation: 0.00
2 22 8 19 27 25 24 15 1 10 13 5 12 18 4 28 26 14 16 11 3 7 23 6 30 21 17 20 29 31 9 
Fitness: 0.43


Mean: 0.43

Standard deviation: 0.00
2 22 8 19 27 25 24 15 1 10 13 5 12 18 4 28 26 14 16 11 3 7 23 6 30 21 17 20 29 31 9 
Fitness: 0.43


Mean: 0.43

Standard deviation: 0.00
2 22 8 19 27 25 24 15 1 10 13 5 12 18 4 28 26 14 16 11 3 7 23 6 30 21 17 20 29 31 9 
Fitness: 0.43


Mean: 0.43

Standard deviation: 0.00
2 22 8 19 27 25 24 15 1 10 13 5 12 18 4 28 26 14 16 11 3 7 23 6 30 21 17 20 29 31 9 
Fitness: 0.43


Mean: 0.43

Standard deviation: 0.00
2 22 8 19 27 25 24 15 1 10 13 5 12 18 4 28 26 14 16 11 3 7 23 6 30 21 17 20 29 31 9 
Fitness: 0.43


Mean: 0.43

Standard deviation: 0.00
2 22 8 19 27 25 24 15 1 10 13 5 12 18 4 28 26 14 16 11 3 7 23 6 30 21 17 20 29 31 9 
Fitness: 0.43


Mean: 0.43

Standard deviation: 0.00
2 22 8 19 27 25 24 15 1 10 13 5 12 18 4 28 26 14 16 11 3 7 23 6 30 21 17 20 29 31 9 
Fitness: 0.43


Mean: 0.43

Standard deviation: 0.00
2 22 8 19 27 25 24 15 1 10 13 5 12 18 4 28 26 14 16 11 3 7 23 6 30 21 17 20 29 31 9 
Fitness: 0.43


Mean: 0.43

Standard deviation: 0.00
2 22 8 19 27 25 24 15 1 10 13 5 12 18 4 28 26 14 16 11 3 7 23 6 30 21 17 20 29 31 9 
Fitness: 0.43


Mean: 0.43

Standard deviation: 0.00
2 22 8 19 27 25 24 15 1 10 13 5 12 18 4 28 26 14 16 11 3 7 23 6 30 21 17 20 29 31 9 
Fitness: 0.43


Mean: 0.43

Standard deviation: 0.00
2 22 8 19 27 25 24 15 1 10 13 5 12 18 4 28 26 14 16 11 3 7 23 6 30 21 17 20 29 31 9 
Fitness: 0.43


Mean: 0.43

Standard deviation: 0.00
2 22 8 19 27 25 24 15 1 10 13 5 12 18 4 28 26 14 16 11 3 7 23 6 30 21 17 20 29 31 9 
Fitness: 0.43


Mean: 0.43

Standard deviation: 0.00
2 22 8 19 27 25 24 15 1 10 13 5 12 18 4 28 26 14 16 11 3 7 23 6 30 21 17 20 29 31 9 
Fitness: 0.43


Mean: 0.43

Standard deviation: 0.00
2 22 8 19 27 25 24 15 1 10 13 5 12 18 4 28 26 14 16 11 3 7 23 6 30 21 17 20 29 31 9 
Fitness: 0.43


Mean: 0.43

Standard deviation: 0.00
2 22 8 19 27 25 24 15 1 10 13 5 12 18 4 28 26 14 16 11 3 7 23 6 30 21 17 20 29 31 9 
Fitness: 0.43


Mean: 0.43

Standard deviation: 0.00
2 22 8 19 27 25 24 15 1 10 13 5 12 18 4 28 26 14 16 11 3 7 23 6 30 21 17 20 29 31 9 
Fitness: 0.43


Mean: 0.43

Standard deviation: 0.00
2 22 8 19 27 25 24 15 1 10 13 5 12 18 4 28 26 14 16 11 3 7 23 6 30 21 17 20 29 31 9 
Fitness: 0.43


Mean: 0.43

Standard deviation: 0.00
2 22 8 19 27 25 24 15 1 10 13 5 12 18 4 28 26 14 16 11 3 7 23 6 30 21 17 20 29 31 9 
Fitness: 0.43


Mean: 0.43

Standard deviation: 0.00
2 22 8 19 27 25 24 15 1 10 13 5 12 18 4 28 26 14 16 11 3 7 23 6 30 21 17 20 29 31 9 
Fitness: 0.43


Mean: 0.43

Standard deviation: 0.00
2 22 8 19 27 25 24 15 1 10 13 5 12 18 4 28 26 14 16 11 3 7 23 6 30 21 17 20 29 31 9 
Fitness: 0.43


Mean: 0.43

Standard deviation: 0.00
2 22 8 19 27 25 24 15 1 10 13 5 12 18 4 28 26 14 16 11 3 7 23 6 30 21 17 20 29 31 9 
Fitness: 0.43


Mean: 0.43

Standard deviation: 0.00
2 22 8 19 27 25 24 15 1 10 13 5 12 18 4 28 26 14 16 11 3 7 23 6 30 21 17 20 29 31 9 
Fitness: 0.43


Mean: 0.43

Standard deviation: 0.00
2 22 8 19 27 25 24 15 1 10 13 5 12 18 4 28 26 14 16 11 3 7 23 6 30 21 17 20 29 31 9 
Fitness: 0.43


Mean: 0.43

Standard deviation: 0.00
2 22 8 19 27 25 24 15 1 10 13 5 12 18 4 28 26 14 16 11 3 7 23 6 30 21 17 20 29 31 9 
Fitness: 0.43


Mean: 0.43

Standard deviation: 0.00
2 22 8 19 27 25 24 15 1 10 13 5 12 18 4 28 26 14 16 11 3 7 23 6 30 21 17 20 29 31 9 
Fitness: 0.43


Mean: 0.43

Standard deviation: 0.00
2 22 8 19 27 25 24 15 1 10 13 5 12 18 4 28 26 14 16 11 3 7 23 6 30 21 17 20 29 31 9 
Fitness: 0.43


Mean: 0.43

Standard deviation: 0.00
2 22 8 19 27 25 24 15 1 10 13 5 12 18 4 28 26 14 16 11 3 7 23 6 30 21 17 20 29 31 9 
Fitness: 0.43


Mean: 0.43

Standard deviation: 0.00
2 22 8 19 27 25 24 15 1 10 13 5 12 18 4 28 26 14 16 11 3 7 23 6 30 21 17 20 29 31 9 
Fitness: 0.43


Mean: 0.43

Standard deviation: 0.00
2 22 8 19 27 25 24 15 1 10 13 5 12 18 4 28 26 14 16 11 3 7 23 6 30 21 17 20 29 31 9 
Fitness: 0.43


Mean: 0.43

Standard deviation: 0.00
2 22 8 19 27 25 24 15 1 10 13 5 12 18 4 28 26 14 16 11 3 7 23 6 30 21 17 20 29 31 9 
Fitness: 0.43


Mean: 0.43

Standard deviation: 0.00
2 22 8 19 27 25 24 15 1 10 13 5 12 18 4 28 26 14 16 11 3 7 23 6 30 21 17 20 29 31 9 
Fitness: 0.43


Mean: 0.43

Standard deviation: 0.00
2 22 8 19 27 25 24 15 1 10 13 5 12 18 4 28 26 14 16 11 3 7 23 6 30 21 17 20 29 31 9 
Fitness: 0.43


Mean: 0.43

Standard deviation: 0.00
2 22 8 19 27 25 24 15 1 10 13 5 12 18 4 28 26 14 16 11 3 7 23 6 30 21 17 20 29 31 9 
Fitness: 0.43


Mean: 0.43

Standard deviation: 0.00
2 22 8 19 27 25 24 15 1 10 13 5 12 18 4 28 26 14 16 11 3 7 23 6 30 21 17 20 29 31 9 
Fitness: 0.43


Mean: 0.43

Standard deviation: 0.00
2 22 8 19 27 25 24 15 1 10 13 5 12 18 4 28 26 14 16 11 3 7 23 6 30 21 17 20 29 31 9 
Fitness: 0.43


Mean: 0.43

Standard deviation: 0.00
2 22 8 19 27 25 24 15 1 10 13 5 12 18 4 28 26 14 16 11 3 7 23 6 30 21 17 20 29 31 9 
Fitness: 0.43


Mean: 0.43

Standard deviation: 0.00
2 22 8 19 27 25 24 15 1 10 13 5 12 18 4 28 26 14 16 11 3 7 23 6 30 21 17 20 29 31 9 
Fitness: 0.43


Mean: 0.43

Standard deviation: 0.00
2 22 8 19 27 25 24 15 1 10 13 5 12 18 4 28 26 14 16 11 3 7 23 6 30 21 17 20 29 31 9 
Fitness: 0.43


Mean: 0.43

Standard deviation: 0.00
2 22 8 19 27 25 24 15 1 10 13 5 12 18 4 28 26 14 16 11 3 7 23 6 30 21 17 20 29 31 9 
Fitness: 0.43


Mean: 0.43

Standard deviation: 0.00
2 22 8 19 27 25 24 15 1 10 13 5 12 18 4 28 26 14 16 11 3 7 23 6 30 21 17 20 29 31 9 
Fitness: 0.43


Mean: 0.43

Standard deviation: 0.00
2 22 8 19 27 25 24 15 1 10 13 5 12 18 4 28 26 14 16 11 3 7 23 6 30 21 17 20 29 31 9 
Fitness: 0.43


Mean: 0.43

Standard deviation: 0.00
2 22 8 19 27 25 24 15 1 10 13 5 12 18 4 28 26 14 16 11 3 7 23 6 30 21 17 20 29 31 9 
Fitness: 0.43


Mean: 0.43

Standard deviation: 0.00
2 22 8 19 27 25 24 15 1 10 13 5 12 18 4 28 26 14 16 11 3 7 23 6 30 21 17 20 29 31 9 
Fitness: 0.43


Mean: 0.43

Standard deviation: 0.00
2 22 8 19 27 25 24 15 1 10 13 5 12 18 4 28 26 14 16 11 3 7 23 6 30 21 17 20 29 31 9 
Fitness: 0.43


Mean: 0.43

Standard deviation: 0.00
2 22 8 19 27 25 24 15 1 10 13 5 12 18 4 28 26 14 16 11 3 7 23 6 30 21 17 20 29 31 9 
Fitness: 0.43


Mean: 0.43

Standard deviation: 0.00
2 22 8 19 27 25 24 15 1 10 13 5 12 18 4 28 26 14 16 11 3 7 23 6 30 21 17 20 29 31 9 
Fitness: 0.43


Mean: 0.43

Standard deviation: 0.00
2 22 8 19 27 25 24 15 1 10 13 5 12 18 4 28 26 14 16 11 3 7 23 6 30 21 17 20 29 31 9 
Fitness: 0.43


Mean: 0.43

Standard deviation: 0.00
2 22 8 19 27 25 24 15 1 10 13 5 12 18 4 28 26 14 16 11 3 7 23 6 30 21 17 20 29 31 9 
Fitness: 0.43


Mean: 0.43

Standard deviation: 0.00
2 22 8 19 27 25 24 15 1 10 13 5 12 18 4 28 26 14 16 11 3 7 23 6 30 21 17 20 29 31 9 
Fitness: 0.43


Mean: 0.43

Standard deviation: 0.00
2 22 8 19 27 25 24 15 1 10 13 5 12 18 4 28 26 14 16 11 3 7 23 6 30 21 17 20 29 31 9 
Fitness: 0.43


Mean: 0.43

Standard deviation: 0.00
2 22 8 19 27 25 24 15 1 10 13 5 12 18 4 28 26 14 16 11 3 7 23 6 30 21 17 20 29 31 9 
Fitness: 0.43


Mean: 0.43

Standard deviation: 0.00
2 22 8 19 27 25 24 15 1 10 13 5 12 18 4 28 26 14 16 11 3 7 23 6 30 21 17 20 29 31 9 
Fitness: 0.43


Mean: 0.43

Standard deviation: 0.00
2 22 8 19 27 25 24 15 1 10 13 5 12 18 4 28 26 14 16 11 3 7 23 6 30 21 17 20 29 31 9 
Fitness: 0.43


Mean: 0.43

Standard deviation: 0.00
2 22 8 19 27 25 24 15 1 10 13 5 12 18 4 28 26 14 16 11 3 7 23 6 30 21 17 20 29 31 9 
Fitness: 0.43


Mean: 0.43

Standard deviation: 0.00
2 22 8 19 27 25 24 15 1 10 13 5 12 18 4 28 26 14 16 11 3 7 23 6 30 21 17 20 29 31 9 
Fitness: 0.43


Mean: 0.43

Standard deviation: 0.00
2 22 8 19 27 25 24 15 1 10 13 5 12 18 4 28 26 14 16 11 3 7 23 6 30 21 17 20 29 31 9 
Fitness: 0.43


Mean: 0.43

Standard deviation: 0.00
2 22 8 19 27 25 24 15 1 10 13 5 12 18 4 28 26 14 16 11 3 7 23 6 30 21 17 20 29 31 9 
Fitness: 0.43


Mean: 0.43

Standard deviation: 0.00
2 22 8 19 27 25 24 15 1 10 13 5 12 18 4 28 26 14 16 11 3 7 23 6 30 21 17 20 29 31 9 
Fitness: 0.43


Mean: 0.43

Standard deviation: 0.00
2 22 8 19 27 25 24 15 1 10 13 5 12 18 4 28 26 14 16 11 3 7 23 6 30 21 17 20 29 31 9 
Fitness: 0.43


Mean: 0.43

Standard deviation: 0.00
2 22 8 19 27 25 24 15 1 10 13 5 12 18 4 28 26 14 16 11 3 7 23 6 30 21 17 20 29 31 9 
Fitness: 0.43


Mean: 0.43

Standard deviation: 0.00
2 22 8 19 27 25 24 15 1 10 13 5 12 18 4 28 26 14 16 11 3 7 23 6 30 21 17 20 29 31 9 
Fitness: 0.43


Mean: 0.43

Standard deviation: 0.00
2 22 8 19 27 25 24 15 1 10 13 5 12 18 4 28 26 14 16 11 3 7 23 6 30 21 17 20 29 31 9 
Fitness: 0.43


Mean: 0.43

Standard deviation: 0.00
2 22 8 19 27 25 24 15 1 10 13 5 12 18 4 28 26 14 16 11 3 7 23 6 30 21 17 20 29 31 9 
Fitness: 0.43


Mean: 0.43

Standard deviation: 0.00
2 22 8 19 27 25 24 15 1 10 13 5 12 18 4 28 26 14 16 11 3 7 23 6 30 21 17 20 29 31 9 
Fitness: 0.43


Mean: 0.43

Standard deviation: 0.00
2 22 8 19 27 25 24 15 1 10 13 5 12 18 4 28 26 14 16 11 3 7 23 6 30 21 17 20 29 31 9 
Fitness: 0.43


Mean: 0.43

Standard deviation: 0.00
2 22 8 19 27 25 24 15 1 10 13 5 12 18 4 28 26 14 16 11 3 7 23 6 30 21 17 20 29 31 9 
Fitness: 0.43


Mean: 0.43

Standard deviation: 0.00
2 22 8 19 27 25 24 15 1 10 13 5 12 18 4 28 26 14 16 11 3 7 23 6 30 21 17 20 29 31 9 
Fitness: 0.43


Mean: 0.43

Standard deviation: 0.00
2 22 8 19 27 25 24 15 1 10 13 5 12 18 4 28 26 14 16 11 3 7 23 6 30 21 17 20 29 31 9 
Fitness: 0.43


Mean: 0.43

Standard deviation: 0.00
2 22 8 19 27 25 24 15 1 10 13 5 12 18 4 28 26 14 16 11 3 7 23 6 30 21 17 20 29 31 9 
Fitness: 0.43


Mean: 0.43

Standard deviation: 0.00
2 22 8 19 27 25 24 15 1 10 13 5 12 18 4 28 26 14 16 11 3 7 23 6 30 21 17 20 29 31 9 
Fitness: 0.43


Mean: 0.43

Standard deviation: 0.00
2 22 8 19 27 25 24 15 1 10 13 5 12 18 4 28 26 14 16 11 3 7 23 6 30 21 17 20 29 31 9 
Fitness: 0.43


Mean: 0.43

Standard deviation: 0.00
2 22 8 19 27 25 24 15 1 10 13 5 12 18 4 28 26 14 16 11 3 7 23 6 30 21 17 20 29 31 9 
Fitness: 0.43


Mean: 0.43

Standard deviation: 0.00
2 22 8 19 27 25 24 15 1 10 13 5 12 18 4 28 26 14 16 11 3 7 23 6 30 21 17 20 29 31 9 
Fitness: 0.43


Mean: 0.43

Standard deviation: 0.00
2 22 8 19 27 25 24 15 1 10 13 5 12 18 4 28 26 14 16 11 3 7 23 6 30 21 17 20 29 31 9 
Fitness: 0.43


Mean: 0.43

Standard deviation: 0.00
2 22 8 19 27 25 24 15 1 10 13 5 12 18 4 28 26 14 16 11 3 7 23 6 30 21 17 20 29 31 9 
Fitness: 0.43


Mean: 0.43

Standard deviation: 0.00
2 22 8 19 27 25 24 15 1 10 13 5 12 18 4 28 26 14 16 11 3 7 23 6 30 21 17 20 29 31 9 
Fitness: 0.43


Mean: 0.43

Standard deviation: 0.00
2 22 8 19 27 25 24 15 1 10 13 5 12 18 4 28 26 14 16 11 3 7 23 6 30 21 17 20 29 31 9 
Fitness: 0.43


Mean: 0.43

Standard deviation: 0.00
2 22 8 19 27 25 24 15 1 10 13 5 12 18 4 28 26 14 16 11 3 7 23 6 30 21 17 20 29 31 9 
Fitness: 0.43


Mean: 0.43

Standard deviation: 0.00
2 22 8 19 27 25 24 15 1 10 13 5 12 18 4 28 26 14 16 11 3 7 23 6 30 21 17 20 29 31 9 
Fitness: 0.43


Mean: 0.43

Standard deviation: 0.00
2 22 8 19 27 25 24 15 1 10 13 5 12 18 4 28 26 14 16 11 3 7 23 6 30 21 17 20 29 31 9 
Fitness: 0.43


Mean: 0.43

Standard deviation: 0.00
2 22 8 19 27 25 24 15 1 10 13 5 12 18 4 28 26 14 16 11 3 7 23 6 30 21 17 20 29 31 9 
Fitness: 0.43


Mean: 0.43

Standard deviation: 0.00
2 22 8 19 27 25 24 15 1 10 13 5 12 18 4 28 26 14 16 11 3 7 23 6 30 21 17 20 29 31 9 
Fitness: 0.43


Mean: 0.43

Standard deviation: 0.00
2 22 8 19 27 25 24 15 1 10 13 5 12 18 4 28 26 14 16 11 3 7 23 6 30 21 17 20 29 31 9 
Fitness: 0.43


Mean: 0.43

Standard deviation: 0.00
2 22 8 19 27 25 24 15 1 10 13 5 12 18 4 28 26 14 16 11 3 7 23 6 30 21 17 20 29 31 9 
Fitness: 0.43


Mean: 0.43

Standard deviation: 0.00
2 22 8 19 27 25 24 15 1 10 13 5 12 18 4 28 26 14 16 11 3 7 23 6 30 21 17 20 29 31 9 
Fitness: 0.43


Mean: 0.43

Standard deviation: 0.00
2 22 8 19 27 25 24 15 1 10 13 5 12 18 4 28 26 14 16 11 3 7 23 6 30 21 17 20 29 31 9 
Fitness: 0.43


Mean: 0.43

Standard deviation: 0.00
2 22 8 19 27 25 24 15 1 10 13 5 12 18 4 28 26 14 16 11 3 7 23 6 30 21 17 20 29 31 9 
Fitness: 0.43


Mean: 0.43

Standard deviation: 0.00
2 22 8 19 27 25 24 15 1 10 13 5 12 18 4 28 26 14 16 11 3 7 23 6 30 21 17 20 29 31 9 
Fitness: 0.43


Mean: 0.43

Standard deviation: 0.00
2 22 8 19 27 25 24 15 1 10 13 5 12 18 4 28 26 14 16 11 3 7 23 6 30 21 17 20 29 31 9 
Fitness: 0.43


Mean: 0.43

Standard deviation: 0.00
2 22 8 19 27 25 24 15 1 10 13 5 12 18 4 28 26 14 16 11 3 7 23 6 30 21 17 20 29 31 9 
Fitness: 0.43


Mean: 0.43

Standard deviation: 0.00
2 22 8 19 27 25 24 15 1 10 13 5 12 18 4 28 26 14 16 11 3 7 23 6 30 21 17 20 29 31 9 
Fitness: 0.43


Mean: 0.43

Standard deviation: 0.00
2 22 8 19 27 25 24 15 1 10 13 5 12 18 4 28 26 14 16 11 3 7 23 6 30 21 17 20 29 31 9 
Fitness: 0.43


Mean: 0.43

Standard deviation: 0.00
2 22 8 19 27 25 24 15 1 10 13 5 12 18 4 28 26 14 16 11 3 7 23 6 30 21 17 20 29 31 9 
Fitness: 0.43


Mean: 0.43

Standard deviation: 0.00
2 22 8 19 27 25 24 15 1 10 13 5 12 18 4 28 26 14 16 11 3 7 23 6 30 21 17 20 29 31 9 
Fitness: 0.43


Mean: 0.43

Standard deviation: 0.00
2 22 8 19 27 25 24 15 1 10 13 5 12 18 4 28 26 14 16 11 3 7 23 6 30 21 17 20 29 31 9 
Fitness: 0.43


Mean: 0.43

Standard deviation: 0.00
2 22 8 19 27 25 24 15 1 10 13 5 12 18 4 28 26 14 16 11 3 7 23 6 30 21 17 20 29 31 9 
Fitness: 0.43


Mean: 0.43

Standard deviation: 0.00
2 22 8 19 27 25 24 15 1 10 13 5 12 18 4 28 26 14 16 11 3 7 23 6 30 21 17 20 29 31 9 
Fitness: 0.43


Mean: 0.43

Standard deviation: 0.00
2 22 8 19 27 25 24 15 1 10 13 5 12 18 4 28 26 14 16 11 3 7 23 6 30 21 17 20 29 31 9 
Fitness: 0.43


Mean: 0.43

Standard deviation: 0.00
2 22 8 19 27 25 24 15 1 10 13 5 12 18 4 28 26 14 16 11 3 7 23 6 30 21 17 20 29 31 9 
Fitness: 0.43


Mean: 0.43

Standard deviation: 0.00
2 22 8 19 27 25 24 15 1 10 13 5 12 18 4 28 26 14 16 11 3 7 23 6 30 21 17 20 29 31 9 
Fitness: 0.43


Mean: 0.43

Standard deviation: 0.00
2 22 8 19 27 25 24 15 1 10 13 5 12 18 4 28 26 14 16 11 3 7 23 6 30 21 17 20 29 31 9 
Fitness: 0.43


Mean: 0.43

Standard deviation: 0.00
2 22 8 19 27 25 24 15 1 10 13 5 12 18 4 28 26 14 16 11 3 7 23 6 30 21 17 20 29 31 9 
Fitness: 0.43


Mean: 0.43

Standard deviation: 0.00
2 22 8 19 27 25 24 15 1 10 13 5 12 18 4 28 26 14 16 11 3 7 23 6 30 21 17 20 29 31 9 
Fitness: 0.43


Mean: 0.43

Standard deviation: 0.00
2 22 8 19 27 25 24 15 1 10 13 5 12 18 4 28 26 14 16 11 3 7 23 6 30 21 17 20 29 31 9 
Fitness: 0.43


Mean: 0.43

Standard deviation: 0.00
2 22 8 19 27 25 24 15 1 10 13 5 12 18 4 28 26 14 16 11 3 7 23 6 30 21 17 20 29 31 9 
Fitness: 0.43


Mean: 0.43

Standard deviation: 0.00
2 22 8 19 27 25 24 15 1 10 13 5 12 18 4 28 26 14 16 11 3 7 23 6 30 21 17 20 29 31 9 
Fitness: 0.43


Mean: 0.43

Standard deviation: 0.00
2 22 8 19 27 25 24 15 1 10 13 5 12 18 4 28 26 14 16 11 3 7 23 6 30 21 17 20 29 31 9 
Fitness: 0.43


Mean: 0.43

Standard deviation: 0.00
2 22 8 19 27 25 24 15 1 10 13 5 12 18 4 28 26 14 16 11 3 7 23 6 30 21 17 20 29 31 9 
Fitness: 0.43


Mean: 0.43

Standard deviation: 0.00
2 22 8 19 27 25 24 15 1 10 13 5 12 18 4 28 26 14 16 11 3 7 23 6 30 21 17 20 29 31 9 
Fitness: 0.43


Mean: 0.43

Standard deviation: 0.00
2 22 8 19 27 25 24 15 1 10 13 5 12 18 4 28 26 14 16 11 3 7 23 6 30 21 17 20 29 31 9 
Fitness: 0.43


Mean: 0.43

Standard deviation: 0.00
2 22 8 19 27 25 24 15 1 10 13 5 12 18 4 28 26 14 16 11 3 7 23 6 30 21 17 20 29 31 9 
Fitness: 0.43


Mean: 0.43

Standard deviation: 0.00
2 22 8 19 27 25 24 15 1 10 13 5 12 18 4 28 26 14 16 11 3 7 23 6 30 21 17 20 29 31 9 
Fitness: 0.43


Mean: 0.43

Standard deviation: 0.00
2 22 8 19 27 25 24 15 1 10 13 5 12 18 4 28 26 14 16 11 3 7 23 6 30 21 17 20 29 31 9 
Fitness: 0.43


Mean: 0.43

Standard deviation: 0.00
2 22 8 19 27 25 24 15 1 10 13 5 12 18 4 28 26 14 16 11 3 7 23 6 30 21 17 20 29 31 9 
Fitness: 0.43


Mean: 0.43

Standard deviation: 0.00
2 22 8 19 27 25 24 15 1 10 13 5 12 18 4 28 26 14 16 11 3 7 23 6 30 21 17 20 29 31 9 
Fitness: 0.43


Mean: 0.43

Standard deviation: 0.00
2 22 8 19 27 25 24 15 1 10 13 5 12 18 4 28 26 14 16 11 3 7 23 6 30 21 17 20 29 31 9 
Fitness: 0.43


Mean: 0.43

Standard deviation: 0.00
2 22 8 19 27 25 24 15 1 10 13 5 12 18 4 28 26 14 16 11 3 7 23 6 30 21 17 20 29 31 9 
Fitness: 0.43


Mean: 0.43

Standard deviation: 0.00
2 22 8 19 27 25 24 15 1 10 13 5 12 18 4 28 26 14 16 11 3 7 23 6 30 21 17 20 29 31 9 
Fitness: 0.43


Mean: 0.43

Standard deviation: 0.00
2 22 8 19 27 25 24 15 1 10 13 5 12 18 4 28 26 14 16 11 3 7 23 6 30 21 17 20 29 31 9 
Fitness: 0.43


Mean: 0.43

Standard deviation: 0.00
2 22 8 19 27 25 24 15 1 10 13 5 12 18 4 28 26 14 16 11 3 7 23 6 30 21 17 20 29 31 9 
Fitness: 0.43


Mean: 0.43

Standard deviation: 0.00
2 22 8 19 27 25 24 15 1 10 13 5 12 18 4 28 26 14 16 11 3 7 23 6 30 21 17 20 29 31 9 
Fitness: 0.43


Mean: 0.43

Standard deviation: 0.00
2 22 8 19 27 25 24 15 1 10 13 5 12 18 4 28 26 14 16 11 3 7 23 6 30 21 17 20 29 31 9 
Fitness: 0.43


Mean: 0.43

Standard deviation: 0.00
2 22 8 19 27 25 24 15 1 10 13 5 12 18 4 28 26 14 16 11 3 7 23 6 30 21 17 20 29 31 9 
Fitness: 0.43


Mean: 0.43

Standard deviation: 0.00
2 22 8 19 27 25 24 15 1 10 13 5 12 18 4 28 26 14 16 11 3 7 23 6 30 21 17 20 29 31 9 
Fitness: 0.43


Mean: 0.43

Standard deviation: 0.00
2 22 8 19 27 25 24 15 1 10 13 5 12 18 4 28 26 14 16 11 3 7 23 6 30 21 17 20 29 31 9 
Fitness: 0.43


Mean: 0.43

Standard deviation: 0.00
2 22 8 19 27 25 24 15 1 10 13 5 12 18 4 28 26 14 16 11 3 7 23 6 30 21 17 20 29 31 9 
Fitness: 0.43


Mean: 0.43

Standard deviation: 0.00
2 22 8 19 27 25 24 15 1 10 13 5 12 18 4 28 26 14 16 11 3 7 23 6 30 21 17 20 29 31 9 
Fitness: 0.43


Mean: 0.43

Standard deviation: 0.00
2 22 8 19 27 25 24 15 1 10 13 5 12 18 4 28 26 14 16 11 3 7 23 6 30 21 17 20 29 31 9 
Fitness: 0.43


Mean: 0.43

Standard deviation: 0.00
2 22 8 19 27 25 24 15 1 10 13 5 12 18 4 28 26 14 16 11 3 7 23 6 30 21 17 20 29 31 9 
Fitness: 0.43


Mean: 0.43

Standard deviation: 0.00
2 22 8 19 27 25 24 15 1 10 13 5 12 18 4 28 26 14 16 11 3 7 23 6 30 21 17 20 29 31 9 
Fitness: 0.43


Mean: 0.43

Standard deviation: 0.00
2 22 8 19 27 25 24 15 1 10 13 5 12 18 4 28 26 14 16 11 3 7 23 6 30 21 17 20 29 31 9 
Fitness: 0.43


Mean: 0.43

Standard deviation: 0.00
2 22 8 19 27 25 24 15 1 10 13 5 12 18 4 28 26 14 16 11 3 7 23 6 30 21 17 20 29 31 9 
Fitness: 0.43


Mean: 0.43

Standard deviation: 0.00
2 22 8 19 27 25 24 15 1 10 13 5 12 18 4 28 26 14 16 11 3 7 23 6 30 21 17 20 29 31 9 
Fitness: 0.43


Mean: 0.43

Standard deviation: 0.00
2 22 8 19 27 25 24 15 1 10 13 5 12 18 4 28 26 14 16 11 3 7 23 6 30 21 17 20 29 31 9 
Fitness: 0.43


Mean: 0.43

Standard deviation: 0.00
2 22 8 19 27 25 24 15 1 10 13 5 12 18 4 28 26 14 16 11 3 7 23 6 30 21 17 20 29 31 9 
Fitness: 0.43


Mean: 0.43

Standard deviation: 0.00
2 22 8 19 27 25 24 15 1 10 13 5 12 18 4 28 26 14 16 11 3 7 23 6 30 21 17 20 29 31 9 
Fitness: 0.43


Mean: 0.43

Standard deviation: 0.00
2 22 8 19 27 25 24 15 1 10 13 5 12 18 4 28 26 14 16 11 3 7 23 6 30 21 17 20 29 31 9 
Fitness: 0.43


Mean: 0.43

Standard deviation: 0.00
2 22 8 19 27 25 24 15 1 10 13 5 12 18 4 28 26 14 16 11 3 7 23 6 30 21 17 20 29 31 9 
Fitness: 0.43


Mean: 0.43

Standard deviation: 0.00
2 22 8 19 27 25 24 15 1 10 13 5 12 18 4 28 26 14 16 11 3 7 23 6 30 21 17 20 29 31 9 
Fitness: 0.43


Mean: 0.43

Standard deviation: 0.00
2 22 8 19 27 25 24 15 1 10 13 5 12 18 4 28 26 14 16 11 3 7 23 6 30 21 17 20 29 31 9 
Fitness: 0.43


Mean: 0.43

Standard deviation: 0.00
2 22 8 19 27 25 24 15 1 10 13 5 12 18 4 28 26 14 16 11 3 7 23 6 30 21 17 20 29 31 9 
Fitness: 0.43


Mean: 0.43

Standard deviation: 0.00
2 22 8 19 27 25 24 15 1 10 13 5 12 18 4 28 26 14 16 11 3 7 23 6 30 21 17 20 29 31 9 
Fitness: 0.43


Mean: 0.43

Standard deviation: 0.00
2 22 8 19 27 25 24 15 1 10 13 5 12 18 4 28 26 14 16 11 3 7 23 6 30 21 17 20 29 31 9 
Fitness: 0.43


Mean: 0.43

Standard deviation: 0.00
2 22 8 19 27 25 24 15 1 10 13 5 12 18 4 28 26 14 16 11 3 7 23 6 30 21 17 20 29 31 9 
Fitness: 0.43


Mean: 0.43

Standard deviation: 0.00
2 22 8 19 27 25 24 15 1 10 13 5 12 18 4 28 26 14 16 11 3 7 23 6 30 21 17 20 29 31 9 
Fitness: 0.43


Mean: 0.43

Standard deviation: 0.00
2 22 8 19 27 25 24 15 1 10 13 5 12 18 4 28 26 14 16 11 3 7 23 6 30 21 17 20 29 31 9 
Fitness: 0.43


Mean: 0.43

Standard deviation: 0.00
2 22 8 19 27 25 24 15 1 10 13 5 12 18 4 28 26 14 16 11 3 7 23 6 30 21 17 20 29 31 9 
Fitness: 0.43


Mean: 0.43

Standard deviation: 0.00
2 22 8 19 27 25 24 15 1 10 13 5 12 18 4 28 26 14 16 11 3 7 23 6 30 21 17 20 29 31 9 
Fitness: 0.43


Mean: 0.43

Standard deviation: 0.00
2 22 8 19 27 25 24 15 1 10 13 5 12 18 4 28 26 14 16 11 3 7 23 6 30 21 17 20 29 31 9 
Fitness: 0.43


Mean: 0.43

Standard deviation: 0.00
2 22 8 19 27 25 24 15 1 10 13 5 12 18 4 28 26 14 16 11 3 7 23 6 30 21 17 20 29 31 9 
Fitness: 0.43


Mean: 0.43

Standard deviation: 0.00
2 22 8 19 27 25 24 15 1 10 13 5 12 18 4 28 26 14 16 11 3 7 23 6 30 21 17 20 29 31 9 
Fitness: 0.43


Mean: 0.43

Standard deviation: 0.00
2 22 8 19 27 25 24 15 1 10 13 5 12 18 4 28 26 14 16 11 3 7 23 6 30 21 17 20 29 31 9 
Fitness: 0.43


Mean: 0.43

Standard deviation: 0.00
2 22 8 19 27 25 24 15 1 10 13 5 12 18 4 28 26 14 16 11 3 7 23 6 30 21 17 20 29 31 9 
Fitness: 0.43


Mean: 0.43

Standard deviation: 0.00
2 22 8 19 27 25 24 15 1 10 13 5 12 18 4 28 26 14 16 11 3 7 23 6 30 21 17 20 29 31 9 
Fitness: 0.43


Mean: 0.43

Standard deviation: 0.00
2 22 8 19 27 25 24 15 1 10 13 5 12 18 4 28 26 14 16 11 3 7 23 6 30 21 17 20 29 31 9 
Fitness: 0.43


Mean: 0.43

Standard deviation: 0.00
2 22 8 19 27 25 24 15 1 10 13 5 12 18 4 28 26 14 16 11 3 7 23 6 30 21 17 20 29 31 9 
Fitness: 0.43


Mean: 0.43

Standard deviation: 0.00
2 22 8 19 27 25 24 15 1 10 13 5 12 18 4 28 26 14 16 11 3 7 23 6 30 21 17 20 29 31 9 
Fitness: 0.43


Mean: 0.43

Standard deviation: 0.00
2 22 8 19 27 25 24 15 1 10 13 5 12 18 4 28 26 14 16 11 3 7 23 6 30 21 17 20 29 31 9 
Fitness: 0.43


Mean: 0.43

Standard deviation: 0.00
2 22 8 19 27 25 24 15 1 10 13 5 12 18 4 28 26 14 16 11 3 7 23 6 30 21 17 20 29 31 9 
Fitness: 0.43


Mean: 0.43

Standard deviation: 0.00
2 22 8 19 27 25 24 15 1 10 13 5 12 18 4 28 26 14 16 11 3 7 23 6 30 21 17 20 29 31 9 
Fitness: 0.43


Mean: 0.43

Standard deviation: 0.00
2 22 8 19 27 25 24 15 1 10 13 5 12 18 4 28 26 14 16 11 3 7 23 6 30 21 17 20 29 31 9 
Fitness: 0.43


Mean: 0.43

Standard deviation: 0.00
2 22 8 19 27 25 24 15 1 10 13 5 12 18 4 28 26 14 16 11 3 7 23 6 30 21 17 20 29 31 9 
Fitness: 0.43


Mean: 0.43

Standard deviation: 0.00
2 22 8 19 27 25 24 15 1 10 13 5 12 18 4 28 26 14 16 11 3 7 23 6 30 21 17 20 29 31 9 
Fitness: 0.43


Mean: 0.43

Standard deviation: 0.00
2 22 8 19 27 25 24 15 1 10 13 5 12 18 4 28 26 14 16 11 3 7 23 6 30 21 17 20 29 31 9 
Fitness: 0.43


Mean: 0.43

Standard deviation: 0.00
2 22 8 19 27 25 24 15 1 10 13 5 12 18 4 28 26 14 16 11 3 7 23 6 30 21 17 20 29 31 9 
Fitness: 0.43


Mean: 0.43

Standard deviation: 0.00
2 22 8 19 27 25 24 15 1 10 13 5 12 18 4 28 26 14 16 11 3 7 23 6 30 21 17 20 29 31 9 
Fitness: 0.43


Mean: 0.43

Standard deviation: 0.00
2 22 8 19 27 25 24 15 1 10 13 5 12 18 4 28 26 14 16 11 3 7 23 6 30 21 17 20 29 31 9 
Fitness: 0.43


Mean: 0.43

Standard deviation: 0.00
2 22 8 19 27 25 24 15 1 10 13 5 12 18 4 28 26 14 16 11 3 7 23 6 30 21 17 20 29 31 9 
Fitness: 0.43


Mean: 0.43

Standard deviation: 0.00
2 22 8 19 27 25 24 15 1 10 13 5 12 18 4 28 26 14 16 11 3 7 23 6 30 21 17 20 29 31 9 
Fitness: 0.43


Mean: 0.43

Standard deviation: 0.00
2 22 8 19 27 25 24 15 1 10 13 5 12 18 4 28 26 14 16 11 3 7 23 6 30 21 17 20 29 31 9 
Fitness: 0.43


Mean: 0.43

Standard deviation: 0.00
2 22 8 19 27 25 24 15 1 10 13 5 12 18 4 28 26 14 16 11 3 7 23 6 30 21 17 20 29 31 9 
Fitness: 0.43


Mean: 0.43

Standard deviation: 0.00
2 22 8 19 27 25 24 15 1 10 13 5 12 18 4 28 26 14 16 11 3 7 23 6 30 21 17 20 29 31 9 
Fitness: 0.43


Mean: 0.43

Standard deviation: 0.00
2 22 8 19 27 25 24 15 1 10 13 5 12 18 4 28 26 14 16 11 3 7 23 6 30 21 17 20 29 31 9 
Fitness: 0.43


Mean: 0.43

Standard deviation: 0.00
2 22 8 19 27 25 24 15 1 10 13 5 12 18 4 28 26 14 16 11 3 7 23 6 30 21 17 20 29 31 9 
Fitness: 0.43


Mean: 0.43

Standard deviation: 0.00
2 22 8 19 27 25 24 15 1 10 13 5 12 18 4 28 26 14 16 11 3 7 23 6 30 21 17 20 29 31 9 
Fitness: 0.43


Mean: 0.43

Standard deviation: 0.00
2 22 8 19 27 25 24 15 1 10 13 5 12 18 4 28 26 14 16 11 3 7 23 6 30 21 17 20 29 31 9 
Fitness: 0.43


Mean: 0.43

Standard deviation: 0.00
2 22 8 19 27 25 24 15 1 10 13 5 12 18 4 28 26 14 16 11 3 7 23 6 30 21 17 20 29 31 9 
Fitness: 0.43


Mean: 0.43

Standard deviation: 0.00
2 22 8 19 27 25 24 15 1 10 13 5 12 18 4 28 26 14 16 11 3 7 23 6 30 21 17 20 29 31 9 
Fitness: 0.43


Mean: 0.43

Standard deviation: 0.00
2 22 8 19 27 25 24 15 1 10 13 5 12 18 4 28 26 14 16 11 3 7 23 6 30 21 17 20 29 31 9 
Fitness: 0.43


Mean: 0.43

Standard deviation: 0.00
2 22 8 19 27 25 24 15 1 10 13 5 12 18 4 28 26 14 16 11 3 7 23 6 30 21 17 20 29 31 9 
Fitness: 0.43


Mean: 0.43

Standard deviation: 0.00
2 22 8 19 27 25 24 15 1 10 13 5 12 18 4 28 26 14 16 11 3 7 23 6 30 21 17 20 29 31 9 
Fitness: 0.43


Mean: 0.43

Standard deviation: 0.00
2 22 8 19 27 25 24 15 1 10 13 5 12 18 4 28 26 14 16 11 3 7 23 6 30 21 17 20 29 31 9 
Fitness: 0.43


Mean: 0.43

Standard deviation: 0.00
2 22 8 19 27 25 24 15 1 10 13 5 12 18 4 28 26 14 16 11 3 7 23 6 30 21 17 20 29 31 9 
Fitness: 0.43


Mean: 0.43

Standard deviation: 0.00
2 22 8 19 27 25 24 15 1 10 13 5 12 18 4 28 26 14 16 11 3 7 23 6 30 21 17 20 29 31 9 
Fitness: 0.43


Mean: 0.43

Standard deviation: 0.00
2 22 8 19 27 25 24 15 1 10 13 5 12 18 4 28 26 14 16 11 3 7 23 6 30 21 17 20 29 31 9 
Fitness: 0.43


Mean: 0.43

Standard deviation: 0.00
2 22 8 19 27 25 24 15 1 10 13 5 12 18 4 28 26 14 16 11 3 7 23 6 30 21 17 20 29 31 9 
Fitness: 0.43


Mean: 0.43

Standard deviation: 0.00
2 22 8 19 27 25 24 15 1 10 13 5 12 18 4 28 26 14 16 11 3 7 23 6 30 21 17 20 29 31 9 
Fitness: 0.43


Mean: 0.43

Standard deviation: 0.00
2 22 8 19 27 25 24 15 1 10 13 5 12 18 4 28 26 14 16 11 3 7 23 6 30 21 17 20 29 31 9 
Fitness: 0.43


Mean: 0.43

Standard deviation: 0.00
2 22 8 19 27 25 24 15 1 10 13 5 12 18 4 28 26 14 16 11 3 7 23 6 30 21 17 20 29 31 9 
Fitness: 0.43


Mean: 0.43

Standard deviation: 0.00
2 22 8 19 27 25 24 15 1 10 13 5 12 18 4 28 26 14 16 11 3 7 23 6 30 21 17 20 29 31 9 
Fitness: 0.43


Mean: 0.43

Standard deviation: 0.00
2 22 8 19 27 25 24 15 1 10 13 5 12 18 4 28 26 14 16 11 3 7 23 6 30 21 17 20 29 31 9 
Fitness: 0.43


Mean: 0.43

Standard deviation: 0.00
2 22 8 19 27 25 24 15 1 10 13 5 12 18 4 28 26 14 16 11 3 7 23 6 30 21 17 20 29 31 9 
Fitness: 0.43


Mean: 0.43

Standard deviation: 0.00
2 22 8 19 27 25 24 15 1 10 13 5 12 18 4 28 26 14 16 11 3 7 23 6 30 21 17 20 29 31 9 
Fitness: 0.43


Mean: 0.43

Standard deviation: 0.00
2 22 8 19 27 25 24 15 1 10 13 5 12 18 4 28 26 14 16 11 3 7 23 6 30 21 17 20 29 31 9 
Fitness: 0.43


Mean: 0.43

Standard deviation: 0.00
2 22 8 19 27 25 24 15 1 10 13 5 12 18 4 28 26 14 16 11 3 7 23 6 30 21 17 20 29 31 9 
Fitness: 0.43


Mean: 0.43

Standard deviation: 0.00
2 22 8 19 27 25 24 15 1 10 13 5 12 18 4 28 26 14 16 11 3 7 23 6 30 21 17 20 29 31 9 
Fitness: 0.43


Mean: 0.43

Standard deviation: 0.00
2 22 8 19 27 25 24 15 1 10 13 5 12 18 4 28 26 14 16 11 3 7 23 6 30 21 17 20 29 31 9 
Fitness: 0.43


Mean: 0.43

Standard deviation: 0.00
2 22 8 19 27 25 24 15 1 10 13 5 12 18 4 28 26 14 16 11 3 7 23 6 30 21 17 20 29 31 9 
Fitness: 0.43


Mean: 0.43

Standard deviation: 0.00
2 22 8 19 27 25 24 15 1 10 13 5 12 18 4 28 26 14 16 11 3 7 23 6 30 21 17 20 29 31 9 
Fitness: 0.43


Mean: 0.43

Standard deviation: 0.00
