573.41 617.81 6094.42 0.27 
670.20 634.52 7088.90 0.56 
659.79 676.46 6249.11 0.32 
667.84 784.75 5754.22 0.36 
986.77 559.36 6325.83 0.46 
646.14 621.87 7813.52 0.26 
644.28 746.26 5819.30 0.31 
647.12 782.19 6933.40 0.45 
575.88 774.71 5610.65 0.43 
612.22 1178.97 6438.21 0.32 
658.90 864.13 6423.06 0.13 
808.20 682.23 6245.58 0.30 
634.74 715.41 6626.45 0.34 
634.27 562.92 7521.09 0.24 
564.49 825.61 6091.84 0.49 
700.45 726.99 6853.25 0.29 
900.44 912.23 5545.00 0.37 
641.09 699.13 7539.94 0.47 
1008.45 566.62 7404.84 0.51 
584.83 623.75 7432.63 0.47 
1017.40 975.45 7818.94 0.33 
1177.83 960.71 6671.87 0.49 
630.92 893.82 6879.64 0.35 
741.88 567.42 6677.04 0.56 
738.03 687.35 7699.91 0.29 
573.34 879.16 5719.12 0.50 
707.10 595.38 6865.27 0.33 
630.82 690.93 6480.31 0.27 
645.54 701.70 6326.36 0.25 
559.21 855.32 5987.85 0.44 
780.43 763.95 7033.94 0.46 
762.60 954.22 6471.80 0.43 
765.62 707.88 6101.56 0.27 
547.32 795.29 6617.81 0.45 
787.92 695.05 5767.41 0.40 
693.52 736.51 6709.21 0.42 
712.20 581.94 7708.70 0.45 
591.65 541.66 6167.02 0.25 
766.16 557.77 6430.75 0.26 
852.82 589.19 7162.77 0.46 
798.52 752.87 6551.52 0.39 
626.48 864.35 5913.80 0.43 
782.44 977.58 6562.15 0.45 
688.10 668.63 7336.96 0.43 
546.15 653.07 5913.92 0.37 
816.56 799.92 6900.58 0.50 
901.72 572.00 6037.56 0.25 
627.20 697.49 6954.09 0.38 
544.77 568.23 5823.01 0.46 
640.11 664.12 5605.01 0.41 
894.07 1014.72 6753.26 0.45 
755.88 679.00 6143.09 0.36 
563.43 893.29 6387.24 0.26 
562.12 669.16 7749.28 0.45 
659.83 617.81 6974.06 0.42 
552.08 584.41 7496.30 0.29 
574.39 890.43 6847.79 0.47 
775.02 727.05 7800.47 0.33 
568.69 591.33 7413.74 0.30 
552.33 604.76 6547.62 0.39 
567.90 551.26 6739.77 0.28 
558.10 639.70 5258.79 0.43 
579.08 671.76 6879.84 0.28 
727.53 559.94 7204.36 0.34 
605.03 640.31 5882.74 0.32 
621.67 633.29 6801.46 0.39 
793.06 562.13 7971.81 0.25 
753.32 560.79 7131.53 0.45 
597.74 654.40 7769.37 0.38 
640.37 613.08 6677.45 0.56 
541.87 756.58 6103.30 0.29 
803.46 599.70 6309.18 0.40 
718.76 553.11 6928.96 0.34 
560.00 601.45 5323.10 0.49 
1062.27 681.14 6578.92 0.26 
603.81 897.36 5703.82 0.35 
603.35 633.27 6089.05 0.44 
544.44 753.25 7124.35 0.46 
805.78 696.74 7818.79 0.54 
674.74 780.69 5401.00 0.29 
611.58 708.06 6333.49 0.43 
74 60 69 50 18 13 36 44 24 37 68 39 72 35 52 48 81 8 42 76 26 30 57 66 2 70 77 9 15 34 71 78 4 80 31 29 62 54 45 63 65 20 59 49 38 14 55 3 28 7 16 25 79 12 67 40 19 5 47 33 58 41 46 17 43 32 1 61 56 73 64 27 6 23 53 10 51 21 75 22 11 
Best fitness: 2.07
49 65 36 41 79 52 18 81 9 34 62 60 74 59 1 45 54 26 42 31 40 5 22 21 51 43 32 35 48 3 50 70 2 72 12 33 7 8 23 30 15 4 80 29 13 55 6 69 20 77 66 27 64 73 39 68 24 37 44 16 46 17 76 57 53 78 56 61 38 63 71 28 25 14 67 47 19 75 58 10 11 
Worst fitness: 2.59

Mean: 2.29

Standard deviation: 0.01
