556.56 588.57 4021.32 0.37 
583.83 556.66 3892.26 0.27 
559.82 749.52 3565.46 0.40 
695.48 661.91 5260.51 0.44 
801.35 842.71 4701.14 0.31 
861.26 673.91 3598.83 0.35 
575.10 957.17 3824.50 0.35 
747.79 841.68 3376.28 0.21 
669.93 806.83 3685.86 0.43 
657.34 601.27 3910.06 0.39 
673.56 541.64 3414.63 0.30 
587.39 564.79 4581.36 0.48 
577.72 563.47 3410.86 0.08 
879.96 855.61 3516.84 0.33 
770.66 816.21 4794.12 0.53 
791.57 888.88 4443.05 0.32 
767.63 676.41 2700.75 0.19 
934.72 681.25 4061.86 0.31 
855.00 969.26 3979.45 0.26 
916.31 547.64 3973.30 0.41 
764.84 1434.27 4258.85 0.51 
714.63 541.71 3014.09 0.27 
783.87 1026.43 5200.38 0.54 
647.50 585.70 4452.81 0.34 
611.28 961.67 4117.83 0.45 
1064.82 877.66 3623.08 0.48 
703.40 729.98 4461.85 0.31 
851.55 695.03 4434.45 0.29 
750.04 846.17 4327.98 0.43 
808.15 573.17 3558.94 0.32 
735.88 706.31 3538.98 0.33 
