548.05 632.01 4441.45 0.37 
637.88 756.52 4381.48 0.21 
615.26 703.97 4706.49 0.33 
705.96 847.71 4910.54 0.26 
709.34 877.88 4353.90 0.62 
646.18 918.62 4065.12 0.60 
685.84 892.88 4698.20 0.24 
736.57 583.84 3055.89 0.37 
830.26 726.13 4838.24 0.45 
896.04 676.82 2809.17 0.36 
851.45 568.12 4290.47 0.27 
845.35 895.57 4587.64 0.52 
758.67 822.14 5011.99 0.35 
722.20 745.40 4347.44 0.34 
703.22 655.95 4063.94 0.43 
603.31 586.50 2798.62 0.41 
680.65 1070.29 3847.75 0.44 
739.75 794.75 2988.42 0.53 
653.60 593.42 3515.24 0.19 
584.22 691.60 3074.46 0.43 
752.36 602.86 4260.84 0.31 
