742.27 853.37 3926.20 0.36 
689.95 549.16 2996.89 0.46 
1065.36 749.21 3787.02 0.42 
671.64 790.06 4284.47 0.36 
637.82 548.98 4170.54 0.41 
649.73 879.46 3219.57 0.49 
625.13 819.26 4056.80 0.39 
545.36 903.07 4667.46 0.39 
740.52 685.93 4503.68 0.56 
766.09 610.48 3970.62 0.40 
704.20 556.21 4448.01 0.43 
561.75 580.93 4060.72 0.41 
605.11 581.49 4396.42 0.19 
593.35 566.84 3356.75 0.37 
572.51 931.38 3417.67 0.41 
632.03 642.47 5325.98 0.30 
559.63 685.67 2634.23 0.20 
560.13 934.07 3950.92 0.47 
826.14 942.66 4412.79 0.25 
853.38 726.89 3554.15 0.46 
713.07 671.39 4524.41 0.47 
794.34 686.89 4379.11 0.35 
687.81 1063.06 4096.67 0.36 
685.00 858.11 4173.98 0.37 
601.32 893.80 4024.46 0.38 
553.69 757.80 3827.96 0.52 
628.56 674.36 4601.96 0.65 
613.84 641.24 3752.51 0.44 
611.22 740.03 2350.01 0.42 
710.65 775.31 3665.44 0.52 
654.88 619.48 3416.25 0.30 
655.67 898.77 3922.80 0.58 
667.95 657.71 3345.04 0.46 
709.85 898.77 3817.57 0.58 
620.85 581.91 3412.67 0.39 
765.09 1161.32 4645.02 0.27 
747.07 676.89 4204.59 0.48 
1023.90 730.72 4248.44 0.52 
546.65 646.90 3324.02 0.39 
856.82 617.61 4734.91 0.56 
691.91 561.00 4353.70 0.48 
736.06 677.84 3301.05 0.36 
743.33 761.35 3262.72 0.33 
690.78 694.90 3711.74 0.44 
629.82 714.83 3348.65 0.33 
984.61 672.39 4729.40 0.62 
626.44 654.52 2056.01 0.54 
883.57 543.20 4333.57 0.39 
717.73 548.48 4456.47 0.32 
656.80 749.87 3362.82 0.40 
945.41 903.86 4019.50 0.37 
630.47 962.94 4902.53 0.31 
637.41 603.92 3252.89 0.48 
558.30 550.43 4114.89 0.65 
753.73 749.58 3379.43 0.36 
551.34 885.98 3506.15 0.29 
895.71 540.68 2864.96 0.33 
670.66 732.49 3439.90 0.34 
733.87 813.42 3233.85 0.43 
559.04 688.12 3993.11 0.52 
742.88 543.49 3892.21 0.36 
599.04 569.45 3027.10 0.35 
737.54 731.19 4265.77 0.45 
858.33 844.89 3292.46 0.35 
624.90 816.33 2684.61 0.36 
543.99 621.28 4826.21 0.35 
626.40 675.18 4230.09 0.40 
859.47 900.67 4296.17 0.44 
1253.73 1075.71 3814.28 0.48 
611.79 649.58 3776.11 0.51 
696.66 956.51 2925.10 0.42 
854.01 1136.02 3407.21 0.47 
546.30 990.58 3825.32 0.52 
1007.19 969.17 3083.43 0.23 
909.26 606.92 4021.81 0.19 
565.18 684.27 3716.65 0.38 
746.57 740.22 4223.68 0.47 
553.38 601.95 3158.41 0.38 
552.78 733.62 3710.38 0.45 
806.83 832.37 3116.15 0.50 
872.83 563.18 3119.59 0.29 
