698.14 602.27 4068.75 0.39 
636.76 607.30 4271.41 0.51 
921.74 851.72 4811.76 0.45 
686.99 749.81 4241.31 0.37 
590.11 614.80 3819.10 0.54 
863.16 861.13 3490.27 0.36 
1118.87 563.66 3345.70 0.35 
598.36 653.22 3313.16 0.69 
675.55 560.39 3065.76 0.65 
709.08 546.31 4371.03 0.40 
672.02 632.35 4407.28 0.34 
940.75 1106.10 2761.42 0.56 
640.92 785.84 3815.44 0.51 
1261.07 738.36 4222.60 0.42 
583.96 659.60 4687.36 0.42 
738.64 557.31 5547.04 0.41 
1089.01 703.10 3591.75 0.52 
623.60 557.73 1873.66 0.41 
638.07 556.94 3854.11 0.41 
587.69 836.35 4180.26 0.19 
698.69 737.32 3440.13 0.44 
735.43 572.34 3406.98 0.52 
679.44 958.10 5031.74 0.38 
734.46 598.65 4448.17 0.48 
583.24 948.34 3656.97 0.38 
581.82 644.96 5817.57 0.42 
858.38 700.44 4745.56 0.42 
1037.14 688.15 4572.58 0.36 
998.82 563.00 4496.98 0.42 
643.06 698.55 3499.88 0.53 
651.66 633.05 3867.47 0.34 
551.42 709.44 4052.63 0.41 
847.16 685.53 2967.41 0.30 
583.84 581.16 4300.10 0.29 
707.24 615.56 4046.03 0.31 
753.23 605.99 5087.84 0.47 
597.50 660.00 4154.10 0.46 
678.89 673.61 4416.38 0.24 
586.48 647.93 3281.77 0.47 
862.63 795.33 3350.15 0.28 
567.09 686.38 3714.27 0.43 
730.65 571.47 3528.83 0.44 
799.42 596.26 4566.04 0.43 
769.22 824.05 3673.27 0.39 
656.44 854.75 5746.91 0.39 
637.59 909.68 4052.70 0.44 
804.65 604.75 3651.26 0.57 
735.62 686.96 2983.79 0.44 
651.19 558.89 3187.54 0.68 
590.43 609.55 5021.75 0.10 
576.51 604.66 3624.34 0.25 
809.49 678.40 3336.58 0.46 
649.89 821.31 3855.65 0.39 
891.65 789.38 3107.00 0.26 
551.34 894.48 3105.42 0.30 
634.30 974.80 4304.95 0.41 
641.00 551.72 3619.56 0.43 
580.55 587.00 3330.63 0.54 
648.46 564.61 4405.96 0.35 
594.02 693.70 3300.07 0.45 
739.50 768.54 3742.03 0.34 
870.52 869.41 5408.33 0.34 
746.59 617.80 4763.10 0.47 
838.79 764.75 3401.39 0.34 
720.46 901.60 3994.09 0.34 
848.53 774.41 4472.02 0.40 
638.33 571.41 4847.34 0.30 
637.65 611.95 3984.75 0.21 
710.20 761.68 4312.06 0.41 
629.00 580.58 4015.92 0.45 
574.61 909.76 3921.37 0.51 
819.37 554.27 3655.18 0.22 
602.78 569.80 4870.78 0.41 
601.52 1032.89 3004.25 0.34 
851.33 651.46 4229.59 0.49 
671.93 742.41 4194.61 0.49 
876.93 967.92 4908.22 0.59 
697.56 656.48 4157.37 0.45 
944.26 591.89 4284.95 0.37 
764.08 747.72 4896.97 0.27 
929.89 713.24 3569.05 0.30 
1032.56 588.47 3807.66 0.61 
668.28 775.57 3048.19 0.37 
730.19 723.62 4859.05 0.28 
734.63 700.49 4525.94 0.22 
965.99 608.10 4242.28 0.20 
638.37 658.98 5042.46 0.27 
733.88 710.87 4541.87 0.36 
743.19 570.99 3942.71 0.16 
805.19 717.08 3725.09 0.28 
541.10 620.28 2751.02 0.38 
