1026.31 1008.17 4778.81 0.29 
583.55 837.98 4128.19 0.31 
692.88 1129.16 3953.45 0.39 
603.84 783.99 4184.55 0.34 
754.90 1021.62 2826.96 0.30 
735.68 753.57 3697.45 0.31 
856.66 619.90 5148.83 0.42 
704.11 842.55 4779.65 0.49 
871.99 923.28 4914.27 0.44 
936.33 729.47 4755.31 0.37 
573.21 743.19 4399.58 0.58 
836.83 1152.11 4253.36 0.34 
613.19 552.58 4282.69 0.29 
772.80 552.86 3622.80 0.59 
575.86 938.22 3762.17 0.42 
577.66 861.10 4488.65 0.28 
718.81 683.58 3280.42 0.48 
566.24 689.55 4318.03 0.39 
802.69 595.85 3334.63 0.17 
798.58 634.91 3512.50 0.53 
668.27 604.21 3661.60 0.36 
879.92 887.88 5148.00 0.41 
699.52 972.60 3542.41 0.38 
751.47 618.31 3706.09 0.44 
877.74 591.69 3499.48 0.44 
782.90 594.25 5631.83 0.31 
903.64 689.80 4597.76 0.51 
768.36 851.21 5183.45 0.35 
810.42 692.16 2670.13 0.31 
576.93 566.68 4291.97 0.41 
586.38 618.35 3185.97 0.45 
860.79 545.42 4516.90 0.35 
832.06 577.21 2928.75 0.53 
839.21 660.94 4752.98 0.22 
713.51 835.41 4119.76 0.36 
546.42 1066.05 3670.41 0.34 
599.12 781.46 4603.06 0.46 
646.94 678.91 2680.37 0.43 
785.65 564.97 4969.09 0.37 
762.60 599.75 3889.95 0.36 
678.73 678.90 3397.22 0.44 
