576.62 888.93 3701.67 0.39 
676.01 1105.44 4477.15 0.36 
822.66 1058.05 3741.84 0.35 
1098.82 672.07 4330.36 0.29 
622.72 747.23 2411.43 0.45 
1126.46 1125.78 4062.37 0.53 
623.11 937.43 2971.24 0.34 
551.71 620.55 4137.99 0.41 
543.65 544.63 4271.21 0.39 
673.80 898.00 3887.09 0.53 
543.61 752.14 3512.02 0.40 
698.58 620.36 4488.38 0.21 
541.99 826.86 3239.98 0.54 
586.65 954.74 3836.75 0.29 
635.71 983.21 3235.82 0.62 
727.76 594.40 4608.85 0.57 
900.12 746.38 3864.35 0.42 
676.82 918.30 5468.86 0.45 
596.67 541.74 4176.30 0.33 
773.12 770.07 3883.14 0.30 
657.49 557.45 4033.92 0.33 
730.97 807.64 3316.73 0.30 
619.18 794.36 3350.26 0.38 
600.05 881.17 3904.66 0.41 
961.26 780.32 3375.40 0.43 
552.62 637.60 4553.36 0.27 
561.99 729.25 4491.08 0.52 
546.10 854.56 2612.86 0.43 
577.47 798.98 4393.04 0.24 
876.03 805.15 3897.09 0.35 
720.75 685.16 2602.66 0.46 
567.35 661.37 4532.31 0.23 
832.91 789.35 3642.51 0.61 
774.09 730.98 4768.17 0.14 
788.00 557.82 4115.49 0.48 
592.76 770.47 4360.88 0.39 
684.35 836.94 3892.72 0.42 
660.96 920.45 4554.54 0.38 
995.47 783.60 4347.35 0.39 
789.39 638.92 3991.07 0.38 
590.22 645.07 4059.40 0.25 
726.33 664.56 4071.35 0.48 
716.55 633.11 3565.25 0.44 
704.53 1131.74 3971.62 0.49 
595.47 978.25 4216.49 0.41 
557.41 763.62 4932.24 0.24 
596.28 569.69 4201.47 0.40 
889.84 682.79 4896.69 0.22 
703.10 629.40 5360.85 0.40 
830.49 956.25 4390.81 0.35 
869.09 819.35 3444.76 0.45 
657.69 601.33 4191.20 0.33 
542.40 850.34 3177.90 0.43 
609.50 712.19 4099.16 0.42 
807.74 824.16 4719.38 0.44 
759.73 594.33 4160.31 0.45 
873.13 974.69 4088.66 0.34 
893.19 547.03 3172.46 0.33 
604.15 726.60 4951.46 0.53 
772.03 1236.29 4477.10 0.41 
548.96 974.62 4216.54 0.36 
759.76 558.96 3910.04 0.39 
838.67 633.33 3408.07 0.53 
1176.04 877.69 3290.89 0.17 
852.88 898.60 4098.47 0.34 
1293.67 760.80 3894.81 0.40 
767.75 676.41 2997.47 0.47 
725.31 728.24 3953.36 0.31 
823.54 669.53 4400.59 0.45 
543.41 585.44 3813.17 0.43 
693.83 569.99 4104.37 0.26 
