728.97 547.73 2784.60 0.42 
657.85 810.20 3545.73 0.43 
540.56 571.95 3054.18 0.47 
853.78 612.20 3263.62 0.40 
605.72 548.89 3336.84 0.28 
554.56 837.92 3783.77 0.37 
746.78 593.25 4857.48 0.39 
817.08 990.81 4826.87 0.35 
662.31 798.54 4193.31 0.36 
757.32 566.59 3953.69 0.27 
541.36 696.59 3081.66 0.44 
866.58 670.40 3488.82 0.50 
638.90 804.49 3953.33 0.38 
722.72 545.80 3692.78 0.28 
986.86 616.37 4487.32 0.56 
611.38 669.63 3364.90 0.47 
937.08 631.83 3260.66 0.27 
819.17 571.50 2896.67 0.28 
572.79 704.39 3895.75 0.47 
707.25 629.40 4129.64 0.40 
880.31 585.38 3591.54 0.45 
792.85 615.35 4251.10 0.38 
738.76 764.85 4006.07 0.31 
630.89 601.96 4775.69 0.36 
693.81 550.13 4336.37 0.53 
612.68 590.05 3019.88 0.38 
758.73 541.07 3935.73 0.38 
547.65 554.50 3672.36 0.38 
565.36 617.52 3840.04 0.51 
555.23 722.98 6048.86 0.28 
621.68 937.71 2943.68 0.59 
675.56 754.38 3340.24 0.40 
581.42 631.31 5021.69 0.34 
945.28 579.48 4821.53 0.15 
639.48 584.14 3618.80 0.60 
629.20 560.81 5289.15 0.40 
728.66 747.86 4573.00 0.52 
858.33 799.65 3953.31 0.20 
636.38 784.45 4687.08 0.46 
932.59 639.16 4363.37 0.37 
938.00 680.00 4343.44 0.47 
1289.43 673.76 4911.78 0.47 
909.54 701.74 4160.15 0.42 
717.96 781.48 5167.17 0.17 
1151.64 669.33 3740.01 0.43 
557.40 876.97 4068.60 0.38 
753.82 664.50 4171.02 0.34 
567.68 560.65 3965.42 0.51 
826.68 745.43 4362.36 0.21 
559.21 770.16 4725.41 0.53 
1034.88 617.16 3750.20 0.33 
772.32 658.16 2794.47 0.50 
728.89 742.96 3243.59 0.16 
644.72 1453.03 4731.58 0.54 
712.77 753.21 3488.85 0.36 
952.40 580.26 3765.47 0.39 
628.09 708.87 4437.11 0.12 
578.46 694.43 5435.44 0.50 
725.46 622.37 3708.34 0.37 
803.86 648.79 4655.45 0.53 
659.11 560.87 3474.95 0.41 
604.57 766.77 2787.80 0.33 
584.69 1284.89 3047.83 0.45 
822.90 686.97 3892.78 0.53 
843.25 642.98 3954.27 0.38 
603.01 577.35 4503.77 0.26 
592.35 836.87 3794.40 0.53 
594.52 803.78 3560.42 0.42 
755.15 683.05 3834.94 0.45 
729.72 553.93 4271.29 0.42 
682.18 600.27 3337.54 0.47 
566.88 841.73 3390.17 0.52 
619.28 731.40 4517.76 0.41 
659.41 850.85 3973.75 0.29 
654.78 586.20 3401.25 0.51 
999.49 847.24 4673.88 0.43 
782.58 694.74 3353.73 0.29 
850.36 684.28 3951.35 0.42 
684.83 890.32 4221.56 0.31 
662.04 1016.99 4240.21 0.35 
824.42 900.87 3774.27 0.50 
592.72 575.62 3834.82 0.46 
572.42 562.90 4214.78 0.41 
544.45 627.21 5541.35 0.37 
956.19 1216.96 4575.29 0.40 
635.46 605.08 3751.47 0.27 
602.96 985.61 3229.59 0.40 
634.32 932.10 4249.79 0.12 
804.44 886.83 4217.44 0.25 
895.18 754.38 3977.84 0.44 
686.56 740.44 3693.90 0.32 
967.26 819.86 3073.98 0.43 
707.74 840.64 3614.40 0.44 
661.87 709.28 3947.58 0.42 
656.40 544.34 2640.63 0.29 
548.53 927.38 5091.79 0.38 
711.75 1025.64 3453.24 0.35 
1219.29 721.02 3594.84 0.44 
874.90 663.36 4001.24 0.52 
808.77 1105.53 3477.75 0.36 
845.96 815.68 4723.09 0.44 
675.31 572.09 3552.13 0.42 
653.07 681.02 4440.00 0.48 
596.43 859.48 3803.76 0.29 
737.85 680.53 3285.76 0.38 
586.57 789.32 3578.17 0.38 
748.64 627.50 4476.05 0.39 
623.95 641.98 3719.41 0.59 
594.59 699.62 4356.38 0.40 
588.43 635.39 5088.59 0.44 
1032.39 609.66 3184.32 0.42 
637.40 721.26 3996.58 0.51 
784.26 591.64 4457.88 0.42 
643.47 1050.98 4103.75 0.40 
675.34 745.36 4378.67 0.26 
918.43 660.50 5216.61 0.31 
595.39 883.17 4462.50 0.20 
606.25 747.99 4515.80 0.41 
822.92 582.97 4236.02 0.28 
603.43 670.68 4206.84 0.51 
930.68 853.41 4384.67 0.41 
634.58 759.73 4138.22 0.40 
574.95 1066.71 3933.59 0.12 
909.52 675.13 4091.23 0.57 
673.80 698.55 4216.43 0.50 
1073.71 1091.46 4161.37 0.26 
640.97 647.74 3805.99 0.34 
675.22 758.93 3694.96 0.47 
693.38 653.22 2357.31 0.36 
839.85 768.66 3742.40 0.46 
1035.89 572.23 4142.66 0.50 
1233.90 605.84 3310.99 0.47 
611.58 745.01 4110.84 0.52 
565.54 577.09 3969.52 0.52 
659.81 581.73 4077.76 0.55 
637.23 917.35 3900.17 0.30 
548.35 715.08 4146.26 0.31 
1107.51 556.45 4671.04 0.49 
705.71 765.15 4255.52 0.48 
831.34 573.30 5442.76 0.43 
908.91 866.05 4138.14 0.36 
561.81 703.34 4557.56 0.42 
727.34 872.13 3638.33 0.33 
656.09 865.81 4592.49 0.34 
613.73 726.96 3726.10 0.33 
549.82 599.71 3663.91 0.25 
817.75 636.08 4044.40 0.37 
731.57 636.64 3697.25 0.22 
648.45 561.43 4414.65 0.33 
833.79 558.05 4205.97 0.43 
572.45 625.96 1934.48 0.42 
