705.87 551.69 5259.29 0.44 
870.50 900.65 3732.01 0.12 
943.98 772.71 3924.92 0.34 
709.18 625.23 4371.81 0.43 
661.16 964.99 3218.99 0.43 
869.85 639.22 4047.55 0.35 
584.85 571.51 4175.95 0.42 
640.53 756.74 4935.22 0.19 
682.85 542.97 3497.27 0.42 
567.82 844.96 2689.12 0.45 
687.17 718.27 4635.03 0.41 
754.42 647.06 4059.85 0.47 
864.91 561.08 3963.31 0.55 
679.29 696.46 4283.13 0.38 
737.94 1027.85 3834.10 0.40 
1062.09 630.70 3990.00 0.25 
815.61 743.92 3675.35 0.34 
577.79 739.24 3901.57 0.34 
743.18 622.24 4943.24 0.32 
752.18 768.57 4371.20 0.31 
1012.38 1018.04 4229.93 0.21 
654.28 573.12 3633.59 0.38 
628.87 601.43 4556.65 0.61 
877.28 766.61 4064.85 0.26 
553.34 808.43 4316.03 0.18 
755.65 916.67 3693.21 0.36 
703.87 780.32 2759.25 0.34 
863.54 700.32 3310.59 0.32 
749.12 656.66 4213.92 0.17 
675.60 652.11 3763.19 0.52 
614.48 1043.70 3776.79 0.42 
763.10 889.46 4013.04 0.50 
907.50 831.85 4101.64 0.19 
761.62 652.23 4252.42 0.32 
756.19 836.96 3636.54 0.61 
676.47 703.72 3675.50 0.38 
739.72 655.10 4444.40 0.40 
1044.12 578.10 4609.92 0.48 
872.84 600.60 3497.37 0.30 
719.03 607.05 4763.08 0.43 
788.16 773.85 4651.05 0.38 
690.76 779.76 3639.75 0.19 
861.99 781.99 5184.83 0.45 
675.32 680.17 3045.96 0.36 
783.30 579.59 2373.62 0.33 
1265.21 684.85 4163.59 0.55 
741.08 1134.34 3938.92 0.20 
565.74 722.62 3959.84 0.49 
714.92 565.89 4040.27 0.40 
552.82 678.16 4223.03 0.45 
615.01 764.71 3104.21 0.52 
579.19 702.70 3799.06 0.62 
653.26 636.19 4256.11 0.46 
595.58 882.23 4642.93 0.40 
731.87 564.63 5211.17 0.32 
929.00 740.83 3791.62 0.42 
724.33 793.23 4829.34 0.25 
702.21 887.25 4242.01 0.33 
796.14 544.49 3631.59 0.41 
596.71 606.95 4345.59 0.49 
680.11 1136.71 3064.30 0.34 
626.12 858.03 4567.91 0.46 
856.25 608.82 3359.91 0.42 
774.87 885.10 4327.06 0.55 
636.54 654.15 3782.00 0.52 
673.57 921.03 3670.11 0.46 
972.78 738.38 3563.36 0.49 
763.08 572.77 4315.19 0.38 
683.41 649.74 3843.48 0.39 
657.91 750.36 4399.85 0.28 
860.76 734.04 4328.92 0.45 
1100.68 845.31 2928.16 0.42 
702.00 609.88 4126.11 0.33 
639.20 612.21 3740.30 0.42 
643.74 559.37 5057.90 0.46 
559.06 613.47 4642.23 0.21 
585.34 738.15 3922.72 0.51 
677.80 1073.87 3873.58 0.38 
683.84 587.23 3976.96 0.38 
806.43 693.94 3687.63 0.40 
584.40 567.79 3935.52 0.31 
629.74 877.60 5070.61 0.40 
640.63 684.93 2480.38 0.40 
733.46 618.05 4401.77 0.33 
615.45 658.16 5046.22 0.45 
546.90 659.10 3819.00 0.41 
827.67 593.86 3742.88 0.32 
600.27 630.28 3414.94 0.57 
757.71 571.18 4287.78 0.63 
705.24 588.48 4177.08 0.43 
686.60 606.11 3556.09 0.52 
622.75 856.53 3479.51 0.56 
598.23 714.24 3359.25 0.42 
553.44 836.25 4325.73 0.48 
617.84 654.15 4266.52 0.44 
894.65 585.14 4436.67 0.57 
588.86 639.25 3131.68 0.32 
922.70 1050.94 3188.45 0.28 
1159.46 1181.40 3563.47 0.30 
749.43 1526.44 3679.77 0.46 
573.16 755.44 4087.65 0.43 
1169.79 839.37 3078.62 0.32 
713.90 743.70 3984.21 0.40 
589.80 732.53 4788.78 0.69 
570.13 1024.08 3188.90 0.28 
581.91 810.12 4189.47 0.43 
681.41 697.69 4069.92 0.39 
607.78 873.20 4753.44 0.51 
611.70 614.12 4886.15 0.39 
565.44 961.42 4153.74 0.38 
755.25 719.17 4805.73 0.44 
641.83 587.09 4142.57 0.37 
965.27 787.11 3845.71 0.35 
815.47 694.05 3407.53 0.46 
958.61 672.17 4204.53 0.50 
815.12 925.87 4335.28 0.47 
1014.63 803.74 5008.24 0.36 
760.01 808.35 4264.79 0.37 
848.23 594.17 4044.86 0.40 
700.83 719.84 5005.96 0.47 
618.66 669.38 3126.21 0.48 
653.57 694.46 3503.87 0.44 
922.99 544.60 4568.71 0.33 
899.05 655.95 3393.99 0.40 
691.33 595.38 3945.92 0.55 
743.17 692.99 3139.69 0.48 
867.75 635.64 4611.41 0.49 
805.22 591.70 3626.89 0.41 
698.48 542.54 3599.87 0.25 
650.58 788.61 4156.58 0.50 
549.12 649.90 4439.64 0.28 
722.40 759.04 4459.55 0.30 
610.67 803.64 4302.49 0.33 
679.77 704.67 3844.71 0.30 
718.90 709.42 3580.68 0.29 
912.79 781.51 3956.97 0.47 
1128.92 767.52 5434.39 0.42 
670.16 722.29 4185.06 0.44 
625.54 776.84 3694.42 0.67 
610.96 1020.04 4085.49 0.50 
726.86 583.84 2475.39 0.28 
542.93 805.84 4262.60 0.58 
691.48 860.10 3932.99 0.30 
542.94 552.58 3620.20 0.39 
729.57 580.23 4330.20 0.28 
567.04 595.00 4083.42 0.41 
589.73 680.63 3766.83 0.34 
662.07 765.51 3341.62 0.30 
567.75 556.52 4710.75 0.24 
702.09 856.00 3419.03 0.53 
940.32 641.78 4324.93 0.24 
725.60 759.01 5374.77 0.23 
749.57 630.67 4942.08 0.27 
1004.06 665.20 4580.11 0.40 
654.50 636.01 4110.78 0.43 
819.64 827.27 4593.76 0.37 
785.35 794.33 3403.38 0.37 
728.43 649.66 4170.45 0.34 
622.06 644.48 5036.03 0.46 
688.10 678.64 3834.81 0.59 
643.98 691.65 3404.12 0.42 
705.43 575.78 3267.97 0.32 
829.05 932.51 3999.21 0.35 
681.04 709.95 4005.47 0.45 
741.62 560.21 3608.94 0.50 
694.95 755.41 4912.47 0.30 
770.92 1038.94 3967.08 0.55 
680.89 931.66 3584.36 0.18 
570.04 686.28 3779.82 0.53 
1057.65 603.99 3714.89 0.44 
798.53 642.44 3794.40 0.49 
801.23 795.44 2943.43 0.27 
631.06 717.28 2198.65 0.41 
729.11 612.87 3989.99 0.57 
624.99 674.96 3592.06 0.35 
1013.80 704.11 3860.90 0.37 
620.98 588.20 3274.65 0.19 
809.40 566.02 3663.28 0.47 
545.03 1067.80 4099.81 0.35 
774.56 874.75 4937.75 0.43 
871.22 551.35 4053.57 0.26 
972.51 678.57 2632.98 0.47 
697.69 681.69 3652.93 0.26 
653.64 1005.45 2832.10 0.36 
568.07 782.73 2473.01 0.34 
688.43 584.36 3506.93 0.21 
581.42 639.78 3195.50 0.50 
751.81 926.43 4014.29 0.28 
992.62 643.09 4037.83 0.51 
703.75 661.85 3894.01 0.53 
629.91 848.04 3650.70 0.26 
999.78 623.55 4208.81 0.55 
1158.14 659.06 4435.50 0.40 
997.12 999.73 3028.23 0.54 
790.94 787.45 3743.68 0.47 
1173.12 741.13 4073.87 0.52 
611.48 832.62 5397.92 0.37 
759.37 636.00 4147.70 0.51 
641.13 717.57 3666.52 0.44 
623.35 851.28 4318.87 0.42 
579.05 752.06 3130.71 0.36 
