715.66 601.46 4244.89 0.56 
647.93 602.71 4372.99 0.41 
569.73 563.27 3820.37 0.32 
892.13 547.07 4305.48 0.33 
564.45 540.58 4686.20 0.35 
830.69 799.68 4301.06 0.48 
629.99 562.54 4605.79 0.36 
576.17 560.85 3511.33 0.52 
630.25 648.76 4142.84 0.38 
816.46 555.32 2990.44 0.39 
635.93 646.37 3702.03 0.50 
700.78 651.90 3549.81 0.47 
871.46 598.75 4238.23 0.44 
755.62 828.42 4389.43 0.35 
1183.57 832.06 3490.24 0.47 
662.29 822.31 4237.33 0.36 
695.85 574.21 2985.32 0.43 
592.98 605.33 2975.38 0.35 
739.92 702.75 3390.40 0.51 
552.68 658.71 4053.74 0.37 
605.32 596.37 4133.44 0.36 
676.78 694.97 4376.82 0.30 
890.43 612.45 4235.13 0.31 
616.27 969.95 3775.11 0.53 
590.53 891.34 5214.88 0.27 
577.41 716.97 2811.86 0.35 
551.29 827.98 4303.98 0.65 
958.88 824.01 2822.52 0.56 
761.14 555.89 5125.41 0.37 
885.23 744.09 5122.87 0.29 
592.69 664.13 4175.51 0.39 
597.85 802.39 5119.72 0.37 
761.38 736.18 3553.05 0.48 
719.46 1171.53 4182.71 0.36 
696.73 753.83 2440.17 0.38 
750.66 691.42 3836.23 0.35 
661.93 721.17 4882.22 0.32 
740.37 850.43 2776.52 0.35 
589.24 640.93 3439.18 0.48 
656.35 546.81 5303.53 0.46 
611.55 571.84 3678.46 0.43 
709.08 578.20 3978.79 0.43 
644.77 705.47 3422.43 0.44 
613.02 815.73 4833.51 0.45 
756.18 764.40 3246.43 0.46 
554.23 796.40 5537.35 0.47 
675.67 570.71 3909.97 0.43 
746.99 699.05 3807.39 0.49 
621.88 595.03 4562.57 0.29 
747.56 674.37 4551.27 0.30 
724.00 614.48 4385.11 0.38 
540.03 598.29 2011.30 0.43 
1070.44 559.18 3682.04 0.34 
760.54 731.77 3423.28 0.36 
875.71 706.28 3103.38 0.38 
575.37 685.76 2406.34 0.47 
763.67 760.52 3850.97 0.33 
1021.78 700.68 4863.55 0.27 
565.87 897.34 4193.02 0.30 
799.78 646.47 3550.96 0.55 
729.60 583.68 3263.77 0.42 
571.03 561.11 3100.73 0.44 
678.86 776.59 3328.16 0.26 
725.14 776.62 4201.75 0.47 
569.30 543.22 4619.64 0.49 
795.07 700.02 4226.19 0.48 
865.74 780.36 5088.26 0.59 
955.52 990.51 4588.58 0.32 
737.48 786.56 4434.42 0.52 
832.16 781.51 3600.22 0.37 
971.28 947.68 3037.46 0.54 
612.95 553.39 5464.66 0.42 
826.46 866.53 3934.83 0.39 
766.46 845.90 4125.12 0.50 
965.09 705.17 3345.92 0.41 
567.33 753.49 3429.07 0.37 
755.73 729.26 4745.45 0.33 
626.95 823.09 4335.81 0.55 
957.87 559.82 4046.44 0.44 
737.92 616.75 3698.31 0.32 
763.85 547.56 4005.55 0.21 
772.38 603.09 4223.99 0.25 
776.31 701.79 3554.94 0.37 
577.38 752.76 3827.17 0.25 
708.67 724.83 3818.67 0.45 
704.63 792.08 4212.71 0.50 
860.13 927.37 4037.81 0.18 
822.06 770.13 4952.73 0.52 
655.33 623.78 3434.60 0.46 
617.64 576.68 5222.19 0.30 
852.86 666.36 3891.18 0.47 
604.01 636.88 4683.01 0.41 
866.86 812.18 4020.98 0.60 
601.18 692.38 2875.46 0.48 
548.24 567.57 2978.46 0.49 
919.81 649.85 4006.72 0.34 
640.08 629.30 4206.20 0.30 
659.52 834.60 2704.45 0.35 
627.56 776.65 4709.16 0.61 
670.42 748.08 3762.64 0.30 
569.73 873.67 2576.81 0.39 
