954.31 857.33 0.18 7156.62
727.50 480.70 0.25 5654.21
695.15 977.78 0.10 6701.86
774.40 303.93 0.20 8212.60
444.14 910.39 0.17 7571.76
871.93 778.26 0.17 6498.71
666.61 267.08 0.20 6266.24
600.53 243.32 0.25 8000.10
520.49 191.38 0.05 6025.48
8.87 337.68 0.26 7268.84
448.95 451.57 0.32 7302.14
242.19 662.33 0.21 5528.80
561.27 505.74 0.43 7384.69
218.34 339.24 0.07 6859.84
83.28 547.42 0.18 6332.04
338.32 998.00 0.19 5991.39
718.87 168.68 0.14 8819.25
105.70 431.42 0.29 7207.64
27.18 407.30 0.13 7517.69
706.82 280.91 0.27 7071.27
722.19 336.88 0.09 8611.78
856.70 762.26 0.12 7492.51
70.34 763.17 0.07 6311.82
717.94 364.59 0.26 8066.82
851.64 481.66 0.23 7097.04
864.44 476.54 0.08 7056.74
419.16 410.56 0.18 6884.46
860.49 43.33 0.15 6464.78
309.15 535.13 0.31 8634.54
690.81 921.65 0.26 7241.26
269.01 410.81 0.16 8113.75
43.54 447.54 0.32 6532.08
72.15 251.72 0.33 7346.96
214.00 876.25 0.10 6399.69
408.94 851.71 0.40 7165.50
476.23 628.26 0.29 8218.93
349.40 977.73 0.10 7390.54
330.75 11.72 0.09 7209.12
432.69 696.75 0.16 7559.19
70.53 80.50 0.07 9117.96
301.59 609.94 0.16 9068.12
470.94 594.18 0.14 6704.29
559.55 822.12 0.27 7321.65
800.42 820.19 0.13 5110.24
672.48 928.89 0.21 6886.19
951.57 958.98 0.20 7396.34
138.84 822.10 0.23 7007.24
368.45 591.79 0.21 6677.43
347.83 689.74 0.17 7963.19
716.60 420.35 0.10 7236.18
714.44 605.26 0.06 6503.31
330.74 335.53 0.15 7427.77
553.69 376.09 0.17 7555.32
424.18 384.53 0.04 7124.21
246.05 594.48 0.14 5310.68
741.71 39.78 0.15 7092.58
739.32 922.59 0.24 7388.71
256.74 423.60 0.28 6123.17
974.94 8.12 0.18 7224.15
726.71 207.10 0.32 6935.88
336.18 120.46 0.22 5854.86
666.54 905.69 0.20 7471.44
42.81 959.87 0.26 9445.11
649.24 952.75 0.31 6755.73
890.27 179.55 0.19 5589.78
258.43 885.34 0.21 7784.69
199.85 619.92 0.05 6912.70
904.97 767.84 0.14 7401.60
135.90 198.39 0.22 6600.84
80.81 320.96 0.50 7654.37
481.13 912.70 0.07 7496.74
894.31 917.15 0.28 6079.58
702.35 315.04 0.16 5029.65
610.50 139.36 0.11 7803.81
150.24 734.03 0.17 7296.63
599.27 581.38 0.31 6380.37
515.97 790.18 0.03 7156.58
860.14 997.58 0.14 7232.71
336.89 860.47 0.31 7393.71
328.29 858.50 0.33 5994.98
3.11 894.23 0.19 7584.30
745.92 709.63 0.33 5817.98
985.44 523.91 0.16 7274.51
930.35 96.51 0.17 7876.62
898.10 157.34 0.14 7062.43
316.84 696.96 0.15 7451.12
554.40 81.36 0.30 6781.41
227.46 699.70 0.22 8744.88
717.69 53.62 0.09 9171.88
529.96 405.13 0.17 6490.93
253.49 970.95 0.14 7408.70
959.97 240.18 0.22 6728.39
69.32 439.29 0.13 7762.20
909.48 463.13 0.30 6128.80
521.65 376.07 0.17 6195.70
176.03 845.09 0.26 7992.67
11.42 757.61 0.13 7928.89
896.68 783.71 0.27 7001.66
598.78 313.54 0.27 5716.75
446.07 191.86 0.31 6543.52
575.29 397.22 0.27 7063.92
829.97 592.79 0.22 7573.86
5.13 852.80 0.21 6848.97
287.63 816.43 0.03 9270.93
461.65 540.91 0.02 5879.27
732.06 837.87 0.15 6602.66
64.15 5.27 0.08 8382.23
697.01 38.66 0.11 6999.50
562.96 353.78 0.20 8275.15
223.84 725.83 0.04 5020.78
11.92 111.22 0.25 5613.66
474.77 912.70 0.17 8505.78
156.34 272.78 0.07 6857.20
316.28 87.49 0.31 7854.31
0.67 889.83 0.27 8344.52
64.40 841.10 0.20 8402.69
657.87 863.73 0.11 7539.55
645.66 352.96 0.22 6713.03
504.70 382.22 0.29 6323.65
419.64 603.95 0.08 6964.77
815.56 796.38 0.05 6661.14
5.63 286.41 0.08 8040.96
651.76 539.89 0.26 7217.25
731.44 707.15 0.25 7717.93
637.39 460.18 0.16 7164.73
984.66 810.58 0.23 7239.99
616.79 245.74 0.31 9721.05
135.08 677.85 0.14 6494.35
541.67 232.78 0.18 6019.99
241.13 313.46 0.05 5155.64
186.85 299.42 0.09 6306.31
976.12 594.70 0.27 5540.73
883.53 610.73 0.07 7315.39
492.05 875.49 0.19 6563.78
228.19 826.81 0.33 6893.34
896.95 104.21 0.40 7703.56
248.00 274.28 0.17 6377.74
747.81 741.14 0.17 7096.87
178.00 337.34 0.37 7380.18
906.41 571.27 0.15 7359.81
38.56 180.57 0.23 4970.22
772.28 96.27 0.14 7347.19
491.46 139.78 0.23 7790.30
844.32 743.89 0.17 6677.36
169.12 966.91 0.35 5963.88
994.78 797.93 0.27 8733.39
958.61 26.66 0.11 6911.63
900.90 727.22 0.36 8045.53
531.92 265.92 0.24 6930.47
157.64 861.29 0.01 6663.34
962.27 198.06 0.08 8323.83
103.49 827.28 0.27 7208.35
1.31 447.85 0.20 8950.75
451.23 761.66 0.07 4905.25
135.39 513.95 0.18 7793.91
24.99 662.90 0.21 6762.26
827.33 159.41 0.44 6494.55
897.77 203.61 0.14 7718.91
609.69 892.97 0.32 9029.54
461.44 592.63 0.08 8205.23
491.50 598.02 0.08 8601.11
244.62 598.55 0.10 7521.07
921.11 511.80 0.11 8426.04
160.24 531.23 0.17 7692.82
973.82 211.62 0.28 9141.64
624.66 917.61 0.31 7694.84
921.60 657.24 0.43 7364.67
855.48 394.79 0.32 7066.84
361.34 138.13 0.23 8714.78
776.44 977.55 0.35 8273.21
991.20 473.88 0.06 7312.23
27.38 509.35 0.19 8258.11
297.64 601.55 0.20 6543.88
216.23 556.68 0.30 9145.84
545.80 8.64 0.07 6599.76

9811.986423395078
