63 24 6 62 18 10 50 43 55 59 4 22 60 42 9 19 12 64 38 7 1 68 67 53 15 46 8 21 56 48 49 41 28 32 70 58 33 61 29 57 23 31 30 69 25 44 52 65 36 2 40 5 26 51 34 39 37 20 3 14 17 47 16 27 66 45 54 35 11 13 
Best fitness: 0.72
65 11 36 60 42 9 19 53 15 8 67 3 68 59 4 58 70 32 30 44 47 1 21 28 33 6 43 10 55 39 49 48 52 69 29 61 62 20 35 34 22 12 5 40 18 50 23 24 63 41 51 2 37 46 16 38 64 17 7 56 54 27 66 45 57 31 25 14 26 13 
Worst fitness: 0.92

Alpha: 0.50
K: 0.01
Crossover probability: 0.50
Mutation probability: 0.10
Change mutation operator probability 1: 0.15
Change mutation operator probability 2: 0.00