21 31 41 45 43 52 63 65 68 20 15 1 76 44 33 70 37 54 57 39 17 27 14 77 60 25 3 69 11 64 38 9 74 47 71 12 78 22 18 26 48 42 66 28 24 51 35 34 2 55 36 32 30 56 4 13 29 23 50 16 80 40 79 19 73 10 6 53 62 58 46 67 72 5 59 49 8 75 7 61 
Best fitness: 0.88
63 65 20 11 69 25 9 57 71 58 54 37 70 78 46 19 49 62 18 43 22 50 16 8 29 13 64 76 67 48 45 42 44 52 27 14 15 41 21 31 51 35 66 72 55 36 32 56 68 33 24 10 53 75 12 17 26 1 28 34 2 7 3 77 60 80 74 39 38 47 79 6 73 5 30 61 59 40 23 4 
Worst fitness: 1.04

Alpha: 0.50
K: 0.01
Crossover probability: 0.50
Mutation probability: 0.10
Change mutation operator probability 1: 0.15
Change mutation operator probability 2: 0.00