84 89 42 43 18 62 77 36 14 86 52 58 9 6 70 67 82 15 56 68 54 66 72 37 75 60 10 20 7 64 11 44 47 85 32 41 80 25 57 83 30 8 46 31 63 74 45 22 69 13 53 50 38 81 17 24 71 73 1 27 3 39 88 29 76 16 2 90 48 12 23 19 79 87 59 35 33 49 34 4 28 51 65 78 26 61 55 5 40 21 
Best fitness: 1.16
84 42 43 29 16 2 24 56 67 70 6 15 69 82 17 68 37 54 41 57 18 9 13 44 7 64 20 1 10 3 39 52 79 11 81 23 66 48 75 60 71 19 47 83 31 63 74 34 46 59 58 30 80 50 38 26 32 62 27 90 28 73 8 25 45 89 33 35 86 14 36 77 88 4 78 53 85 22 12 65 72 61 87 49 40 76 5 55 51 21 
Worst fitness: 1.31

Alpha: 0.50
K: 0.01
Crossover probability: 0.50
Mutation probability: 0.10
Change mutation operator probability 1: 0.15
Change mutation operator probability 2: 0.00