4 2 74 44 8 84 99 28 40 47 67 20 57 13 69 78 81 51 79 97 5 91 22 12 50 56 49 35 43 64 24 48 39 93 86 68 23 80 60 32 7 82 21 11 46 73 72 98 90 14 52 30 71 63 100 77 9 54 1 83 65 19 25 10 3 36 58 59 62 66 6 94 41 16 76 75 87 89 85 88 55 53 45 96 27 38 31 18 92 42 29 15 17 34 33 70 95 37 61 26 
Best fitness: 2.00
7 82 48 99 84 1 69 12 51 79 78 54 65 20 67 28 68 43 21 11 59 91 47 100 10 80 63 71 30 52 86 56 13 81 15 74 9 8 92 18 2 44 40 31 94 22 41 49 27 36 72 98 16 58 5 50 38 93 90 64 23 32 55 24 39 97 17 61 25 42 19 77 14 76 3 88 45 96 87 46 73 66 57 29 95 83 6 62 34 60 85 53 70 35 75 33 26 4 37 89 
Worst fitness: 2.30

Alpha: 0.50
K: 0.01
Crossover probability: 0.50
Mutation probability: 0.10
Change mutation operator probability 1: 0.15
Change mutation operator probability 2: 0.00