90 86 58 17 8 34 35 88 43 89 54 69 74 7 56 14 47 5 46 55 68 1 52 42 6 33 48 21 61 19 67 23 62 18 80 2 27 50 4 31 26 32 75 45 85 36 13 81 77 57 38 66 49 76 73 41 78 40 28 79 37 64 44 16 3 87 84 60 24 65 25 71 83 11 39 29 12 10 9 51 22 72 53 70 30 82 20 63 15 59 
Best fitness: 1.60
90 62 73 33 80 23 11 34 8 69 58 7 56 49 6 42 84 48 57 79 36 16 64 54 89 38 43 35 46 67 22 3 65 13 75 30 9 37 55 52 1 31 77 32 40 61 19 21 45 53 24 81 28 78 27 2 4 88 74 29 5 68 20 50 41 25 87 26 60 17 86 76 66 47 14 18 82 12 39 44 85 59 10 51 72 70 71 83 63 15 
Worst fitness: 1.99

Alpha: 0.50
K: 0.01
Crossover probability: 0.50
Mutation probability: 0.10
Change mutation operator probability 1: 0.15
Change mutation operator probability 2: 0.00