16 72 13 77 49 57 42 30 38 52 47 2 80 56 10 24 20 6 66 11 21 8 45 50 44 15 39 65 61 43 27 29 35 34 23 37 78 1 41 18 4 33 19 36 22 74 31 12 70 5 59 7 71 26 54 79 46 53 67 69 73 75 28 68 62 25 3 63 14 51 17 58 55 76 40 32 60 48 9 64 
Best fitness: 1.36
27 29 43 77 1 41 38 36 19 7 47 72 13 78 57 30 52 56 10 24 20 6 11 66 45 50 42 68 37 23 28 49 44 15 69 16 75 73 34 35 65 39 21 2 59 22 63 14 64 4 33 26 79 80 62 8 5 70 32 40 61 60 53 46 54 12 74 31 17 18 51 55 48 76 58 3 25 71 67 9 
Worst fitness: 1.75

Alpha: 0.50
K: 0.01
Crossover probability: 0.50
Mutation probability: 0.10
Change mutation operator probability 1: 0.15
Change mutation operator probability 2: 0.00