65 50 55 31 32 70 5 23 51 72 75 60 64 58 14 20 19 12 38 66 62 2 74 53 25 10 61 41 63 48 54 34 45 46 47 44 17 11 9 76 16 4 69 49 6 67 78 80 26 30 52 79 57 56 77 21 1 8 28 68 35 43 29 27 73 40 39 3 13 15 18 71 42 37 24 36 22 59 33 7 
Best fitness: 1.66
23 21 56 77 10 25 42 16 34 47 9 75 72 67 32 58 27 51 49 63 57 38 74 62 2 66 12 26 70 64 60 43 6 44 17 45 1 48 53 71 4 76 54 20 14 78 55 31 19 15 61 69 33 41 79 52 50 40 22 65 46 11 28 8 5 80 39 3 18 37 24 59 73 30 35 29 68 13 36 7 
Worst fitness: 2.03

Alpha: 0.50
K: 0.01
Crossover probability: 0.50
Mutation probability: 0.10
Change mutation operator probability 1: 0.15
Change mutation operator probability 2: 0.00