23 82 80 2 12 25 69 86 30 28 34 15 5 58 59 17 46 66 20 49 27 24 13 37 67 78 26 18 64 90 38 71 84 70 45 65 63 41 21 52 50 73 19 56 39 33 62 60 16 6 57 42 75 83 53 76 35 3 31 89 54 72 29 1 43 11 9 68 61 87 4 55 40 8 14 36 74 10 44 88 7 32 77 51 81 85 48 47 22 79 
Best fitness: 2.01
23 89 82 11 68 63 75 41 18 20 66 46 80 43 12 29 27 3 90 78 34 86 71 28 49 2 72 9 1 65 56 19 70 76 53 4 87 5 67 58 15 30 73 50 45 69 35 24 83 33 39 21 25 59 8 88 84 52 32 47 13 36 74 22 37 44 10 14 7 17 40 64 60 16 6 77 85 48 81 62 57 42 51 61 54 55 79 26 31 38 
Worst fitness: 2.64

Alpha: 0.50
K: 0.01
Crossover probability: 0.50
Mutation probability: 0.10
Change mutation operator probability 1: 0.15
Change mutation operator probability 2: 0.00