8 19 69 70 47 1 50 67 15 55 27 10 59 64 9 18 60 51 80 77 25 26 79 30 78 56 71 6 75 14 3 20 23 16 58 62 39 40 12 76 63 31 42 49 66 73 44 54 4 11 29 45 72 5 41 22 28 74 32 35 48 68 17 53 2 21 38 13 46 33 57 65 36 24 34 37 61 43 7 52 
Moving time: 106.95 150.19 236.33 241.41 249.62 339.13 388.52 391.07 445.86 522.82 574.98 637.32 723.21 793.17 824.86 839.21 936.48 970.37 1009.67 1075.22 1098.81 1153.82 1203.67 1313.67 1380.45 1472.57 1514.52 1557.65 1561.15 1673.87 1718.24 1792.54 1903.13 2016.77 2103.61 2128.74 2172.59 2238.96 2300.29 2310.38 2416.63 2480.03 2489.13 2610.83 2619.74 2661.18 2711.99 2743.30 2823.43 2924.32 3007.06 3067.80 3154.03 3307.25 3366.68 3452.93 3513.11 3594.89 3712.86 3748.57 3811.55 3876.09 3929.20 4033.12 4182.83 4208.15 4220.01 4296.79 4422.89 4434.92 4473.20 4582.67 4599.50 4775.25 4811.40 4926.41 4970.06 5030.40 5059.30 5189.81 5208.47 
Best fitness: 5.00
Worst fitness: 8.0
Average fitness: 6.00
Alpha: 0.50
K: 0.02
Crossover probability: 0.50
Mutation probability: 0.10
Change mutation operator probability 1: 0.15
Change mutation operator probability 2: 0.15