125.19 138.38 0.11 1761.77
105.77 96.24 0.04 7158.92
127.23 101.04 0.29 2836.79
80.44 120.92 0.04 3094.74
127.31 102.24 0.14 2537.16
113.12 113.44 0.25 1315.57
80.86 101.99 0.02 6338.97
75.28 89.26 0.26 5831.91
49.96 286.53 0.14 1074.47
101.75 301.36 0.20 719.82
106.96 331.87 0.29 1172.76
104.93 297.04 0.13 2276.32
56.29 222.30 0.31 7464.21
64.94 319.57 0.20 3372.36
83.45 263.88 0.16 3652.73
83.63 287.17 0.18 7658.33
100.85 474.23 0.08 1232.55
107.82 560.77 0.16 1461.76
88.60 491.50 0.15 4825.25
78.22 487.28 0.08 4654.63
127.37 535.66 0.10 845.75
161.81 527.17 0.06 4673.64
45.70 560.69 0.29 1594.19
119.89 504.45 0.20 5961.72
114.08 691.50 0.25 6522.32
107.17 725.20 0.19 1281.28
108.20 690.14 0.16 7033.43
42.45 709.56 0.04 6680.04
94.78 734.65 0.25 7148.21
82.81 719.34 0.21 5382.07
66.29 723.88 0.28 6828.77
108.41 673.96 0.26 5900.96
115.17 868.18 0.27 2705.82
109.81 868.42 0.09 2494.12
49.35 910.63 0.17 936.36
113.08 865.37 0.24 5309.88
88.11 929.22 0.25 7631.01
130.01 952.75 0.23 5823.39
99.47 886.15 0.18 1116.18
108.02 882.23 0.10 2358.85
291.93 107.31 0.23 5583.59
293.67 89.76 0.04 1029.69
311.38 103.52 0.23 773.09
328.50 114.16 0.24 3929.16
253.12 65.38 0.18 2212.16
267.81 101.39 0.18 2938.96
266.21 133.42 0.25 7320.12
276.05 108.09 0.23 3385.34
314.67 277.61 0.17 5785.93
339.20 313.82 0.13 6922.20
311.24 293.19 0.31 6052.50
251.88 321.88 0.15 2881.31
280.76 303.79 0.06 1471.58
311.94 291.62 0.11 2513.82
338.26 312.37 0.03 4094.87
270.25 300.96 0.17 5061.78
304.40 491.64 0.21 2989.71
312.67 485.58 0.07 7807.83
285.87 514.38 0.27 2174.61
267.11 513.72 0.02 6338.91
314.43 492.12 0.17 1154.26
218.74 478.99 0.06 4126.62
264.48 452.42 0.34 6960.49
263.83 490.00 0.35 7446.56
323.24 718.78 0.18 2315.50
303.80 723.82 0.18 6093.75
276.28 719.37 0.20 5845.79
328.09 713.19 0.34 5640.38
280.87 718.37 0.15 5684.07
263.43 709.29 0.20 7138.46
295.12 695.76 0.31 1511.83
286.86 685.86 0.23 3348.64
315.14 926.81 0.13 1768.83
252.02 850.80 0.24 3625.93
269.12 921.42 0.04 1578.13
323.26 919.74 0.40 1977.22
305.41 875.40 0.19 5821.42
341.23 875.09 0.39 4160.14
318.23 878.11 0.21 6860.86
306.38 886.19 0.26 6962.91
481.92 123.11 0.29 2883.51
498.63 88.57 0.13 4044.22
482.72 67.72 0.35 662.94
501.68 57.13 0.14 3529.53
510.61 125.05 0.08 7834.33
483.67 113.46 0.42 5929.40
546.83 88.05 0.35 1049.28
474.60 142.83 0.03 1397.16
501.28 331.79 0.20 1242.73
465.56 303.58 0.19 4217.08
515.33 303.33 0.27 4700.27
536.82 324.91 0.21 734.41
511.14 294.73 0.25 2808.43
464.14 319.42 0.36 3433.60
552.83 377.15 0.12 7909.10
495.21 345.64 0.14 6096.70
517.71 472.25 0.28 1460.35
500.74 503.99 0.29 6290.29
497.59 453.25 0.02 7822.39
504.45 521.74 0.24 4341.42
450.57 486.94 0.20 3195.51
526.67 541.73 0.22 7426.27
547.60 508.89 0.36 2214.87
476.39 500.01 0.19 6498.08
499.23 698.62 0.17 5567.39
511.16 678.71 0.07 1233.39
485.82 698.81 0.10 1126.36
491.37 689.80 0.17 1575.68
511.99 700.72 0.29 4347.33
526.22 691.51 0.18 5943.51
484.78 658.82 0.42 3627.18
470.60 682.81 0.14 2101.74
505.61 923.51 0.20 2407.92
480.71 885.28 0.20 719.83
498.30 950.36 0.10 1525.23
476.64 922.15 0.13 6336.68
494.24 912.04 0.15 5164.21
494.78 867.05 0.01 2737.39
482.93 938.94 0.21 4348.17
482.82 923.44 0.32 4936.99
696.94 99.38 0.08 6955.32
666.78 105.73 0.19 637.56
729.70 156.57 0.20 4680.46
700.93 98.12 0.21 2556.93
680.62 92.02 0.28 5149.85
742.34 78.05 0.20 2535.37
713.60 106.46 0.18 3943.47
709.45 128.18 0.17 1358.31
688.75 279.18 0.11 3501.42
686.91 335.61 0.30 3328.42
702.36 276.98 0.14 571.70
640.98 306.20 0.17 2200.68
692.87 331.86 0.19 2931.14
670.33 312.30 0.24 6137.55
775.91 265.91 0.31 1624.21
692.13 295.14 0.22 7997.64
686.74 520.52 0.22 3865.23
715.53 517.55 0.20 3477.76
687.91 480.21 0.27 7008.68
692.47 500.64 0.09 3654.28
687.12 519.31 0.19 6481.46
684.07 471.32 0.15 4431.83
666.89 488.38 0.26 5487.66
690.49 505.58 0.17 4467.22
717.49 710.45 0.24 3238.65
712.07 683.43 0.14 4988.96
719.75 698.08 0.30 3816.76
695.45 668.20 0.36 4242.29
728.90 685.83 0.22 3603.38
692.17 713.07 0.02 5498.64
697.92 691.01 0.21 1497.79
719.42 687.86 0.43 5086.07
699.78 907.35 0.22 3367.18
664.88 895.58 0.17 1400.94
691.96 887.00 0.07 5888.18
682.04 904.94 0.07 6878.86
693.60 827.34 0.23 3647.78
721.87 915.42 0.19 7009.22
689.85 884.79 0.14 2220.02
746.22 898.92 0.09 2495.35
958.01 134.17 0.29 2730.98
918.79 102.02 0.14 4391.83
863.49 103.61 0.30 2396.69
940.34 108.38 0.33 2599.41
930.40 95.92 0.19 6513.48
925.67 43.96 0.29 7032.21
919.62 138.49 0.22 4130.05
877.62 124.54 0.20 4128.14
936.74 320.16 0.20 3827.40
933.71 265.82 0.07 7481.24
909.79 325.71 0.18 3182.00
930.21 285.60 0.22 3815.98
949.82 326.83 0.14 3581.04
861.88 348.86 0.35 7391.10
891.77 319.19 0.11 7480.56
915.66 309.68 0.05 4235.09
911.45 472.90 0.12 3260.26
895.84 510.25 0.19 4480.77
962.16 486.07 0.15 2539.89
886.24 509.16 0.13 4388.27
914.60 480.74 0.17 2094.11
889.79 488.18 0.17 1167.44
894.10 486.20 0.27 6479.44
915.86 464.74 0.17 6255.04
926.44 716.65 0.04 7980.35
912.68 669.74 0.05 7750.97
911.97 701.48 0.22 7734.29
852.28 681.82 0.14 1881.79
948.17 687.02 0.28 2580.97
874.66 676.40 0.24 5405.23
916.89 682.16 0.34 7967.54
884.43 662.14 0.26 1773.70
900.33 856.18 0.13 5127.54
936.89 925.93 0.14 6860.48
899.84 897.19 0.31 3508.30
872.83 909.34 0.13 6797.57
909.97 929.43 0.09 2842.04
892.70 933.04 0.14 3364.20
906.04 871.44 0.23 4685.52
885.67 850.40 0.10 7116.69

13 9 19 135 131 87 122 83 88 81 85 86 92 89 53 11 40 33 32 18 21 10 20 23 15 2 6 1 5 43 50 99 96 64 71 72 69 39 35 152 189 182 164 93 46 48 47 14 60 61 26 76 114 145 148 130 97 101 52 125 124 169 103 100 107 157 78 73 80 119 108 111 109 65 74 36 77 75 156 154 115 91 84 132 90 94 17 24 113 195 199 178 173 172 163 138 151 68 51 45 41 98 128 126 127 129 161 165 176 192 188 187 153 186 179 191 194 147 137 144 142 56 44 3 112 30 70 12 82 59 57 134 174 167 150 158 149 133 143 110 31 28 34 139 168 183 198 184 181 180 177 106 104 37 29 55 102 159 105 141 121 162 123 95 42 63 118 120 116 58 54 49 62 7 8 166 197 190 171 160 136 25 38 146 185 117 140 22 16 196 200 193 67 79 4 170 175 27 66 155 
Best fitness: 30.95
Execution time: 391.0717021