25 69 45 10 9 15 40 54 34 42 51 37 3 43 67 19 18 8 39 32 60 11 44 17 64 38 58 29 30 47 49 55 21 1 33 4 13 61 28 7 27 68 26 70 6 50 31 24 63 52 22 46 57 12 41 66 65 16 14 62 36 35 20 59 53 5 56 2 48 23 
Best fitness: 0.33
27 4 3 43 19 67 60 11 62 36 29 32 30 13 33 51 54 41 45 64 63 24 39 1 21 55 37 66 42 34 10 9 40 58 14 38 44 22 52 31 15 68 28 49 35 8 47 16 5 25 69 53 12 57 17 18 20 26 61 46 59 65 2 7 48 56 70 6 50 23 
Worst fitness: 0.39

Alpha: 0.50
K: 0.01
Crossover probability: 0.50
Mutation probability: 0.10
Change mutation operator probability 1: 0.15
Change mutation operator probability 2: 0.00