29 13 16 38 20 26 39 7 54 44 12 28 30 72 79 61 66 41 31 36 35 67 52 17 11 43 48 73 71 53 49 69 58 19 60 78 59 14 24 40 10 56 21 4 5 55 76 75 2 32 6 34 22 80 57 8 23 65 74 62 9 27 50 3 15 25 64 45 47 37 42 68 77 33 46 1 51 18 70 63 
Best fitness: 0.40
40 34 6 54 61 64 71 53 49 72 25 5 66 37 67 52 30 28 12 79 44 60 32 38 39 7 41 78 31 11 48 43 17 36 22 62 27 3 16 42 35 59 57 80 8 26 15 74 10 50 29 13 56 21 9 65 63 46 2 4 14 24 68 51 20 23 69 58 76 55 18 19 75 47 45 73 1 33 77 70 
Worst fitness: 0.47

Alpha: 0.50
K: 0.01
Crossover probability: 0.50
Mutation probability: 0.10
Change mutation operator probability 1: 0.15
Change mutation operator probability 2: 0.00