49 64 30 2 70 87 92 82 58 3 37 17 94 86 31 13 56 100 89 77 59 95 65 4 25 48 61 91 53 32 26 84 11 96 20 50 15 33 97 78 72 83 43 1 85 99 40 67 10 39 27 23 19 90 9 46 57 7 36 38 69 54 55 6 98 29 71 93 42 81 80 60 68 28 74 16 66 47 18 14 52 5 76 63 41 44 75 79 24 12 51 62 88 21 35 22 45 8 34 73 
Best fitness: 0.65
75 77 50 3 99 40 68 74 28 32 20 82 70 87 43 37 86 89 94 56 65 95 59 49 33 85 96 51 53 100 63 9 90 17 4 15 97 1 2 23 19 98 57 7 42 36 39 27 12 25 47 11 22 62 10 26 16 84 61 91 58 55 64 30 6 34 80 60 92 83 69 54 72 79 93 71 21 52 18 8 14 31 13 45 66 29 46 81 67 35 88 73 78 5 41 76 24 44 38 48 
Worst fitness: 0.78

Alpha: 0.50
K: 0.01
Crossover probability: 0.50
Mutation probability: 0.10
Change mutation operator probability 1: 0.15
Change mutation operator probability 2: 0.00