2 64 20 52 43 24 61 66 6 28 65 31 15 36 55 4 46 8 18 57 16 70 50 56 1 67 32 51 21 12 48 3 23 9 54 68 53 38 37 5 47 59 49 19 11 17 30 69 39 45 14 60 58 10 7 63 41 35 13 34 40 44 29 42 33 62 22 25 26 27 
Best fitness: 0.45
2 40 57 51 36 54 68 53 37 47 52 13 35 44 61 24 43 41 1 19 59 17 49 66 50 56 67 31 15 3 9 30 45 39 23 11 4 55 28 65 32 70 16 63 10 60 48 46 8 18 21 26 6 38 33 62 42 29 5 12 14 25 69 22 34 20 64 58 27 7 
Worst fitness: 0.55

Alpha: 0.50
K: 0.01
Crossover probability: 0.50
Mutation probability: 0.10
Change mutation operator probability 1: 0.15
Change mutation operator probability 2: 0.00