2 48 14 41 54 25 51 33 42 28 77 26 16 39 68 1 20 45 73 62 32 71 64 80 79 36 15 10 66 52 72 61 18 70 38 22 5 60 31 30 3 58 65 35 17 21 47 7 12 34 63 50 74 27 55 67 78 6 46 19 57 4 40 43 76 56 75 9 53 11 59 49 13 37 29 24 23 44 69 8 
Best fitness: 0.66
2 54 1 69 48 14 20 25 60 5 68 16 77 12 33 13 11 45 41 42 57 28 26 51 74 73 62 70 61 52 23 18 64 80 3 36 79 71 55 78 32 72 24 10 66 35 17 47 43 21 65 58 15 38 22 39 6 19 40 76 8 7 46 30 31 63 34 9 75 53 67 27 50 29 49 59 37 44 4 56 
Worst fitness: 0.87

Alpha: 0.50
K: 0.01
Crossover probability: 0.50
Mutation probability: 0.10
Change mutation operator probability 1: 0.15
Change mutation operator probability 2: 0.00