41 43 16 11 68 10 25 63 33 61 65 54 45 24 57 37 52 30 40 2 50 60 13 22 15 53 27 42 5 18 7 28 56 64 19 51 69 36 9 62 70 66 44 49 55 59 38 6 58 48 29 1 39 21 23 3 46 17 8 47 12 34 4 32 67 14 35 20 26 31 
Best fitness: 0.68
19 62 9 70 17 13 60 18 28 56 64 36 38 6 22 15 59 29 1 66 46 49 7 39 27 42 5 40 63 33 61 65 10 25 24 52 30 69 2 55 50 44 3 37 57 45 51 41 43 16 11 32 68 34 47 58 48 20 35 21 53 54 8 31 23 26 14 67 12 4 
Worst fitness: 0.84

Alpha: 0.50
K: 0.01
Crossover probability: 0.50
Mutation probability: 0.10
Change mutation operator probability 1: 0.15
Change mutation operator probability 2: 0.00