83 10 85 41 21 42 76 24 48 84 43 87 19 57 44 50 90 25 62 4 28 5 79 66 78 11 82 13 16 53 18 38 80 47 32 54 36 77 17 75 60 3 61 72 27 12 59 74 31 6 89 65 33 22 8 68 51 69 39 63 9 58 29 64 23 45 67 70 34 20 49 73 14 86 52 46 30 71 7 15 35 40 55 88 1 2 81 37 26 56 
Best fitness: 0.96
14 78 66 3 43 38 90 50 64 82 11 48 84 76 24 41 28 12 59 74 65 80 19 57 16 42 21 22 77 36 54 25 53 58 13 87 15 73 85 10 52 71 72 4 29 9 68 51 32 60 27 47 62 18 67 34 37 40 88 35 7 5 81 31 6 8 86 20 44 70 45 23 63 39 2 89 46 79 55 61 26 75 17 33 69 1 56 30 83 49 
Worst fitness: 1.23

Alpha: 0.50
K: 0.01
Crossover probability: 0.50
Mutation probability: 0.10
Change mutation operator probability 1: 0.15
Change mutation operator probability 2: 0.00