192.48 88.83 0.20 8981.84
36.77 31.91 0.18 5675.11
105.58 156.59 0.10 6891.62
7.55 91.60 0.20 5086.14
34.84 61.07 0.26 5195.05
24.62 34.51 0.20 6334.80
45.51 199.63 0.02 7203.10
9.51 9.56 0.10 4881.07
82.08 344.94 0.13 5563.88
64.32 383.56 0.26 5047.06
60.92 291.69 0.02 6625.62
37.65 272.24 0.05 3858.07
175.78 216.18 0.23 4870.74
55.90 376.21 0.24 8319.77
108.60 313.03 0.29 5086.28
104.79 223.07 0.19 5492.00
93.22 476.16 0.34 5296.62
65.84 506.92 0.18 5335.06
56.68 534.97 0.33 5609.34
139.23 567.02 0.28 5643.38
39.65 430.62 0.22 4772.86
136.11 507.56 0.33 5107.70
66.92 596.38 0.32 5348.74
19.77 478.22 0.10 6637.55
179.05 764.52 0.29 4709.08
106.34 602.27 0.18 6249.43
126.35 645.30 0.10 4777.46
86.06 705.94 0.28 6862.23
183.74 648.50 0.24 4566.16
133.22 661.00 0.18 4205.50
127.18 654.69 0.16 4074.53
0.39 714.36 0.15 9591.98
105.60 824.06 0.03 7835.31
72.80 965.33 0.10 5983.29
54.16 871.20 0.14 8436.89
61.81 938.08 0.22 8071.83
141.45 859.20 0.27 5493.72
153.04 992.15 0.40 3996.74
154.35 942.43 0.22 4832.53
70.53 893.73 0.20 5028.30
222.16 91.61 0.19 5427.08
236.57 180.11 0.17 6812.45
249.24 122.48 0.12 5798.94
255.84 60.73 0.16 9085.50
348.92 138.67 0.08 7270.93
305.64 72.20 0.23 4137.67
395.78 62.24 0.15 4372.34
226.44 199.01 0.30 4758.32
349.86 340.69 0.12 5998.48
398.32 282.18 0.14 6541.72
391.57 212.53 0.21 5865.22
308.48 264.07 0.02 8878.29
267.51 237.73 0.17 5955.46
306.23 256.67 0.33 10014.77
257.79 317.34 0.26 9233.59
333.66 209.92 0.31 5220.68
309.64 553.15 0.24 4418.77
363.65 412.51 0.31 5916.76
332.06 500.88 0.16 9278.28
258.71 427.42 0.29 7017.43
396.76 559.45 0.13 5942.97
296.48 564.75 0.33 5721.83
358.94 507.30 0.17 6016.47
315.62 581.25 0.17 7033.74
275.30 714.93 0.06 7751.48
370.59 773.84 0.15 9814.73
314.32 686.82 0.01 6429.98
234.73 771.72 0.26 7381.49
330.54 729.81 0.32 4956.92
317.26 772.97 0.18 5489.99
391.53 743.76 0.27 5583.20
341.57 798.96 0.07 5724.36
397.16 901.69 0.16 5490.81
283.69 847.60 0.27 6146.13
354.87 987.41 0.35 5918.06
369.37 876.41 0.14 5539.10
288.24 829.69 0.23 5038.47
382.23 907.46 0.27 5751.57
209.98 986.59 0.11 5230.76
263.55 827.84 0.13 5484.04
535.15 160.98 0.19 5067.45
496.29 130.79 0.30 10152.61
510.20 109.49 0.29 6965.82
589.27 184.69 0.34 5454.37
480.23 90.98 0.02 6082.70
411.40 92.18 0.19 4799.60
426.28 44.26 0.28 9860.29
463.94 117.93 0.14 5471.30
578.47 240.63 0.29 5105.65
450.61 372.03 0.18 6586.87
590.43 299.76 0.16 7978.92
432.40 211.07 0.15 6314.71
573.49 371.10 0.24 5156.05
430.63 354.20 0.10 4721.23
446.81 258.12 0.10 4254.74
457.30 230.16 0.08 6821.94
492.30 551.82 0.22 4404.90
475.43 561.40 0.28 6065.94
575.45 518.70 0.24 8052.88
459.76 438.31 0.13 5350.58
567.12 493.32 0.17 7207.65
408.66 427.13 0.42 8994.22
542.46 570.66 0.15 10476.44
554.15 529.61 0.19 7487.78
582.85 640.78 0.26 7954.73
595.47 707.89 0.26 6325.61
529.47 712.76 0.18 5972.74
599.83 723.72 0.15 7055.94
422.22 775.11 0.18 6177.46
593.21 704.86 0.29 4403.80
437.51 755.15 0.12 6957.31
567.45 619.52 0.29 4883.03
475.93 898.05 0.19 6090.44
456.79 998.30 0.05 7176.70
539.85 909.50 0.42 5848.98
498.23 804.84 0.19 6107.38
497.95 859.43 0.17 7419.03
565.72 963.83 0.23 6133.23
446.43 908.22 0.27 5052.14
562.94 917.43 0.31 5054.60
645.55 13.97 0.03 6356.07
688.27 161.10 0.08 6096.70
617.61 186.46 0.17 4736.94
780.08 93.93 0.20 9873.63
744.81 68.31 0.01 8356.84
722.42 129.89 0.14 7442.09
646.28 138.22 0.20 9279.54
601.25 127.36 0.26 6089.20
776.60 205.14 0.19 5895.99
647.49 278.51 0.28 4476.65
776.33 227.07 0.21 7348.78
701.12 295.98 0.34 5574.56
629.56 210.75 0.37 6143.28
795.51 280.56 0.16 7442.96
693.38 303.44 0.22 4164.22
644.42 329.76 0.13 7176.91
720.62 591.51 0.15 5205.91
746.60 590.00 0.13 10244.39
706.19 519.34 0.41 5133.02
776.81 572.88 0.26 7134.95
747.94 429.74 0.35 3945.83
634.44 506.27 0.09 5344.91
736.85 512.85 0.25 7454.76
678.82 582.28 0.10 7261.28
662.18 608.62 0.30 6554.05
689.09 640.63 0.13 9250.87
682.09 739.07 0.30 4774.86
624.77 773.73 0.38 5752.93
760.01 752.88 0.39 5382.59
671.75 722.84 0.02 7486.59
705.10 612.75 0.16 5163.75
631.34 780.07 0.39 6243.22
679.60 943.97 0.23 7406.70
724.35 926.10 0.26 5109.73
680.46 906.53 0.06 5929.68
659.91 991.33 0.20 5709.57
639.60 928.79 0.17 7459.39
658.12 821.50 0.07 7252.01
721.41 860.08 0.08 7586.67
735.42 985.35 0.10 4127.96
882.70 86.79 0.25 5719.56
805.44 32.59 0.22 6156.29
835.95 117.83 0.21 10256.77
929.84 74.95 0.25 5826.94
975.97 95.91 0.21 4653.32
957.50 130.25 0.22 8569.60
828.22 152.67 0.32 4906.64
837.78 0.75 0.28 5956.90
957.14 207.46 0.27 5840.51
874.40 289.87 0.13 3922.74
951.62 394.22 0.34 6336.05
885.69 362.59 0.04 10601.94
855.43 375.44 0.06 6732.80
887.85 355.00 0.06 6032.18
861.40 295.99 0.12 6263.83
998.87 322.32 0.18 5295.82
868.75 521.87 0.27 5839.75
879.52 490.89 0.18 4975.32
802.41 506.23 0.13 5496.88
857.15 511.91 0.19 3637.30
976.13 460.37 0.10 5272.22
955.81 562.49 0.21 8951.28
891.97 495.02 0.31 5027.13
939.10 493.03 0.08 5029.17
818.14 658.78 0.05 6134.43
869.15 761.50 0.21 5401.96
921.15 746.01 0.16 6686.77
954.31 732.97 0.23 10504.98
861.06 611.14 0.13 4653.02
803.03 633.91 0.03 6024.23
822.75 659.19 0.13 3808.82
893.96 615.01 0.13 5346.54
881.06 856.00 0.21 4778.97
951.98 832.95 0.24 4772.53
812.14 868.79 0.24 5588.70
920.05 828.94 0.29 5962.11
812.30 908.85 0.19 7028.68
936.61 979.38 0.20 9792.15
920.27 988.97 0.22 7578.78
829.27 830.26 0.17 5622.41
