435.83 688.78 0.17 9973.36
874.89 628.45 0.31 925.14
974.70 78.08 0.23 5981.81
123.00 865.48 0.25 4630.18
73.12 864.04 0.07 893.25
61.93 669.78 0.13 923.41
899.36 309.96 0.17 3233.41
211.43 914.12 0.16 10310.08
708.52 677.51 0.24 2516.77
687.34 367.79 0.29 5726.33
310.32 893.08 0.21 7101.60
901.05 733.06 0.25 1179.90
655.13 326.68 0.19 1971.33
719.14 799.80 0.14 3277.71
560.20 357.46 0.40 3654.58
42.38 216.51 0.28 1329.65
472.44 411.44 0.16 2230.65
848.90 421.88 0.17 1959.21
86.34 652.24 0.17 2230.35
863.54 188.26 0.09 2270.23
174.98 243.63 0.45 10121.31
86.04 332.21 0.32 8074.48
750.33 348.83 0.19 5238.38
693.17 64.61 0.25 5771.19
565.86 957.50 0.28 4723.06
107.52 694.57 0.09 9385.21
958.96 21.89 0.29 5995.32
130.01 386.56 0.13 3969.94
793.76 428.47 0.37 4525.85
501.05 549.82 0.12 6442.07
745.19 500.51 0.20 5093.35
927.36 846.45 0.01 7773.54
534.20 462.32 0.28 5788.11
559.68 769.07 0.29 6908.56
444.84 238.08 0.09 8792.00
372.48 947.39 0.47 2705.67
375.96 352.02 0.20 4390.37
193.27 112.91 0.30 1122.74
810.18 866.18 0.11 2917.44
412.48 674.80 0.14 1171.39
367.96 464.14 0.14 709.59
10.22 121.73 0.14 5442.45
889.31 542.64 0.10 6201.31
204.27 857.89 0.15 3294.78
301.56 491.55 0.18 1790.56
166.92 674.97 0.36 8707.68
336.13 636.64 0.13 8087.53
140.24 953.51 0.17 8364.25
927.64 304.36 0.37 9926.84
559.65 66.00 0.11 5567.83
658.46 522.40 0.33 4069.18
756.43 38.93 0.44 1147.40
961.56 681.59 0.24 1542.01
361.33 150.53 0.33 9969.91
737.38 380.28 0.27 7074.89
447.98 830.88 0.13 7867.60
25.23 867.17 0.27 3639.40
714.60 187.31 0.20 2551.91
273.62 955.04 0.17 10691.97
413.87 706.47 0.43 10330.21
786.50 463.02 0.25 7548.57
346.29 342.58 0.22 6774.31
795.09 27.64 0.25 780.05
399.00 312.58 0.06 1507.01
668.20 751.68 0.23 8848.54
135.38 99.13 0.15 7012.17
168.08 438.22 0.21 6721.95
456.63 75.24 0.10 1689.03
12.76 701.35 0.32 3317.94
874.80 494.82 0.20 4258.88
829.23 142.00 0.37 5947.05
243.02 562.69 0.22 9830.83
799.94 481.62 0.25 1550.73
93.34 885.92 0.26 3497.76
659.19 958.53 0.17 3549.57
664.36 823.24 0.42 977.89
454.15 690.41 0.27 9619.82
289.29 127.86 0.24 5589.09
114.33 455.43 0.38 9859.87
148.64 311.98 0.11 1913.48
699.89 499.98 0.37 4479.31
771.10 13.75 0.05 8317.91
598.41 201.43 0.19 5248.69
256.94 20.18 0.05 3557.56
510.95 266.60 0.16 2037.58
133.17 577.71 0.15 3095.09
602.29 785.93 0.32 1686.18
717.70 460.57 0.19 7506.95
532.89 689.56 0.22 3064.32
418.43 117.37 0.13 2716.97
194.71 467.73 0.37 4003.86
933.44 234.72 0.46 4185.01
328.50 764.76 0.09 9901.40
276.45 351.56 0.26 6407.05
201.77 175.17 0.27 2101.01
452.59 292.99 0.15 4668.56
17.68 554.44 0.33 5124.02
560.36 416.42 0.03 1209.65
664.08 433.33 0.24 2672.36
761.47 792.62 0.02 5905.83
758.81 453.98 0.27 8587.48
730.49 259.12 0.42 8653.81
825.70 783.94 0.13 1245.75
131.74 143.50 0.31 4490.86
329.15 932.19 0.21 6268.47
121.12 119.37 0.28 5136.05
836.30 843.40 0.14 8599.60
598.17 371.89 0.25 3609.77
780.66 319.12 0.21 10409.30
257.65 677.61 0.28 9895.71
314.33 762.83 0.26 4535.06
864.02 176.82 0.18 684.50
604.64 982.62 0.12 7882.79
573.81 899.91 0.02 1048.26
183.05 172.09 0.07 8777.35
35.55 87.13 0.25 7142.31
705.76 303.00 0.17 9149.11
535.73 347.37 0.24 8947.68
343.39 352.16 0.34 5956.27
522.74 484.13 0.23 3212.81
482.72 657.31 0.27 8778.67
997.49 791.87 0.07 5047.54
290.24 485.91 0.07 4406.67
917.07 418.28 0.22 3831.18
96.10 132.86 0.34 10384.09
915.99 896.28 0.31 731.60
276.80 772.48 0.33 9775.02
434.75 39.38 0.23 2199.66
266.92 424.82 0.12 5314.63
904.72 273.74 0.20 4993.79
779.97 767.78 0.15 9623.75
536.70 33.23 0.17 3367.98
999.35 633.42 0.19 795.55
82.86 539.34 0.30 9390.92
938.58 591.26 0.33 6313.69
9.66 191.12 0.07 5797.08
956.26 20.47 0.20 10726.92
733.77 385.84 0.19 733.90
780.81 76.84 0.13 1401.70
260.24 255.27 0.12 2432.17
119.58 263.66 0.11 10048.91
394.14 687.63 0.02 5883.00
622.39 549.96 0.19 7144.95
981.77 684.06 0.42 9296.87
507.79 390.88 0.22 3551.98
882.86 753.32 0.22 896.20
539.42 275.19 0.21 5079.80
101.75 11.57 0.09 4987.24
367.14 559.74 0.22 8149.28
956.12 822.20 0.07 4172.35
830.19 291.71 0.21 10558.88
545.07 809.18 0.27 10199.63
911.86 883.59 0.18 8342.32
556.01 601.51 0.16 8516.69
321.44 196.37 0.10 10432.02
170.00 422.87 0.17 2404.31
42.83 321.19 0.04 3741.71
827.57 844.04 0.22 10241.97
346.12 45.09 0.25 7268.56
240.71 41.00 0.14 7242.54
735.03 496.63 0.19 1524.53
243.39 100.08 0.16 6166.66
896.59 48.90 0.25 4989.38
665.19 520.23 0.33 3022.93
227.76 416.98 0.14 4908.13
609.21 409.08 0.03 7735.64
165.77 140.28 0.23 5319.58
564.30 225.44 0.22 7546.70
470.73 788.05 0.16 4225.20
962.05 401.25 0.29 5121.30
859.04 25.97 0.17 1547.60
485.74 933.81 0.19 2757.73
677.10 15.32 0.28 7237.21
54.32 391.15 0.17 1025.30
156.55 780.04 0.21 2775.59
234.70 77.57 0.12 6391.82
986.85 585.72 0.21 8740.97
707.31 728.66 0.41 5451.94
350.10 452.13 0.31 1458.76
295.88 119.51 0.18 1884.63
826.33 466.40 0.33 3958.09
946.13 225.98 0.09 4367.87
726.83 21.04 0.34 6854.18
989.73 739.03 0.25 6783.50
787.67 787.69 0.33 1086.53
25.17 278.26 0.25 8894.91
883.04 22.07 0.33 5629.06
846.19 569.74 0.30 1730.63
213.12 576.23 0.17 4930.35
348.43 91.04 0.20 8470.58
231.65 588.01 0.27 7330.99
548.60 716.56 0.35 9583.38
20.90 978.65 0.24 9778.06
905.74 937.21 0.20 7395.32
788.73 721.23 0.08 2440.66
968.27 452.81 0.16 7053.60
917.59 875.95 0.23 3181.46
874.84 714.50 0.17 1670.54
809.00 962.55 0.44 6119.95
987.71 109.83 0.05 4590.61

11518.48508654796
