138.32 15.60 0.04 6901.89
114.04 83.50 0.18 7274.71
67.29 116.98 0.04 10720.98
14.48 137.86 0.23 2266.70
158.07 83.06 0.31 8030.88
118.61 260.62 0.43 3723.75
37.36 259.19 0.14 5491.97
49.42 225.13 0.06 979.84
76.51 179.69 0.18 2620.75
67.81 344.42 0.10 10242.30
80.62 564.00 0.23 8938.72
132.81 504.97 0.36 6667.67
1.80 522.43 0.28 2584.01
143.69 542.96 0.17 9001.13
65.30 495.56 0.42 6124.34
120.96 730.15 0.22 6380.69
70.08 709.27 0.32 6282.05
57.32 714.77 0.13 4472.66
120.60 726.76 0.18 5909.50
148.31 679.42 0.22 2266.47
167.69 937.20 0.20 4920.22
111.81 918.98 0.18 2603.52
168.49 867.90 0.16 9998.85
21.06 921.36 0.21 10476.23
136.96 969.65 0.14 2658.40
312.88 131.25 0.11 7804.34
265.98 63.89 0.04 6333.45
363.79 54.90 0.29 3108.61
287.99 174.64 0.16 4026.29
305.37 25.26 0.06 10128.17
349.28 265.02 0.31 6209.58
310.54 432.65 0.16 6067.80
239.76 281.46 0.11 4163.36
350.86 313.91 0.20 7822.06
394.37 334.39 0.15 4828.06
260.87 496.38 0.11 10108.06
254.52 570.16 0.19 3536.83
263.70 555.32 0.02 3634.28
252.38 593.05 0.11 10547.18
328.24 529.75 0.25 4296.97
316.19 659.79 0.27 6700.48
335.34 637.41 0.04 4297.42
342.13 703.40 0.08 8359.62
274.47 676.50 0.38 5239.08
340.03 661.69 0.20 2321.25
250.70 899.88 0.24 6079.38
340.78 908.78 0.28 5917.04
274.71 936.62 0.25 3133.37
338.59 896.73 0.17 4078.47
307.84 999.00 0.12 6578.88
522.74 85.24 0.16 8133.27
488.69 172.92 0.33 6037.66
480.78 82.49 0.17 2878.09
523.41 89.23 0.15 10405.97
573.70 127.92 0.32 2702.58
500.82 311.53 0.23 3045.49
558.88 370.01 0.12 5532.67
558.44 351.56 0.21 7240.38
572.21 293.40 0.16 1939.52
487.95 204.99 0.06 4879.62
521.59 512.57 0.10 4255.28
487.74 478.15 0.26 7225.56
540.10 475.37 0.19 1799.77
395.84 558.30 0.22 9982.99
478.19 462.21 0.21 3254.69
463.92 632.75 0.12 10091.14
497.90 689.27 0.14 1912.57
491.50 744.05 0.20 5710.86
539.63 597.94 0.10 9366.63
608.10 749.94 0.06 5370.91
524.26 882.85 0.35 4098.83
489.82 925.87 0.39 2976.44
511.02 902.69 0.31 6928.39
482.06 885.34 0.18 10365.05
503.98 915.58 0.19 5271.42
712.36 141.65 0.14 3736.10
729.96 85.36 0.22 2210.69
693.54 157.03 0.12 10030.73
673.99 8.46 0.15 9048.51
714.90 55.61 0.29 8540.27
764.57 307.35 0.17 9851.64
740.15 274.47 0.12 3488.73
678.71 325.30 0.13 4297.14
778.45 274.24 0.22 4723.06
761.77 234.43 0.30 7665.58
814.01 483.65 0.26 9533.57
751.78 440.84 0.07 9617.23
588.39 519.20 0.46 9880.10
786.68 495.52 0.16 9529.56
734.42 457.25 0.11 4428.31
622.61 695.12 0.31 5286.66
755.33 734.76 0.18 6453.19
704.71 596.85 0.33 9962.21
725.83 719.68 0.02 2507.61
761.31 738.78 0.09 9808.15
758.05 902.96 0.27 1964.97
664.99 944.74 0.08 3956.14
728.32 896.94 0.13 3243.91
606.12 871.32 0.05 4819.39
760.51 896.53 0.21 4828.23
916.56 97.37 0.14 10004.38
936.13 156.47 0.22 7494.17
922.54 90.29 0.37 6161.75
949.80 16.70 0.26 4403.39
920.68 100.02 0.18 9273.43
921.84 295.69 0.20 6864.03
884.82 313.37 0.10 3285.00
895.26 252.71 0.28 2530.35
852.86 285.59 0.10 2574.96
901.56 365.18 0.17 8973.71
896.34 528.95 0.16 10001.56
838.77 544.20 0.29 10215.51
983.06 473.19 0.22 8979.53
864.56 491.58 0.27 8287.08
871.44 469.83 0.11 9378.82
900.02 719.97 0.15 9369.80
973.16 746.09 0.21 6206.40
880.33 695.44 0.29 1988.48
843.59 673.85 0.18 9301.05
898.11 687.44 0.06 5979.20
947.11 912.48 0.16 8972.61
908.32 921.99 0.35 5187.52
940.36 977.50 0.14 4634.61
980.67 919.61 0.16 5948.90
851.60 891.86 0.31 10281.59
