103.50 173.18 0.14 5645.13
91.37 80.88 0.19 3341.47
221.95 50.76 0.33 3426.14
97.67 35.10 0.37 4528.57
68.95 126.76 0.35 2710.20
148.19 78.93 0.12 8310.71
164.15 170.15 0.08 9165.13
86.69 290.86 0.31 7840.06
55.37 314.39 0.03 9829.79
118.85 244.70 0.24 4409.71
42.84 345.75 0.10 6194.81
113.72 323.93 0.41 4123.24
89.55 340.49 0.26 2386.44
170.42 309.35 0.21 1270.02
5.03 464.88 0.34 5314.04
50.65 585.40 0.35 7818.97
146.34 524.88 0.40 4060.03
146.24 522.03 0.09 8806.25
102.80 451.11 0.17 1638.33
85.71 483.41 0.24 6739.44
100.64 529.72 0.32 8029.34
193.63 719.04 0.11 5448.87
94.59 664.35 0.33 7688.09
34.43 747.87 0.18 5628.55
58.80 738.97 0.24 3254.98
56.34 775.05 0.02 10553.40
61.96 677.71 0.26 5266.16
110.16 806.55 0.22 3324.21
5.97 969.80 0.26 5343.64
130.99 939.09 0.11 2071.07
147.50 845.23 0.29 10113.99
78.51 887.12 0.16 1802.62
195.29 980.10 0.30 4826.75
103.82 924.94 0.10 6810.39
33.57 931.11 0.19 5184.11
308.01 84.76 0.09 857.36
312.46 147.71 0.17 2904.27
323.60 150.41 0.32 985.60
311.48 41.24 0.17 5902.71
314.50 130.51 0.18 5271.87
240.31 74.24 0.04 9573.11
213.72 158.58 0.25 5419.01
237.19 232.05 0.21 3636.38
240.57 427.95 0.14 4631.51
313.20 283.72 0.32 4097.70
313.62 254.84 0.13 8192.38
266.76 313.42 0.20 5770.01
348.02 283.15 0.24 8759.76
295.51 281.06 0.21 2621.78
341.21 483.45 0.27 7119.36
317.57 555.16 0.15 1250.52
199.29 506.76 0.23 2937.69
277.36 524.79 0.33 1306.04
291.28 467.29 0.26 4764.20
313.38 641.36 0.37 410.09
368.42 607.28 0.22 3976.93
338.38 685.21 0.05 8726.97
385.25 613.83 0.12 9410.07
285.85 710.88 0.04 5111.02
263.35 676.94 0.11 3060.11
325.96 706.50 0.14 6503.05
318.77 709.95 0.19 4369.25
344.59 656.51 0.16 4756.81
261.59 908.38 0.22 8153.60
267.65 937.58 0.26 4763.03
308.23 941.46 0.01 5270.10
359.30 894.08 0.18 2478.62
324.82 853.43 0.19 4906.25
205.57 919.43 0.32 3808.85
252.81 902.43 0.23 1727.59
560.16 68.73 0.33 7086.53
499.03 108.48 0.28 6033.19
436.77 59.09 0.11 7145.96
586.16 20.93 0.17 7875.79
494.85 156.19 0.19 3011.74
520.82 78.97 0.19 5230.47
531.52 69.90 0.10 3894.11
558.20 322.43 0.21 7131.01
481.81 333.37 0.36 7906.99
502.28 343.21 0.37 6888.61
476.65 301.93 0.34 4765.22
523.08 374.89 0.32 5753.30
477.68 343.18 0.28 4300.77
519.05 371.15 0.06 10726.04
435.90 395.17 0.26 6088.13
525.77 490.49 0.14 2003.28
464.85 461.45 0.11 7483.47
482.45 480.92 0.31 10168.09
489.15 465.70 0.14 1578.21
394.65 499.41 0.15 2140.75
532.71 621.83 0.01 6302.44
488.31 645.54 0.22 6527.58
597.23 692.86 0.32 1215.74
471.89 712.65 0.22 3815.25
471.96 695.97 0.28 1487.90
594.26 724.85 0.31 3833.46
460.69 697.26 0.31 3964.13
401.32 650.27 0.03 7694.41
465.85 836.41 0.09 2987.05
483.02 894.22 0.07 3314.09
490.91 966.81 0.08 2719.75
500.23 917.32 0.14 5101.11
511.56 905.20 0.33 3697.28
621.97 873.12 0.30 6798.85
474.97 858.10 0.13 6964.46
660.49 67.92 0.38 6326.90
755.38 178.60 0.29 6674.14
735.54 31.94 0.18 6342.91
721.79 87.99 0.24 4151.43
769.79 190.13 0.31 3886.26
659.32 176.26 0.27 4217.22
697.01 61.08 0.29 5445.86
816.06 323.97 0.16 570.04
689.70 280.77 0.18 411.81
731.31 245.11 0.07 1848.99
651.46 242.46 0.44 9092.65
769.70 285.81 0.17 9564.36
676.36 316.76 0.26 6923.41
724.73 173.46 0.35 9409.83
680.76 555.43 0.24 7990.87
654.44 526.86 0.42 2606.29
648.06 488.48 0.14 9257.82
707.81 456.89 0.18 7283.88
620.23 503.50 0.16 5258.64
692.54 390.35 0.32 8513.98
686.28 473.05 0.24 4482.90
733.18 745.73 0.36 3542.02
648.59 728.47 0.25 7125.53
717.78 718.80 0.23 6182.76
664.03 715.90 0.17 2577.27
699.96 725.61 0.02 9975.93
672.55 845.07 0.18 7365.57
764.62 756.60 0.27 544.27
665.81 926.43 0.05 4493.20
657.20 885.91 0.29 5682.24
702.09 925.01 0.15 1645.73
743.37 798.36 0.15 3704.57
705.17 924.99 0.06 3957.50
660.71 944.39 0.23 6463.58
646.26 878.14 0.12 8940.27
999.00 24.25 0.05 9131.16
930.30 187.65 0.16 10361.95
856.11 13.50 0.34 4763.88
912.16 157.31 0.33 5373.46
884.01 52.28 0.11 1805.33
856.22 98.20 0.35 7921.01
839.52 72.39 0.26 5462.74
899.66 233.88 0.32 2792.59
951.73 233.52 0.22 6899.78
906.33 261.78 0.16 7388.54
895.64 259.91 0.05 3769.39
886.08 328.72 0.25 7280.01
878.47 380.47 0.29 4800.52
859.44 367.62 0.17 4392.58
871.67 494.36 0.19 10765.03
872.42 582.52 0.17 4457.95
916.68 536.53 0.09 472.21
830.84 512.05 0.35 7313.51
975.33 398.96 0.26 2746.98
889.20 516.11 0.21 9605.03
926.25 487.72 0.18 2052.89
917.48 612.65 0.08 4774.05
919.59 658.45 0.05 6249.37
937.81 711.23 0.01 8183.44
957.92 624.26 0.23 5578.43
855.23 681.59 0.18 1592.54
885.09 642.37 0.24 7468.14
958.35 659.13 0.18 6456.89
981.59 877.74 0.15 8503.05
866.71 910.45 0.08 2901.56
943.88 831.21 0.18 10776.43
887.63 936.54 0.14 5612.68
892.28 940.97 0.21 7968.93
999.00 950.24 0.14 7399.18
929.25 913.69 0.46 5927.00
