102.98 54.00 0.33 6591.00
104.93 139.59 0.11 7830.22
168.59 24.26 0.11 9101.79
71.49 71.36 0.16 1870.04
40.87 74.27 0.34 3904.22
72.26 113.77 0.07 4012.62
185.34 380.81 0.22 6324.27
49.31 280.01 0.08 7858.04
212.84 356.89 0.10 2910.50
196.42 296.55 0.29 5421.39
95.05 295.95 0.07 5950.65
44.91 259.47 0.20 4659.26
146.37 485.33 0.28 8693.60
70.30 517.55 0.26 2762.93
151.14 525.84 0.20 918.74
144.13 535.78 0.14 7089.85
145.86 434.41 0.21 3348.29
118.36 458.86 0.23 4148.12
193.20 701.41 0.22 7973.18
157.78 666.79 0.14 8271.19
81.17 660.03 0.11 2581.37
64.00 685.62 0.08 4678.35
123.51 646.13 0.23 7990.33
156.08 661.61 0.20 2176.33
85.82 898.83 0.23 8100.39
82.12 867.52 0.25 3833.85
78.57 858.94 0.27 6111.75
79.18 848.05 0.23 4099.84
184.04 921.24 0.23 3397.17
37.26 855.85 0.27 2082.16
253.76 74.83 0.13 5524.25
259.54 115.71 0.23 8928.17
246.83 144.34 0.32 5580.90
288.69 72.28 0.23 2739.66
315.83 108.99 0.17 4588.43
262.12 32.85 0.40 5657.19
294.59 334.65 0.30 3407.05
321.03 281.16 0.18 8221.39
255.36 357.00 0.10 7592.05
283.60 216.44 0.22 2994.31
286.62 284.63 0.49 764.43
276.36 293.14 0.37 4584.14
257.31 458.18 0.14 3863.32
297.49 542.06 0.27 1953.49
303.67 435.66 0.22 1417.76
287.11 547.87 0.10 2573.10
263.28 491.66 0.21 4480.65
373.05 511.91 0.23 2486.27
324.59 670.66 0.30 4189.57
353.85 652.05 0.26 3774.84
248.06 714.64 0.10 869.43
303.26 683.04 0.14 10200.42
290.00 665.90 0.17 6725.19
337.25 691.13 0.28 2369.76
379.83 911.62 0.30 4798.37
380.32 921.97 0.26 2240.21
237.77 843.52 0.15 8632.30
254.18 857.43 0.29 2579.01
298.44 891.06 0.18 2703.29
260.46 842.54 0.24 4561.81
611.45 186.54 0.14 2307.71
531.85 24.55 0.13 7459.86
566.83 1.09 0.10 5159.83
403.51 25.99 0.33 7478.38
406.61 145.87 0.15 5090.33
411.10 76.78 0.27 8658.32
469.42 278.96 0.20 6918.09
489.01 285.55 0.19 7242.43
443.81 262.63 0.12 9071.83
495.69 293.54 0.23 9454.01
474.66 278.13 0.20 8301.62
493.94 356.42 0.26 3712.67
536.88 495.67 0.25 6035.18
511.34 532.66 0.36 1817.48
473.05 536.08 0.16 3590.45
539.12 472.80 0.23 7812.32
512.24 466.26 0.21 6739.51
490.78 524.47 0.19 2154.14
525.80 707.34 0.08 8343.08
546.71 679.02 0.49 8756.38
546.55 640.61 0.21 10100.26
510.12 524.08 0.33 8053.83
458.65 671.54 0.15 7749.20
570.85 776.16 0.02 8275.18
482.41 965.32 0.08 6749.97
492.76 963.30 0.11 1749.87
428.63 933.54 0.18 2404.80
513.01 862.51 0.36 7000.18
466.05 951.47 0.14 2200.66
487.31 894.53 0.33 1214.11
778.11 82.61 0.14 2839.18
722.88 124.51 0.21 348.68
697.33 132.98 0.35 4794.24
706.45 24.68 0.20 6754.97
683.29 158.90 0.11 4836.58
688.50 112.65 0.11 7496.55
662.89 473.93 0.42 1679.74
636.43 244.44 0.25 4048.61
714.56 306.19 0.16 2584.31
675.19 344.58 0.22 9690.59
716.21 299.89 0.29 5136.33
733.52 387.09 0.23 7430.08
730.11 506.40 0.02 1364.47
799.98 468.56 0.37 9993.09
737.65 414.93 0.13 7917.16
811.08 514.76 0.25 5593.99
732.87 613.83 0.15 5789.50
724.30 515.83 0.25 3776.67
766.76 736.47 0.14 9006.17
667.67 703.29 0.26 9407.25
721.74 740.65 0.35 6524.86
751.20 662.62 0.06 8438.92
608.09 692.00 0.20 6494.54
677.81 695.98 0.12 5251.25
609.94 957.99 0.22 3824.27
788.35 920.38 0.16 6055.51
743.75 910.11 0.26 8469.76
688.45 848.18 0.07 2882.67
770.67 866.25 0.20 5387.33
683.40 904.20 0.25 6561.28
900.52 12.17 0.31 3672.65
872.23 41.68 0.22 3240.34
895.23 70.34 0.17 7784.91
850.62 57.70 0.06 8045.67
884.56 118.43 0.20 9355.87
889.41 139.43 0.05 6290.60
951.86 366.35 0.11 5609.46
957.21 186.25 0.19 2837.69
877.46 318.19 0.42 1260.51
893.56 249.16 0.19 1705.82
904.73 294.01 0.06 7184.62
985.69 281.44 0.29 4881.93
987.33 494.53 0.26 2813.50
902.75 522.42 0.09 6651.13
965.70 484.49 0.22 6433.55
882.25 461.46 0.12 5248.42
862.79 459.85 0.10 2130.82
909.28 470.54 0.19 7996.47
869.73 641.65 0.34 1850.77
860.26 685.54 0.19 10577.24
921.37 656.43 0.14 10508.97
908.88 652.16 0.14 4917.81
968.90 707.60 0.17 10249.20
951.29 685.52 0.29 3379.84
930.15 878.12 0.17 3092.17
870.31 851.80 0.17 9236.59
902.91 853.54 0.12 7643.25
901.62 915.88 0.28 2810.94
815.72 908.48 0.20 10705.82
871.62 910.39 0.37 7025.05
