64.70 38.17 0.23 9111.21
114.27 162.43 0.36 2967.57
97.66 6.86 0.22 8865.69
51.00 218.64 0.20 6606.46
107.55 280.80 0.15 2132.15
108.86 343.45 0.13 7207.81
110.75 334.43 0.32 5597.64
45.91 279.60 0.20 3622.67
86.56 517.42 0.27 3761.43
55.34 492.98 0.19 7716.01
122.13 519.71 0.11 4759.96
26.41 516.61 0.24 10203.86
115.85 694.72 0.12 4486.45
117.15 754.38 0.12 7527.58
63.72 719.32 0.18 9378.26
60.00 707.74 0.20 8518.11
89.47 950.14 0.11 8136.71
127.23 986.71 0.30 5314.90
132.06 825.40 0.13 8035.88
142.00 947.31 0.06 2900.28
407.33 123.31 0.24 7423.41
253.08 124.86 0.09 4794.46
238.10 49.70 0.35 9632.31
384.23 39.60 0.30 8273.56
281.76 382.78 0.16 9266.82
265.97 370.82 0.31 9122.60
200.31 394.73 0.22 6354.98
360.51 295.35 0.16 3321.71
219.53 501.59 0.38 10378.38
170.10 491.31 0.27 10074.44
237.49 583.60 0.01 10049.25
270.94 433.41 0.28 10125.88
282.75 665.16 0.23 5198.66
459.06 782.28 0.21 5701.07
336.49 684.03 0.11 10681.45
424.13 686.18 0.24 9284.48
503.02 948.00 0.03 3654.56
373.39 768.53 0.01 746.12
220.36 896.61 0.18 9453.25
248.23 960.11 0.19 9330.59
477.08 41.26 0.13 10258.42
513.36 76.23 0.12 4211.52
592.85 118.61 0.07 3260.14
487.55 137.67 0.32 8694.24
470.25 251.66 0.13 7515.24
534.94 342.81 0.52 8112.07
583.56 275.85 0.19 4853.32
475.08 318.81 0.30 2097.51
470.81 471.79 0.20 7630.35
430.24 517.54 0.16 1353.16
504.08 529.95 0.20 9831.86
541.50 558.20 0.09 7526.85
483.89 715.02 0.37 3671.37
539.57 639.05 0.23 9789.68
540.35 820.77 0.21 4952.69
553.37 623.32 0.18 4997.70
522.08 826.39 0.04 3182.60
596.78 887.16 0.19 6062.57
536.96 884.35 0.20 6853.69
556.31 894.92 0.27 5386.72
689.52 172.35 0.20 6282.68
669.55 11.78 0.03 6763.36
683.14 128.83 0.18 4258.22
707.53 179.26 0.28 5582.66
606.25 271.81 0.20 9423.95
794.03 217.54 0.13 8270.11
699.91 338.33 0.19 5156.76
743.35 305.68 0.12 8273.81
804.04 534.48 0.14 4986.87
770.01 485.84 0.25 10457.22
691.38 379.09 0.20 6275.86
717.27 556.00 0.31 5988.30
833.57 786.20 0.40 4418.65
725.97 694.58 0.05 8081.80
731.92 771.66 0.26 4797.51
755.04 637.51 0.29 5316.69
677.17 796.23 0.09 8828.91
707.92 900.26 0.33 8638.74
700.17 784.46 0.32 4905.30
695.29 933.57 0.20 6091.01
915.25 98.39 0.03 5308.98
939.60 149.29 0.34 7094.76
875.43 37.73 0.19 3672.95
935.40 105.05 0.09 8286.48
816.84 359.29 0.09 4140.79
832.92 165.69 0.09 7613.31
928.49 303.57 0.37 3401.36
998.81 345.87 0.22 1970.25
897.62 485.92 0.33 5824.97
861.93 452.55 0.26 10219.81
805.11 521.93 0.25 6582.95
900.72 439.93 0.13 9814.81
948.73 700.27 0.30 2381.44
945.12 688.80 0.26 7274.55
999.00 646.21 0.07 3522.28
884.49 732.64 0.23 4154.12
933.80 858.53 0.34 2305.20
854.45 910.56 0.16 9097.77
874.48 942.02 0.17 8694.46
855.96 901.02 0.29 6039.25
