47.82 332.49 0.17 6025.80
740.94 706.01 0.07 6768.77
72.44 574.36 0.49 7509.96
525.68 597.16 0.40 8590.77
650.22 950.26 0.17 6051.33
388.39 761.55 0.01 8412.92
706.66 758.51 0.23 7239.86
575.23 382.61 0.43 7526.12
271.47 943.87 0.03 7052.88
357.54 2.72 0.11 7658.10
141.23 411.46 0.16 6901.71
18.44 629.36 0.02 6165.38
397.25 68.75 0.36 6143.62
749.39 391.98 0.40 5012.86
223.16 319.92 0.21 8005.31
585.77 20.79 0.11 5023.08
632.96 922.88 0.02 4436.58
328.72 213.14 0.60 5799.31
327.94 95.82 0.14 6449.17
256.07 110.39 0.20 8957.53
695.05 869.92 0.02 7381.09
807.55 67.80 0.35 6957.93
444.17 601.19 0.39 6865.90
403.91 993.65 0.36 6505.68
99.56 601.95 0.57 5674.08
471.54 600.10 0.13 5430.42
974.04 549.51 0.54 6994.48
167.36 11.63 0.03 5669.10
210.18 75.73 0.17 7415.05
921.54 316.40 0.00 10065.02
435.90 489.45 0.28 6825.08
225.91 574.65 0.40 7360.41
168.19 904.40 0.24 7677.06
714.56 880.79 0.37 6836.58
617.12 268.31 0.32 7720.96
699.95 970.88 0.11 6210.50
427.98 589.71 0.17 8486.82
223.06 549.62 0.01 6941.17
690.76 810.89 0.23 7950.81
402.95 935.93 0.52 7237.67
941.29 339.85 0.35 6636.05
67.01 827.27 0.04 6391.91
452.44 828.15 0.55 5392.73
951.09 868.36 0.22 6185.73
282.92 837.96 0.40 6804.62
526.29 155.39 0.15 6306.92
313.91 984.81 0.34 6692.87
612.88 725.51 0.44 6006.02
677.00 242.27 0.41 6309.12
542.05 750.28 0.12 8603.40
346.26 173.35 0.13 6371.11
411.70 622.04 0.24 8305.65
889.92 438.89 0.46 6575.43
527.99 552.86 0.02 6792.50
127.42 937.00 0.16 7249.34
24.82 516.47 0.21 7495.79
169.68 221.64 0.24 4544.38
258.23 791.54 0.31 7346.90
414.12 458.57 0.50 7763.80
968.14 296.40 0.35 7133.50
248.98 820.57 0.26 8988.17
499.92 703.94 0.19 7499.12
382.47 496.49 0.33 7765.03
945.31 303.14 0.23 6463.33
87.50 466.90 0.59 6406.79
371.10 102.89 0.43 8117.38
262.86 846.18 0.58 6472.54
549.32 890.22 0.05 8330.27
921.24 721.76 0.09 5137.81
79.93 16.86 0.18 7799.85
451.60 296.47 0.53 10431.07
858.03 434.72 0.37 3588.45
267.56 152.85 0.30 7913.11
92.86 243.48 0.37 6554.07
204.03 526.08 0.43 6655.50
649.95 889.70 0.18 6397.20
510.83 28.44 0.57 6781.42
794.66 705.68 0.01 5567.99
139.01 393.05 0.15 6647.88
237.01 934.27 0.46 5732.97
396.25 784.63 0.59 6654.74
294.23 30.81 0.09 6874.37
60.48 748.73 0.32 8448.20
502.49 32.19 0.27 8468.42
140.42 353.48 0.18 6031.64
758.67 960.98 0.28 7796.24
431.60 646.77 0.20 7747.29
188.30 975.18 0.22 7634.72
343.62 469.22 0.31 8616.15
788.93 368.41 0.38 6029.64
749.51 545.72 0.36 8155.98
543.11 10.53 0.42 7756.29
736.76 710.12 0.22 8161.16
409.20 333.64 0.46 7611.41
45.15 900.84 0.42 6343.39
142.31 299.85 0.11 6355.30
528.34 163.23 0.05 4995.75
347.90 661.76 0.21 7199.31
913.26 737.27 0.21 7144.11
876.18 721.66 0.49 7431.19

15517.68
