859.08 87.84 0.01 6174.23
550.73 587.56 0.14 6347.43
727.32 470.90 0.07 7330.56
203.85 85.89 0.19 7938.97
169.35 438.95 0.16 9641.23
850.19 898.68 0.26 6134.58
47.20 157.77 0.14 5631.34
628.02 606.11 0.02 6356.40
680.01 68.82 0.20 6877.76
874.18 656.81 0.27 5508.65
590.95 897.69 0.24 8092.27
668.18 926.13 0.27 7968.41
255.09 233.33 0.36 5665.85
488.56 609.41 0.20 6027.50
373.60 393.39 0.12 5201.23
629.15 4.29 0.08 8040.58
645.20 133.09 0.38 9490.04
862.71 653.73 0.05 5440.79
772.90 335.34 0.12 7486.18
170.27 711.63 0.12 7133.92
366.63 649.66 0.13 7733.00
76.25 327.48 0.21 7955.21
664.24 373.93 0.14 7003.35
801.36 659.29 0.24 7031.43
517.04 799.39 0.20 7196.64
825.04 836.71 0.43 5150.20
810.96 874.67 0.22 9313.44
393.33 811.01 0.30 4903.63
961.40 93.70 0.16 7405.20
778.32 535.55 0.14 5721.69
998.02 804.74 0.24 7145.54
104.05 33.72 0.28 5312.79
572.63 155.86 0.26 5194.47
356.30 207.54 0.11 9646.21
203.40 593.15 0.20 8565.59
214.47 533.35 0.34 6911.05
331.97 3.97 0.22 5831.98
894.35 971.35 0.26 4066.45
297.79 927.84 0.35 5532.80
805.38 901.09 0.27 6583.81
38.08 583.12 0.26 6531.07
514.93 312.62 0.28 7410.62
334.25 201.53 0.21 4439.56
607.47 529.47 0.24 6652.24
738.71 115.46 0.26 5154.37
535.88 430.87 0.01 6750.64
727.55 310.58 0.31 6773.71
971.85 875.72 0.20 6599.28
226.71 480.70 0.24 7511.17
344.31 805.66 0.12 7408.50
302.10 394.33 0.07 8626.71
7.66 293.84 0.36 5317.37
696.22 986.41 0.18 7058.47
748.93 741.37 0.18 5024.46
853.28 47.70 0.27 4529.18
720.10 679.12 0.25 5919.57
670.39 631.35 0.33 6903.39
199.29 532.37 0.22 6274.64
635.99 529.29 0.22 7043.68
860.36 91.34 0.06 7431.24
127.13 528.17 0.25 5359.31
747.97 530.80 0.20 8461.02
877.98 828.01 0.01 8295.55
77.55 345.95 0.23 6787.20
494.23 67.94 0.07 7756.68
946.06 601.45 0.07 8830.51
570.09 356.80 0.19 6511.73
714.40 178.44 0.18 5901.60
849.81 603.99 0.15 7201.83
636.82 3.80 0.01 6289.85
846.14 359.96 0.25 5987.96
283.86 174.50 0.28 5717.88
599.29 380.35 0.10 6975.00
2.22 790.37 0.33 6064.74
718.69 723.95 0.15 4776.02
895.57 922.73 0.25 7558.58
177.65 101.25 0.31 6116.43
858.14 203.48 0.01 5548.52
640.88 718.13 0.15 6211.50
714.26 780.31 0.22 7207.15
767.83 125.75 0.25 6016.50
424.89 806.08 0.16 6669.53
243.45 574.13 0.28 5384.97
258.78 235.11 0.03 6385.71
745.37 436.66 0.22 5895.38
509.62 890.53 0.38 5878.39
372.73 687.51 0.31 10711.12
308.50 989.90 0.21 5233.95
999.14 717.79 0.13 5341.07
956.96 495.60 0.27 7186.45
732.92 216.98 0.06 5811.45
571.12 503.77 0.27 9066.70
160.58 195.25 0.38 7138.98
977.21 344.07 0.45 5861.60
29.11 335.89 0.23 4322.48
430.01 619.22 0.21 5286.14
231.59 632.56 0.22 5400.43
819.46 240.54 0.34 5048.71
781.46 365.45 0.13 6756.60
792.44 659.17 0.49 6140.92
615.54 180.78 0.15 6190.94
459.51 829.14 0.35 6006.33
597.93 784.13 0.20 7020.20
171.35 691.29 0.26 5743.63
308.51 547.55 0.26 8061.49
729.76 815.44 0.25 6389.65
239.26 830.04 0.22 6021.73
193.51 123.33 0.17 6487.50
669.19 5.80 0.05 4920.36
513.89 157.04 0.04 5909.22
164.48 36.81 0.10 9969.89
97.71 672.12 0.21 4939.31
279.42 604.25 0.04 6948.98
535.88 706.07 0.15 6276.09
327.49 54.42 0.36 6821.95
318.80 956.38 0.24 8974.39
7.44 300.46 0.08 5968.61
381.89 624.98 0.25 6938.63
148.77 683.49 0.23 5758.48
97.79 621.46 0.14 7813.53
70.64 145.41 0.18 6040.27
734.85 998.52 0.31 6911.49
381.86 784.68 0.17 8338.23
912.65 926.73 0.10 5610.24
485.71 797.50 0.19 7127.29
914.88 228.74 0.31 6246.80
740.33 791.87 0.25 5745.69
210.95 561.57 0.22 9658.23
884.38 300.17 0.13 6256.79
837.09 348.11 0.30 7050.49
283.59 74.56 0.22 6490.62
564.44 1.11 0.19 6502.07
708.18 728.62 0.15 5891.49
55.78 508.25 0.04 7271.49
706.46 453.59 0.14 7138.76
790.08 442.74 0.09 7665.30
810.72 280.61 0.19 7091.64
799.33 423.39 0.32 6833.36
689.96 987.01 0.21 8703.02
84.89 143.75 0.05 7092.37
496.22 503.98 0.14 6707.53
643.40 783.76 0.12 7792.21
368.17 321.52 0.13 6229.07
558.89 581.95 0.06 6710.56
825.10 126.10 0.21 7226.49
567.22 914.38 0.20 7636.07
867.21 779.29 0.21 5211.88
104.97 270.76 0.29 5082.64
585.89 459.12 0.23 6802.24
633.81 137.88 0.15 8725.73
543.84 673.00 0.16 7587.33
545.27 654.75 0.28 6774.76
995.67 198.10 0.40 7099.56
991.34 747.39 0.33 6990.56
868.80 599.84 0.15 9956.40
847.56 423.78 0.27 5649.63
263.72 165.25 0.14 6722.63
308.99 321.73 0.16 6502.82
765.68 343.37 0.14 6857.04
751.76 430.72 0.27 5798.69
495.32 387.20 0.10 5997.01
273.11 294.10 0.14 5352.93
431.65 726.53 0.25 6090.52
668.34 344.43 0.20 4328.47
725.62 236.64 0.26 5809.51
760.35 276.69 0.12 6176.73
198.45 6.79 0.09 4337.18
419.70 513.03 0.24 7279.22
705.60 754.63 0.27 6606.65
986.63 143.58 0.14 7140.44
986.32 487.79 0.27 5052.84
700.85 955.29 0.09 5890.53
727.28 331.19 0.25 8831.43
703.11 619.85 0.10 8679.42
11.81 30.00 0.36 6040.92
262.83 158.86 0.05 6230.38
353.07 320.71 0.05 7418.83
290.60 680.69 0.18 4420.31
934.88 969.32 0.11 6428.47
293.80 841.05 0.18 7623.85
14.17 576.34 0.18 5765.78
119.02 17.46 0.13 6215.55
962.72 679.85 0.02 8992.61
738.81 457.36 0.32 5602.23
371.08 252.38 0.09 5428.46
177.33 713.69 0.17 6862.25
909.22 768.43 0.27 5710.08
184.01 435.57 0.24 5724.20
939.82 256.86 0.08 6164.92
564.79 947.00 0.31 7695.30
866.40 199.07 0.28 6253.10
396.78 501.92 0.33 6256.09
567.47 321.62 0.20 6283.75
911.96 308.06 0.29 5932.37
763.47 510.20 0.23 6499.89
244.94 184.11 0.11 8651.57
822.96 550.55 0.15 6543.89
341.63 983.79 0.14 6885.00
156.40 691.30 0.12 8412.47
429.32 597.78 0.04 7305.24
