460.75 288.51 0.51 4698.86
903.52 808.86 0.49 660.37
436.82 700.63 0.44 7536.23
134.88 366.29 0.41 10082.76
751.39 434.69 0.51 1107.87
201.22 680.12 0.19 6181.38
814.12 462.89 0.60 10434.86
246.38 177.55 0.47 4240.54
552.69 643.89 0.47 9687.07
958.18 619.03 0.59 7978.41
61.69 217.49 0.30 9264.55
293.47 957.17 0.36 2157.08
897.34 951.63 0.54 -107.14
705.78 616.29 0.57 6893.75
887.02 349.33 0.44 8511.67
774.92 89.04 0.40 -367.68
800.61 386.04 0.60 5406.79
457.11 913.21 0.48 7184.32
349.52 882.32 0.48 6230.91
67.62 265.98 0.35 7508.90
631.99 988.56 0.54 10558.75
763.44 466.35 0.40 -123.44
407.67 230.05 0.60 4772.87
218.49 314.89 0.43 7386.41
115.83 31.01 0.19 8383.46
827.72 518.37 0.50 6302.26
135.50 528.84 0.43 9156.36
582.71 383.98 0.60 6172.51
214.55 929.51 0.40 4524.69
767.85 284.31 0.57 6004.36
983.75 699.97 0.42 9891.34
561.42 544.95 0.47 5608.63
780.29 705.22 0.56 -1712.28
115.13 354.42 0.51 9228.41
658.92 531.61 0.56 10645.54
405.00 926.90 0.34 2743.42
284.80 502.84 0.60 7435.98
117.14 586.74 0.48 2589.43
550.50 439.48 0.44 7580.73
831.79 720.21 0.48 7101.27
440.33 790.82 0.43 9253.09
390.00 995.92 0.32 1351.95
88.18 601.04 0.52 2204.79
401.99 392.14 0.47 8018.27
737.65 681.98 0.48 5327.87
661.05 885.48 0.38 2300.02
337.92 830.16 0.52 -40.06
584.34 734.56 0.41 12.24
39.48 348.73 0.31 9956.02
149.63 110.13 0.53 5511.02
470.45 79.74 0.48 9708.92
36.69 919.50 0.47 -542.79
769.70 590.28 0.52 7346.57
367.14 192.08 0.55 512.15
666.08 1.68 0.43 5617.25
94.03 522.22 0.57 8170.69
976.10 666.82 0.40 3522.71
167.67 310.62 0.53 5262.73
641.64 469.24 0.42 7809.93
32.19 749.45 0.36 10063.66
577.97 808.44 0.60 2851.77
57.46 524.90 0.48 2700.39
264.35 567.05 0.60 8316.86
145.33 916.01 0.40 1834.64
889.56 631.00 0.45 9157.69
947.56 817.72 0.60 9134.16
600.36 443.68 0.45 7222.64
266.03 395.59 0.52 7239.33
205.20 608.04 0.51 7571.14
624.85 673.81 0.55 8776.60
228.35 652.29 0.60 4724.97
927.24 163.53 0.38 9298.88
418.11 554.91 0.50 9730.10
212.33 690.71 0.60 3496.05
828.72 520.28 0.50 9458.39
178.75 747.54 0.50 5790.60
945.40 388.24 0.52 10660.70
358.66 614.07 0.45 10226.47
467.62 761.41 0.60 10388.43
3.17 165.48 0.48 2940.95
160.50 406.55 0.40 8882.95
623.35 429.91 0.60 9959.33
627.45 556.09 0.50 5096.73
727.41 78.55 0.32 5917.14
805.33 793.02 0.57 9208.89
887.16 156.48 0.44 4726.38
267.30 202.36 0.55 4862.93
672.52 74.89 0.44 2162.48
352.31 600.15 0.54 9960.50
668.85 373.33 0.60 1046.37
590.17 412.35 0.60 10489.04
615.88 673.43 0.60 1093.01
410.40 631.88 0.47 9874.36
999.72 980.25 0.55 3602.16
269.59 518.11 0.47 4193.32
435.14 563.12 0.51 6507.56
760.22 918.63 0.43 6716.04
188.97 100.51 0.60 3181.32
635.37 472.21 0.51 9834.91
964.56 659.39 0.56 7428.04
878.13 85.60 0.60 6430.03
530.74 260.56 0.40 1271.97
888.06 964.36 0.48 1995.95
995.28 873.46 0.52 3537.83
846.97 969.42 0.60 4554.79
622.17 417.66 0.40 10577.98
892.25 433.57 0.39 5898.34
193.45 334.51 0.41 3079.65
627.37 225.46 0.60 9962.24
203.42 724.50 0.40 7952.18
351.85 870.36 0.35 10652.47
127.67 17.36 0.58 10624.35
348.96 252.93 0.57 3831.06
79.54 275.30 0.49 9776.35
635.20 74.13 0.42 -1039.89
643.82 237.58 0.52 5697.80
918.55 319.64 0.51 412.18
456.22 227.09 0.52 5983.07
770.01 511.43 0.50 163.80
617.65 144.62 0.39 9076.36
436.00 318.94 0.44 5314.67
258.73 176.27 0.59 6845.46
252.68 258.83 0.40 6180.24
400.76 601.23 0.35 6832.28
758.58 415.64 0.45 5381.65
514.87 130.56 0.60 8045.15
916.92 754.99 0.41 -476.79
796.43 420.29 0.56 9355.48
967.48 856.78 0.60 7541.91
607.02 689.59 0.60 6925.72
952.82 122.17 0.40 5428.92
780.33 756.12 0.60 7572.30
961.32 989.49 0.58 4417.32
440.72 84.18 0.51 242.92
150.56 684.20 0.42 3207.78
652.92 316.71 0.47 -1402734.17
344.95 902.76 0.60 9333.26
31.20 907.02 0.48 3347.28
977.21 570.88 0.36 4515.23
606.04 308.77 0.60 4011.33
547.87 889.81 0.46 9056.54
483.41 54.24 0.29 8950.12
400.34 56.59 0.51 369.35
37.03 317.15 0.58 6452.50
393.04 934.63 0.45 2339.01
213.29 852.76 0.36 8162.05
801.69 471.76 0.60 7789.45
366.28 164.12 0.47 8892.06
395.97 812.08 0.45 3689.12
380.00 517.18 0.60 8376.53
347.66 806.11 0.48 9592.28
463.25 24.83 0.43 1816.11
61.69 383.44 0.49 1190.17
632.98 461.70 0.47 5490.06
267.65 513.56 0.56 9139.74
6.17 940.64 0.49 7524.38
266.53 291.29 0.32 5735.86
996.86 567.36 0.58 6500.34
127.57 928.23 0.40 7890.15
753.56 244.48 0.46 6351.46
404.97 957.76 0.45 10739.13
115.71 733.60 0.48 6411.09
919.64 478.63 0.49 9098.31
239.61 681.49 0.49 -207.45
907.65 811.55 0.43 10739.79
960.43 19.60 0.41 4798.94
872.41 819.47 0.60 -42.84
292.76 977.52 0.38 7913.76
899.88 856.45 0.36 9669.13
714.74 417.06 0.58 3803.62
519.68 869.27 0.42 2273.98
837.72 270.25 0.50 9811.21
43.59 266.05 0.60 10733.72
294.24 371.09 0.56 5305.45
265.83 722.63 0.50 10628.24
608.72 753.97 0.41 4739.08
793.99 673.56 0.44 5514.10
703.41 101.29 0.60 2435.78
611.11 17.80 0.57 6374.39
833.85 220.21 0.43 10800.00
282.52 355.83 0.53 6437.86
610.02 193.34 0.46 6574.36
803.56 186.41 0.55 8493.02
137.38 787.60 0.60 10066.53
74.91 64.92 0.45 3817.73
222.19 434.44 0.60 3286.70
270.02 729.02 0.44 5769.13
280.71 560.90 0.52 6793.33
853.48 3.74 0.42 6439.84
298.80 903.39 0.54 2725.07
270.08 484.10 0.49 9850.11
262.59 226.15 0.60 10044.30
883.79 716.22 0.49 5270.45
904.20 322.06 0.57 3714.74
913.80 735.13 0.45 4768.06
966.72 814.86 0.53 10452.15
138.81 250.26 0.52 1707.33
329.53 320.96 0.60 4398.41
755.21 545.33 0.54 90.46
77.44 519.58 0.34 8865.10
