867.06 326.09 0.47 2393.85
810.38 49.76 0.41 4544.23
593.78 849.69 0.36 5871.93
73.96 836.65 0.59 6216.61
778.10 878.40 0.44 4936.11
494.29 137.81 0.56 5387.28
334.99 551.57 0.47 1005.71
566.97 725.40 0.43 4317.16
547.85 211.19 0.42 3380.75
27.17 916.91 0.42 3245.32
832.20 122.57 0.60 2624.43
578.30 626.78 0.60 7370.42
605.98 546.62 0.53 5988.99
175.92 606.93 0.60 4343.82
753.52 37.60 0.45 7856.17
781.94 250.17 0.47 6003.84
952.96 630.62 0.60 1039.14
627.71 746.55 0.54 453.49
625.91 554.54 0.59 2281.14
64.74 732.29 0.40 30.12
986.98 549.85 0.52 2138.47
613.67 618.74 0.49 2007.35
35.37 558.38 0.60 3462.07
412.40 702.65 0.40 4507.45
312.94 726.81 0.60 2156.28
809.81 452.72 0.46 8247.05
370.90 855.76 0.52 4713.47
600.75 300.53 0.59 7373.34
193.74 314.54 0.50 4319.41
750.94 977.88 0.41 4127.00
489.59 128.51 0.43 3719.97
855.45 586.61 0.47 2574.79
236.90 50.89 0.56 4525.20
286.34 517.93 0.37 5080.33
578.03 7.42 0.58 5339.53
463.94 1.39 0.45 5007.75
194.10 25.57 0.50 481.95
692.89 500.93 0.52 3758.07
738.29 99.94 0.46 5517.88
637.24 408.53 0.51 6589.83
922.48 645.01 0.54 2699.05
682.17 928.48 0.35 3789.77
995.79 786.61 0.39 5110.47
967.93 420.67 0.48 7464.52
368.08 485.07 0.52 4926.87
532.51 915.76 0.38 1244.15
849.20 113.25 0.35 195.17
503.26 553.55 0.56 251.84
389.38 773.63 0.60 4820.22
517.71 371.50 0.55 3148.14
600.69 204.23 0.53 3276.54
332.50 43.99 0.60 8690.42
10.83 415.69 0.54 4796.76
80.34 667.40 0.55 7548.42
145.66 658.41 0.60 5823.38
957.38 847.70 0.46 2103.64
743.44 389.53 0.58 5431.86
264.66 679.55 0.52 5047.36
3.10 447.56 0.53 9605.85
474.88 427.10 0.53 2889.99
477.81 39.28 0.60 680.66
529.32 839.80 0.39 7423.27
535.06 227.32 0.42 8025.21
424.38 559.12 0.60 9003.87
992.21 518.57 0.60 3294.72
630.51 25.98 0.34 4727.06
445.88 711.80 0.60 8504.39
444.03 638.98 0.39 2317.63
528.19 487.00 0.39 4274.68
656.88 620.95 0.53 10657.80
922.56 946.63 0.35 2554.87
481.33 580.90 0.50 7843.10
915.05 840.93 0.60 3101.50
621.59 865.01 0.45 3047.39
370.84 566.69 0.37 3202.58
837.77 949.99 0.59 2682.90
709.90 399.03 0.60 7017.93
186.44 153.94 0.41 5323.32
821.10 444.02 0.39 8449.56
133.63 194.98 0.36 2952.22
23.95 113.03 0.38 1429.63
824.33 265.93 0.38 3284.82
613.80 755.34 0.46 4045.27
713.93 193.79 0.30 2756.07
868.26 449.12 0.33 2706.23
817.17 99.28 0.38 7856.36
496.48 137.56 0.48 4186.56
414.91 313.17 0.54 5398.90
947.97 304.90 0.48 9213.30
808.74 708.42 0.41 8035.23
84.54 187.34 0.39 9749.13
554.36 46.26 0.45 6632.28
821.83 590.24 0.42 5976.43
562.76 203.06 0.30 4905.33
121.48 411.42 0.59 8689.15
178.48 363.20 0.55 5133.19
959.94 151.83 0.32 5208.48
972.89 61.35 0.38 3739.73
798.14 349.22 0.36 83.57
952.48 419.24 0.53 8150.89
