786.78 183.09 0.47 8728.88
694.93 184.68 0.60 3571.26
490.36 76.41 0.55 3080.90
46.10 548.82 0.60 128.72
707.22 425.91 0.49 189.42
214.81 60.59 0.60 1500.84
901.74 100.62 0.46 -100.24
906.18 964.61 0.43 2296.46
482.85 783.45 0.52 6772.02
766.79 188.31 0.56 7452.35
968.05 564.95 0.60 354.26
643.25 594.14 0.53 4161.36
944.96 195.48 0.41 5231.20
58.70 697.60 0.60 -349.94
646.38 873.63 0.51 2516.93
458.91 400.37 0.52 704.59
331.81 128.36 0.59 97.14
905.03 240.26 0.60 3980.93
386.69 92.60 0.28 3372.81
600.58 939.96 0.60 3778.22
663.78 678.35 0.43 5217.90
931.66 147.42 0.44 1625.51
560.61 590.43 0.53 4795.83
555.87 618.14 0.53 701.43
857.17 343.60 0.32 2790.40
656.08 790.58 0.35 4954.13
74.98 176.16 0.56 4763.23
404.53 884.00 0.48 4600.91
696.25 994.99 0.60 5118.02
283.62 165.46 0.60 3858.18
550.20 473.29 0.55 373.61
615.17 261.13 0.45 3553.81
772.14 276.36 0.33 2163.58
606.41 699.37 0.51 9836.19
901.27 778.86 0.47 2322.88
425.09 667.91 0.38 4338.87
310.10 491.20 0.54 1456.81
640.26 79.44 0.54 6151.71
885.70 190.05 0.57 2296.50
589.35 66.21 0.48 3157.94
869.53 321.88 0.60 6631.65
339.56 482.78 0.57 197.66
116.91 90.26 0.53 636.28
942.37 263.97 0.55 10155.56
695.52 599.03 0.57 4180.17
989.46 67.83 0.52 2065.78
605.47 232.74 0.57 3935.79
137.52 824.76 0.60 10409.05
100.73 676.20 0.45 6170.98
717.28 611.14 0.58 -97.95
506.73 801.76 0.60 5838.01
364.38 105.12 0.53 -151.75
619.10 634.60 0.45 6412.95
475.04 922.81 0.32 2160.26
208.60 15.58 0.32 403.57
837.25 976.32 0.55 3662.48
251.33 893.48 0.55 4262.94
41.94 847.12 0.35 3608.67
923.58 785.90 0.60 6670.09
23.30 606.76 0.56 1069.69
152.23 268.89 0.37 3043.68
385.42 977.88 0.57 1249.78
500.70 847.19 0.60 4587.19
121.17 362.49 0.48 3925.99
168.85 281.47 0.40 2905.99
6.94 468.42 0.41 6348.42
741.45 532.36 0.54 5786.17
516.61 917.55 0.58 2902.53
668.12 575.13 0.50 6631.77
263.33 384.54 0.60 6334.77
681.90 151.77 0.58 7050.15
684.19 847.92 0.60 1378.78
719.12 300.28 0.60 3149.91
603.70 402.53 0.60 6733.79
510.05 947.86 0.56 3972.23
436.74 549.14 0.52 1872.37
992.10 930.09 0.41 433.13
894.71 430.55 0.43 5618.36
479.25 604.13 0.49 611.01
847.28 995.70 0.54 6201.04
448.68 866.40 0.52 3951.57
338.01 932.26 0.60 2874.26
289.60 826.37 0.38 3115.67
510.06 66.88 0.60 2827.79
147.50 408.17 0.40 5143.80
97.50 782.18 0.52 281.55
270.53 279.17 0.57 4970.65
308.77 871.71 0.31 6187.39
4.85 965.23 0.41 4399.60
10.34 810.09 0.52 10488.82
75.06 506.44 0.55 165.55
134.08 111.29 0.60 5042.75
9.92 659.57 0.35 334.61
118.52 498.66 0.46 8424.32
547.42 600.67 0.60 4860.53
804.17 860.00 0.36 2748.30
980.89 160.10 0.45 6267.78
682.12 69.21 0.35 4207.37
826.15 147.73 0.49 -21.47
949.48 800.73 0.48 5347.66
679.87 655.92 0.60 3132.46
898.66 746.74 0.46 529.45
393.60 706.93 0.55 -135.90
163.99 645.04 0.46 1594.66
735.94 287.17 0.41 5630.45
764.83 157.30 0.48 4097.04
782.17 851.04 0.56 2516.81
613.42 971.54 0.40 3806.39
65.24 183.96 0.32 2110.84
825.14 172.62 0.46 8659.11
38.95 269.73 0.60 5134.90
614.40 532.54 0.52 2453.96
999.40 327.85 0.49 2122.38
847.94 829.06 0.60 4494.95
126.28 984.54 0.42 5144.17
125.00 269.06 0.54 1443.65
669.29 204.11 0.41 1485.39
85.69 722.62 0.60 3109.80
725.76 118.37 0.50 6167.07
365.54 653.04 0.60 10246.75
704.99 941.01 0.46 9474.24
62.63 332.80 0.52 9067.23
715.34 619.27 0.40 347.64
190.02 677.49 0.59 4072.73
177.99 457.04 0.46 8873.36
