792.93 799.63 1529.15 0.55 
545.02 550.31 1350.96 0.42 
692.87 551.83 1419.76 0.43 
616.49 627.77 1123.50 0.22 
747.44 606.65 1431.35 0.57 
598.02 587.85 908.31 0.29 
642.57 587.91 2443.40 0.24 
734.84 634.00 1255.34 0.30 
710.15 694.57 1775.86 0.36 
643.70 844.91 627.01 0.44 
583.78 634.76 1971.34 0.28 
588.56 678.24 1821.32 0.27 
568.74 575.11 1573.41 0.45 
626.00 549.48 2479.77 0.62 
716.51 640.88 2197.04 0.50 
640.88 618.37 1577.73 0.30 
596.60 556.25 1024.92 0.46 
544.61 643.49 1365.04 0.42 
633.70 559.90 1359.73 0.27 
561.94 556.79 1764.33 0.43 
636.46 742.17 1510.50 0.40 
594.58 650.99 1062.03 0.54 
617.22 558.26 845.70 0.53 
578.75 581.17 1095.24 0.49 
634.72 673.39 1282.92 0.40 
742.95 571.48 1755.23 0.38 
608.42 592.20 1714.57 0.41 
597.10 792.49 1600.49 0.39 
621.18 604.36 897.12 0.25 
552.16 650.29 2283.35 0.34 
853.98 574.36 847.06 0.50 
598.95 743.78 1672.04 0.35 
775.31 741.32 2233.36 0.48 
565.92 624.38 1355.80 0.40 
548.74 606.83 1109.90 0.39 
763.48 595.58 587.04 0.54 
659.14 571.01 1935.04 0.37 
685.45 774.32 2009.32 0.59 
550.79 550.87 2051.89 0.34 
557.28 725.36 1176.77 0.44 
567.64 609.63 1112.63 0.34 
584.34 622.80 1973.90 0.37 
909.50 608.01 1398.71 0.31 
716.23 661.09 681.32 0.40 
581.28 621.52 1095.22 0.52 
649.73 614.70 1065.35 0.53 
688.76 599.86 1007.31 0.51 
572.41 566.86 1525.35 0.57 
708.25 576.69 1807.07 0.39 
799.98 557.66 1447.04 0.38 
667.44 706.35 1020.82 0.51 
565.18 612.45 971.52 0.45 
602.47 557.98 1728.31 0.31 
584.32 584.02 1787.07 0.46 
553.71 546.68 1695.83 0.46 
627.07 618.78 819.85 0.51 
636.31 679.58 1924.81 0.29 
612.72 569.70 1245.04 0.41 
705.41 615.71 2003.27 0.50 
669.75 647.07 591.75 0.18 
595.57 544.45 2624.28 0.39 
708.08 571.43 826.04 0.41 
580.55 570.42 794.93 0.32 
641.61 760.88 2023.78 0.45 
601.44 746.70 1083.12 0.27 
584.11 562.01 1666.22 0.55 
593.11 708.56 1158.96 0.48 
696.23 718.11 713.94 0.50 
644.06 671.73 883.01 0.36 
659.35 638.73 1254.45 0.59 
616.61 633.19 1626.07 0.35 
664.64 616.49 752.56 0.59 
636.11 556.64 1056.32 0.46 
549.89 589.97 934.63 0.54 
796.87 561.76 1318.90 0.43 
540.98 561.51 549.47 0.20 
667.35 616.08 1006.16 0.32 
586.05 676.67 984.74 0.43 
620.96 600.56 2061.85 0.52 
546.28 609.43 1394.45 0.46 
552.51 578.44 1174.22 0.39 
