628.73 651.43 863.81 0.40 
571.32 581.61 1162.48 0.41 
571.10 549.34 815.89 0.50 
599.83 658.89 1806.24 0.43 
575.30 547.93 1086.39 0.35 
579.77 720.15 615.82 0.52 
602.05 541.00 1513.52 0.43 
593.81 570.07 1323.01 0.38 
640.52 676.39 1498.67 0.41 
569.59 633.36 1643.53 0.52 
581.23 550.47 1474.97 0.44 
553.32 673.30 1566.63 0.44 
611.55 545.53 2057.29 0.46 
580.39 609.72 994.00 0.40 
577.31 631.14 1583.58 0.39 
627.99 610.43 1239.14 0.60 
563.53 562.00 1979.79 0.37 
762.34 552.99 1578.00 0.58 
554.06 580.34 1160.41 0.44 
584.09 595.23 1666.96 0.35 
604.02 684.00 1102.05 0.40 
598.23 563.51 845.29 0.38 
639.45 583.23 708.56 0.41 
638.83 572.00 2467.18 0.33 
577.86 542.01 1570.02 0.31 
553.06 553.68 1466.09 0.39 
630.25 584.70 2729.23 0.54 
600.03 618.32 965.07 0.54 
547.80 637.41 1064.02 0.41 
636.90 690.01 2790.59 0.52 
682.00 763.41 1651.66 0.32 
577.10 590.78 783.70 0.34 
616.33 611.48 1153.75 0.42 
566.76 554.35 2019.38 0.50 
592.85 550.47 1750.63 0.36 
581.39 605.34 1684.95 0.31 
668.05 692.61 3035.16 0.52 
598.98 556.67 1253.58 0.33 
777.90 553.28 1165.58 0.32 
571.40 735.62 1156.03 0.45 
691.28 636.21 1002.61 0.36 
568.98 623.60 1448.33 0.39 
587.16 630.11 577.15 0.30 
580.44 592.96 1933.31 0.48 
628.51 760.66 1175.44 0.29 
546.20 570.97 2204.48 0.19 
604.64 697.73 1570.83 0.37 
595.53 705.29 1927.43 0.18 
646.34 555.81 1588.27 0.44 
543.67 550.48 1634.98 0.39 
598.32 601.91 606.64 0.55 
548.44 558.58 1777.46 0.37 
669.23 595.20 689.58 0.34 
631.06 587.19 1219.82 0.33 
845.12 549.38 1788.31 0.47 
677.95 643.93 929.17 0.30 
601.27 579.99 1762.64 0.27 
590.22 709.96 859.00 0.34 
729.44 592.14 1093.76 0.54 
615.85 588.43 545.72 0.36 
670.52 540.18 2115.47 0.54 
570.70 652.45 1160.67 0.24 
675.80 542.99 1501.64 0.36 
787.48 700.53 1220.10 0.41 
559.84 616.29 1595.61 0.30 
585.97 597.90 975.60 0.54 
543.38 632.45 774.66 0.27 
656.84 671.56 1348.14 0.48 
754.28 609.32 1838.84 0.46 
631.52 649.10 830.28 0.42 
545.75 572.45 1457.63 0.56 
608.75 620.20 1604.09 0.50 
564.29 583.20 1022.04 0.48 
560.25 678.94 2574.96 0.54 
687.14 543.51 2496.32 0.26 
616.22 572.86 1677.66 0.21 
764.79 629.02 981.77 0.46 
587.54 568.07 1538.80 0.51 
672.90 688.72 852.26 0.61 
574.61 579.97 1768.63 0.32 
594.86 587.78 1155.05 0.38 
545.66 599.86 939.84 0.35 
619.17 649.64 2161.91 0.38 
584.29 673.36 2256.54 0.25 
574.19 548.90 2420.84 0.31 
543.52 674.72 2490.43 0.47 
588.25 744.54 912.95 0.44 
706.64 765.96 2161.77 0.34 
602.87 586.74 2205.75 0.48 
576.86 540.72 2057.84 0.62 
575.79 564.72 2021.32 0.23 
697.92 612.70 1481.44 0.37 
701.16 566.00 647.44 0.30 
556.69 642.21 1941.47 0.19 
566.51 548.97 2079.23 0.39 
706.89 772.47 1644.73 0.37 
721.62 638.95 849.60 0.45 
754.54 602.39 1258.02 0.45 
587.52 745.51 1440.05 0.32 
598.82 636.72 1917.29 0.53 
547.85 590.47 925.60 0.26 
653.64 762.57 621.50 0.24 
569.65 550.32 1730.07 0.40 
765.37 586.48 1021.89 0.43 
563.29 581.18 1713.34 0.53 
550.73 651.55 1372.23 0.24 
625.47 797.46 2476.76 0.43 
603.10 540.68 1607.45 0.43 
560.42 544.08 1625.63 0.42 
630.85 592.88 1643.32 0.24 
633.90 591.00 1354.04 0.43 
549.13 542.27 1133.72 0.28 
620.40 574.98 1143.28 0.44 
555.63 604.57 822.33 0.54 
583.03 644.38 1683.59 0.18 
575.80 662.61 1735.08 0.39 
624.87 615.46 1325.52 0.28 
743.61 651.88 1314.33 0.45 
612.49 553.29 621.18 0.52 
705.86 823.99 2123.86 0.54 
586.18 556.03 1043.71 0.44 
808.03 576.23 1157.85 0.45 
696.84 630.29 1364.61 0.26 
598.12 606.48 1596.20 0.50 
591.46 541.07 1288.24 0.38 
610.18 588.27 1076.01 0.35 
854.63 577.79 1885.17 0.56 
737.33 699.59 2389.29 0.43 
613.75 607.57 1261.06 0.44 
683.42 582.91 1755.91 0.18 
583.30 582.98 1548.43 0.56 
669.45 585.10 1976.40 0.29 
655.36 653.20 1050.52 0.37 
557.02 605.78 1723.44 0.51 
779.69 647.74 1576.99 0.42 
555.78 565.61 1940.30 0.51 
614.97 544.23 1758.19 0.45 
543.12 580.69 1684.81 0.44 
563.04 683.43 2333.57 0.29 
601.10 547.26 1011.08 0.38 
630.94 653.07 1077.74 0.30 
553.06 677.78 1974.54 0.48 
586.88 609.99 689.62 0.40 
648.29 678.10 1031.12 0.24 
627.02 541.95 822.04 0.38 
569.07 703.99 1824.07 0.34 
608.94 618.89 2951.54 0.42 
596.96 627.61 1457.05 0.42 
597.44 613.05 632.80 0.40 
698.23 548.18 1064.80 0.45 
586.62 615.11 1180.05 0.27 
