613.78 813.78 1032.05 0.52 
573.81 545.49 1740.84 0.35 
730.57 613.41 1759.40 0.34 
726.85 709.49 2299.15 0.45 
711.62 667.90 824.78 0.59 
546.98 707.99 1837.17 0.13 
718.25 711.79 1244.74 0.27 
635.99 583.93 1793.15 0.34 
648.56 556.34 1385.92 0.40 
557.50 550.41 1845.77 0.45 
591.42 800.17 889.92 0.22 
776.07 553.64 1775.58 0.37 
555.13 724.62 2170.66 0.40 
625.15 542.21 1063.80 0.36 
629.01 581.06 1460.23 0.45 
724.68 623.01 2221.44 0.21 
689.64 611.90 841.50 0.42 
591.00 690.71 1772.40 0.54 
584.00 595.59 1664.29 0.56 
561.63 570.67 1327.10 0.36 
605.15 555.65 1109.74 0.48 
