710.83 580.18 1008.15 0.43 
634.78 631.18 1716.15 0.42 
747.00 734.36 1937.75 0.21 
587.91 608.53 1796.35 0.41 
849.38 642.83 1887.98 0.51 
566.19 549.51 1533.02 0.41 
546.96 631.07 1809.44 0.39 
569.16 586.43 1956.85 0.42 
583.71 612.28 2496.36 0.42 
566.34 586.58 1642.09 0.51 
589.67 728.40 1407.87 0.40 
608.46 618.55 1046.44 0.47 
644.06 581.97 1229.03 0.39 
543.44 585.36 1112.68 0.41 
562.53 656.35 1091.64 0.40 
541.45 544.64 2409.64 0.47 
600.09 542.34 1851.91 0.39 
625.01 572.43 2651.96 0.50 
674.37 717.48 1264.54 0.16 
572.62 547.77 2015.76 0.17 
580.28 574.84 1895.07 0.39 
745.89 578.86 1227.17 0.51 
753.94 705.36 2281.24 0.50 
560.66 588.59 1687.28 0.36 
545.03 570.37 1996.69 0.46 
572.38 555.25 1770.11 0.43 
761.94 541.00 999.63 0.53 
727.27 583.83 609.19 0.52 
644.71 632.53 1385.29 0.47 
619.32 547.05 907.61 0.28 
601.93 603.05 1616.96 0.46 
704.58 542.21 1832.44 0.47 
573.98 627.93 1841.93 0.33 
603.15 617.60 1591.48 0.35 
630.40 585.60 1596.29 0.47 
632.78 624.18 1334.68 0.51 
709.52 683.44 697.62 0.43 
635.46 617.87 946.44 0.33 
697.69 658.19 2424.99 0.36 
583.42 541.57 653.41 0.48 
590.45 639.72 1557.79 0.52 
573.50 562.41 859.22 0.33 
584.28 552.45 1999.10 0.30 
754.57 611.66 1885.80 0.27 
580.56 624.41 1013.56 0.43 
660.06 681.99 932.22 0.60 
695.01 688.75 773.93 0.43 
579.62 583.27 1666.86 0.48 
551.82 571.20 1491.49 0.45 
552.77 633.80 1383.25 0.31 
633.99 665.70 2363.58 0.26 
593.08 589.10 1786.10 0.37 
571.31 653.40 2292.22 0.36 
607.09 639.20 716.74 0.45 
563.63 561.04 633.03 0.30 
553.39 594.65 766.20 0.27 
613.26 626.31 838.42 0.32 
601.58 542.75 643.85 0.47 
631.61 706.07 1651.13 0.41 
685.99 678.48 2534.25 0.28 
678.93 579.89 1850.66 0.43 
549.52 573.43 673.11 0.48 
766.28 745.77 788.74 0.41 
627.54 577.93 1425.92 0.32 
644.23 735.51 1779.65 0.38 
636.11 608.01 1797.74 0.46 
573.17 643.88 1953.45 0.34 
591.50 731.17 1676.48 0.28 
771.69 577.86 1717.09 0.39 
679.86 590.43 1859.80 0.34 
622.55 671.94 2301.91 0.43 
