696.06 631.01 934.22 0.44 
579.58 621.04 1908.25 0.28 
569.93 550.55 1233.29 0.33 
550.59 670.00 1213.61 0.38 
604.49 568.77 1493.28 0.30 
715.34 748.85 838.10 0.46 
671.17 629.46 903.42 0.49 
635.03 723.00 1936.05 0.40 
676.18 586.57 1714.85 0.48 
639.28 713.00 1597.13 0.46 
660.59 621.74 1505.74 0.64 
559.10 574.74 1380.12 0.56 
597.81 635.41 1975.96 0.43 
615.43 652.89 2725.90 0.39 
574.25 569.86 1237.86 0.42 
627.45 608.65 1955.09 0.26 
637.13 728.49 1207.42 0.27 
682.05 587.91 2099.81 0.38 
681.05 557.01 1180.22 0.38 
662.51 590.19 1976.87 0.34 
710.85 548.99 1339.34 0.39 
618.34 626.49 1538.89 0.50 
579.89 630.29 2499.67 0.36 
610.26 818.06 1159.83 0.51 
618.17 583.81 1005.60 0.39 
551.74 782.93 1803.70 0.51 
659.55 543.80 736.64 0.32 
561.53 699.40 806.23 0.53 
581.07 580.07 2218.16 0.32 
656.06 614.86 1442.85 0.46 
591.80 638.51 1194.30 0.29 
553.91 576.16 1625.03 0.30 
609.03 678.37 1550.22 0.16 
663.28 567.15 1108.27 0.36 
628.49 676.37 1099.70 0.37 
596.59 542.85 2030.29 0.19 
565.18 814.32 1073.39 0.37 
567.25 606.45 1689.48 0.43 
557.85 589.95 1729.08 0.35 
610.55 953.53 1891.08 0.31 
636.31 556.40 802.32 0.41 
570.00 623.65 1994.10 0.46 
671.47 897.29 629.53 0.40 
681.02 568.72 3029.22 0.48 
572.80 560.83 1041.11 0.38 
576.45 738.91 851.19 0.34 
540.96 540.06 983.69 0.37 
756.40 711.26 2048.13 0.46 
729.09 614.72 1463.08 0.36 
572.37 686.33 1863.90 0.27 
577.38 654.87 1572.10 0.42 
596.45 632.46 1542.73 0.34 
668.78 686.12 1243.41 0.27 
550.00 575.92 1821.04 0.33 
655.95 542.72 1889.10 0.51 
751.38 564.13 1290.51 0.52 
738.73 648.62 1470.00 0.39 
545.71 633.30 1831.74 0.39 
628.80 600.48 2162.18 0.47 
723.69 654.62 2710.83 0.34 
585.18 573.26 1410.11 0.33 
613.74 612.21 731.57 0.34 
552.00 653.12 1865.83 0.42 
740.65 563.05 1568.94 0.59 
572.14 580.84 1814.05 0.62 
627.25 551.93 2232.66 0.25 
762.91 604.69 1360.51 0.59 
623.14 631.59 1309.61 0.23 
557.40 552.60 1854.38 0.36 
634.39 599.45 1012.49 0.53 
553.31 657.90 963.29 0.37 
680.63 590.07 2106.94 0.40 
562.44 595.92 1338.17 0.42 
557.39 656.63 620.52 0.49 
674.90 608.03 1019.11 0.32 
602.90 587.19 744.25 0.44 
607.03 650.56 913.80 0.36 
769.45 784.54 1477.61 0.40 
680.89 602.33 1552.35 0.23 
598.53 601.83 915.10 0.39 
572.09 634.37 584.81 0.36 
589.21 681.04 1206.89 0.26 
705.55 552.20 799.12 0.57 
586.40 643.24 866.60 0.27 
583.43 584.63 1941.38 0.45 
565.41 635.01 2284.62 0.26 
584.55 654.35 2098.46 0.47 
629.90 654.31 554.28 0.50 
659.22 619.54 1320.83 0.28 
627.60 665.82 2089.00 0.42 
598.62 766.06 1754.25 0.32 
569.08 669.73 635.09 0.53 
660.57 764.78 2108.99 0.59 
630.66 722.95 2288.78 0.52 
584.75 817.19 1043.39 0.42 
553.61 647.94 752.68 0.54 
568.86 638.77 1358.41 0.24 
629.62 599.04 1012.18 0.40 
840.32 589.07 2511.12 0.40 
596.04 588.84 1588.61 0.39 
611.90 708.18 1285.72 0.26 
