647.60 636.24 1904.49 0.45 
675.95 542.39 2560.86 0.48 
548.81 646.39 956.65 0.44 
699.27 729.00 3059.64 0.44 
588.59 728.14 2527.08 0.43 
612.13 658.85 2027.49 0.41 
710.79 656.39 1102.48 0.47 
780.08 611.28 1115.72 0.52 
633.99 618.23 624.38 0.22 
618.58 620.66 1398.50 0.42 
643.98 620.30 1693.53 0.37 
570.48 610.59 1825.29 0.36 
655.02 601.81 1478.65 0.40 
637.88 760.54 929.42 0.44 
548.55 541.69 827.62 0.57 
558.50 765.97 2170.39 0.33 
713.43 673.04 2482.64 0.27 
803.48 549.08 1141.54 0.48 
623.89 583.01 1834.53 0.53 
679.12 551.15 1353.25 0.42 
691.86 677.15 997.00 0.33 
617.60 551.13 1350.64 0.36 
552.59 684.29 1148.89 0.40 
646.66 579.65 1463.43 0.37 
588.69 683.46 1640.27 0.44 
679.41 580.48 1766.72 0.40 
541.11 703.11 1116.89 0.23 
758.63 556.45 610.31 0.32 
655.47 624.60 1658.68 0.24 
563.44 732.25 1953.17 0.25 
651.92 569.35 1356.23 0.31 
565.29 564.63 1029.71 0.68 
747.81 769.27 1390.61 0.48 
576.49 540.71 1800.38 0.26 
617.63 642.34 1008.86 0.39 
775.61 610.05 2176.90 0.29 
669.66 544.43 1955.42 0.32 
622.92 571.82 1884.48 0.52 
678.87 740.91 1223.23 0.40 
571.56 550.93 1841.76 0.32 
655.77 607.19 1133.68 0.42 
704.13 700.97 1759.34 0.28 
567.06 569.81 1415.64 0.47 
621.94 568.88 979.90 0.36 
596.25 574.93 1833.55 0.32 
777.46 547.01 1335.75 0.35 
553.58 546.37 1614.42 0.43 
601.71 652.86 1215.55 0.32 
791.41 553.35 1251.18 0.39 
620.18 569.07 1171.28 0.61 
727.08 590.46 1391.98 0.43 
611.92 597.17 1878.26 0.44 
608.16 647.13 1690.73 0.44 
720.66 712.85 1391.27 0.44 
613.59 623.21 2333.31 0.32 
563.56 588.73 2044.93 0.47 
719.79 626.75 1208.49 0.40 
556.83 607.01 1553.67 0.35 
544.60 704.81 711.28 0.40 
621.51 611.60 700.43 0.42 
580.52 630.44 3202.52 0.43 
569.49 650.15 1957.27 0.58 
611.92 556.36 2154.44 0.29 
561.33 705.23 1000.58 0.42 
552.42 602.06 970.55 0.39 
602.25 575.91 2446.91 0.57 
614.36 645.35 1281.97 0.37 
602.19 578.60 1190.09 0.33 
599.16 580.42 1674.43 0.28 
622.32 631.99 711.20 0.37 
659.31 570.22 1457.74 0.39 
581.32 560.04 1974.45 0.49 
616.75 572.28 891.65 0.27 
545.27 616.93 797.54 0.42 
631.86 543.69 579.12 0.48 
636.24 671.16 2241.23 0.42 
615.67 559.33 1480.02 0.34 
661.01 620.31 1218.21 0.52 
666.43 626.42 1486.15 0.31 
731.27 565.77 1765.68 0.29 
723.35 634.42 607.34 0.34 
670.49 596.06 1918.26 0.28 
542.07 631.86 1291.30 0.40 
596.43 624.42 912.01 0.51 
598.49 702.09 601.25 0.34 
713.37 671.97 2587.49 0.23 
771.03 581.62 861.77 0.42 
566.35 572.07 1331.05 0.46 
596.81 618.69 970.03 0.43 
558.71 675.33 1778.26 0.41 
691.34 645.44 1888.32 0.43 
695.81 628.97 2932.01 0.42 
603.68 569.51 2127.84 0.43 
562.60 655.99 2124.48 0.45 
663.79 627.60 2411.59 0.33 
544.31 677.71 1346.78 0.54 
582.44 601.54 895.72 0.45 
595.73 541.05 1346.35 0.37 
611.58 635.42 870.59 0.51 
548.03 545.46 642.76 0.28 
557.27 723.86 954.34 0.33 
645.50 659.93 1548.68 0.36 
582.32 581.38 714.81 0.43 
674.48 623.92 2568.27 0.47 
549.50 747.35 1786.11 0.46 
643.98 784.22 1989.54 0.47 
614.80 763.10 760.73 0.40 
691.37 677.48 1584.29 0.51 
728.60 608.81 1188.99 0.32 
667.89 603.33 1036.38 0.39 
701.36 629.21 1424.52 0.32 
579.80 650.60 1917.76 0.45 
557.95 638.41 1978.62 0.62 
676.58 639.08 1247.62 0.14 
653.11 557.72 1761.05 0.43 
704.42 615.48 684.00 0.59 
669.64 546.29 1445.90 0.43 
588.55 683.57 602.62 0.51 
776.47 608.70 2452.81 0.32 
549.58 570.76 2195.60 0.37 
758.61 610.38 1612.68 0.39 
686.18 577.16 1218.62 0.51 
569.54 633.17 975.32 0.58 
609.01 625.59 2562.36 0.29 
764.42 635.70 2106.39 0.38 
664.76 606.14 2457.62 0.18 
566.90 551.41 1658.86 0.44 
570.46 609.91 1210.46 0.39 
623.13 546.48 1242.95 0.49 
644.98 583.07 1115.86 0.35 
723.81 650.55 1891.85 0.31 
621.11 645.94 973.34 0.49 
679.16 559.54 945.46 0.52 
581.25 546.41 1788.47 0.41 
585.93 566.76 2151.41 0.35 
573.92 559.62 1408.41 0.47 
640.30 588.77 971.84 0.44 
567.90 731.52 1462.30 0.37 
598.02 727.25 1002.51 0.35 
588.62 554.63 1386.35 0.43 
555.41 595.21 682.06 0.47 
620.70 779.09 567.80 0.32 
656.85 608.48 2563.99 0.38 
612.06 756.04 1376.96 0.40 
739.62 540.74 1699.50 0.43 
592.06 621.06 1515.20 0.32 
644.79 737.70 1426.64 0.38 
655.68 663.59 1229.74 0.47 
809.69 593.78 904.88 0.56 
540.74 546.48 850.26 0.29 
815.63 692.90 1062.49 0.37 
613.94 710.59 874.74 0.21 
545.21 612.50 1762.98 0.29 
659.88 581.57 1280.60 0.57 
545.58 553.24 1052.40 0.55 
603.21 567.49 939.83 0.49 
601.87 602.49 1116.06 0.15 
649.72 604.59 561.52 0.49 
546.72 581.19 1624.35 0.42 
584.93 583.19 1971.08 0.26 
707.08 683.20 1690.03 0.29 
635.39 627.17 1526.20 0.23 
605.76 548.52 1097.47 0.44 
621.74 576.03 1787.58 0.24 
664.13 758.63 1032.40 0.32 
551.12 793.73 1804.41 0.42 
562.23 599.46 1245.22 0.40 
679.17 745.15 1222.35 0.33 
621.67 654.66 1120.86 0.27 
540.95 640.98 1350.72 0.40 
596.96 662.51 809.84 0.40 
553.39 723.24 1426.14 0.51 
611.89 625.78 1890.48 0.22 
540.06 615.76 1820.86 0.58 
546.16 729.58 1427.44 0.36 
575.02 631.61 1292.16 0.35 
649.34 669.07 623.81 0.34 
576.25 701.62 1726.38 0.39 
596.89 704.84 1294.36 0.46 
621.20 679.76 1468.10 0.34 
704.82 567.41 1199.49 0.32 
691.12 552.30 2121.66 0.32 
743.04 665.86 1949.97 0.44 
546.94 631.13 662.58 0.47 
654.55 621.96 1248.15 0.21 
641.48 582.22 1290.30 0.43 
740.60 691.64 1178.43 0.24 
547.10 762.28 1523.32 0.39 
672.38 652.67 2016.69 0.15 
552.65 614.59 1670.87 0.24 
645.95 642.14 1731.47 0.25 
662.37 718.46 685.24 0.37 
678.84 642.49 1877.73 0.51 
658.91 677.89 2127.49 0.42 
775.94 722.39 696.21 0.60 
730.00 552.69 1933.57 0.43 
682.35 601.41 1464.71 0.42 
548.95 594.87 864.39 0.61 
701.73 673.27 1926.54 0.37 
572.57 668.27 750.45 0.38 
674.47 553.75 1658.66 0.44 
