594.71 602.87 1625.80 0.47 
608.80 580.38 1723.48 0.34 
659.38 554.89 1608.78 0.28 
730.97 700.42 1149.11 0.23 
635.57 639.39 2143.02 0.51 
682.78 667.44 1674.16 0.45 
641.86 561.80 2612.51 0.36 
623.75 681.87 1681.45 0.35 
717.32 573.38 1730.93 0.58 
549.13 582.46 1548.47 0.47 
664.25 617.56 1514.80 0.43 
603.99 827.89 2412.17 0.58 
550.85 596.32 1479.19 0.68 
584.57 548.14 1988.38 0.52 
649.25 580.76 1144.40 0.48 
607.07 573.12 1250.52 0.29 
586.46 590.32 1480.39 0.37 
573.53 586.76 1518.07 0.53 
652.79 540.84 1277.77 0.50 
572.04 707.10 1459.95 0.36 
656.86 665.28 2034.89 0.42 
559.72 569.81 1268.14 0.41 
595.08 692.18 1574.24 0.43 
620.44 546.88 2436.76 0.45 
629.05 605.11 805.66 0.38 
703.34 583.76 1564.46 0.49 
668.46 633.61 790.03 0.43 
641.44 626.53 1431.55 0.32 
599.83 688.82 1514.57 0.47 
574.59 561.87 1265.41 0.39 
574.64 569.29 1642.07 0.18 
685.47 708.86 801.47 0.32 
602.28 578.12 1347.55 0.26 
686.20 544.55 1266.24 0.59 
573.16 583.57 1495.43 0.38 
612.95 670.12 2436.45 0.33 
659.67 673.35 1570.40 0.33 
640.18 565.60 2034.78 0.41 
567.62 585.66 810.89 0.31 
596.19 720.65 2121.99 0.42 
642.68 638.00 1895.93 0.25 
564.86 579.13 2437.41 0.62 
591.25 673.44 1908.50 0.10 
543.02 657.35 1717.85 0.33 
620.36 610.10 1397.57 0.46 
552.04 568.54 2105.23 0.31 
604.51 684.86 993.20 0.31 
605.26 642.79 1795.09 0.36 
669.87 559.19 1238.64 0.32 
575.94 631.16 1022.25 0.14 
593.02 684.72 1022.78 0.40 
719.73 805.34 1816.00 0.36 
643.45 680.98 2194.05 0.46 
575.61 557.97 2459.98 0.35 
588.76 733.99 1632.51 0.52 
562.15 617.71 1261.17 0.30 
557.09 672.94 2011.54 0.23 
583.13 579.08 1553.14 0.47 
611.61 571.33 1286.80 0.39 
647.75 624.21 1001.32 0.23 
544.09 594.85 1977.46 0.24 
724.42 554.19 1229.61 0.19 
636.59 673.21 814.09 0.44 
737.23 593.35 2400.11 0.42 
756.15 687.23 1223.36 0.41 
576.93 670.47 2504.28 0.46 
659.45 601.55 1488.53 0.44 
738.07 545.52 1527.33 0.53 
633.94 614.69 1697.96 0.39 
552.16 557.88 1464.28 0.50 
663.46 657.60 1402.34 0.49 
653.18 614.94 2394.73 0.32 
590.17 590.01 1229.09 0.39 
615.00 699.18 950.53 0.41 
662.39 722.17 1986.96 0.32 
693.73 642.05 1409.09 0.29 
634.85 575.48 1390.64 0.26 
675.49 673.31 1442.09 0.50 
693.66 569.66 820.51 0.37 
556.46 622.61 2049.42 0.40 
586.81 749.77 782.67 0.29 
669.15 762.48 748.22 0.28 
576.79 873.80 871.74 0.42 
728.02 737.70 1373.16 0.43 
566.35 598.75 541.36 0.46 
549.57 566.36 3359.71 0.34 
711.37 677.76 1276.13 0.43 
779.30 574.99 1636.22 0.35 
570.41 608.75 1000.94 0.37 
737.65 580.88 727.51 0.41 
569.35 623.50 1191.37 0.57 
