640.33 635.06 1653.74 0.29 
563.84 594.21 1599.29 0.49 
568.49 550.30 1550.52 0.38 
602.92 640.60 1766.78 0.46 
632.71 639.69 1341.43 0.58 
714.55 598.86 1833.73 0.47 
561.72 671.48 2465.28 0.48 
598.10 706.90 1459.64 0.27 
661.05 594.84 1545.22 0.52 
575.91 575.15 2407.74 0.37 
737.48 550.01 966.60 0.36 
673.68 699.84 1000.22 0.50 
557.14 850.69 1444.62 0.44 
612.35 613.61 1238.32 0.40 
613.46 665.19 1054.18 0.38 
563.74 627.92 1137.63 0.32 
627.97 628.10 1828.60 0.49 
658.35 653.91 2854.24 0.27 
689.91 749.42 1151.31 0.52 
587.86 663.27 1750.54 0.43 
566.11 548.63 2119.63 0.31 
555.75 710.85 1467.00 0.42 
551.51 650.62 2014.41 0.36 
616.67 617.37 1972.46 0.39 
622.62 694.53 1162.41 0.27 
708.23 548.18 2908.67 0.21 
802.47 550.56 1258.26 0.43 
691.20 609.18 1596.35 0.39 
606.96 548.39 550.76 0.35 
652.25 544.89 1312.60 0.38 
711.93 685.67 1185.32 0.26 
