547.80 617.89 1413.66 0.47 
797.26 630.24 1360.41 0.48 
630.31 580.13 883.46 0.50 
579.45 578.31 1240.60 0.48 
561.61 563.81 1785.39 0.38 
655.06 570.51 1752.77 0.29 
617.77 637.73 624.02 0.36 
704.81 728.99 1490.62 0.47 
568.86 622.79 1031.12 0.42 
640.31 682.51 1146.97 0.39 
803.36 558.73 885.17 0.37 
592.44 574.21 2310.14 0.39 
563.84 548.52 588.21 0.47 
636.57 540.98 1485.31 0.58 
661.72 590.70 1905.28 0.38 
614.67 611.71 2219.91 0.36 
768.83 612.86 1239.41 0.60 
553.42 646.38 1595.92 0.31 
569.66 694.46 2726.11 0.51 
571.47 614.04 1238.59 0.42 
645.70 752.72 1319.34 0.40 
752.18 573.38 719.72 0.67 
549.22 615.00 1990.32 0.57 
590.47 625.61 679.31 0.58 
664.47 600.11 2046.54 0.38 
556.77 571.43 1822.89 0.46 
718.42 686.29 839.99 0.24 
750.57 766.14 1039.65 0.37 
646.59 552.15 1655.60 0.27 
723.53 586.33 573.66 0.37 
571.37 636.61 2378.18 0.41 
573.86 632.65 541.98 0.21 
584.14 560.05 973.31 0.32 
564.10 611.36 1166.96 0.27 
652.33 645.91 1165.70 0.50 
575.83 640.09 841.41 0.25 
680.81 643.13 2277.07 0.30 
659.86 640.03 1004.61 0.45 
610.07 572.88 1968.19 0.46 
577.21 549.62 1502.86 0.28 
575.59 664.01 1395.99 0.51 
