63.30 36.92 0.54 8657.92
80.01 293.64 0.53 1917.55
255.43 5.48 0.58 946.16
564.91 562.42 0.01 8510.00
316.62 495.70 0.55 8600.34
23.19 489.83 0.36 841.18
2.06 803.32 0.43 5127.78
450.40 770.57 0.55 6948.27
597.23 225.60 0.54 6367.03
681.62 611.70 0.46 5976.85
658.18 90.92 0.27 3897.66
870.11 390.26 0.37 2012.19
510.01 716.67 0.34 8601.67
383.62 52.65 0.47 9247.13
649.00 974.60 0.40 5589.87
272.12 889.26 0.50 6556.83
22.64 374.25 0.37 665.79
280.58 618.46 0.58 5889.61
372.45 305.60 0.56 10237.16
384.18 807.88 0.32 1886.83
194.66 218.88 0.44 2977.00
948.94 710.31 0.32 7499.12
954.74 195.57 0.54 3333.70
746.25 736.36 0.59 7411.85
583.83 711.32 0.42 1874.40
281.58 359.83 0.46 2644.14
159.77 739.25 0.56 6220.90
62.13 990.77 0.58 7864.77
726.83 814.56 0.53 4127.41
156.05 916.54 0.39 6888.01
177.42 515.57 0.52 5448.28
4.29 579.60 0.48 7906.74
107.52 173.50 0.58 3571.02
489.01 506.45 0.27 2272.69
416.27 365.07 0.53 892.90
813.68 353.65 0.49 8921.39
108.33 762.04 0.36 2447.79
171.29 438.45 0.52 4497.82
343.73 503.72 0.48 4872.47
942.36 673.09 0.52 6447.74
789.18 602.08 0.51 2199.07
201.20 150.15 0.53 5325.39
85.75 475.00 0.51 3986.92
845.71 707.34 0.49 4095.30
898.11 800.37 0.56 1692.36
268.37 651.93 0.48 10682.92
199.51 717.63 0.53 7478.21
878.90 825.02 0.60 9418.11
655.51 303.98 0.46 6136.17
40.80 560.30 0.36 6241.90

22273.757864390544
