16 6 52 7 49 57 51 76 2 58 19 77 18 46 31 47 26 35 79 45 24 39 4 15 36 64 17 11 67 56 25 27 34 62 43 30 74 78 42 12 1 59 63 60 22 65 41 50 73 21 48 40 3 20 44 33 8 38 10 75 37 53 32 28 13 9 70 66 68 29 5 71 54 69 61 14 80 23 55 72 
Moving time: 173.33 229.45 259.58 280.98 323.42 378.85 396.72 402.78 434.10 525.03 589.93 630.06 642.06 655.27 670.95 678.66 735.64 748.18 761.77 796.55 845.48 880.15 903.97 932.62 1006.92 1043.98 1094.76 1135.75 1177.20 1223.60 1269.79 1310.60 1368.85 1419.43 1460.16 1542.23 1579.90 1630.74 1645.50 1667.70 1702.17 1754.95 1772.41 1799.98 1835.21 1867.42 1901.00 1918.94 1935.57 1973.64 2020.97 2033.77 2086.87 2154.79 2172.98 2222.05 2272.35 2316.49 2325.75 2355.98 2380.14 2387.29 2411.05 2450.52 2524.19 2549.84 2575.23 2647.52 2723.84 2765.22 2790.98 2831.31 2859.22 2929.84 2973.23 3041.65 3082.81 3120.40 3151.84 3202.24 3353.91 
Best fitness: 0.00
Worst fitness: 0.0
Average fitness: 0.00
Alpha: 0.50
K: 0.02
Crossover probability: 0.50
Mutation probability: 0.10
Change mutation operator probability 1: 0.15
Change mutation operator probability 2: 0.15