917.79 356.10 0.37 8100.62
818.84 851.09 0.15 6527.63
626.04 451.84 0.05 2366.47
219.43 710.99 0.28 6151.47
419.32 177.44 0.35 7874.10
631.24 922.46 0.36 5666.19
891.43 184.21 0.01 9080.16
746.48 695.13 0.29 6275.90
819.08 328.78 0.24 7786.24
193.69 899.02 0.16 7022.75
826.04 237.17 0.11 9892.28
479.14 94.02 0.01 8849.24
461.35 390.93 0.19 5130.11
629.88 780.28 0.17 9588.68
783.28 761.81 0.09 1764.99
508.25 832.09 0.29 5565.49
99.58 691.75 0.26 7797.41
858.22 7.12 0.28 5196.37
864.62 884.57 0.02 6180.35
725.55 821.26 0.14 10772.39
291.09 54.78 0.29 4670.11
485.14 347.68 0.15 1878.99
279.09 981.64 0.28 6020.80
810.58 387.61 0.28 5237.63
105.48 922.95 0.19 4297.78
920.66 789.51 0.35 260.30
412.01 661.70 0.15 2295.25
70.21 937.61 0.21 9876.12
269.64 982.93 0.21 9728.12
470.60 863.05 0.17 10679.47
855.47 941.86 0.33 5070.85
139.68 489.72 0.10 10142.95
490.77 272.87 0.15 9374.67
615.68 870.78 0.19 8634.86
256.90 116.61 0.17 4355.80
3.34 602.48 0.29 9641.95
34.34 44.95 0.21 4243.99
212.05 126.93 0.19 9219.95
717.48 335.65 0.08 8780.87
516.41 540.71 0.42 4703.50
394.01 828.81 0.41 8749.36
31.77 878.01 0.36 9468.79
694.25 918.16 0.08 7185.30
192.43 861.61 0.29 6228.63
628.22 157.36 0.21 6342.83
935.90 90.88 0.22 4598.16
680.58 408.26 0.30 6368.77
2.83 0.58 0.27 7412.91
912.27 661.42 0.07 9852.89
720.70 641.15 0.27 2998.18
783.40 853.59 0.19 9073.50
481.42 450.05 0.09 5543.68
157.99 552.22 0.26 3746.38
950.62 99.36 0.18 9090.87
704.37 603.63 0.30 5781.02
446.29 121.89 0.07 3871.62
669.26 913.55 0.41 3404.34
823.16 780.54 0.32 4461.24
756.35 586.89 0.35 6675.71
159.44 271.88 0.24 6232.05
174.54 475.76 0.12 6515.20
992.46 863.25 0.11 10713.63
499.87 130.03 0.36 6314.59
312.25 604.87 0.33 4024.83
119.34 705.24 0.24 5222.00
651.70 505.05 0.25 10395.16
798.35 291.18 0.16 7305.54
825.81 917.74 0.18 3910.40
893.71 84.67 0.33 9183.37
981.19 606.79 0.30 5671.27
616.36 945.16 0.08 9165.94
739.04 49.28 0.41 8279.30
965.65 354.74 0.11 9092.58
92.59 58.77 0.09 6802.81
482.45 489.42 0.02 2787.74
926.37 529.83 0.19 4370.72
608.28 151.18 0.05 7814.97
616.25 352.20 0.27 9090.61
277.88 500.52 0.27 8356.41
367.41 323.10 0.12 7402.53
259.34 465.92 0.02 2540.00
489.52 50.09 0.02 8758.90
787.12 734.35 0.21 2594.53
138.27 858.65 0.18 5062.15
38.49 410.22 0.10 6499.22
995.02 733.21 0.24 6664.40
962.56 57.18 0.39 5330.56
361.64 572.10 0.28 8757.53
838.53 804.15 0.37 4253.95
36.74 614.42 0.38 3855.73
340.77 236.94 0.24 7687.91
863.90 424.48 0.16 9907.45
584.94 253.42 0.25 4559.50
960.52 382.74 0.39 5911.57
62.97 55.18 0.07 3838.88
412.14 749.17 0.08 4916.36
448.84 541.60 0.29 9380.51
750.40 740.43 0.12 8335.82
437.46 933.93 0.03 10800.00
748.65 170.39 0.20 2205.11
