435.83 688.78 0.17 7162.14
874.89 628.45 0.31 621.40
974.70 78.08 0.23 2201.11
123.00 865.48 0.25 2685.19
73.12 864.04 0.07 187.20
61.93 669.78 0.13 526.37
899.36 309.96 0.17 4538.96
211.43 914.12 0.16 7551.06
708.52 677.51 0.24 3487.24
687.34 367.79 0.29 2457.99
310.32 893.08 0.21 3522.64
901.05 733.06 0.25 767.05
655.13 326.68 0.19 1307.76
719.14 799.80 0.14 3140.02
560.20 357.46 0.40 2259.75
42.38 216.51 0.28 240.60
472.44 411.44 0.16 1242.83
848.90 421.88 0.17 2975.82
86.34 652.24 0.17 1166.11
863.54 188.26 0.09 1033.10
174.98 243.63 0.45 5777.22
86.04 332.21 0.32 3392.51
750.33 348.83 0.19 3184.29
693.17 64.61 0.25 3796.50
565.86 957.50 0.28 7879.22
107.52 694.57 0.09 8444.29
958.96 21.89 0.29 2977.03
130.01 386.56 0.13 3160.26
793.76 428.47 0.37 5440.88
501.05 549.82 0.12 5479.35
745.19 500.51 0.20 2905.50
927.36 846.45 0.01 7667.59
534.20 462.32 0.28 2572.04
559.68 769.07 0.29 3768.74
444.84 238.08 0.09 7646.51
372.48 947.39 0.47 839.21
375.96 352.02 0.20 3370.66
193.27 112.91 0.30 582.41
810.18 866.18 0.11 2105.35
412.48 674.80 0.14 528.96
367.96 464.14 0.14 7591.43
10.22 121.73 0.14 4921.86
889.31 542.64 0.10 5039.91
204.27 857.89 0.15 1520.41
301.56 491.55 0.18 3014.13
166.92 674.97 0.36 4330.87
336.13 636.64 0.13 6088.10
140.24 953.51 0.17 5616.69
927.64 304.36 0.37 4509.78
559.65 66.00 0.11 4007.00
658.46 522.40 0.33 6582.22
756.43 38.93 0.44 -15.01
961.56 681.59 0.24 804.31
361.33 150.53 0.33 6590.25
737.38 380.28 0.27 6035.40
447.98 830.88 0.13 6439.64
25.23 867.17 0.27 6762.14
714.60 187.31 0.20 1844.62
273.62 955.04 0.17 7441.76
413.87 706.47 0.43 8052.48
786.50 463.02 0.25 4048.52
346.29 342.58 0.22 4729.78
795.09 27.64 0.25 115.55
399.00 312.58 0.06 1075.62
668.20 751.68 0.23 4909.41
135.38 99.13 0.15 3717.63
168.08 438.22 0.21 4214.38
456.63 75.24 0.10 1625.52
12.76 701.35 0.32 1000.46
874.80 494.82 0.20 4122.72
829.23 142.00 0.37 3353.98
243.02 562.69 0.22 7017.57
799.94 481.62 0.25 6129.92
93.34 885.92 0.26 5606.21
659.19 958.53 0.17 3994.68
664.36 823.24 0.42 554.62
454.15 690.41 0.27 6539.29
289.29 127.86 0.24 3504.94
114.33 455.43 0.38 7233.34
148.64 311.98 0.11 936.44
699.89 499.98 0.37 3140.70
771.10 13.75 0.05 7634.76
598.41 201.43 0.19 3872.99
256.94 20.18 0.05 2801.76
510.95 266.60 0.16 1230.51
133.17 577.71 0.15 2001.42
602.29 785.93 0.32 5634.73
717.70 460.57 0.19 4046.60
532.89 689.56 0.22 1969.83
418.43 117.37 0.13 1916.16
194.71 467.73 0.37 5290.10
933.44 234.72 0.46 208.54
328.50 764.76 0.09 8453.07
276.45 351.56 0.26 4379.45
201.77 175.17 0.27 5027.17
452.59 292.99 0.15 3153.19
17.68 554.44 0.33 1762.94
560.36 416.42 0.03 866.46
664.08 433.33 0.24 2395.65
761.47 792.62 0.02 5677.31
758.81 453.98 0.27 6826.74
730.49 259.12 0.42 4016.24
825.70 783.94 0.13 388.10
131.74 143.50 0.31 8345.61
329.15 932.19 0.21 3382.77
121.12 119.37 0.28 1995.14
836.30 843.40 0.14 7692.90
598.17 371.89 0.25 1530.56
780.66 319.12 0.21 7536.19
257.65 677.61 0.28 6311.41
314.33 762.83 0.26 2953.07
864.02 176.82 0.18 191.35
604.64 982.62 0.12 6485.49
573.81 899.91 0.02 934.81
183.05 172.09 0.07 7203.04
35.55 87.13 0.25 3468.26
705.76 303.00 0.17 6744.99
535.73 347.37 0.24 5676.77
343.39 352.16 0.34 2827.32
522.74 484.13 0.23 1180.20
482.72 657.31 0.27 5834.80
997.49 791.87 0.07 5740.70
290.24 485.91 0.07 3316.50
917.07 418.28 0.22 9028.56
96.10 132.86 0.34 6192.43
915.99 896.28 0.31 252.75
276.80 772.48 0.33 7020.15
434.75 39.38 0.23 3044.73
266.92 424.82 0.12 3070.21
904.72 273.74 0.20 4019.91
779.97 767.78 0.15 9032.47
536.70 33.23 0.17 3520.43
999.35 633.42 0.19 402.51
82.86 539.34 0.30 5322.84
938.58 591.26 0.33 4001.36
9.66 191.12 0.07 4259.67
956.26 20.47 0.20 6869.02
733.77 385.84 0.19 256.78
780.81 76.84 0.13 305.36
260.24 255.27 0.12 5140.40
119.58 263.66 0.11 8325.43
394.14 687.63 0.02 5712.09
622.39 549.96 0.19 4365.11
981.77 684.06 0.42 8658.25
507.79 390.88 0.22 1970.22
882.86 753.32 0.22 123.31
539.42 275.19 0.21 4868.19
101.75 11.57 0.09 3377.92
367.14 559.74 0.22 5272.41
956.12 822.20 0.07 2696.07
830.19 291.71 0.21 6339.98
545.07 809.18 0.27 4077.84
911.86 883.59 0.18 6696.58
556.01 601.51 0.16 5659.57
321.44 196.37 0.10 10504.66
170.00 422.87 0.17 1577.49
42.83 321.19 0.04 3664.20
827.57 844.04 0.22 7500.57
346.12 45.09 0.25 3944.78
240.71 41.00 0.14 5796.61
735.03 496.63 0.19 709.20
243.39 100.08 0.16 5406.67
896.59 48.90 0.25 2526.21
665.19 520.23 0.33 4868.22
227.76 416.98 0.14 3470.57
609.21 409.08 0.03 7183.62
165.77 140.28 0.23 1780.18
564.30 225.44 0.22 6360.71
470.73 788.05 0.16 6626.92
962.05 401.25 0.29 2730.14
859.04 25.97 0.17 870.05
485.74 933.81 0.19 1325.65
677.10 15.32 0.28 4407.62
54.32 391.15 0.17 208.32
156.55 780.04 0.21 960.21
234.70 77.57 0.12 6277.03
986.85 585.72 0.21 5110.06
707.31 728.66 0.41 4467.80
350.10 452.13 0.31 994.97
295.88 119.51 0.18 1041.61
826.33 466.40 0.33 1949.62
946.13 225.98 0.09 2666.19
726.83 21.04 0.34 3318.03
989.73 739.03 0.25 4827.64
787.67 787.69 0.33 581.82
25.17 278.26 0.25 8267.21
883.04 22.07 0.33 4148.37
846.19 569.74 0.30 1329.89
213.12 576.23 0.17 3664.37
348.43 91.04 0.20 7155.14
231.65 588.01 0.27 6684.11
548.60 716.56 0.35 5083.24
20.90 978.65 0.24 4543.12
905.74 937.21 0.20 4754.89
788.73 721.23 0.08 1561.47
968.27 452.81 0.16 5925.91
917.59 875.95 0.23 4609.50
874.84 714.50 0.17 6053.03
809.00 962.55 0.44 7385.71
987.71 109.83 0.05 3939.23
