647.23 439.87 0.15 2018.35
509.21 291.55 0.21 2313.12
176.38 898.31 0.24 8610.67
804.41 243.79 0.15 5274.26
231.90 866.94 0.07 9988.72
167.54 503.18 0.16 2586.77
44.24 413.98 0.20 4257.68
307.45 822.80 0.18 3700.18
147.61 661.06 0.38 7188.18
60.52 265.78 0.32 6986.19
365.39 404.03 0.38 4473.23
45.69 466.81 0.28 1321.95
810.17 119.76 0.05 7271.40
52.09 316.16 0.39 4872.58
53.06 518.26 0.30 7990.82
647.72 225.33 0.14 7236.18
883.96 192.22 0.19 3091.38
16.03 807.01 0.12 8097.69
860.49 464.23 0.18 3736.08
647.18 548.49 0.23 9417.67
866.15 888.63 0.19 3132.33
368.39 589.48 0.21 7010.78
171.16 171.77 0.19 4302.58
165.43 488.62 0.30 8198.22
344.65 507.44 0.11 8885.14
697.13 781.88 0.07 8911.01
981.71 59.99 0.05 928.22
711.28 27.31 0.13 7111.03
924.61 173.14 0.15 10320.70
629.31 456.87 0.28 2889.14
975.71 807.41 0.28 4042.65
283.40 193.75 0.33 3052.47
467.76 720.30 0.32 7441.78
999.44 49.85 0.18 406.74
92.00 499.00 0.08 9836.09
472.05 863.75 0.27 10152.72
331.03 530.71 0.15 7311.75
365.60 555.14 0.16 9591.23
986.16 944.06 0.29 5384.68
300.05 762.79 0.07 7111.35
490.15 791.87 0.23 7448.87
522.61 922.31 0.28 3945.08
100.71 793.40 0.07 3649.24
421.10 229.76 0.05 10382.64
974.81 474.71 0.14 9548.90
665.91 969.90 0.33 5641.16
349.28 289.63 0.36 6277.57
591.69 596.11 0.12 6765.47
439.31 323.85 0.22 7285.58
62.04 127.11 0.26 4758.76
706.92 593.90 0.09 1092.36
722.16 801.92 0.29 9760.31
646.58 331.17 0.35 6733.59
116.91 938.92 0.06 1828.01
656.47 404.03 0.07 1568.33
501.87 671.54 0.43 3254.67
273.74 781.93 0.30 4477.12
815.57 960.56 0.28 4423.81
274.01 688.36 0.17 9989.27
504.56 203.23 0.30 3012.85
216.28 708.54 0.28 8352.04
237.37 57.38 0.28 6436.10
293.03 746.75 0.23 6736.34
982.13 516.30 0.40 7912.09
315.84 9.65 0.20 8874.43
135.28 43.67 0.23 4840.47
345.70 711.83 0.05 1249.04
616.50 941.11 0.15 4458.65
621.41 26.42 0.21 9612.17
77.80 792.77 0.26 7603.19
830.55 296.23 0.20 3753.84
733.81 548.87 0.19 1841.48
680.44 456.76 0.26 3242.98
929.32 226.29 0.35 488.51
732.93 823.97 0.19 4621.20
403.38 290.18 0.14 9836.02
813.74 939.03 0.12 3105.30
858.04 865.13 0.03 2863.23
177.30 651.36 0.15 2927.06
527.65 718.70 0.36 4006.50
833.01 777.49 0.18 5180.28
34.12 768.91 0.01 3444.01
108.25 787.40 0.10 6311.85
592.21 257.72 0.04 7449.51
273.50 251.05 0.30 5994.96
909.44 589.01 0.18 7617.06
813.22 465.90 0.16 5827.51
907.03 728.34 0.30 3808.82
305.59 374.51 0.26 8696.09
807.48 160.38 0.23 3061.79
773.25 869.28 0.23 5906.39
194.36 702.35 0.04 5687.15
364.73 85.04 0.17 5707.77
215.29 849.99 0.11 1344.38
469.57 269.64 0.21 7557.95
765.87 926.00 0.22 4877.45
903.60 558.92 0.13 1721.70
182.67 988.21 0.03 9048.19
546.78 91.74 0.05 3332.78
74.41 124.83 0.16 7598.14
622.34 550.34 0.29 6759.77
259.58 430.85 0.22 8195.30
185.18 478.70 0.29 8102.52
628.34 702.25 0.22 5563.30
19.46 36.48 0.17 6459.04
473.79 206.43 0.05 2912.46
664.44 973.89 0.25 5497.62
795.49 607.08 0.29 2357.72
343.74 722.02 0.02 10104.67
354.27 9.25 0.16 10538.48
824.33 55.22 0.25 5166.36
364.14 499.64 0.06 9363.21
369.70 375.11 0.27 5653.26
344.02 370.90 0.23 5026.96
145.38 854.96 0.26 8718.20
426.93 301.43 0.07 5293.34
806.42 37.23 0.02 8149.13
76.25 229.40 0.01 3712.53
143.72 609.41 0.08 5063.86
322.80 375.84 0.23 2518.36
420.21 776.19 0.11 6423.54
680.42 621.35 0.08 5483.68
256.72 747.57 0.38 739.36
127.28 468.84 0.13 9375.61
459.52 236.06 0.21 6577.65
574.43 948.74 0.19 6935.83
439.93 508.41 0.30 2997.56
55.98 728.47 0.23 2739.06
471.64 874.47 0.20 8511.67
233.58 813.99 0.16 8868.85
76.30 356.20 0.13 8879.78
281.60 903.58 0.10 7581.55
200.64 621.74 0.36 8767.61
669.62 132.97 0.39 5011.21
522.47 31.72 0.22 7733.53
478.21 667.30 0.23 6753.72
537.39 408.64 0.15 9005.10
999.15 942.07 0.30 7651.98
799.45 395.40 0.26 7659.43
235.26 144.48 0.04 3427.36
548.90 820.68 0.29 10573.92
904.78 965.84 0.13 8998.63
263.07 723.29 0.20 2138.94
405.17 874.38 0.31 978.76
298.68 398.57 0.22 3685.38
208.22 404.42 0.16 9062.52
416.04 379.41 0.19 2195.53
578.19 671.02 0.26 7163.76
667.38 152.33 0.17 4257.54
944.44 268.27 0.30 7464.78
