484.97 432.69 0.51 6558.98
474.48 544.02 0.01 7177.29
504.20 492.32 0.52 7590.96
448.32 467.29 0.39 5176.66
477.65 407.20 0.33 7060.47
498.50 405.69 0.46 6083.24
463.58 547.72 0.53 8757.61
554.48 454.07 0.43 6999.70
427.32 586.47 0.51 5798.79
475.69 471.37 0.03 6516.14
499.20 458.37 0.53 7480.47
506.37 446.43 0.22 7527.06
537.78 565.05 0.47 6217.06
521.51 507.18 0.26 6164.85
515.03 573.53 0.40 8973.81
579.60 465.19 0.49 7111.75
570.62 477.59 0.42 6582.50
521.35 525.65 0.59 6893.41
461.25 437.37 0.48 6157.58
571.12 518.50 0.57 6816.56
465.17 429.19 0.36 7489.41
506.46 524.24 0.54 6629.34
501.41 594.27 0.49 8160.42
536.56 516.18 0.45 6290.72
530.94 506.71 0.20 7925.32
396.29 512.10 0.28 4999.63
466.29 469.75 0.59 9496.40
522.78 508.21 0.58 7898.70
504.67 442.69 0.52 7878.14
564.10 455.96 0.29 7047.19
466.51 472.26 0.32 7862.37
505.15 458.98 0.46 5635.04
486.32 440.57 0.30 8790.50
501.34 488.32 0.42 7708.98
522.05 529.96 0.37 7785.49
472.56 505.18 0.51 6308.18
478.52 473.44 0.53 8237.74
478.79 524.93 0.16 8342.55
429.24 630.80 0.37 7361.12
546.38 520.86 0.26 6690.64
522.66 467.22 0.43 7516.19
469.34 495.87 0.52 6665.93
484.03 479.54 0.46 7191.26
522.48 555.21 0.46 6058.23
426.76 448.56 0.57 8190.60
406.45 531.15 0.59 7218.47
605.88 492.05 0.56 9279.43
514.54 574.80 0.37 5962.72
429.69 561.54 0.56 7079.76
486.34 580.54 0.52 7400.70
581.32 493.24 0.04 6281.78
479.10 564.84 0.35 7977.95
491.53 564.24 0.48 4812.34
471.49 635.25 0.20 5549.35
465.44 438.06 0.42 8472.24
507.11 545.62 0.04 6221.07
577.90 566.84 0.38 6554.23
546.47 475.43 0.42 6056.68
501.84 578.21 0.54 5979.58
569.83 504.77 0.42 5538.56
451.89 477.26 0.39 7158.78
544.38 544.52 0.50 6603.89
558.87 412.74 0.60 5343.01
532.82 560.51 0.42 7398.06
604.95 573.28 0.48 5956.60
534.39 477.97 0.57 8475.77
440.72 548.82 0.29 6922.82
612.52 474.25 0.23 8367.52
517.80 436.77 0.25 6300.98
447.28 472.67 0.59 6158.93
537.27 478.84 0.58 7648.79
587.50 526.53 0.39 6165.12
529.18 501.95 0.50 5536.43
524.59 485.15 0.45 7652.22
477.60 547.23 0.35 5810.42

11607.861880545168
