50.15 124.21 0.52 7685.65
83.33 276.75 0.49 8172.29
54.85 459.14 0.50 3242.30
72.26 603.23 0.51 7228.64
107.65 920.10 0.42 8660.54
93.94 109.75 0.24 853.33
154.85 367.68 0.36 5035.57
38.67 519.14 0.57 6842.62
144.74 761.17 0.44 7990.41
188.88 841.23 0.41 7955.67
265.49 64.27 0.47 7921.50
342.01 310.22 0.60 9393.90
163.53 506.08 0.51 8394.45
201.87 604.96 0.31 4279.19
184.11 933.65 0.55 9248.18
298.54 123.02 0.52 2764.04
317.53 224.07 0.30 1877.73
292.64 368.53 0.59 9633.30
401.07 700.50 0.53 10060.83
310.44 861.13 0.52 1931.84
374.02 67.14 0.56 10413.01
541.01 207.83 0.49 727.13
338.07 550.69 0.49 984.72
345.57 768.38 0.52 4795.14
507.85 892.59 0.59 5877.58
518.54 68.14 0.52 8702.40
603.51 340.71 0.40 1468.32
580.38 552.42 0.28 1919.39
605.70 749.14 0.49 6897.93
679.37 881.41 0.54 712.60
681.76 160.81 0.44 7175.38
671.17 220.80 0.25 4182.39
710.17 548.64 0.52 2729.70
689.88 687.14 0.57 4240.04
637.89 789.25 0.50 7084.97
824.58 92.86 0.44 5238.02
728.07 258.75 0.36 10646.65
752.84 520.23 0.39 5197.62
690.19 738.24 0.39 5582.64
833.23 951.00 0.37 9670.35
747.74 160.07 0.26 9483.26
891.04 346.99 0.37 3311.53
868.30 462.83 0.35 2028.52
853.45 725.47 0.53 2879.37
843.28 930.20 0.44 6936.18
999.00 110.93 0.58 4480.27
905.85 261.78 0.39 8667.16
893.25 494.29 0.48 9403.22
922.16 693.23 0.58 8256.90
975.67 775.07 0.13 5237.81

23630.796826500744
