565.25 452.88 0.34 7521.62
524.74 509.59 0.12 2704.11
440.35 523.37 0.29 8707.05
517.24 460.59 0.09 716.51
417.06 545.24 0.30 7297.01
536.55 470.55 0.50 9606.93
519.80 529.38 0.19 5113.18
461.83 577.83 0.33 7041.65
527.45 434.30 0.51 1885.85
488.61 556.73 0.50 5194.71
500.95 497.54 0.56 3666.82
402.13 473.51 0.26 3812.01
450.32 522.09 0.03 7874.92
429.23 510.01 0.27 4060.65
440.46 513.29 0.35 4460.53
480.57 557.92 0.12 2142.15
459.52 517.70 0.11 3537.50
517.72 478.67 0.20 6358.68
526.81 496.52 0.19 5148.16
491.67 563.46 0.25 4908.63
545.28 535.20 0.41 8339.83
656.30 512.58 0.46 6680.04
459.13 442.46 0.38 4129.80
419.15 478.83 0.56 8080.38
442.99 619.04 0.34 1482.20
440.92 507.46 0.49 3841.48
476.21 501.45 0.40 8483.38
518.43 452.34 0.57 8000.55
434.90 545.99 0.05 2115.85
403.38 512.01 0.37 3732.61
453.20 522.10 0.37 10706.21
578.89 424.59 0.35 3170.27
518.78 460.64 0.37 10266.37
459.41 483.35 0.21 4380.40
485.59 359.20 0.29 6590.03
512.59 467.34 0.41 8172.37
543.53 451.41 0.54 9478.84
548.99 457.76 0.18 8718.33
535.76 481.86 0.02 4650.49
463.99 579.59 0.24 5575.41
568.58 505.78 0.11 6436.28
487.32 483.19 0.19 4267.01
440.14 480.07 0.11 3234.76
441.24 462.77 0.58 2185.30
465.14 511.56 0.37 1284.00
442.77 524.60 0.01 1898.32
528.40 487.31 0.30 5922.50
536.71 456.63 0.17 4015.76
487.32 517.86 0.18 5879.91
493.38 532.07 0.38 7148.51
467.64 531.36 0.10 785.84
487.90 526.52 0.26 1309.54
464.63 513.91 0.18 1030.90
460.61 449.71 0.22 6410.98
514.61 496.54 0.26 5373.18
487.01 515.61 0.05 9413.62
456.55 415.11 0.23 3527.23
420.64 559.37 0.25 10309.66
480.94 417.66 0.43 6578.63
494.43 529.87 0.39 2784.45
535.01 592.50 0.12 4993.34
499.63 514.43 0.23 7538.35
486.87 551.79 0.02 4411.85
518.83 562.15 0.32 9215.00
497.83 437.49 0.49 10443.06
452.67 515.23 0.43 9515.85
482.49 514.60 0.25 10456.67
593.13 527.42 0.17 2425.80
604.36 527.87 0.29 4511.40
535.23 442.83 0.54 4716.77
472.33 478.13 0.32 10737.26
500.15 483.93 0.08 6263.37
349.42 444.81 0.52 10684.96
492.93 459.38 0.37 3537.17
483.62 527.87 0.11 9670.94
