60 23 84 25 31 74 57 73 55 66 37 92 54 46 98 88 30 81 44 68 10 70 97 5 22 52 18 89 78 96 65 80 27 71 86 95 20 16 62 82 38 7 85 17 53 15 75 72 8 39 56 61 93 36 87 35 51 63 47 67 43 91 100 64 3 77 24 41 6 28 21 40 50 90 48 34 79 9 32 14 26 59 69 11 58 99 19 94 45 4 76 33 83 42 12 13 29 1 49 2 
Moving time: 269.25 390.80 479.39 496.72 544.31 715.19 799.98 892.09 916.05 948.39 1018.38 1065.13 1191.54 1307.49 1315.10 1419.44 1533.43 1591.28 1630.32 1663.31 1803.01 1851.66 1881.15 1937.48 2050.12 2143.30 2178.36 2255.54 2321.39 2337.76 2373.07 2487.25 2568.78 2617.32 2725.20 2825.89 2930.33 2947.24 3003.81 3188.62 3371.95 3390.11 3456.01 3500.09 3593.38 3636.93 3712.28 3859.06 3990.84 4079.62 4180.37 4276.58 4312.41 4486.37 4597.05 4663.71 4796.95 4934.35 4961.83 5127.55 5165.86 5234.46 5409.67 5426.98 5564.92 5682.52 5755.34 5869.51 5886.04 6046.66 6055.02 6105.79 6109.73 6266.18 6327.23 6337.75 6393.21 6483.74 6625.92 6711.01 6871.89 7000.92 7027.96 7089.78 7281.48 7426.05 7491.28 7591.56 7679.30 7702.00 7748.91 7819.96 7895.74 7969.25 8082.00 8271.36 8418.87 8563.07 8706.18 8835.29 8973.36 
Best fitness: 40.00
Worst fitness: 48.0
Average fitness: 44.17
Alpha: 0.50
K: 0.02
Crossover probability: 0.50
Mutation probability: 0.10
Change mutation operator probability 1: 0.15
Change mutation operator probability 2: 0.15