20 11 30 1 18 2 26 29 15 21 27 25 19 5 7 22 14 4 13 10 23 9 28 16 6 12 3 24 8 17 
Moving time: 46.67 236.79 386.53 445.70 493.79 582.97 641.52 769.35 858.34 948.68 996.26 1072.24 1244.21 1284.96 1300.09 1392.75 1455.96 1520.13 1578.03 1652.96 1713.83 1890.74 1981.08 2030.01 2096.55 2111.94 2282.19 2401.51 2446.14 2602.05 2786.69 
Best fitness: 5.00
Worst fitness: 7.0
Average fitness: 5.90
Alpha: 0.50
K: 0.02
Crossover probability: 0.50
Mutation probability: 0.10
Change mutation operator probability 1: 0.15
Change mutation operator probability 2: 0.15