36 11 10 25 19 20 28 17 6 5 29 32 7 18 2 24 9 31 40 14 12 27 38 39 1 16 26 4 13 35 15 30 34 22 23 21 33 37 8 3 
Moving time: 215.54 343.67 444.97 589.90 690.40 860.16 935.46 1001.91 1043.99 1237.13 1309.64 1432.50 1448.96 1521.87 1655.23 1741.92 1799.46 1881.04 1984.47 1994.74 2109.76 2129.61 2234.44 2379.44 2424.08 2605.70 2756.49 2829.69 2848.66 2989.92 3135.47 3290.18 3352.19 3426.17 3434.02 3563.68 3722.88 3781.07 3930.01 4067.45 4139.70 
Best fitness: 6.00
Worst fitness: 8.0
Average fitness: 6.80
Alpha: 0.50
K: 0.02
Crossover probability: 0.50
Mutation probability: 0.10
Change mutation operator probability 1: 0.15
Change mutation operator probability 2: 0.15