42 22 29 45 7 1 15 21 5 47 56 11 19 38 57 12 24 25 64 65 44 23 58 53 43 16 28 61 14 26 40 63 51 2 66 3 6 9 54 32 18 41 4 59 36 31 68 49 60 67 17 37 39 70 20 50 33 35 27 48 52 55 13 8 69 34 10 62 46 30 
Moving time: 261.92 470.50 565.89 658.28 754.08 864.19 948.01 975.43 1158.94 1178.09 1304.52 1409.31 1451.55 1553.89 1748.72 1795.65 1902.39 2105.10 2297.05 2298.86 2394.84 2445.43 2629.22 2806.42 2952.12 3013.73 3085.02 3168.64 3254.46 3384.82 3463.27 3556.42 3567.55 3570.89 3660.36 3697.54 3717.04 3830.68 3945.69 3960.96 4087.78 4158.10 4220.29 4256.54 4316.18 4382.68 4423.99 4604.44 4743.33 4880.80 4990.82 5067.79 5146.57 5287.95 5404.26 5441.62 5570.80 5641.69 5687.37 5704.31 5767.37 5846.04 5890.20 5958.67 6057.74 6116.06 6194.38 6272.02 6381.26 6444.60 6598.23 
Best fitness: 24.00
Worst fitness: 31.0
Average fitness: 27.40
Alpha: 0.50
K: 0.02
Crossover probability: 0.50
Mutation probability: 0.10
Change mutation operator probability 1: 0.15
Change mutation operator probability 2: 0.15