66 41 57 7 51 68 8 60 39 28 43 4 77 14 19 72 29 13 64 31 3 11 54 71 5 16 32 6 42 37 47 34 50 49 53 40 56 36 45 23 76 22 61 30 46 63 25 78 27 75 62 1 10 73 26 67 35 18 12 65 9 58 20 15 33 24 38 17 69 79 2 74 21 48 70 80 55 52 59 44 
Moving time: 41.55 255.62 342.83 444.11 609.70 779.15 952.62 1171.98 1261.11 1328.99 1437.22 1474.89 1588.44 1707.93 1728.43 1794.96 1958.39 2038.56 2225.93 2315.15 2331.99 2355.26 2380.88 2472.62 2544.73 2592.43 2700.80 2739.36 2878.91 2981.41 3101.80 3233.10 3281.41 3332.55 3416.11 3515.24 3601.06 3741.21 3825.09 3908.73 4017.84 4122.09 4144.19 4224.76 4335.22 4460.60 4666.79 4700.91 4804.76 4940.96 5031.90 5119.95 5204.59 5214.03 5247.89 5385.61 5451.64 5566.07 5699.72 5872.71 6078.13 6224.34 6290.99 6373.58 6449.54 6590.76 6631.21 6840.29 6871.51 6944.66 7117.20 7258.71 7421.32 7487.72 7611.17 7734.36 7770.54 7824.44 7844.77 7905.24 7986.12 
Best fitness: 35.00
Worst fitness: 41.0
Average fitness: 37.83
Alpha: 0.50
K: 0.02
Crossover probability: 0.50
Mutation probability: 0.10
Change mutation operator probability 1: 0.15
Change mutation operator probability 2: 0.15