71 82 77 38 22 89 48 28 76 81 8 78 73 72 61 40 57 5 45 43 83 52 53 54 67 68 66 87 31 19 65 41 36 7 79 13 26 70 47 14 12 16 37 74 55 62 11 6 21 2 50 49 17 42 32 39 3 51 20 59 60 4 85 80 9 64 44 23 10 58 69 30 90 27 35 86 46 33 1 29 15 56 84 88 34 75 24 63 25 18 
Moving time: 199.87 261.45 290.92 382.55 483.68 660.49 873.01 1064.27 1265.37 1432.67 1531.22 1594.63 1780.10 1893.54 2011.15 2159.43 2271.82 2348.08 2388.02 2426.89 2457.64 2590.35 2686.74 2782.75 2944.01 3044.57 3136.33 3240.30 3399.47 3473.56 3629.08 3738.63 3850.63 3917.50 4019.59 4168.27 4277.28 4381.35 4445.31 4565.87 4650.22 4702.65 4794.73 4938.66 4949.52 5059.38 5113.71 5141.12 5303.39 5393.99 5458.84 5589.01 5755.10 5935.51 6083.33 6246.10 6288.28 6317.65 6400.69 6448.65 6499.06 6637.55 6709.90 6822.81 6869.32 6943.12 7106.37 7187.89 7272.84 7330.89 7448.13 7505.99 7650.67 7745.42 7759.85 7863.65 7933.61 7988.09 8087.93 8120.48 8198.07 8260.76 8414.50 8438.45 8560.76 8685.29 8713.39 8789.71 8827.19 8887.22 9086.53 
Best fitness: 36.00
Worst fitness: 43.0
Average fitness: 39.43
Alpha: 0.50
K: 0.02
Crossover probability: 0.50
Mutation probability: 0.10
Change mutation operator probability 1: 0.15
Change mutation operator probability 2: 0.15