932.62 636.40 1433.68 0.36 
742.02 680.84 1414.85 0.47 
963.62 541.84 631.05 0.45 
693.08 1002.48 1848.14 0.18 
1672.84 758.54 963.30 0.21 
639.04 796.70 2176.21 0.33 
930.64 1326.91 1424.97 0.36 
1154.09 555.94 1655.53 0.50 
716.01 681.32 1281.12 0.40 
1015.67 571.06 3160.89 0.37 
678.58 605.56 1394.95 0.38 
1120.33 828.66 1038.20 0.44 
1443.69 853.53 2519.98 0.27 
700.65 1151.87 1416.56 0.43 
867.01 850.64 1900.52 0.53 
836.48 882.28 1042.94 0.36 
1338.17 742.77 906.00 0.43 
663.96 919.44 1500.41 0.24 
544.03 931.56 848.04 0.37 
768.49 1299.78 1017.77 0.46 
640.76 931.96 1701.09 0.52 
651.32 765.07 1885.67 0.33 
790.10 1067.89 2573.03 0.28 
1155.08 710.24 553.07 0.40 
557.12 773.82 1494.65 0.27 
646.06 785.36 2256.50 0.37 
858.98 853.00 2900.11 0.46 
857.65 816.47 1773.54 0.40 
617.05 1310.61 1919.73 0.47 
567.50 674.69 910.81 0.48 
569.15 854.80 2118.21 0.30 
