861.88 1005.95 1129.47 0.32 
682.27 854.15 1309.22 0.41 
976.95 658.81 2167.55 0.34 
835.51 963.96 952.31 0.36 
1440.04 745.91 1236.02 0.57 
602.68 639.80 1000.40 0.40 
692.02 826.25 2079.06 0.23 
978.97 592.41 1196.05 0.42 
806.88 960.01 559.04 0.49 
608.86 585.15 1785.00 0.31 
1021.81 629.21 1122.56 0.49 
937.30 701.19 1024.88 0.58 
754.75 798.31 898.37 0.45 
773.93 590.52 1844.60 0.30 
836.63 734.25 1165.84 0.28 
839.16 974.86 2042.66 0.41 
588.12 950.83 1220.22 0.39 
1309.16 623.30 2940.02 0.40 
609.82 764.53 1199.44 0.25 
1230.00 955.19 662.27 0.41 
868.80 878.86 1415.51 0.23 
547.45 1071.62 925.80 0.60 
561.94 778.48 1313.70 0.35 
707.62 573.86 1132.90 0.30 
607.79 1161.98 1347.46 0.38 
818.83 959.17 2130.18 0.44 
1004.19 602.16 773.56 0.47 
1149.70 1103.15 1029.86 0.46 
813.36 796.57 1364.82 0.41 
962.33 632.88 1188.74 0.41 
816.75 694.40 1051.49 0.25 
542.53 849.67 654.72 0.49 
944.06 952.05 953.18 0.25 
551.50 762.40 1272.77 0.26 
1126.85 657.23 1436.82 0.43 
1011.37 692.07 1089.73 0.48 
1225.43 772.78 2372.60 0.38 
580.11 660.95 786.55 0.61 
668.12 777.68 1056.19 0.28 
759.85 940.58 1609.39 0.50 
698.71 927.28 2371.16 0.25 
961.95 882.00 1938.22 0.28 
613.09 1096.91 1327.71 0.35 
1387.11 613.82 1573.25 0.36 
579.18 720.95 833.62 0.41 
1112.96 915.95 2209.70 0.48 
920.25 651.28 2344.25 0.28 
600.65 1197.23 748.15 0.47 
967.34 779.28 1820.51 0.35 
1338.09 564.35 1290.14 0.54 
993.07 879.79 1350.96 0.55 
677.12 804.36 2071.62 0.37 
566.88 653.58 3079.17 0.60 
699.42 614.03 748.01 0.27 
566.61 656.10 1004.56 0.40 
1240.55 563.19 1638.67 0.40 
1335.75 610.20 989.71 0.47 
977.38 901.96 882.30 0.46 
807.42 1018.59 1411.49 0.46 
1157.08 880.55 857.87 0.56 
577.45 1137.54 1980.88 0.39 
1021.54 667.62 807.25 0.33 
706.33 948.94 1495.58 0.37 
778.95 808.37 1757.80 0.39 
1021.12 1054.38 1796.86 0.44 
1164.29 704.79 1826.31 0.36 
839.08 582.23 1878.11 0.52 
682.92 822.01 1083.63 0.53 
661.79 746.50 893.67 0.17 
1144.21 663.03 1643.12 0.40 
1638.39 548.02 1362.58 0.44 
670.01 553.14 1164.37 0.33 
971.10 541.69 1884.48 0.28 
971.86 682.53 1938.51 0.47 
1035.93 619.71 1023.17 0.38 
1387.26 681.38 1223.08 0.47 
812.06 701.11 1590.97 0.51 
634.04 572.80 904.74 0.39 
625.81 574.95 1823.92 0.52 
1183.11 576.28 1674.98 0.50 
700.85 633.10 2355.81 0.26 
989.19 1338.65 2105.48 0.45 
1180.69 1054.51 1511.49 0.38 
1255.06 773.18 723.34 0.32 
867.17 716.38 1185.46 0.38 
548.89 607.84 2048.42 0.38 
1313.10 883.10 682.07 0.39 
928.10 543.88 1289.55 0.50 
596.12 792.73 1155.46 0.49 
763.94 612.51 1464.98 0.17 
1487.85 669.83 1573.14 0.35 
873.08 741.39 1733.16 0.30 
811.10 1080.73 1838.88 0.50 
801.90 568.40 1840.75 0.28 
930.97 630.68 1757.16 0.40 
1219.12 804.14 1515.90 0.53 
1162.97 679.43 1134.65 0.34 
585.96 892.88 1643.95 0.51 
1332.35 840.14 1222.04 0.30 
652.98 621.18 1893.77 0.36 
1022.27 591.43 1744.42 0.55 
754.18 1142.16 641.26 0.42 
565.26 666.00 1019.35 0.56 
1328.03 730.01 1512.48 0.26 
873.51 1230.24 1104.69 0.45 
945.13 1038.83 2699.38 0.24 
898.68 585.88 1345.29 0.42 
847.94 778.47 991.88 0.50 
570.89 562.07 571.33 0.47 
926.58 852.98 981.80 0.40 
1105.20 660.43 756.12 0.34 
955.45 749.04 944.43 0.33 
646.48 832.02 1101.77 0.30 
783.79 1125.44 1788.25 0.46 
1178.00 841.01 1501.75 0.41 
872.32 858.49 959.77 0.27 
801.97 1041.66 1433.99 0.19 
898.33 794.16 1010.44 0.63 
694.53 623.68 1303.18 0.48 
860.74 670.71 890.67 0.44 
833.14 879.65 1895.68 0.46 
759.29 696.12 2242.61 0.45 
999.93 873.35 2208.95 0.47 
631.87 713.05 1601.70 0.55 
846.31 893.04 1620.36 0.32 
546.04 860.02 1630.86 0.56 
786.28 843.98 1898.80 0.57 
986.44 870.42 1561.12 0.45 
568.50 1029.15 1878.01 0.45 
707.80 611.83 864.35 0.31 
685.76 943.98 2745.95 0.49 
568.89 1022.79 1680.33 0.35 
862.84 779.85 1415.06 0.20 
744.92 789.72 984.04 0.37 
795.02 671.23 1171.09 0.24 
660.57 684.11 829.48 0.33 
1435.67 1019.37 1038.68 0.29 
746.32 609.91 1969.04 0.64 
1370.20 646.20 1919.90 0.34 
1243.14 898.75 1151.97 0.48 
701.81 655.48 2088.77 0.32 
583.55 939.27 1703.80 0.27 
708.62 796.63 1756.33 0.34 
684.97 556.83 1218.44 0.36 
690.01 1081.57 590.53 0.53 
1059.85 848.45 2251.61 0.50 
728.17 926.75 1198.84 0.40 
644.67 575.61 752.54 0.53 
837.39 1167.55 1128.71 0.41 
850.70 818.15 1624.74 0.32 
605.12 1094.77 1275.30 0.26 
