479.13 433.52 0.42 5417.17
454.38 493.04 0.33 3838.43
500.58 496.22 0.41 6160.78
556.09 524.14 0.47 6119.49
506.74 514.28 0.28 6984.49
593.37 360.21 0.54 7592.72
448.99 527.54 0.44 6193.75
547.97 516.75 0.55 7011.86
534.46 494.16 0.57 7988.51
463.96 446.51 0.62 7343.46
469.36 496.80 0.41 5963.89
483.94 546.27 0.42 8891.55
381.74 510.06 0.54 6894.09
551.60 498.31 0.47 5917.12
469.60 393.24 0.47 5739.07
461.78 480.69 0.51 7954.46
419.68 504.35 0.62 7042.90
523.30 529.05 0.39 8151.43
430.40 520.62 0.47 7538.37
469.85 442.59 0.35 8079.54
519.65 526.34 0.54 7562.98
547.97 439.99 0.35 7324.46
545.30 555.47 0.72 6149.49
499.07 480.95 0.49 7022.38
575.65 546.26 0.58 7520.09
553.86 524.84 0.62 7017.21
473.67 440.53 0.44 5616.73
491.95 492.64 0.39 7158.98
473.83 505.75 0.39 6083.17
488.26 542.04 0.49 7238.44
523.62 491.44 0.34 6496.72
543.96 476.79 0.56 9032.32
509.38 553.51 0.37 7215.38
481.05 403.04 0.49 6801.88
513.35 504.72 0.48 6067.60
491.31 511.55 0.48 8166.61
520.18 549.05 0.47 6620.59
497.92 459.27 0.47 6298.70
504.52 493.12 0.44 6809.22
509.11 422.33 0.53 5535.45
550.05 469.16 0.50 8777.63
582.93 488.84 0.68 7058.75
525.24 553.38 0.31 7483.50
485.79 591.56 0.34 7158.58
477.61 473.79 0.63 6240.98
472.54 475.13 0.34 7580.68
492.95 547.41 0.44 6651.79
379.95 503.48 0.53 8576.13
418.16 475.92 0.34 7617.18
524.52 526.89 0.46 6956.29
580.27 498.71 0.58 8951.06
439.48 526.52 0.46 8122.67
436.07 530.97 0.55 5469.46
487.75 482.88 0.69 8313.90
517.43 492.55 0.43 7429.65
478.10 426.19 0.46 5527.89
446.05 527.21 0.43 6465.38
590.29 540.64 0.49 6573.50
474.86 416.58 0.72 7075.38
490.27 577.51 0.53 6000.24
560.48 485.18 0.43 8974.88
530.04 319.09 0.47 7775.63
473.08 481.70 0.68 6828.82
504.86 470.89 0.40 5507.35
529.27 457.98 0.52 8376.06
490.46 461.10 0.45 7175.77
440.03 401.22 0.47 7448.67
538.95 558.77 0.43 5874.07
446.82 493.84 0.39 7868.44
434.57 513.43 0.50 6962.45
501.74 410.85 0.49 5345.25
458.83 476.56 0.65 8420.03
470.14 481.17 0.59 6522.03
535.67 492.35 0.37 7182.85
547.92 566.04 0.47 8127.32
494.57 469.19 0.52 7375.80
474.15 494.36 0.39 6317.10
403.04 545.86 0.56 6133.85
497.44 480.84 0.62 5555.46
558.50 533.63 0.63 5646.13
501.43 472.66 0.49 7359.78
441.84 366.71 0.45 6618.22
529.30 494.96 0.55 7477.99
455.82 551.36 0.52 7234.86
530.20 465.34 0.53 6567.75
539.64 554.32 0.36 6410.43
431.01 479.82 0.55 8024.29
463.27 470.27 0.37 6933.18
545.34 489.66 0.50 5902.27
537.57 471.56 0.55 7584.37
587.42 389.45 0.51 6656.31
543.48 557.15 0.37 5898.46
527.26 497.52 0.42 6443.94
543.54 538.84 0.30 7576.95
572.22 454.07 0.33 7116.75
497.00 422.18 0.45 6253.00
493.93 426.70 0.55 6489.93
484.99 452.76 0.44 7075.16
544.73 525.16 0.51 7565.34
455.79 522.76 0.37 6527.36
22358.35206879541