529.82 63.00 0.55 10588.06
199.62 455.67 0.26 4946.29
580.49 452.60 0.54 4897.61
233.14 772.35 0.57 5588.61
814.53 492.37 0.18 9956.85
975.81 720.27 0.36 6439.13
63.01 635.62 0.04 8150.72
192.97 414.65 0.39 5956.93
352.40 138.15 0.09 8306.31
868.17 859.95 0.43 7962.79
855.21 750.39 0.21 4278.35
776.94 165.60 0.36 5551.61
582.51 558.16 0.25 5219.90
324.38 311.38 0.05 7412.97
584.76 533.58 0.36 6123.80
513.90 478.27 0.42 5590.62
354.36 906.86 0.39 7516.52
386.26 645.71 0.03 6800.07
964.04 927.79 0.10 6679.80
754.76 608.22 0.05 6461.59
490.37 183.08 0.09 6160.57
915.52 533.75 0.29 4895.72
799.67 446.53 0.41 5431.22
18.89 167.11 0.19 4381.29
526.18 28.37 0.04 4910.94
639.94 699.90 0.39 6846.70
224.15 160.93 0.03 7581.36
831.80 398.98 0.08 6063.07
295.88 933.37 0.35 10536.73
266.01 647.00 0.50 5595.34
437.87 916.86 0.38 4244.24
140.31 136.22 0.58 5740.90
691.27 491.57 0.06 7263.66
478.71 716.52 0.21 6534.04
439.87 21.66 0.57 5846.26
391.58 667.68 0.53 5746.14
78.76 851.90 0.39 10228.84
708.42 416.63 0.05 9466.21
271.59 865.21 0.24 5102.93
647.42 361.37 0.06 4156.22
570.52 381.61 0.47 7136.41
433.96 514.78 0.56 5611.35
970.00 361.10 0.34 6688.42
63.11 830.12 0.50 6997.99
813.40 213.07 0.11 4761.26
3.21 408.05 0.56 9859.26
222.70 106.38 0.25 4496.23
270.30 737.15 0.41 7503.59
169.13 613.77 0.20 5768.81
290.17 93.04 0.12 5830.27
780.21 416.15 0.07 6897.57
300.01 399.43 0.52 5645.17
849.45 613.01 0.59 7109.61
511.01 368.82 0.51 4531.27
512.98 222.56 0.54 4384.12
369.44 8.36 0.19 5940.40
686.87 97.58 0.50 5937.91
152.26 444.69 0.30 4737.68
402.81 734.46 0.21 4956.25
245.14 645.05 0.55 6249.18
781.23 916.76 0.43 4011.25
26.69 412.00 0.18 5311.42
681.27 654.99 0.12 6144.51
662.34 409.84 0.48 9048.77
331.89 174.25 0.49 4916.59
482.58 291.29 0.57 9480.81
365.59 720.75 0.12 9641.05
275.31 862.63 0.54 7053.58
148.47 611.25 0.16 6993.34
528.98 717.55 0.10 7709.58
926.08 897.92 0.25 3512.91
970.20 741.82 0.47 4358.71
745.70 458.94 0.33 6034.01
162.28 308.49 0.38 5382.41
519.28 841.44 0.44 3878.02
325.87 977.15 0.57 4946.69
500.23 732.28 0.25 8579.40
633.98 228.04 0.24 6193.65
130.67 276.69 0.41 5373.85
519.75 376.90 0.02 8721.42
326.74 221.21 0.33 5588.24
743.10 985.56 0.44 8717.05
197.62 377.88 0.49 6875.97
397.06 925.07 0.43 6635.57
186.94 501.29 0.31 9398.63
994.46 187.69 0.27 3395.59
992.93 69.49 0.02 5647.08
713.65 196.13 0.29 7167.31
643.70 838.56 0.46 4932.79
260.50 287.33 0.34 7414.17
15.64 734.50 0.56 5348.90
898.77 939.89 0.08 5890.31
295.76 489.04 0.55 5730.54
263.78 140.80 0.34 6371.89
641.02 40.20 0.52 9383.61
402.80 432.32 0.53 4216.45
229.21 606.51 0.25 10218.01
504.69 309.88 0.10 5481.86
284.34 451.13 0.41 6963.81
385.86 148.06 0.30 6568.69
807.48 625.16 0.31 9835.29
21.14 185.91 0.31 6335.44
932.26 985.77 0.12 6789.20
383.14 311.77 0.22 4582.86
142.55 907.24 0.39 6186.22
11.55 168.41 0.58 4806.89
136.33 117.41 0.15 6258.66
63.26 128.31 0.07 7041.69
727.87 281.11 0.08 6896.79
918.69 441.76 0.05 7094.33
83.83 420.10 0.25 5048.17
135.93 481.41 0.08 5907.65
328.29 104.96 0.02 8032.62
291.09 214.65 0.04 4669.33
934.51 321.41 0.39 4206.66
657.27 422.61 0.29 8548.22
108.41 321.94 0.20 6470.42
543.62 195.46 0.43 6615.58
200.33 849.58 0.28 9043.82
807.32 192.93 0.41 6739.69
538.31 375.70 0.39 5319.79
864.66 862.19 0.29 9642.36
594.24 468.45 0.60 6630.51
618.73 724.86 0.45 8608.28
220.83 310.30 0.34 6296.61
44.69 111.17 0.06 6761.34
177.10 668.50 0.58 10051.35
169.16 439.99 0.33 6347.53
168.11 635.31 0.58 4867.25
857.62 270.18 0.40 5690.41
136.95 577.70 0.14 5682.05
471.06 80.04 0.22 9795.91
487.57 171.83 0.40 6986.04
51.26 792.08 0.16 8366.34
513.11 509.79 0.43 5998.26
2.83 734.04 0.50 8421.01
202.74 600.00 0.14 6159.36
75.10 893.23 0.37 4372.94
342.30 408.17 0.34 6169.89
997.15 620.39 0.03 4935.74
294.23 230.33 0.50 4518.13
223.26 447.34 0.40 4969.33
118.42 840.81 0.31 6837.62
530.40 484.74 0.02 6056.43
363.40 477.73 0.10 6208.61
12.69 656.95 0.60 6036.97
210.95 629.34 0.52 8660.81
376.39 665.12 0.18 8189.00
37.89 991.15 0.44 7996.36
469.72 993.01 0.20 6908.37
