948.35 938.35 0.51 3899.80
222.69 494.75 0.01 6950.46
31.90 164.89 0.33 5578.79
31.19 211.05 0.29 4899.44
611.40 633.75 0.29 4757.36
72.53 292.62 0.48 7763.11
558.58 337.27 0.53 9143.51
796.17 200.51 0.25 5229.82
431.06 842.65 0.23 6447.33
359.64 941.16 0.45 7876.77
910.31 749.80 0.54 2690.43
119.37 311.00 0.44 5789.15
371.31 189.06 0.32 5830.55
294.95 343.51 0.57 6824.78
999.65 543.49 0.16 6492.56
881.73 95.51 0.22 4005.06
422.87 764.49 0.24 4716.67
812.44 495.33 0.22 3641.20
987.86 947.33 0.02 6464.68
528.59 545.11 0.36 5581.22
995.48 413.55 0.11 5447.92
148.60 561.54 0.07 8255.92
850.95 897.97 0.55 6113.95
154.43 180.93 0.43 6186.83
583.80 625.47 0.12 5658.78
304.58 645.80 0.10 4939.84
69.50 211.92 0.48 5058.24
663.72 604.23 0.52 5740.13
715.43 528.45 0.52 4070.42
785.45 703.04 0.59 5450.17
352.48 674.92 0.24 7458.44
773.38 521.47 0.02 8023.09
328.88 183.22 0.40 3483.33
734.14 711.37 0.20 4825.23
207.28 430.57 0.35 3858.26
82.38 130.80 0.22 5967.64
213.76 605.45 0.00 5890.87
573.09 669.93 0.20 4390.79
708.81 835.79 0.03 6374.69
175.84 437.56 0.59 4128.24
85.64 908.76 0.03 3738.98
13.65 785.94 0.49 5243.24
902.43 939.84 0.58 9580.87
956.69 96.09 0.47 4267.42
414.70 611.79 0.33 4517.47
941.27 759.30 0.31 4278.41
434.79 617.61 0.10 7482.13
515.35 252.35 0.41 6434.10
650.51 166.77 0.23 4919.95
117.25 69.98 0.15 7149.71
19.12 806.05 0.45 9112.14
853.84 307.32 0.10 8708.64
966.40 884.74 0.46 3645.90
7.70 109.76 0.14 10148.26
780.52 774.67 0.28 4360.71
118.86 735.12 0.40 7921.97
866.71 218.06 0.58 6046.09
171.97 154.16 0.16 9335.94
886.74 524.18 0.06 7826.83
174.38 970.54 0.17 6054.72
753.99 485.59 0.26 6787.06
787.67 516.94 0.19 5588.63
921.12 690.28 0.54 3851.75
317.34 108.62 0.10 6377.08
606.28 793.28 0.07 5775.95
81.04 595.51 0.43 6102.08
402.42 83.42 0.47 3988.15
186.99 323.14 0.36 6517.91
423.21 144.41 0.35 5454.12
527.67 494.02 0.42 3646.04
707.67 894.88 0.36 5410.94
725.74 365.53 0.39 5093.44
633.58 498.84 0.24 5770.83
158.42 76.25 0.25 4813.57
636.40 855.77 0.09 4938.65
774.75 520.54 0.52 10706.97
917.56 403.08 0.46 6634.98
991.84 688.35 0.36 4359.17
917.00 847.35 0.10 9157.40
790.44 397.33 0.03 6973.75
542.74 301.85 0.41 9528.80
448.76 573.08 0.23 5453.65
959.88 240.69 0.32 5778.85
230.74 622.82 0.21 3945.53
621.48 481.27 0.44 6196.33
30.01 788.11 0.07 5856.23
840.52 94.46 0.37 5444.94
771.22 414.90 0.13 6256.27
449.40 872.35 0.05 8310.48
96.94 501.61 0.35 5985.62
368.85 576.54 0.53 4847.38
288.27 92.10 0.40 3877.13
331.94 970.74 0.47 3973.97
296.22 732.82 0.29 4554.90
683.55 748.75 0.59 7948.94
494.33 748.01 0.01 6480.74
728.86 581.22 0.09 6576.22
382.72 918.60 0.35 5173.08
959.29 946.99 0.48 4429.19
817.42 170.74 0.23 6174.38
723.48 239.03 0.25 6479.70
936.60 327.44 0.49 5716.46
313.32 184.85 0.04 5445.11
698.46 427.71 0.40 8123.58
539.53 883.92 0.06 5574.50
353.74 863.31 0.07 9637.83
140.68 613.15 0.11 5203.78
722.43 37.24 0.34 4033.86
791.10 91.74 0.39 5289.74
546.96 853.23 0.25 5734.51
19.97 174.38 0.31 4629.50
932.17 270.87 0.26 4860.15
129.87 593.27 0.28 4050.49
448.76 683.15 0.29 6870.72
303.26 528.17 0.42 4518.16
171.56 977.32 0.38 3490.14
213.21 489.28 0.25 6389.23
682.70 78.42 0.58 7127.42
377.85 695.45 0.48 6043.05
57.05 383.40 0.53 5724.23
114.93 728.28 0.54 9853.87
830.22 52.64 0.11 4113.60
282.39 31.12 0.59 3926.56
361.82 602.94 0.29 7245.65
980.56 534.70 0.13 4474.79
545.89 176.22 0.31 4390.83
506.98 105.10 0.17 4596.63
354.28 729.87 0.14 5601.57
173.35 962.56 0.04 4488.22
225.79 874.40 0.57 6448.89
708.65 346.92 0.59 5296.84
988.03 993.84 0.06 6124.89
699.42 481.70 0.57 6231.73
719.77 186.04 0.50 6640.36
124.51 507.66 0.40 4959.41
872.32 296.90 0.25 3612.55
967.70 1.94 0.14 9801.93
812.68 156.65 0.33 10146.29
579.09 4.73 0.28 4758.42
456.05 402.47 0.01 6644.55
970.46 885.42 0.46 8438.79
329.82 371.19 0.12 7046.83
51.84 93.11 0.38 3816.27
743.40 649.42 0.38 10060.81
811.88 243.92 0.42 4771.82
810.41 146.44 0.35 7484.47
666.98 395.74 0.17 4377.56
544.73 884.01 0.07 6407.48
864.33 345.62 0.24 7336.05
200.31 939.30 0.30 8264.11
127.15 944.34 0.40 2338.15
6.24 220.84 0.07 8484.96
775.39 130.89 0.38 4121.07
754.40 485.79 0.48 4096.64
432.01 11.40 0.34 4552.14
42.64 741.38 0.27 5098.04
517.60 540.30 0.35 9572.29
480.02 783.97 0.48 3475.79
247.84 859.25 0.09 5328.16
286.82 339.77 0.54 4458.91
399.73 283.38 0.24 6741.42
709.37 848.76 0.60 9771.56
371.48 286.27 0.46 3450.53
559.66 12.80 0.46 3153.33
543.36 523.86 0.49 5356.27
784.14 7.52 0.57 5078.66
862.96 527.13 0.23 7282.44
868.04 994.25 0.52 4798.57
109.43 487.15 0.20 5358.86
663.70 515.84 0.07 5651.15
17.87 644.57 0.42 5796.54
60.03 383.79 0.54 4076.05
7.88 329.54 0.23 5034.51
44.27 503.61 0.24 4251.95
199.30 172.72 0.37 4194.78
