262.50 506.11 0.41 5213.68
871.22 233.62 0.19 5736.25
860.75 151.62 0.16 3441.91
418.39 79.07 0.04 5405.01
949.36 193.95 0.06 5054.84
529.48 574.61 0.13 5984.71
580.08 742.83 0.22 5347.61
611.85 150.23 0.31 4192.48
536.90 356.97 0.46 4399.62
151.54 590.65 0.23 4143.00
983.71 317.33 0.57 5993.88
892.11 809.73 0.54 9715.08
170.81 672.41 0.59 6017.20
26.24 441.87 0.12 3227.36
32.13 69.37 0.34 5272.37
177.38 675.57 0.01 7479.01
71.10 510.86 0.36 4216.71
752.93 478.68 0.13 6402.12
340.61 404.34 0.42 5106.06
207.59 106.72 0.19 4430.26
240.91 417.08 0.10 7625.79
446.99 179.46 0.35 4140.43
119.63 403.10 0.14 5103.65
212.69 84.41 0.43 6463.82
421.38 390.06 0.58 9588.54
116.18 393.64 0.00 8504.27
293.06 124.58 0.03 7708.62
833.86 971.37 0.58 3572.17
76.30 538.96 0.26 3350.60
487.20 820.73 0.32 4568.34
657.94 242.39 0.32 4817.12
67.20 506.65 0.16 4743.04
182.15 458.95 0.45 4025.78
7.63 318.49 0.33 5298.49
368.16 120.77 0.40 8723.35
840.32 864.16 0.01 7529.20
680.27 711.65 0.06 5853.20
219.05 22.45 0.20 4256.83
171.06 968.38 0.34 3372.81
76.99 937.68 0.51 5466.79
408.73 938.92 0.40 5339.82
120.75 151.42 0.59 8108.24
649.67 418.33 0.05 6121.77
689.56 406.45 0.12 4710.44
913.51 654.46 0.46 6239.07
946.81 904.32 0.16 4357.44
604.13 733.29 0.35 5301.10
6.81 214.52 0.49 3333.51
523.23 407.42 0.19 6262.39
105.94 354.53 0.02 5508.98
586.43 771.04 0.10 5799.97
624.94 203.36 0.26 2766.47
506.71 705.06 0.20 4814.88
234.36 433.21 0.33 5450.01
528.06 298.68 0.08 8988.34
167.98 55.15 0.14 8775.63
78.59 615.14 0.01 6559.84
917.49 93.60 0.30 7467.91
665.32 934.43 0.35 5513.73
451.57 643.38 0.44 5128.87
781.11 298.22 0.28 7469.93
810.43 908.80 0.11 3862.09
955.62 263.03 0.05 4841.86
123.96 51.36 0.00 6992.85
276.95 12.24 0.30 4046.10
910.67 995.24 0.25 5878.22
403.50 711.78 0.14 3595.99
813.24 905.42 0.19 5378.23
672.67 831.24 0.02 8545.43
542.03 642.35 0.27 7929.65
305.34 310.63 0.42 7871.21
298.25 461.12 0.15 5704.86
548.47 516.74 0.46 5920.32
802.47 747.27 0.48 2988.15
756.83 546.96 0.31 7925.38
84.13 415.49 0.57 6564.15
82.14 368.59 0.06 6859.17
740.51 647.37 0.26 6288.04
389.24 859.14 0.51 5514.85
356.62 948.78 0.57 7094.41
653.39 818.38 0.44 4184.43
499.89 533.29 0.10 5932.03
724.36 388.34 0.42 8713.70
447.79 386.62 0.39 7577.86
997.56 384.91 0.45 6132.76
616.49 770.80 0.22 9647.78
539.44 491.57 0.40 4859.12
104.44 181.57 0.24 4821.65
914.15 878.79 0.35 6952.97
706.38 807.36 0.13 5182.40
464.66 829.42 0.36 5062.62
844.27 110.12 0.59 8176.78
690.43 460.09 0.10 5663.84
723.72 350.57 0.09 5331.61
58.29 318.05 0.05 5219.49
567.37 506.15 0.38 4696.12
709.13 503.28 0.18 3582.03
506.65 107.58 0.14 8409.76
130.74 688.91 0.36 3587.80
486.24 421.04 0.40 8579.66
871.00 266.59 0.52 5122.22
760.61 523.63 0.35 3625.70
461.23 309.02 0.34 6716.09
584.20 175.46 0.41 4671.17
215.04 132.09 0.07 5231.08
471.32 696.74 0.57 5269.39
333.74 549.33 0.27 5908.52
778.22 789.49 0.08 10060.52
325.84 364.86 0.31 9356.80
386.74 931.06 0.48 5157.05
763.36 631.89 0.42 8281.44
560.53 543.72 0.18 5152.82
896.11 518.59 0.42 3133.52
98.09 177.25 0.48 6896.04
381.91 164.57 0.36 4473.70
720.88 977.46 0.50 5044.91
831.90 365.51 0.12 5539.02
965.25 316.15 0.20 4280.16
986.20 247.85 0.18 7256.65
320.32 480.48 0.12 4243.41
337.13 266.26 0.48 7858.77
965.30 727.21 0.26 5396.35
751.56 116.07 0.29 3201.20
873.67 353.34 0.24 5483.49
858.59 391.43 0.08 5523.02
831.61 416.23 0.12 5862.22
189.74 359.68 0.06 5532.76
931.52 129.54 0.41 7778.89
427.33 82.45 0.32 4780.93
136.40 54.99 0.53 3513.94
936.30 516.77 0.51 9277.27
719.72 695.47 0.54 6953.08
331.36 533.74 0.14 5962.39
970.08 445.00 0.48 4888.70
656.64 444.88 0.23 3941.87
23.04 502.87 0.10 5834.14
791.23 282.34 0.40 5511.84
542.43 323.67 0.53 6312.36
563.17 585.03 0.18 6472.63
650.73 54.29 0.49 8597.60
661.90 933.67 0.13 5743.89
473.57 351.03 0.02 7197.28
323.40 395.73 0.49 8114.58
788.36 694.67 0.39 3643.52
218.47 593.39 0.24 7404.28
575.66 698.35 0.09 6466.99
604.38 531.50 0.16 6498.28
447.26 847.14 0.24 4611.71
156.94 412.30 0.16 9845.00
579.12 463.14 0.23 6196.85
173.39 633.28 0.29 8840.50
234.16 732.63 0.50 5824.92
530.83 960.05 0.09 4903.93
963.81 742.41 0.51 4136.30
76.60 199.48 0.14 7341.70
172.03 499.44 0.20 5021.37
671.30 823.61 0.06 6631.69
973.34 771.65 0.12 6226.56
86.00 529.75 0.44 5392.22
702.08 150.39 0.34 5549.25
86.69 135.88 0.28 5676.66
86.80 424.85 0.32 4116.93
684.87 788.98 0.27 7292.99
259.83 562.25 0.17 4324.12
953.01 645.95 0.54 10061.14
140.68 988.42 0.53 5409.15
133.81 269.54 0.53 7903.85
787.15 217.63 0.42 5546.35
368.50 408.13 0.38 5403.37
943.01 365.88 0.40 5138.17
105.76 45.52 0.39 5833.60
805.23 660.69 0.26 3977.32
899.69 542.16 0.41 3200.97
917.23 352.14 0.03 5475.75
430.95 266.37 0.15 5020.49
137.05 998.66 0.44 4583.27
838.58 403.11 0.30 3806.04
139.75 652.15 0.18 5833.44
19.75 937.12 0.43 3762.30
26.40 485.68 0.52 3336.01
798.03 16.25 0.19 4396.61
739.02 418.50 0.42 3847.46
489.26 822.75 0.47 4322.56
17.10 82.97 0.29 3046.54
408.56 887.97 0.04 7544.55
881.79 417.75 0.09 6973.36
772.72 199.67 0.23 6690.00
944.68 752.24 0.47 4532.18
591.65 683.81 0.28 5751.15
966.48 892.21 0.46 6409.39
204.95 638.64 0.04 5736.45
379.39 194.08 0.38 3754.78
899.91 682.89 0.36 4817.29
390.89 539.45 0.04 6327.70
249.09 396.55 0.49 6976.26
737.18 490.34 0.18 5072.14
952.05 498.21 0.57 4967.13
5.81 478.24 0.31 4650.26
380.70 229.09 0.10 4707.06
847.53 132.53 0.24 7572.93
