452.48 143.50 0.04 5328.46
18.27 520.78 0.23 8963.06
199.69 812.55 0.40 7981.24
329.73 90.68 0.27 4501.07
161.00 428.20 0.28 5552.25
52.06 470.61 0.28 10287.25
911.98 850.75 0.25 6710.50
155.48 128.43 0.53 5851.06
38.02 435.06 0.15 4479.41
497.88 341.94 0.37 5175.04
495.38 534.14 0.03 7392.58
566.70 933.28 0.13 6508.72
745.20 781.94 0.23 6055.10
374.58 45.61 0.18 5896.05
302.96 479.03 0.33 5676.79
368.41 804.54 0.52 5844.65
773.87 525.79 0.22 6213.28
301.65 15.98 0.40 8589.26
974.50 663.99 0.25 6756.43
555.90 584.06 0.59 6063.67
626.50 736.78 0.54 9434.33
718.59 930.00 0.10 9350.99
85.94 134.12 0.43 6138.55
362.31 703.66 0.47 5580.43
901.75 974.90 0.20 5955.33
432.04 441.90 0.33 6920.36
815.91 270.07 0.25 8816.50
97.62 91.06 0.60 6146.35
24.46 327.69 0.15 8052.40
137.64 908.55 0.31 5655.07
538.44 988.45 0.10 7944.43
14.04 174.19 0.06 9237.19
16.16 653.46 0.59 5299.64
222.71 874.87 0.36 9854.31
844.73 742.92 0.19 7098.23
47.39 165.05 0.46 7337.16
268.95 729.85 0.28 4664.47
848.15 792.09 0.57 4820.84
140.63 947.99 0.50 6382.28
895.66 171.36 0.45 5978.99
664.76 848.96 0.13 8262.35
555.83 333.96 0.51 6293.53
664.85 39.16 0.30 10362.46
12.78 218.71 0.02 8336.20
259.76 873.24 0.39 7847.67
487.29 6.49 0.33 4780.61
85.10 928.72 0.48 5720.46
877.57 451.77 0.10 6768.54
197.95 994.47 0.48 5232.89
406.94 746.76 0.51 6214.30
433.90 91.98 0.36 7752.45
928.00 139.77 0.06 5700.43
388.93 117.62 0.20 9685.21
412.36 427.09 0.27 6273.83
536.64 937.04 0.29 5500.81
349.14 326.72 0.47 8077.61
262.70 112.73 0.16 6758.19
788.82 227.55 0.09 6815.60
846.47 796.45 0.37 4144.74
324.67 244.10 0.03 6085.05
20.18 917.79 0.47 4510.02
379.55 869.22 0.37 5711.14
734.94 933.49 0.40 7643.10
95.24 418.28 0.24 8959.85
311.61 858.52 0.41 7923.80
198.55 51.86 0.45 7278.89
795.55 758.77 0.38 7599.77
628.70 840.03 0.34 6454.78
83.01 265.59 0.30 5693.82
706.87 28.49 0.29 7524.23
120.33 598.71 0.26 5146.67
527.83 826.97 0.31 7975.10
394.15 769.35 0.48 8686.78
949.16 209.85 0.36 10418.17
502.26 612.83 0.18 9724.04
976.96 971.62 0.54 9339.14
697.77 844.12 0.11 7240.56
569.67 90.37 0.59 6859.39
272.40 54.67 0.53 7723.27
137.96 827.87 0.52 4814.48
182.18 615.51 0.31 5266.33
93.35 720.75 0.01 7569.69
805.94 76.48 0.02 8011.60
869.12 741.62 0.30 6333.40
161.64 138.25 0.07 5994.85
850.71 679.62 0.28 7053.95
320.17 501.32 0.09 7358.18
729.68 730.21 0.19 4776.57
601.84 310.27 0.45 4521.64
948.13 154.56 0.53 6075.35
301.26 5.74 0.05 7955.76
742.65 913.83 0.57 4327.47
761.38 580.62 0.57 6370.18
984.84 918.82 0.19 10555.96
585.02 299.35 0.04 6875.32
983.54 846.13 0.48 4662.84
20.81 465.03 0.44 6350.03
698.40 203.66 0.57 6897.22
809.05 67.51 0.58 5213.14
809.25 2.40 0.11 6638.54
501.27 513.88 0.58 5262.33
185.98 606.36 0.32 5004.09
633.50 680.92 0.03 10800.00
334.54 639.00 0.35 6231.82
937.33 308.87 0.06 9579.86
207.74 313.85 0.11 8712.64
251.89 210.13 0.37 4759.60
343.93 719.05 0.36 7353.17
660.67 215.88 0.10 6696.37
589.16 851.26 0.13 6818.04
368.19 407.69 0.48 6727.36
639.17 68.08 0.43 4885.64
312.87 350.22 0.42 7729.26
177.93 973.33 0.21 9216.95
622.88 391.20 0.43 6283.24
690.59 870.53 0.60 10507.06
508.96 791.48 0.48 5171.60
35.85 49.55 0.45 7749.26
458.52 349.31 0.04 8284.58
529.33 67.98 0.51 6791.66
845.34 106.70 0.10 8514.17
678.17 810.35 0.49 6331.98
288.83 812.21 0.00 5647.36
807.69 487.70 0.15 4731.35
410.49 512.02 0.29 4668.94
