472.71 459.26 0.58 7770.65
161.28 495.04 0.15 10258.17
254.53 274.81 0.05 10560.68
536.03 109.05 0.06 8071.76
897.39 168.67 0.51 4688.41
553.70 221.54 0.46 5788.21
271.91 495.82 0.41 8097.21
145.53 147.84 0.52 5562.72
332.66 344.73 0.54 5697.06
491.15 293.10 0.10 7890.15
577.53 189.34 0.58 6290.21
258.11 358.85 0.32 5847.82
459.21 728.05 0.49 6413.56
414.70 78.93 0.53 5656.83
569.57 142.66 0.50 4891.56
290.25 586.01 0.12 8283.38
78.97 171.33 0.50 7171.00
887.73 609.37 0.21 9898.74
222.04 905.90 0.32 8676.94
165.03 569.57 0.39 10456.50
399.25 105.51 0.17 8280.83
597.28 198.76 0.11 8328.62
368.00 595.44 0.08 9655.14
537.83 314.54 0.14 6316.43
834.70 876.12 0.20 6129.48
434.31 87.16 0.04 7298.52
345.64 240.99 0.14 9734.20
802.83 830.71 0.52 6940.09
160.17 7.96 0.08 7956.95
784.94 848.85 0.55 10215.25
620.60 354.82 0.51 6004.29
752.06 696.25 0.31 5392.37
840.46 964.29 0.49 9459.57
412.56 976.76 0.04 7809.74
712.74 872.42 0.29 5389.72
610.84 923.12 0.27 10338.40
312.24 246.47 0.13 7694.18
965.65 770.68 0.38 8673.13
304.97 739.31 0.34 6100.36
270.81 728.06 0.49 7181.92
827.90 156.62 0.39 8230.87
964.38 258.64 0.22 5956.56
815.82 812.67 0.30 4949.03
989.74 425.54 0.60 9056.47
507.43 699.44 0.55 6522.00
454.92 283.41 0.48 7098.02
993.22 578.09 0.36 9049.99
735.65 229.80 0.53 7875.17
839.76 444.73 0.02 10800.00
441.43 403.11 0.32 5940.57
586.66 579.56 0.30 10631.93
116.70 567.50 0.28 10062.46
747.88 810.59 0.56 5646.73
805.22 6.27 0.09 10550.63
633.23 13.64 0.21 7471.65
771.84 883.73 0.15 7864.10
962.82 499.94 0.37 5241.41
439.94 653.49 0.44 9324.43
636.48 226.68 0.48 5583.03
558.67 970.41 0.10 8003.81
364.74 230.55 0.39 5672.01
96.81 749.42 0.44 6842.95
952.60 883.39 0.36 5303.19
841.16 28.92 0.23 8220.48
284.40 460.11 0.32 6922.09
769.44 890.85 0.21 10173.82
620.76 64.49 0.15 9795.90
662.72 714.93 0.32 8592.98
777.90 982.07 0.31 4770.13
412.86 358.44 0.36 6163.06
674.66 159.90 0.18 7681.61
295.86 445.60 0.37 8654.80
875.63 467.21 0.06 10147.38
396.17 356.49 0.26 7712.09
672.10 414.20 0.51 6291.99
804.36 47.75 0.31 9568.81
631.20 755.49 0.56 5691.28
882.30 429.81 0.17 8230.01
517.26 573.15 0.01 6341.65
29.72 754.54 0.55 7475.15
788.37 285.76 0.41 7025.95
491.39 793.73 0.21 7052.70
970.64 978.28 0.44 8807.68
837.49 192.11 0.54 5674.88
516.65 587.90 0.11 6254.87
734.90 796.69 0.22 9199.18
356.74 778.13 0.47 8407.27
242.88 440.67 0.47 6670.32
264.95 109.73 0.21 5134.32
390.04 956.53 0.05 7840.50
739.16 637.54 0.13 9710.94
510.76 400.75 0.26 8319.01
496.35 741.50 0.34 6260.46
973.38 290.91 0.33 9511.51
515.41 47.08 0.13 9011.05
474.33 999.87 0.35 4831.33
669.67 949.12 0.39 5804.03
113.46 508.64 0.53 6357.94
870.60 450.07 0.16 9969.05
410.46 372.67 0.14 6576.44
