570.01 904.99 7801.04 0.62 
583.01 728.62 6542.09 0.52 
719.68 702.11 6278.71 0.48 
881.21 587.03 6103.73 0.51 
695.00 552.94 5948.20 0.38 
630.82 786.59 5457.99 0.55 
711.50 1058.93 6708.70 0.55 
576.08 872.17 6651.86 0.30 
727.82 625.35 6632.34 0.53 
756.48 868.63 6947.67 0.45 
1014.01 591.98 6393.68 0.29 
840.18 990.94 5993.05 0.48 
750.03 608.62 6389.01 0.23 
726.22 550.63 6786.36 0.33 
640.85 544.44 7022.01 0.19 
546.08 633.73 6230.21 0.47 
700.64 756.22 6892.94 0.46 
551.66 542.05 6737.22 0.20 
826.37 882.02 7324.17 0.40 
626.36 637.56 5915.43 0.58 
714.69 625.57 7620.86 0.47 
548.77 777.50 5494.11 0.42 
911.10 942.16 7489.83 0.35 
991.63 731.50 5893.23 0.45 
608.98 596.48 6551.68 0.44 
675.20 897.54 5813.62 0.30 
564.97 610.15 6358.79 0.47 
717.17 780.69 6475.50 0.26 
780.61 691.33 6194.58 0.53 
699.40 625.09 6368.82 0.37 
743.77 769.54 6570.88 0.53 
913.48 596.81 6592.19 0.43 
727.25 590.04 7741.77 0.37 
563.59 588.61 7873.11 0.40 
722.55 1085.56 6544.62 0.17 
805.26 663.69 7039.10 0.26 
631.32 1207.43 7325.50 0.56 
634.69 572.93 7127.73 0.56 
651.44 656.00 5795.35 0.28 
622.07 760.39 7710.10 0.30 
575.50 565.51 6968.52 0.47 
649.61 693.87 5478.74 0.52 
560.67 609.64 6026.57 0.37 
912.77 580.36 7088.44 0.27 
576.83 590.02 7229.86 0.49 
561.52 627.98 6810.89 0.40 
636.66 563.11 7104.33 0.52 
863.31 706.26 5767.68 0.37 
746.64 612.91 7093.37 0.46 
562.58 852.76 6645.67 0.54 
761.19 687.55 5747.02 0.34 
868.73 690.77 5542.69 0.35 
609.23 847.30 6704.51 0.34 
625.39 740.19 6232.06 0.28 
772.94 638.08 5676.44 0.45 
785.81 844.75 6310.90 0.33 
675.74 763.75 7194.55 0.47 
819.10 957.77 5632.15 0.24 
802.11 1000.20 6974.72 0.50 
824.48 687.36 7735.94 0.43 
622.09 680.39 6584.74 0.68 
639.71 803.35 5654.76 0.42 
663.83 559.42 6559.72 0.20 
712.55 663.39 6073.00 0.40 
602.26 850.52 6526.62 0.52 
661.03 593.36 6183.69 0.51 
567.93 644.43 6323.14 0.24 
557.55 778.00 6454.57 0.38 
782.94 791.13 7186.28 0.40 
1108.97 662.64 6604.30 0.37 
881.98 792.17 6072.79 0.18 
983.00 557.71 7907.28 0.45 
853.98 604.15 6469.89 0.71 
652.35 947.38 7498.22 0.32 
642.64 595.01 6177.76 0.49 
681.81 851.70 6212.09 0.28 
770.04 578.74 6319.76 0.47 
553.91 726.76 7314.37 0.38 
716.73 773.77 6301.89 0.25 
779.03 625.63 6500.94 0.27 
599.19 665.91 5501.69 0.40 
540.58 1024.41 6205.67 0.59 
639.85 568.25 7123.64 0.41 
727.37 609.76 5627.57 0.61 
648.07 638.69 6641.48 0.38 
573.95 645.75 6566.60 0.60 
545.01 757.96 6019.00 0.40 
616.92 1025.08 7800.67 0.47 
612.70 721.01 6101.78 0.29 
869.58 686.37 6080.99 0.38 
680.76 542.53 6234.91 0.16 
604.48 805.87 6127.19 0.20 
713.96 658.51 7094.44 0.35 
554.14 817.79 7734.48 0.34 
596.36 705.16 6543.70 0.33 
1029.93 736.79 5483.05 0.33 
623.64 659.33 7457.02 0.50 
580.57 694.98 7270.15 0.27 
757.72 672.77 6743.26 0.30 
545.77 1011.51 7855.87 0.39 
671.30 789.64 6151.16 0.23 
565.61 557.16 5998.99 0.54 
558.38 792.18 5955.10 0.36 
608.65 676.96 6351.84 0.47 
697.16 639.99 6689.49 0.48 
965.08 736.27 6882.21 0.31 
679.15 927.94 6971.68 0.39 
857.77 969.59 4983.89 0.46 
548.42 1057.28 6008.72 0.38 
540.01 598.21 6517.93 0.40 
872.72 619.51 5833.06 0.36 
1006.99 743.39 7211.17 0.41 
860.57 728.36 5539.47 0.28 
711.24 663.30 6667.22 0.47 
1094.92 643.03 6993.51 0.53 
648.57 823.06 6831.15 0.42 
574.28 815.89 6751.80 0.43 
735.16 767.10 6700.91 0.36 
650.48 782.26 7222.24 0.38 
683.90 615.72 7043.27 0.45 
1117.36 613.52 7189.15 0.51 
785.33 674.29 7242.66 0.31 
1085.55 668.59 7344.06 0.53 
566.70 671.82 4427.18 0.33 
624.80 542.85 6470.83 0.33 
907.90 792.91 6957.47 0.47 
661.29 620.44 7087.06 0.42 
650.77 559.44 5962.60 0.21 
677.80 633.26 7358.58 0.50 
622.50 603.31 4681.25 0.49 
540.58 648.22 6542.99 0.42 
541.45 613.26 6827.30 0.25 
826.68 567.20 7127.45 0.34 
679.19 603.76 5970.37 0.39 
598.71 646.63 6195.64 0.55 
558.79 614.56 6571.80 0.43 
580.73 952.67 6396.65 0.28 
566.85 652.75 7412.19 0.46 
766.39 767.33 6367.89 0.50 
849.42 634.36 5627.07 0.46 
614.06 821.03 6298.28 0.44 
811.16 709.24 6501.25 0.39 
620.60 647.68 6661.92 0.53 
805.78 598.48 6746.96 0.36 
877.79 567.41 7028.46 0.37 
686.66 609.23 7385.98 0.46 
971.93 572.15 7047.65 0.29 
618.10 587.19 7471.36 0.33 
722.37 901.25 7692.64 0.45 
1132.21 616.29 5814.48 0.40 
712.19 588.26 6485.30 0.32 
751.82 687.63 6586.01 0.35 
917.09 721.74 7119.34 0.28 
1037.94 751.72 6682.03 0.50 
556.46 654.48 6868.61 0.31 
554.70 585.92 7235.42 0.38 
734.08 595.72 6199.52 0.54 
1013.79 746.40 7497.00 0.55 
826.27 622.88 7790.99 0.32 
1114.14 547.44 5818.65 0.45 
562.47 738.82 5270.86 0.34 
567.20 972.59 5981.48 0.48 
629.36 559.79 6595.53 0.46 
543.23 782.47 7675.46 0.37 
642.03 840.44 6831.19 0.37 
927.77 649.12 6412.54 0.30 
920.99 604.34 7060.20 0.43 
689.73 611.10 7401.67 0.26 
697.87 541.74 6445.44 0.50 
664.74 823.82 5443.61 0.42 
678.54 588.84 6164.26 0.35 
762.65 899.02 7211.73 0.44 
685.51 629.05 5416.59 0.48 
754.71 842.13 6596.98 0.51 
781.45 678.48 6820.65 0.33 
598.68 647.29 5163.16 0.38 
738.14 777.83 6823.18 0.39 
729.85 599.07 5495.73 0.29 
568.09 591.53 6567.82 0.47 
628.01 719.57 6609.43 0.30 
842.64 685.35 6255.14 0.36 
753.59 605.90 7096.27 0.40 
814.64 714.52 6519.10 0.43 
694.98 757.14 6340.72 0.45 
631.75 592.38 7466.70 0.35 
558.54 712.80 6016.20 0.47 
573.70 776.02 6787.56 0.55 
640.91 1048.92 5443.04 0.37 
795.89 637.51 6048.38 0.45 
795.64 826.71 6859.42 0.37 
687.86 683.26 6627.09 0.41 
926.55 776.44 6464.42 0.21 
639.71 624.70 6734.17 0.42 
708.60 557.40 6469.09 0.45 
695.29 578.03 7707.40 0.34 
741.27 566.62 7134.24 0.31 
891.15 639.18 7097.19 0.43 
697.75 649.89 6934.97 0.23 
768.02 651.49 6084.52 0.20 
612.55 607.64 6925.98 0.48 
649.64 829.68 6820.55 0.14 
