626.80 804.95 6272.59 0.39 
969.19 644.88 6585.86 0.45 
704.95 700.28 6192.34 0.50 
652.33 653.28 7190.92 0.39 
756.06 583.62 7770.69 0.52 
558.22 906.55 7366.21 0.49 
637.23 615.81 5492.09 0.39 
1344.82 752.06 7141.18 0.44 
712.97 715.22 5941.28 0.22 
540.02 654.35 7640.21 0.50 
706.50 618.58 6282.64 0.32 
678.89 731.72 7801.21 0.52 
771.43 655.97 6191.32 0.41 
998.90 965.79 5974.87 0.31 
1142.79 587.89 6065.87 0.34 
1045.86 672.90 5377.09 0.29 
948.48 686.12 5559.62 0.41 
620.35 965.86 7153.83 0.43 
612.14 694.53 6397.59 0.50 
696.91 724.68 6340.63 0.36 
563.94 804.55 6617.38 0.48 
650.16 690.75 7708.74 0.57 
658.83 837.73 6186.11 0.33 
869.51 655.65 6210.88 0.27 
816.62 590.21 7211.70 0.32 
623.12 662.51 7982.91 0.43 
592.97 834.25 7267.48 0.45 
563.25 707.08 7243.01 0.37 
653.74 588.40 6707.05 0.34 
736.64 708.68 7109.78 0.46 
548.36 763.75 6256.42 0.34 
740.20 558.10 7425.73 0.56 
578.79 586.92 5763.10 0.28 
866.15 683.77 6237.94 0.38 
739.67 916.25 7217.44 0.32 
571.01 740.53 7074.80 0.34 
574.15 794.80 6279.70 0.42 
699.77 718.01 6094.76 0.50 
550.47 848.11 6751.46 0.36 
666.41 776.02 7649.86 0.44 
749.25 684.89 6740.75 0.22 
