631.77 868.50 6804.46 0.38 
703.47 729.42 6041.76 0.31 
783.93 707.80 6085.42 0.36 
572.56 1125.13 6319.48 0.37 
698.97 815.06 6729.58 0.54 
573.14 730.43 5942.90 0.40 
554.82 679.82 5632.34 0.57 
776.81 559.73 6184.71 0.37 
813.78 732.57 6690.40 0.42 
575.59 721.47 5852.44 0.31 
989.79 621.65 6925.70 0.45 
732.86 754.62 6125.75 0.44 
611.80 726.22 6185.10 0.40 
637.10 920.99 6538.28 0.34 
664.93 728.02 5553.47 0.44 
743.40 687.50 6527.51 0.45 
711.34 1071.22 6518.28 0.29 
767.94 669.36 6075.58 0.14 
721.75 747.91 5817.16 0.37 
553.85 674.61 6653.38 0.41 
549.99 574.20 5754.42 0.24 
553.09 799.42 6586.78 0.43 
790.00 620.04 6301.97 0.40 
647.37 684.92 6968.91 0.42 
954.81 657.35 6437.47 0.48 
887.44 794.31 6120.01 0.50 
762.65 687.77 6791.15 0.44 
617.11 697.89 7929.84 0.26 
543.78 654.69 6490.05 0.54 
755.32 617.99 6442.91 0.33 
1038.54 715.93 6597.12 0.40 
912.44 779.31 6685.40 0.48 
570.59 616.45 6364.05 0.39 
550.72 591.78 5889.54 0.50 
581.30 890.02 6402.45 0.28 
687.07 882.73 5910.02 0.36 
911.96 730.73 6437.15 0.39 
828.22 736.10 6852.34 0.32 
551.49 648.59 6443.73 0.45 
648.43 681.26 6511.99 0.43 
673.32 653.45 6579.03 0.37 
899.76 564.27 7036.21 0.30 
585.62 621.48 6679.22 0.38 
631.18 674.97 7118.74 0.54 
565.80 611.43 6181.00 0.34 
639.75 1261.78 6441.45 0.57 
580.29 884.94 6956.50 0.50 
1176.82 645.07 6463.67 0.41 
649.10 647.32 6988.37 0.31 
834.37 862.12 7285.63 0.50 
623.98 950.04 6900.95 0.33 
703.73 723.37 6570.02 0.49 
622.46 682.67 6537.31 0.36 
794.59 930.72 7125.54 0.41 
574.51 766.50 7213.58 0.39 
566.44 752.37 6956.73 0.55 
736.01 745.07 5539.17 0.56 
570.64 623.73 7207.95 0.39 
594.07 728.92 6729.23 0.40 
591.52 638.81 6760.88 0.32 
826.13 1106.40 6710.35 0.30 
956.48 728.49 6417.31 0.40 
558.86 910.44 6534.06 0.39 
575.03 600.81 6405.58 0.43 
627.24 565.99 7396.67 0.38 
935.79 596.70 5591.98 0.35 
592.37 623.89 6603.39 0.45 
789.64 670.54 6721.29 0.41 
640.97 582.88 6433.38 0.44 
714.05 963.84 5136.22 0.39 
877.50 565.45 7920.64 0.41 
742.85 606.00 7393.69 0.35 
1193.29 627.72 6848.64 0.42 
604.06 727.70 6621.63 0.48 
1130.49 563.90 6883.78 0.41 
739.58 628.06 6860.35 0.47 
776.68 729.03 6898.73 0.46 
649.18 888.11 6704.92 0.52 
619.07 546.61 5927.35 0.30 
613.50 966.60 6428.31 0.33 
834.49 698.79 5961.26 0.28 
