712.18 1134.57 6145.23 0.33 
624.92 750.94 5890.36 0.28 
641.71 546.26 6049.99 0.36 
731.75 623.14 7329.34 0.33 
855.06 718.19 7202.89 0.51 
712.31 645.29 6342.52 0.25 
777.10 853.59 6883.56 0.35 
573.22 582.07 6998.75 0.49 
706.73 708.15 7692.51 0.28 
551.19 611.35 6231.36 0.42 
560.55 556.35 7151.33 0.22 
660.72 687.38 6311.92 0.40 
603.21 831.65 7023.29 0.45 
812.91 578.10 6745.55 0.41 
635.11 665.64 5706.34 0.42 
737.76 725.67 5964.29 0.38 
703.44 615.09 7177.35 0.38 
676.86 835.24 5663.82 0.31 
804.54 818.47 7141.89 0.50 
683.61 540.24 5670.00 0.50 
583.68 695.53 6250.30 0.57 
888.17 599.37 7875.76 0.47 
639.05 661.61 7086.34 0.51 
732.01 565.90 6626.99 0.32 
584.58 732.14 7399.02 0.32 
641.87 687.05 5696.26 0.51 
677.85 794.88 6888.41 0.37 
691.83 605.71 7746.73 0.20 
815.59 625.18 4786.84 0.48 
549.16 866.68 7244.81 0.39 
850.98 856.35 6248.78 0.35 
843.26 977.12 4902.21 0.48 
557.34 540.07 7244.14 0.36 
591.40 714.12 6038.43 0.32 
923.30 760.88 6473.73 0.38 
672.47 610.59 7324.28 0.61 
693.80 630.60 7089.13 0.47 
616.79 853.18 5075.96 0.55 
638.81 662.20 7941.35 0.52 
596.57 1001.31 7840.59 0.41 
792.07 926.29 6638.80 0.41 
805.22 838.97 6572.89 0.36 
546.28 596.14 5353.86 0.41 
925.97 576.12 6338.53 0.41 
742.38 797.27 7429.66 0.43 
654.14 559.69 6796.64 0.36 
952.28 985.17 7303.29 0.44 
583.76 810.00 6415.82 0.27 
719.20 682.60 7389.02 0.29 
896.91 598.28 6978.05 0.49 
901.45 672.36 7639.47 0.33 
573.31 562.35 6472.56 0.30 
585.60 701.87 7249.54 0.53 
546.71 670.84 5874.09 0.61 
903.03 774.26 6212.30 0.31 
559.51 607.06 6465.10 0.26 
677.64 595.95 6679.49 0.37 
952.16 724.95 6135.30 0.29 
676.34 702.92 6443.17 0.42 
889.35 736.62 6496.79 0.25 
646.30 725.34 6975.01 0.31 
668.18 548.71 7331.14 0.38 
564.89 584.71 6172.63 0.37 
575.99 784.41 6831.04 0.44 
672.73 628.47 7049.50 0.41 
936.91 690.81 6037.46 0.40 
701.74 693.37 6223.37 0.28 
655.89 612.92 6922.14 0.32 
854.86 607.40 5542.95 0.31 
1095.57 836.78 6174.07 0.45 
623.27 752.97 4924.68 0.52 
