838.39 610.99 7681.78 0.31 
793.03 640.90 7205.14 0.36 
999.49 832.53 5624.05 0.22 
777.26 674.41 6497.99 0.45 
585.03 745.49 6546.20 0.42 
599.24 620.25 5913.90 0.40 
688.77 712.61 6938.67 0.35 
748.17 630.28 6337.85 0.49 
865.83 557.65 6212.75 0.46 
907.57 551.17 6419.55 0.46 
718.67 747.11 7234.66 0.42 
760.09 1057.62 7827.35 0.46 
614.02 585.09 7229.97 0.45 
696.27 849.31 6280.73 0.48 
647.56 621.02 5997.06 0.35 
548.16 582.84 7130.30 0.43 
874.97 752.55 5564.22 0.48 
788.02 644.75 6459.08 0.39 
795.60 595.97 6573.32 0.51 
728.01 1068.67 6506.36 0.44 
781.22 648.02 7141.14 0.48 
597.73 905.56 6195.04 0.33 
543.32 659.44 6791.24 0.45 
575.47 910.18 7504.01 0.58 
656.65 875.58 5940.80 0.56 
636.59 544.19 5252.75 0.26 
607.06 716.93 6773.38 0.38 
707.72 625.11 6039.09 0.37 
590.78 722.62 6082.46 0.35 
693.83 608.14 7725.25 0.41 
798.40 666.04 7285.31 0.29 
