721.97 569.27 7554.30 0.48 
739.51 759.45 7753.02 0.44 
655.91 639.03 6692.90 0.39 
570.65 992.90 5545.16 0.46 
572.27 736.70 7785.29 0.51 
844.72 727.74 7531.75 0.49 
1037.83 813.04 6682.49 0.34 
674.20 614.78 5803.57 0.40 
778.46 800.56 6964.56 0.38 
584.37 598.40 6049.33 0.53 
933.78 691.13 7643.48 0.32 
917.20 601.57 6434.99 0.36 
602.36 934.78 7083.35 0.17 
652.80 554.31 6049.57 0.49 
743.19 970.18 5925.54 0.44 
631.65 591.37 5882.15 0.38 
1111.62 731.24 6006.88 0.42 
572.29 550.42 7264.56 0.44 
689.22 853.39 5835.47 0.35 
742.68 576.91 6935.31 0.32 
674.11 759.58 7425.29 0.49 
606.43 694.73 6354.91 0.40 
678.33 940.09 7440.37 0.41 
816.48 604.88 6160.26 0.35 
775.78 549.75 6914.23 0.23 
626.19 710.71 6136.62 0.32 
610.32 605.31 6198.81 0.39 
1095.58 988.90 7173.48 0.34 
633.88 689.15 7123.27 0.41 
552.16 650.09 6859.70 0.36 
1099.02 574.50 7141.07 0.44 
989.27 851.29 6228.30 0.44 
815.92 711.57 6925.20 0.42 
641.73 762.91 6436.22 0.65 
863.03 552.59 5866.30 0.51 
806.65 615.95 7193.50 0.42 
588.81 885.25 6446.89 0.51 
1447.49 828.83 7035.51 0.33 
567.51 834.80 7217.03 0.34 
582.56 753.75 7082.35 0.34 
540.84 1027.26 6212.18 0.32 
612.01 573.29 6769.89 0.51 
861.35 656.17 6774.02 0.48 
853.37 616.17 6485.07 0.36 
782.22 556.40 6769.88 0.31 
602.65 581.03 6094.54 0.35 
672.82 703.57 7452.34 0.45 
677.75 593.33 6518.46 0.33 
645.45 819.62 6673.33 0.40 
651.68 544.34 6532.42 0.57 
942.88 727.52 6114.81 0.37 
640.74 663.93 7879.26 0.24 
646.72 672.14 6622.40 0.45 
591.45 632.41 7887.58 0.32 
594.07 1104.49 6209.84 0.33 
1077.73 603.76 7804.01 0.53 
679.31 746.00 6175.21 0.33 
605.70 586.07 6568.73 0.41 
568.52 666.50 6858.93 0.22 
627.88 962.15 6250.07 0.34 
838.88 819.88 6697.72 0.55 
747.36 820.85 7366.55 0.43 
743.37 598.65 5885.58 0.38 
591.21 610.53 6933.76 0.12 
602.43 548.27 6877.82 0.48 
744.43 612.08 7359.64 0.50 
640.70 738.19 6249.74 0.31 
685.84 574.89 7302.15 0.35 
548.61 768.63 6717.53 0.52 
769.93 654.44 6910.62 0.39 
639.71 886.25 6173.23 0.34 
603.92 843.72 5909.57 0.36 
1005.29 641.02 7187.52 0.33 
617.51 922.69 6398.00 0.43 
811.51 587.10 6723.71 0.53 
727.14 733.35 6643.21 0.42 
654.62 597.88 6169.34 0.49 
560.80 791.40 6609.79 0.47 
763.85 672.95 6326.16 0.36 
628.28 630.80 7037.24 0.49 
963.05 598.49 7334.96 0.43 
689.13 623.65 7669.85 0.46 
928.52 593.54 6958.13 0.27 
546.00 830.69 6779.62 0.33 
684.61 699.49 5884.42 0.61 
943.99 612.70 7250.12 0.50 
601.73 782.49 6737.48 0.34 
554.11 850.49 7138.60 0.25 
854.09 596.14 6504.87 0.62 
714.74 687.64 7318.52 0.37 
548.78 965.87 5650.55 0.20 
