554.42 686.40 7216.90 0.34 
910.28 588.00 6626.55 0.51 
1008.79 661.50 6167.66 0.34 
616.63 849.12 6676.04 0.46 
1098.05 568.03 5915.48 0.54 
671.87 835.92 6149.07 0.19 
906.11 800.55 7038.36 0.66 
633.45 699.06 6530.28 0.27 
1122.10 561.58 6559.05 0.23 
765.35 785.66 7026.84 0.51 
683.19 662.44 6471.43 0.32 
789.32 1121.07 6792.35 0.49 
582.13 564.26 7346.21 0.19 
556.54 920.23 6580.79 0.48 
835.84 757.07 7701.99 0.51 
550.15 807.96 7696.21 0.42 
902.41 606.11 7258.02 0.34 
624.96 542.38 6825.17 0.51 
1120.47 666.39 7981.00 0.28 
650.88 579.81 7000.16 0.70 
643.61 923.79 7664.17 0.31 
735.08 792.82 6085.19 0.41 
610.50 951.19 6476.29 0.32 
809.11 630.98 6720.01 0.40 
920.26 973.94 6275.77 0.24 
581.67 612.71 6952.20 0.42 
575.63 682.72 5716.45 0.46 
953.50 1203.91 6642.18 0.57 
574.15 591.22 6873.31 0.23 
658.26 841.19 6346.68 0.26 
605.64 661.90 5928.42 0.54 
586.12 730.50 5170.39 0.34 
923.06 780.73 7608.70 0.41 
631.01 796.77 7413.41 0.36 
806.74 940.28 7556.85 0.40 
639.37 1217.91 5912.31 0.48 
821.90 716.68 7184.37 0.23 
656.46 863.16 6737.94 0.24 
543.41 579.89 5910.24 0.45 
619.29 577.71 7794.00 0.43 
681.39 587.23 6477.51 0.33 
576.96 693.94 6191.44 0.49 
613.78 884.46 6544.46 0.56 
679.55 590.59 6860.53 0.41 
551.17 814.42 6685.82 0.57 
662.23 640.03 6003.37 0.39 
764.57 669.87 6569.41 0.31 
816.86 556.00 7219.88 0.38 
726.74 1080.39 6027.92 0.24 
616.42 624.47 7050.24 0.33 
711.15 720.18 6685.78 0.50 
607.88 1063.47 6552.59 0.52 
687.79 617.03 7246.80 0.40 
844.08 610.95 6756.05 0.47 
605.74 812.18 6288.80 0.49 
1016.10 1000.02 6927.78 0.29 
601.32 953.39 7161.66 0.31 
931.43 633.15 5938.92 0.35 
833.99 686.89 6495.32 0.51 
765.14 579.17 6125.78 0.35 
565.54 970.24 7374.59 0.40 
773.51 540.07 6442.84 0.47 
699.11 791.07 6535.30 0.19 
686.72 595.69 6651.61 0.43 
710.03 752.04 7042.68 0.39 
577.39 808.72 7426.12 0.45 
933.99 571.00 7352.28 0.32 
603.83 622.13 6364.51 0.31 
589.62 698.55 6461.10 0.53 
687.85 726.33 6167.37 0.43 
569.76 678.95 7116.35 0.41 
556.44 661.67 6097.05 0.29 
730.10 640.33 7101.74 0.46 
683.02 1166.07 6419.77 0.39 
819.38 659.37 6018.66 0.62 
659.22 668.40 6885.72 0.34 
763.34 983.34 6846.99 0.53 
561.66 657.47 6564.13 0.44 
553.66 659.20 7160.14 0.34 
660.13 804.39 7586.25 0.52 
677.79 991.69 6423.47 0.33 
696.09 876.21 7540.52 0.56 
939.65 593.86 6108.59 0.23 
600.09 822.45 6433.39 0.42 
827.61 769.72 6758.69 0.48 
855.58 731.63 7073.47 0.45 
557.25 624.09 5790.61 0.43 
926.27 918.17 6622.73 0.42 
599.57 641.79 6636.65 0.52 
835.60 732.99 7836.50 0.38 
1023.93 599.76 6000.52 0.54 
567.26 603.05 6689.26 0.32 
956.00 560.52 7473.56 0.34 
646.07 816.52 7053.79 0.37 
776.16 669.46 7728.27 0.26 
703.98 624.13 5094.68 0.35 
756.10 666.62 6416.60 0.45 
681.16 694.02 6230.64 0.34 
775.08 560.62 6084.07 0.51 
559.13 884.60 6274.63 0.30 
600.55 603.21 6404.60 0.34 
610.70 911.16 7183.38 0.30 
589.60 569.87 7387.76 0.31 
553.26 711.05 6339.24 0.54 
792.72 551.82 7741.91 0.42 
843.96 605.55 7295.15 0.38 
804.10 666.45 6968.36 0.33 
543.80 764.00 6802.88 0.49 
569.94 747.31 6397.33 0.39 
841.26 659.13 5618.54 0.22 
887.79 889.08 7246.75 0.43 
795.15 878.08 7820.43 0.43 
782.30 616.20 6604.24 0.53 
889.30 647.50 7316.15 0.43 
562.23 651.32 6939.51 0.24 
626.72 603.58 6547.08 0.42 
589.17 761.77 6851.81 0.52 
753.13 914.05 7205.63 0.66 
782.96 572.88 6774.75 0.40 
843.19 543.10 6607.86 0.51 
783.48 556.34 5996.55 0.36 
678.12 834.55 6390.54 0.25 
740.21 639.63 5859.98 0.59 
543.56 893.73 7430.13 0.47 
595.24 663.39 6227.20 0.36 
674.34 902.29 7474.12 0.36 
572.56 578.55 6042.30 0.42 
918.62 808.68 6147.07 0.37 
724.06 904.95 6460.21 0.37 
1132.34 591.16 5774.79 0.47 
1088.20 723.49 7775.30 0.28 
806.77 706.31 6890.21 0.44 
762.49 1155.67 7158.76 0.25 
896.41 912.60 5411.35 0.42 
629.07 731.31 6979.27 0.32 
784.29 746.20 5994.60 0.23 
651.94 919.84 6058.04 0.32 
863.05 641.27 6834.62 0.38 
682.11 692.37 6891.20 0.40 
909.44 540.72 5698.80 0.28 
588.99 777.78 5864.21 0.37 
761.33 980.58 7136.21 0.34 
1044.28 618.14 6681.47 0.32 
883.53 754.66 6180.48 0.39 
721.16 632.95 6525.18 0.32 
540.82 942.53 5582.42 0.38 
769.91 644.62 6472.15 0.31 
655.02 982.38 7555.50 0.41 
792.56 898.63 6849.44 0.41 
712.24 789.74 6070.19 0.29 
949.28 593.54 5326.73 0.42 
