705.02 589.75 7100.80 0.42 
542.61 563.13 7373.55 0.55 
730.86 555.16 6053.83 0.49 
768.57 869.65 5734.13 0.23 
803.36 551.10 6052.45 0.40 
709.54 573.56 6649.98 0.48 
606.60 600.79 5630.95 0.37 
542.08 819.04 7753.97 0.09 
585.98 601.65 5867.78 0.52 
743.88 637.58 6186.01 0.27 
665.68 588.32 7617.50 0.50 
888.89 594.56 6667.67 0.41 
1191.34 738.76 5970.58 0.48 
647.97 638.85 6933.21 0.58 
568.24 959.52 5928.89 0.38 
998.77 643.72 6279.08 0.33 
626.58 584.44 6007.06 0.36 
761.91 548.90 6165.56 0.30 
614.18 585.81 5225.63 0.65 
840.06 902.37 6105.99 0.37 
1118.47 582.74 5652.63 0.48 
