724.68 667.84 6103.61 0.47 
1135.51 979.00 6433.08 0.56 
1152.90 565.81 7076.20 0.65 
737.11 681.17 6538.11 0.31 
707.25 652.32 6511.05 0.42 
787.44 596.25 6890.50 0.41 
808.53 725.17 6714.38 0.42 
785.15 753.36 7582.11 0.46 
643.41 1029.08 6487.19 0.27 
735.00 750.19 6903.10 0.44 
775.99 641.02 5190.37 0.40 
566.64 695.88 6897.83 0.40 
811.40 598.55 6796.07 0.22 
776.07 658.72 6508.48 0.23 
939.52 650.61 6791.00 0.44 
748.76 858.30 7031.01 0.40 
648.05 691.64 5687.46 0.34 
568.46 558.90 7181.28 0.43 
574.06 566.14 5924.75 0.45 
581.17 602.64 5331.30 0.43 
692.45 547.09 7108.50 0.48 
599.68 949.79 6862.84 0.42 
851.74 753.62 6019.87 0.56 
764.46 593.04 6413.52 0.43 
592.83 740.37 5962.48 0.42 
729.17 611.47 5895.28 0.44 
698.58 811.78 7049.88 0.21 
691.48 962.25 6152.98 0.34 
675.73 821.87 6349.72 0.40 
912.35 557.43 7520.75 0.33 
899.36 560.12 6058.02 0.53 
688.82 561.11 6621.10 0.26 
641.61 895.66 7153.14 0.35 
676.56 725.60 7045.09 0.33 
631.58 862.49 7232.15 0.34 
704.41 802.35 6532.18 0.24 
707.37 891.09 6517.84 0.45 
1069.22 824.85 5863.25 0.39 
893.25 811.21 6567.58 0.56 
781.01 596.12 5325.84 0.34 
703.29 763.05 5640.56 0.35 
739.42 816.88 5765.64 0.26 
670.87 660.50 5813.32 0.41 
716.58 728.63 7580.79 0.57 
645.34 645.07 7496.08 0.24 
655.53 637.77 7572.51 0.26 
761.54 575.00 7326.04 0.34 
685.21 572.46 6140.36 0.30 
713.24 918.90 5979.04 0.53 
647.01 652.92 7025.38 0.33 
684.83 690.91 7682.62 0.36 
565.20 598.08 7270.47 0.46 
774.58 788.55 6644.78 0.50 
840.43 596.46 6946.46 0.35 
844.01 654.16 6473.42 0.25 
582.83 809.21 5990.89 0.51 
545.23 642.54 5995.14 0.42 
1019.04 954.05 6307.28 0.41 
880.47 674.09 6108.11 0.58 
703.69 661.43 7166.84 0.40 
828.65 653.93 6872.40 0.48 
796.39 837.09 5896.87 0.36 
717.55 565.80 5977.91 0.26 
641.40 670.31 6493.22 0.34 
746.31 601.20 7128.45 0.34 
660.09 541.08 6336.67 0.23 
562.63 665.19 7312.82 0.49 
566.65 737.98 7026.31 0.31 
1042.95 645.94 6853.74 0.54 
689.46 684.44 6329.43 0.39 
739.49 573.98 6693.50 0.44 
716.46 757.71 6504.12 0.35 
719.25 825.92 5882.18 0.33 
744.52 582.31 6820.33 0.37 
749.08 543.82 6299.88 0.37 
723.88 633.63 7689.92 0.51 
585.44 562.97 7692.94 0.66 
811.00 1139.79 6251.92 0.38 
978.42 587.47 6247.69 0.42 
635.89 779.94 6924.41 0.48 
779.49 564.76 6756.91 0.29 
736.44 666.97 6979.39 0.43 
678.26 660.86 5788.61 0.35 
617.63 778.18 6511.73 0.52 
682.95 848.07 6177.90 0.23 
568.10 580.70 6847.80 0.46 
731.25 695.27 6395.92 0.38 
907.62 590.30 7079.02 0.41 
934.02 1099.48 6707.20 0.42 
620.27 822.53 6695.76 0.41 
730.85 606.67 7346.34 0.31 
604.16 1028.84 6813.50 0.39 
771.27 669.50 6554.51 0.18 
562.25 712.31 6288.33 0.68 
709.20 595.11 6338.29 0.62 
699.31 566.37 6804.65 0.39 
667.46 604.29 6707.13 0.43 
649.85 689.31 6970.95 0.18 
801.12 674.55 6883.93 0.43 
979.21 555.22 6182.02 0.44 
675.31 822.79 6596.36 0.36 
