305.28 902.57 6503.44 0.56 
72.77 905.75 6124.03 0.32 
662.84 362.31 6619.54 0.39 
595.46 602.07 6610.27 0.39 
993.41 590.87 6821.19 0.50 
147.34 947.03 6261.90 0.38 
878.66 492.11 6135.20 0.44 
813.99 807.69 7778.42 0.51 
735.77 232.97 7379.68 0.33 
854.76 683.19 7048.43 0.32 
585.37 533.73 6267.36 0.27 
783.41 608.68 6920.91 0.61 
551.15 945.66 6528.17 0.42 
999.27 706.95 7533.21 0.27 
132.12 362.79 6900.29 0.47 
674.83 664.84 5809.44 0.39 
209.79 830.45 6946.13 0.56 
622.76 436.67 6439.42 0.37 
177.48 88.13 6643.78 0.52 
956.82 617.60 7192.98 0.42 
56.25 523.77 6005.69 0.45 
548.15 782.62 6510.95 0.43 
54.03 267.63 6682.16 0.32 
729.15 509.89 6778.06 0.44 
561.29 852.51 6243.97 0.36 
964.82 178.31 5764.67 0.42 
902.36 191.59 6338.73 0.53 
493.87 88.77 6692.05 0.34 
386.90 943.31 7044.71 0.41 
325.35 164.77 7534.19 0.34 
956.56 653.00 5463.65 0.35 
688.38 862.57 6789.47 0.42 
389.91 283.89 6987.32 0.44 
691.70 904.00 6749.22 0.30 
20.56 914.31 7006.83 0.15 
814.26 738.62 7417.36 0.46 
912.68 914.99 5907.35 0.49 
67.55 967.50 6780.09 0.33 
613.11 901.52 6298.05 0.53 
535.12 302.80 6421.01 0.36 
913.32 143.69 6040.13 0.28 
185.01 496.92 7657.34 0.47 
479.01 8.72 5778.64 0.40 
688.57 318.89 6629.30 0.53 
973.39 911.89 6936.48 0.30 
675.04 366.00 5134.47 0.19 
164.97 280.48 5995.27 0.32 
759.59 823.35 6124.75 0.36 
987.49 228.16 6460.80 0.39 
544.79 286.35 6714.55 0.34 
141.00 154.01 6115.03 0.50 
996.46 270.61 6800.12 0.25 
387.14 876.89 7524.36 0.34 
408.87 894.66 7119.11 0.41 
511.43 389.72 5440.89 0.19 
15.56 543.82 5722.92 0.44 
80.23 955.59 7756.12 0.55 
977.80 734.45 6630.79 0.40 
704.59 295.97 6241.26 0.55 
437.49 288.18 5864.37 0.42 
898.04 659.16 5769.71 0.28 
893.22 703.21 6858.43 0.37 
656.00 863.05 6272.50 0.31 
824.57 946.21 5919.60 0.50 
233.00 129.78 6990.55 0.42 
118.11 973.74 7214.31 0.37 
907.30 960.92 6839.02 0.44 
948.59 78.95 6780.05 0.43 
723.53 121.14 6628.70 0.28 
739.43 618.67 6962.44 0.48 
731.44 327.04 5623.03 0.42 
207.62 42.17 6524.57 0.62 
296.30 688.36 6766.42 0.16 
221.17 167.84 6541.81 0.37 
864.61 672.81 6961.43 0.30 
832.09 853.20 6320.31 0.44 
611.52 107.36 7205.99 0.39 
858.08 110.57 5746.92 0.32 
676.16 871.09 5957.33 0.44 
372.93 132.13 6882.76 0.53 
973.63 752.50 7676.24 0.40 
422.97 918.21 7238.69 0.32 
640.00 852.27 7394.73 0.54 
848.05 329.91 6723.32 0.58 
67.51 716.57 7105.28 0.38 
775.52 507.31 7381.97 0.29 
784.75 532.69 6328.97 0.43 
838.93 66.45 5686.90 0.50 
459.33 544.30 6777.73 0.29 
505.55 189.45 7219.51 0.51 
394.08 826.58 7501.24 0.17 
774.99 293.33 6054.39 0.37 
661.89 568.59 6595.30 0.36 
521.24 61.18 6433.80 0.32 
605.24 551.83 5121.11 0.35 
621.18 168.66 6956.23 0.46 
705.33 988.36 5938.05 0.35 
860.38 475.94 7236.15 0.38 
710.62 829.44 6858.66 0.34 
192.86 985.54 7628.23 0.43 
577.51 7.16 6701.09 0.38 
