514.17 907.70 6624.17 0.45 
58.12 928.49 6847.80 0.34 
16.48 874.59 7581.33 0.61 
641.77 610.50 5894.22 0.39 
849.18 21.92 6203.36 0.33 
150.54 301.74 7961.84 0.22 
354.80 777.78 5810.13 0.57 
444.91 705.64 7442.36 0.39 
450.15 819.68 6455.32 0.42 
846.15 498.08 6491.21 0.43 
680.42 393.66 5808.52 0.51 
472.87 90.30 6554.82 0.35 
204.57 38.01 5777.70 0.58 
386.92 402.59 5953.39 0.26 
808.19 478.46 6405.42 0.35 
951.87 92.97 5687.90 0.48 
562.51 350.85 6880.86 0.47 
664.23 738.04 7630.54 0.53 
429.03 791.76 5735.69 0.22 
347.70 466.68 7337.22 0.44 
465.26 357.90 6975.33 0.43 
748.87 707.07 5863.23 0.32 
849.72 121.93 6545.70 0.50 
620.83 241.24 7418.32 0.40 
512.29 716.38 6556.58 0.43 
605.82 156.52 5809.16 0.38 
42.13 21.80 7219.39 0.39 
41.69 539.04 7028.96 0.47 
829.30 720.67 6096.39 0.38 
27.98 638.84 7104.68 0.45 
172.00 60.41 6599.44 0.41 
139.80 530.16 6325.10 0.51 
710.24 519.02 6694.17 0.28 
409.89 43.09 6784.61 0.40 
903.54 170.72 7025.59 0.23 
88.08 516.57 5559.61 0.19 
998.10 71.24 6623.56 0.37 
100.95 47.36 5824.36 0.58 
683.16 979.37 6317.99 0.36 
582.46 729.50 6003.75 0.30 
341.73 897.74 7585.15 0.44 
726.53 504.59 6072.91 0.57 
894.26 840.92 6038.26 0.47 
66.81 800.31 5835.11 0.55 
920.58 647.76 6180.61 0.58 
46.61 15.67 7315.42 0.39 
244.72 667.49 6989.51 0.51 
974.72 22.32 7346.92 0.23 
963.92 523.52 6131.00 0.39 
633.11 366.14 7695.36 0.53 
999.53 544.16 7696.93 0.38 
512.04 459.50 6175.04 0.41 
408.47 636.84 6830.45 0.42 
890.35 207.31 5749.91 0.49 
703.56 550.88 7855.11 0.35 
387.97 677.71 5825.26 0.26 
335.44 446.36 6611.18 0.30 
717.47 347.73 6227.93 0.39 
852.56 173.97 5926.30 0.27 
817.34 375.12 6929.06 0.36 
407.87 525.75 6270.27 0.44 
417.52 287.54 5954.80 0.34 
565.52 182.91 5264.72 0.42 
63.37 470.68 7791.72 0.44 
388.70 47.29 7136.71 0.50 
294.35 176.35 6942.94 0.01 
687.39 873.21 7326.90 0.61 
767.34 273.01 6559.16 0.42 
962.37 530.22 6869.25 0.43 
747.18 203.93 7064.56 0.32 
908.26 131.09 5984.74 0.45 
320.70 196.78 6159.04 0.46 
505.00 599.30 7758.42 0.35 
571.69 543.89 6703.10 0.33 
423.77 863.17 7733.68 0.33 
574.92 119.49 6584.29 0.51 
152.70 727.02 6850.46 0.32 
607.43 361.63 6221.69 0.36 
381.19 952.37 6452.02 0.28 
255.98 879.24 6641.91 0.67 
502.61 191.18 7941.89 0.25 
833.04 71.01 7073.13 0.48 
856.48 50.41 6563.61 0.59 
552.62 601.85 7369.60 0.48 
548.22 770.02 5486.61 0.50 
504.05 978.30 6437.12 0.45 
389.99 198.32 6671.07 0.39 
481.50 516.15 7239.48 0.31 
997.91 18.08 6719.93 0.41 
952.59 686.98 7516.05 0.27 
171.94 478.06 7180.08 0.39 
797.36 666.65 6090.96 0.33 
955.31 318.71 6201.25 0.48 
223.53 154.04 6900.82 0.38 
813.39 641.53 6035.46 0.35 
412.44 465.42 7590.96 0.61 
49.83 292.76 5913.51 0.38 
809.18 85.88 6405.98 0.23 
264.64 937.76 6303.20 0.37 
517.33 338.28 7230.08 0.31 
497.89 558.16 6479.97 0.32 
362.10 441.28 6325.04 0.57 
849.92 164.68 7171.20 0.42 
853.70 815.16 7497.83 0.37 
247.72 281.40 6817.53 0.44 
415.67 169.09 7322.39 0.35 
576.09 308.68 6822.22 0.23 
879.87 290.55 7424.04 0.42 
315.15 439.19 6269.17 0.66 
822.12 949.97 6832.57 0.58 
842.30 3.65 6925.83 0.45 
891.10 337.09 7006.55 0.39 
652.77 217.89 5222.60 0.39 
830.16 634.38 6285.11 0.39 
429.04 440.10 6911.10 0.43 
509.36 893.88 7312.98 0.45 
411.73 517.71 5928.70 0.32 
467.17 273.08 5501.70 0.48 
176.97 286.19 7090.55 0.44 
340.71 870.75 6517.86 0.36 
253.17 100.51 7066.21 0.20 
165.38 121.70 5822.72 0.47 
79.35 643.92 7243.62 0.43 
13.98 710.85 5641.28 0.52 
445.38 522.23 7137.94 0.47 
377.37 767.71 6220.86 0.32 
606.71 57.32 5704.23 0.41 
260.21 235.99 6176.76 0.54 
843.15 624.91 5850.42 0.43 
262.70 575.79 6203.91 0.50 
958.54 113.46 6756.29 0.35 
170.23 662.67 6435.69 0.41 
487.43 28.29 6536.55 0.40 
396.19 976.78 7152.41 0.46 
593.62 233.17 6463.96 0.47 
276.33 21.61 7001.34 0.25 
486.12 757.25 6690.25 0.34 
847.16 735.82 6349.01 0.51 
829.40 835.04 6164.53 0.41 
644.14 339.28 7342.14 0.30 
41.11 868.82 6251.94 0.37 
910.28 226.66 6463.30 0.37 
520.52 174.39 7014.40 0.38 
732.05 847.58 6755.54 0.41 
971.91 701.49 6120.33 0.35 
229.93 912.26 7049.16 0.51 
827.38 808.66 7756.01 0.41 
378.05 175.72 7603.89 0.45 
852.82 159.29 5789.16 0.46 
53.68 685.72 7323.29 0.43 
868.10 820.73 4446.61 0.24 
