156.08 361.95 5829.20 0.45 
210.60 721.38 6297.89 0.39 
383.01 701.95 6145.27 0.58 
995.05 238.03 6494.02 0.42 
447.04 386.70 6343.29 0.31 
322.38 230.62 5579.78 0.49 
256.25 0.33 5898.22 0.42 
351.11 967.15 7036.19 0.58 
706.22 562.01 5944.62 0.32 
578.43 160.01 6225.25 0.48 
107.86 958.83 6298.80 0.39 
839.43 667.24 5670.54 0.39 
273.32 690.19 6334.00 0.44 
127.77 726.77 7152.34 0.40 
959.13 419.06 7035.46 0.57 
241.23 428.45 6062.46 0.37 
891.02 735.59 7136.14 0.39 
245.61 298.43 7083.76 0.33 
546.55 390.29 7443.16 0.36 
608.98 351.99 6237.32 0.65 
546.84 478.92 6673.14 0.41 
