690.01 941.89 7035.55 0.30 
444.85 968.58 5679.62 0.42 
474.20 873.69 6788.22 0.47 
332.07 826.77 6726.56 0.58 
300.01 158.07 7358.76 0.50 
133.41 283.66 6644.11 0.39 
243.69 120.87 7028.24 0.33 
34.94 590.35 6335.85 0.43 
844.20 10.92 7219.59 0.40 
89.28 758.58 7248.27 0.38 
750.79 613.87 5496.62 0.29 
683.24 310.72 7003.24 0.51 
546.87 46.32 6244.89 0.40 
621.29 76.68 6590.56 0.41 
330.20 66.12 6244.58 0.23 
670.72 274.28 6211.43 0.31 
96.26 27.45 5865.62 0.40 
462.32 511.12 7166.77 0.37 
587.22 99.99 6669.41 0.35 
39.57 26.49 7961.32 0.49 
660.63 351.54 6539.75 0.48 
326.95 906.10 7676.23 0.31 
790.06 942.87 5924.19 0.49 
962.28 619.62 6848.67 0.53 
442.81 823.61 6813.75 0.63 
568.69 787.05 7516.35 0.39 
459.53 661.00 5901.30 0.41 
776.39 825.04 5522.62 0.37 
376.13 131.36 6360.24 0.36 
435.24 76.02 6722.66 0.28 
833.37 400.66 6699.83 0.57 
164.77 212.72 6668.92 0.41 
784.18 499.22 7451.31 0.57 
991.63 436.53 6868.25 0.48 
368.19 131.03 6740.42 0.48 
536.19 64.15 6604.33 0.25 
827.89 164.80 7700.54 0.44 
383.81 101.18 6382.94 0.69 
208.52 938.54 6179.34 0.23 
654.13 929.32 6781.87 0.42 
345.81 516.96 6397.28 0.49 
748.65 145.73 6406.23 0.30 
600.19 9.40 5546.13 0.36 
85.96 264.69 5744.09 0.28 
256.63 962.63 6398.61 0.31 
741.68 564.74 6470.14 0.13 
554.60 55.21 7404.55 0.46 
100.65 996.16 7342.68 0.56 
38.06 847.84 7518.20 0.33 
350.12 177.09 6010.47 0.46 
680.56 86.15 7873.52 0.44 
229.72 39.44 6608.72 0.34 
921.89 48.95 7789.20 0.16 
386.16 343.40 6603.36 0.57 
992.13 116.45 5915.94 0.53 
824.59 780.19 7174.57 0.34 
352.35 170.98 7022.99 0.31 
814.36 713.06 6278.48 0.59 
673.65 599.33 5890.71 0.53 
592.69 267.05 6340.61 0.31 
943.51 642.64 6841.89 0.49 
857.13 734.91 6481.88 0.33 
237.34 131.33 7613.64 0.57 
275.50 402.99 6312.23 0.19 
641.00 381.50 6320.60 0.31 
643.27 463.64 5640.40 0.38 
244.15 240.48 6044.00 0.38 
343.53 733.91 5923.71 0.34 
44.37 117.66 6295.12 0.60 
17.53 273.07 7379.53 0.43 
775.07 878.61 6956.01 0.38 
826.47 528.14 7662.78 0.36 
878.70 910.55 5883.17 0.48 
12.39 447.71 5546.25 0.35 
138.17 574.72 5704.08 0.55 
171.03 716.41 6877.12 0.26 
417.39 871.26 6628.91 0.28 
398.93 265.59 6614.42 0.45 
875.47 74.69 6604.24 0.47 
324.85 919.16 7184.99 0.36 
253.08 611.25 6105.37 0.52 
679.26 108.54 6891.73 0.55 
994.37 691.94 7052.86 0.42 
81.63 226.46 5602.55 0.42 
189.15 478.68 5738.71 0.32 
861.19 339.65 6124.03 0.43 
489.70 524.47 6696.93 0.38 
90.75 615.67 5293.88 0.41 
182.11 214.55 7101.89 0.38 
364.04 173.43 6231.42 0.43 
645.50 155.26 7565.82 0.28 
834.28 892.72 5500.08 0.41 
202.96 263.63 5690.33 0.27 
444.98 530.65 6429.98 0.42 
309.73 446.68 5783.84 0.36 
304.73 825.41 4770.95 0.52 
606.00 608.90 6448.45 0.32 
606.22 917.64 7269.21 0.52 
320.26 563.48 5113.21 0.23 
78.88 700.31 6976.50 0.42 
93.98 663.12 5226.74 0.52 
546.18 699.01 7182.67 0.38 
527.43 414.95 6915.70 0.38 
976.21 879.82 6080.03 0.45 
651.17 447.59 7087.08 0.40 
351.41 742.99 5790.35 0.40 
405.90 293.65 7373.67 0.36 
514.89 61.70 6633.24 0.47 
879.02 15.74 5997.41 0.57 
791.06 310.42 7161.95 0.15 
78.10 606.05 7108.03 0.35 
933.83 850.84 6911.34 0.42 
14.09 837.68 7269.10 0.19 
772.10 230.99 7500.76 0.55 
681.46 240.35 6815.61 0.35 
636.38 941.27 7564.77 0.52 
533.75 652.30 7281.11 0.28 
240.99 864.55 6848.58 0.20 
403.57 296.75 7203.70 0.34 
529.28 676.45 7256.86 0.36 
662.49 114.48 6486.21 0.32 
76.16 80.88 6783.47 0.36 
182.05 618.00 6899.13 0.49 
879.96 6.38 6791.33 0.26 
279.92 417.60 6914.05 0.53 
805.87 507.37 7903.55 0.37 
20.09 800.70 7207.78 0.38 
995.95 892.90 7388.81 0.36 
701.72 955.42 6333.32 0.47 
307.26 592.61 7022.72 0.35 
104.09 142.62 7293.47 0.42 
242.03 27.49 6251.97 0.43 
555.20 2.34 7692.08 0.31 
994.87 612.33 7523.34 0.40 
426.08 286.69 6976.84 0.53 
653.91 320.92 6687.47 0.21 
503.85 337.27 6431.77 0.60 
390.82 604.99 6808.97 0.45 
411.90 159.45 5856.62 0.47 
681.78 0.00 6136.90 0.23 
888.45 714.13 5682.67 0.41 
383.68 365.54 5709.13 0.53 
134.94 169.72 6637.78 0.39 
402.46 303.85 5741.75 0.42 
447.16 90.52 7074.96 0.44 
929.64 49.10 5474.33 0.38 
55.56 532.84 6788.73 0.42 
876.19 710.57 6860.78 0.43 
152.91 566.30 5961.31 0.15 
426.88 639.96 6650.03 0.26 
868.16 16.32 6497.86 0.34 
191.77 345.22 7276.17 0.67 
863.73 55.01 5993.98 0.19 
502.90 527.17 6421.14 0.34 
960.42 364.84 5715.39 0.44 
143.67 720.38 5904.77 0.28 
920.06 813.70 7213.19 0.20 
494.67 694.02 7184.86 0.41 
193.67 155.49 5681.80 0.49 
415.03 243.49 5972.99 0.44 
42.77 90.48 6953.62 0.38 
472.66 577.12 6191.38 0.46 
198.24 858.82 5835.00 0.44 
602.55 988.16 7913.54 0.42 
886.79 314.08 7465.43 0.44 
262.50 479.51 6419.00 0.61 
144.84 436.64 7497.85 0.49 
412.43 71.50 6752.03 0.21 
387.24 446.15 6302.54 0.42 
551.54 532.73 6084.08 0.41 
0.22 894.63 6429.47 0.41 
880.90 605.62 6360.39 0.56 
598.53 344.30 6739.18 0.36 
832.88 594.24 5757.63 0.56 
605.09 826.00 6457.61 0.20 
528.46 598.47 6783.83 0.30 
71.67 243.12 6792.29 0.42 
635.69 139.87 5868.79 0.38 
522.06 131.61 6735.28 0.31 
944.13 367.83 6303.65 0.39 
940.97 749.91 7161.37 0.43 
217.94 164.29 5443.05 0.43 
493.40 782.92 7949.35 0.36 
413.84 1.98 5569.95 0.53 
798.48 73.56 6572.30 0.32 
656.83 338.76 5915.99 0.30 
521.12 705.93 7322.01 0.48 
856.72 151.31 7321.89 0.43 
123.07 557.38 6294.12 0.46 
61.89 191.25 6619.11 0.35 
35.74 607.30 6019.62 0.47 
513.67 967.84 6436.91 0.44 
500.80 970.50 6970.25 0.38 
457.27 872.39 5570.10 0.60 
356.01 838.60 6734.60 0.36 
544.46 322.48 6810.60 0.37 
124.03 427.52 5310.01 0.46 
732.14 149.51 6739.34 0.38 
657.75 199.81 7167.75 0.24 
932.89 525.25 7661.77 0.47 
89.25 252.28 7192.46 0.35 
