352.98 371.09 5867.68 0.24 
23.46 466.40 6737.86 0.48 
189.21 509.51 7359.02 0.50 
53.30 149.81 6234.33 0.43 
69.17 406.85 6220.08 0.56 
17.30 349.79 7073.51 0.42 
178.28 218.42 7319.30 0.14 
428.73 899.95 6283.77 0.44 
386.13 38.78 6833.05 0.37 
673.20 197.10 6360.36 0.44 
335.88 305.93 7988.06 0.40 
874.79 489.71 6266.36 0.20 
617.21 613.33 7146.83 0.49 
435.30 313.88 5967.48 0.57 
720.63 752.79 6825.82 0.36 
596.95 258.65 6252.75 0.45 
766.99 59.51 6546.00 0.46 
958.31 890.91 7426.07 0.32 
379.04 226.06 6822.16 0.66 
215.89 786.51 7327.96 0.30 
482.09 627.80 5505.37 0.35 
831.37 417.90 7555.64 0.46 
522.83 426.74 5512.04 0.38 
47.83 625.40 6695.74 0.55 
331.45 758.33 5287.88 0.45 
51.36 549.96 7297.49 0.31 
137.20 757.58 7828.15 0.51 
839.12 996.26 5993.58 0.47 
615.37 40.22 7046.23 0.27 
895.71 8.88 5973.51 0.44 
91.12 156.05 6783.11 0.40 
