87.60 818.99 6439.10 0.52 
995.18 364.71 6309.36 0.56 
245.32 733.09 6432.81 0.37 
899.20 644.21 7514.04 0.41 
709.21 54.47 7335.11 0.36 
785.89 317.14 6094.94 0.56 
132.03 408.89 6158.86 0.51 
981.68 471.46 6941.75 0.52 
255.27 136.31 7563.47 0.27 
615.48 860.06 6536.72 0.38 
52.88 377.54 6934.19 0.44 
196.87 52.59 6081.30 0.27 
928.28 84.08 7566.96 0.37 
65.50 660.63 6361.72 0.51 
427.40 59.40 6816.49 0.32 
805.64 545.94 6715.86 0.34 
437.47 0.57 6149.23 0.53 
122.43 151.20 6753.51 0.56 
829.26 604.46 6818.40 0.32 
293.65 793.15 7718.18 0.11 
908.90 483.37 6779.21 0.31 
181.93 445.71 6762.43 0.54 
577.67 646.63 7486.37 0.42 
349.35 748.32 6507.07 0.35 
473.92 28.54 6253.60 0.46 
129.04 499.24 7017.52 0.28 
577.21 255.49 5785.97 0.48 
540.06 49.60 6043.85 0.23 
289.38 960.38 6825.03 0.36 
783.78 879.73 6647.04 0.38 
140.06 275.90 6484.35 0.30 
226.31 309.59 6333.93 0.52 
274.88 116.97 6482.06 0.43 
385.70 131.17 6583.17 0.47 
322.64 832.88 7252.20 0.39 
528.71 827.06 7652.73 0.42 
166.02 249.30 6536.28 0.34 
205.55 599.03 6289.34 0.52 
387.92 897.33 6543.30 0.37 
967.68 329.61 5725.74 0.41 
577.30 850.25 6825.51 0.18 
