154.02 59.19 6232.63 0.26 
348.13 722.99 6631.05 0.58 
295.02 365.49 6898.73 0.47 
500.12 868.07 6094.70 0.27 
418.52 148.74 6565.11 0.52 
483.58 270.98 6036.12 0.48 
704.20 609.86 7302.35 0.43 
541.76 967.60 6124.58 0.52 
367.03 908.50 6142.91 0.39 
601.21 247.72 6228.44 0.37 
794.48 260.68 6968.44 0.43 
739.15 932.02 7157.09 0.22 
419.53 297.59 6431.45 0.43 
271.01 518.56 7019.79 0.47 
80.65 351.18 6775.65 0.35 
677.63 385.74 6946.08 0.34 
420.86 309.29 6073.12 0.25 
171.09 821.16 6681.01 0.26 
40.17 945.32 6507.12 0.42 
381.06 30.86 7443.53 0.29 
406.41 339.27 7008.76 0.28 
420.70 300.95 6756.33 0.40 
729.63 723.98 7228.98 0.30 
98.01 977.02 6330.37 0.43 
164.06 9.77 6846.65 0.37 
798.39 7.80 6453.32 0.43 
381.95 448.03 7287.95 0.14 
243.15 92.94 6729.69 0.42 
94.05 618.07 6523.12 0.46 
981.11 373.42 6672.05 0.25 
818.20 779.90 7339.54 0.45 
794.01 512.64 6116.91 0.30 
728.87 886.66 6936.69 0.38 
776.97 611.49 6153.97 0.39 
884.58 344.31 7097.01 0.44 
420.93 867.89 7164.93 0.41 
416.89 232.44 6328.77 0.44 
692.43 186.83 5982.39 0.52 
281.85 839.99 5589.07 0.21 
637.06 38.30 7746.96 0.36 
96.29 343.39 6103.07 0.38 
74.29 985.32 6290.60 0.43 
93.20 475.61 6309.88 0.37 
294.90 211.17 6634.42 0.21 
789.87 454.04 7309.89 0.23 
497.32 582.69 6370.51 0.32 
36.26 996.74 6100.63 0.35 
827.43 825.74 7084.71 0.53 
436.77 344.62 6479.21 0.38 
30.43 58.30 6827.25 0.50 
965.83 94.75 7089.53 0.33 
734.35 539.63 6323.19 0.20 
943.75 753.73 5992.48 0.46 
507.34 129.04 6230.37 0.37 
436.24 44.42 6742.45 0.29 
947.78 700.41 6148.51 0.62 
886.37 591.02 7268.99 0.34 
952.24 989.04 5769.55 0.45 
195.66 3.96 7252.73 0.33 
876.70 930.68 6805.30 0.43 
119.76 63.49 6888.43 0.37 
866.40 132.04 7201.62 0.40 
329.45 529.05 6411.54 0.17 
125.73 342.84 6561.77 0.35 
668.73 588.06 6691.94 0.40 
168.91 606.69 6304.15 0.26 
395.62 502.25 5973.58 0.26 
111.63 587.71 7936.34 0.31 
658.90 153.14 6360.55 0.61 
202.56 608.65 5907.23 0.27 
302.59 859.59 6629.11 0.29 
