551.79 731.75 6579.78 0.50 
625.47 692.59 6165.87 0.38 
328.90 90.76 5817.21 0.22 
151.93 948.92 7119.21 0.31 
496.84 693.51 6071.53 0.25 
882.25 672.47 5633.67 0.66 
694.40 558.09 7422.60 0.44 
428.25 596.07 6624.10 0.45 
915.33 536.22 7878.02 0.45 
930.16 767.95 6712.74 0.55 
638.40 275.21 6152.58 0.40 
580.07 273.43 7675.83 0.48 
13.53 698.64 4850.59 0.36 
937.09 389.53 6141.45 0.41 
271.67 541.32 5747.65 0.32 
43.39 591.35 6388.41 0.31 
602.11 867.35 5837.73 0.28 
358.22 418.45 5598.47 0.40 
628.75 305.32 4830.72 0.47 
407.65 932.01 5434.38 0.38 
35.78 647.91 7015.75 0.50 
873.02 958.85 7504.98 0.20 
829.16 70.89 7584.40 0.44 
571.18 653.15 6932.37 0.18 
673.51 257.34 5480.57 0.39 
518.70 2.48 5620.93 0.43 
981.69 283.49 7548.32 0.49 
512.80 667.71 6582.41 0.44 
238.43 993.36 6180.99 0.31 
537.31 151.62 6192.69 0.55 
957.75 408.31 7554.21 0.44 
837.62 424.07 7292.64 0.39 
770.13 275.80 7383.57 0.18 
868.71 249.32 7407.10 0.17 
238.49 338.93 6149.61 0.26 
61.21 31.34 6664.86 0.41 
956.66 127.03 6690.44 0.51 
667.73 751.92 6405.42 0.37 
400.94 738.09 6533.57 0.32 
932.73 774.98 6242.72 0.30 
509.64 60.47 7557.91 0.63 
701.62 945.01 5524.72 0.49 
450.07 405.59 7064.74 0.25 
966.07 550.46 6244.16 0.23 
903.11 480.47 5825.41 0.47 
992.47 652.24 6276.09 0.47 
126.32 792.18 7246.23 0.43 
747.45 806.06 6050.64 0.59 
235.09 861.40 6026.50 0.38 
609.50 915.09 6837.38 0.42 
522.43 334.63 7488.31 0.53 
518.43 430.53 6635.51 0.48 
190.69 170.65 7131.35 0.30 
87.31 232.33 6123.08 0.46 
828.75 373.33 6549.50 0.50 
995.39 647.57 6311.14 0.28 
86.61 227.13 7545.56 0.34 
548.62 339.51 5856.91 0.54 
792.61 32.79 6687.49 0.48 
379.51 386.00 6282.77 0.37 
758.81 946.24 6328.89 0.49 
244.16 181.39 6130.94 0.47 
525.46 593.86 5757.00 0.40 
35.95 783.21 6482.45 0.37 
619.11 711.97 6104.83 0.26 
886.94 684.73 6520.14 0.32 
620.39 568.17 6967.56 0.38 
376.25 449.08 5606.52 0.49 
550.64 438.13 6981.46 0.46 
854.79 173.86 7273.70 0.52 
153.08 896.23 6512.13 0.38 
65.23 868.64 6532.77 0.36 
438.53 233.33 7455.05 0.27 
62.52 788.25 5993.56 0.43 
30.80 434.69 6078.92 0.52 
791.58 853.73 7316.75 0.47 
39.06 968.14 5733.95 0.28 
63.61 59.03 5770.06 0.46 
326.91 171.82 6372.21 0.56 
490.96 267.83 6747.33 0.37 
579.34 457.74 6330.50 0.31 
