65.46 593.96 6939.58 0.45 
136.42 283.60 6728.71 0.51 
713.00 504.63 7461.91 0.61 
231.88 412.86 6466.06 0.26 
571.67 388.32 6394.97 0.32 
540.52 940.15 6870.86 0.40 
836.97 573.32 7394.24 0.19 
431.92 864.98 6518.43 0.51 
456.03 677.51 6763.86 0.46 
201.68 650.92 7562.68 0.40 
17.64 842.88 7812.45 0.44 
143.07 269.64 7178.53 0.39 
225.60 801.51 6964.25 0.45 
518.53 153.56 6861.50 0.28 
904.37 116.10 7036.51 0.55 
436.95 328.59 6640.54 0.41 
881.83 418.37 6446.25 0.32 
518.67 864.35 7271.10 0.39 
174.57 443.20 6826.01 0.47 
250.63 391.62 6000.79 0.45 
622.37 133.26 6826.93 0.31 
781.24 217.74 7297.80 0.51 
448.42 967.55 6607.28 0.48 
897.83 459.47 6838.13 0.53 
396.83 987.90 6642.05 0.28 
282.45 313.17 6138.75 0.22 
869.96 191.13 7075.32 0.49 
205.67 813.48 4761.76 0.36 
371.03 91.36 6409.45 0.29 
337.03 180.20 6638.37 0.48 
85.11 300.41 6229.09 0.39 
707.93 618.81 6566.91 0.36 
402.10 25.51 7442.78 0.25 
332.66 490.00 7832.17 0.46 
910.94 936.38 5804.30 0.65 
991.40 380.61 5913.04 0.46 
955.74 42.25 6181.19 0.45 
10.63 338.85 7205.37 0.28 
335.18 67.14 7066.14 0.37 
987.41 445.55 7761.56 0.33 
507.55 484.67 6724.72 0.31 
632.41 808.75 7399.80 0.37 
610.80 426.76 7277.15 0.45 
728.99 836.30 6090.37 0.40 
361.71 310.56 5876.14 0.37 
490.20 369.99 7097.23 0.28 
117.84 321.38 6472.33 0.37 
852.21 582.24 7331.96 0.33 
993.31 74.34 7324.56 0.37 
868.95 832.87 6415.35 0.38 
353.14 471.33 7026.21 0.38 
910.72 366.96 7175.75 0.55 
474.60 232.07 6663.46 0.30 
748.01 477.98 6803.60 0.34 
878.32 957.95 6556.78 0.54 
393.64 751.61 7000.25 0.42 
280.94 174.48 7458.03 0.48 
242.26 198.91 7895.13 0.38 
307.30 273.84 6246.60 0.38 
189.42 453.06 6636.91 0.42 
788.57 964.04 6441.40 0.51 
26.15 976.55 6008.98 0.50 
446.97 937.77 6651.56 0.31 
122.31 156.32 5509.37 0.22 
74.61 354.69 7509.15 0.15 
758.12 770.60 7091.95 0.60 
517.98 128.20 5746.30 0.45 
102.89 123.53 6624.48 0.53 
208.17 306.84 6466.09 0.47 
828.62 961.97 6774.58 0.50 
977.49 314.09 6648.79 0.43 
380.41 424.78 7947.73 0.31 
82.50 874.83 6717.73 0.46 
592.13 808.68 6738.88 0.27 
841.53 917.12 7564.21 0.32 
362.50 961.07 6486.44 0.21 
979.17 40.84 6998.91 0.52 
611.23 988.29 6575.85 0.57 
562.00 626.48 7234.29 0.30 
476.21 575.52 5592.11 0.47 
478.36 796.53 6404.29 0.36 
340.86 191.53 6652.41 0.33 
451.69 105.53 7159.35 0.40 
584.64 456.27 6585.50 0.34 
33.51 532.31 6200.38 0.32 
110.75 904.62 6707.16 0.38 
370.56 478.97 5954.95 0.43 
544.70 722.90 6526.10 0.29 
513.64 584.60 7655.06 0.60 
226.80 971.78 7870.49 0.49 
887.34 170.01 7353.43 0.25 
