683.78 703.43 1092.48 0.49 
1081.73 1290.52 5523.57 0.31 
689.55 880.57 1580.33 0.35 
768.11 579.81 6694.99 0.47 
855.81 688.42 4623.61 0.49 
687.21 634.98 6760.71 0.44 
859.72 928.69 4862.88 0.48 
1548.74 576.82 797.53 0.47 
563.86 651.15 7206.95 0.40 
984.33 542.27 748.01 0.50 
1127.61 967.64 5828.80 0.30 
661.94 607.31 1487.80 0.40 
691.96 728.00 6504.90 0.33 
773.65 757.99 3362.09 0.41 
767.87 698.11 6440.53 0.53 
1251.83 1064.84 672.78 0.36 
907.47 1248.76 4653.35 0.40 
878.93 859.45 1241.18 0.24 
650.03 899.17 3152.15 0.30 
556.34 716.83 7214.22 0.38 
573.32 1157.31 4320.95 0.45 
677.57 716.08 3222.08 0.54 
672.69 780.00 5159.52 0.37 
931.29 792.45 4720.80 0.46 
1677.36 830.43 671.55 0.34 
865.33 912.73 5845.13 0.42 
882.48 843.16 6199.72 0.44 
604.41 938.72 6396.08 0.30 
622.40 992.68 3650.72 0.30 
891.20 852.71 2938.22 0.33 
633.68 1116.76 6830.81 0.32 
715.81 681.51 1898.01 0.38 
642.48 778.04 3449.63 0.57 
1034.87 884.88 923.89 0.42 
881.08 997.31 2992.10 0.23 
565.29 640.12 1997.87 0.52 
586.17 1040.66 770.38 0.64 
550.97 776.05 1209.20 0.22 
940.76 583.13 2122.54 0.63 
956.88 769.48 7130.97 0.34 
656.00 1026.64 1705.79 0.43 
913.06 868.83 4217.08 0.54 
550.05 816.55 3399.98 0.31 
702.65 633.20 2950.12 0.42 
558.31 1358.34 7953.47 0.48 
628.74 1003.48 7740.13 0.52 
666.72 592.57 5957.92 0.30 
718.82 1024.82 5163.46 0.33 
631.76 703.03 1969.21 0.24 
610.15 610.30 6283.02 0.48 
595.28 822.65 3337.67 0.39 
1212.52 1142.76 5823.04 0.45 
636.16 1363.11 2087.97 0.28 
726.35 948.91 6167.91 0.39 
613.28 1539.78 1703.99 0.41 
794.03 1034.75 3167.72 0.22 
1199.51 985.82 4461.99 0.34 
1355.89 549.21 1189.06 0.38 
859.72 566.23 5409.82 0.43 
593.66 647.18 654.52 0.39 
820.58 696.29 6685.05 0.38 
753.18 691.13 3917.18 0.32 
1187.89 611.40 4422.10 0.49 
563.10 1084.40 4716.51 0.54 
1011.48 653.98 1769.61 0.45 
925.49 896.45 1571.99 0.45 
578.15 1065.27 5354.62 0.25 
712.92 1443.30 961.69 0.36 
776.95 762.32 4479.17 0.42 
940.67 736.62 5362.27 0.37 
868.51 825.30 4256.11 0.52 
994.01 907.58 3057.71 0.48 
823.12 819.46 4291.99 0.31 
667.84 785.27 2196.63 0.41 
1040.03 628.99 4692.35 0.29 
1080.01 582.52 2850.13 0.53 
924.60 1274.20 6324.50 0.63 
602.92 946.63 7635.55 0.45 
669.26 933.02 7959.49 0.54 
1029.17 572.87 3977.95 0.38 
618.12 618.53 1352.56 0.32 
702.67 651.61 7205.25 0.50 
788.62 684.96 7412.46 0.29 
681.94 613.01 3799.93 0.41 
669.99 1536.51 7157.19 0.47 
707.44 619.41 927.46 0.58 
950.78 626.76 3047.15 0.39 
610.00 830.68 887.06 0.28 
561.23 680.26 7427.53 0.46 
728.84 1099.22 6855.81 0.50 
817.68 943.75 5157.93 0.46 
1099.75 691.69 4692.66 0.40 
673.27 1119.60 1798.45 0.34 
540.35 1468.43 1748.72 0.35 
1447.21 998.80 6623.15 0.26 
607.17 904.43 5659.88 0.23 
964.08 651.30 1662.66 0.54 
1006.69 560.98 7752.04 0.40 
721.49 638.30 1990.32 0.53 
768.98 1007.68 2568.44 0.34 
603.38 1174.34 3978.07 0.39 
