543.15 1099.59 2916.18 0.35 
801.86 1146.63 6329.71 0.37 
1432.40 554.34 3572.48 0.44 
898.08 547.60 5182.34 0.30 
747.48 551.83 2749.72 0.39 
756.28 600.57 7240.13 0.52 
704.29 612.23 4761.54 0.35 
627.39 544.58 4412.68 0.44 
944.52 1042.72 7581.52 0.74 
556.91 648.85 998.12 0.37 
543.22 635.86 5599.88 0.24 
1491.97 599.37 4996.81 0.55 
690.27 595.95 3102.92 0.40 
1090.02 873.37 1989.19 0.44 
540.05 542.62 6233.61 0.53 
1101.47 613.19 5483.47 0.42 
554.24 1028.80 2109.97 0.24 
548.51 835.46 5319.57 0.50 
815.50 701.47 2270.39 0.39 
642.87 604.74 3263.68 0.28 
875.15 977.67 5707.68 0.23 
734.25 777.99 4294.89 0.37 
646.62 1093.93 1341.63 0.37 
836.65 620.49 4697.29 0.46 
605.87 571.35 1757.19 0.38 
863.79 697.25 5135.15 0.39 
729.65 584.33 7775.36 0.40 
1129.15 777.60 4472.82 0.40 
567.04 1199.00 7569.09 0.19 
907.50 882.38 7385.15 0.42 
1178.25 606.81 657.52 0.46 
599.33 911.50 3140.21 0.41 
929.89 652.36 6959.99 0.29 
862.70 747.00 2936.53 0.42 
887.56 1143.15 6915.48 0.51 
580.49 654.64 6517.04 0.33 
588.46 984.85 2931.91 0.46 
949.12 573.71 4447.08 0.48 
567.26 884.45 1911.02 0.50 
552.02 657.09 972.72 0.65 
1135.88 1076.84 904.53 0.47 
820.53 751.55 4906.44 0.21 
566.76 725.81 2622.49 0.45 
735.38 739.56 5082.37 0.37 
630.46 548.50 868.58 0.41 
856.81 893.07 4453.26 0.25 
1129.74 914.08 2925.37 0.49 
937.04 587.45 5752.32 0.41 
606.96 973.81 2935.70 0.46 
768.74 826.18 5158.45 0.37 
579.47 819.63 7429.34 0.58 
890.51 841.92 7192.48 0.24 
946.63 614.94 7454.56 0.40 
671.73 1018.66 4871.16 0.42 
625.70 1032.88 7355.66 0.15 
763.03 783.87 2367.48 0.42 
647.09 600.94 3226.14 0.28 
640.22 605.54 2640.31 0.33 
681.26 872.89 2463.62 0.54 
641.05 730.88 7777.88 0.34 
1332.60 1162.31 7762.00 0.43 
696.96 620.93 2412.54 0.42 
1149.13 757.36 2977.22 0.50 
670.36 691.49 3505.81 0.46 
584.03 1047.40 1368.55 0.21 
880.46 554.60 5969.79 0.31 
727.82 579.38 1303.91 0.58 
565.92 840.99 4364.99 0.42 
777.73 1041.53 7147.72 0.56 
860.06 612.10 5484.34 0.48 
567.35 607.12 6036.22 0.39 
549.96 628.42 3044.27 0.48 
670.40 630.90 7879.64 0.34 
855.91 1038.70 5717.30 0.41 
587.26 632.95 7283.97 0.38 
605.65 1007.31 7485.81 0.37 
793.21 718.84 6676.63 0.35 
813.03 591.00 6407.80 0.46 
798.00 1001.32 5939.82 0.52 
1140.75 1387.06 7234.48 0.50 
757.72 877.73 3749.42 0.40 
540.68 714.66 7414.34 0.45 
614.42 959.79 5314.39 0.31 
885.39 644.81 6273.25 0.34 
994.99 933.78 5726.38 0.42 
823.68 586.14 7617.30 0.41 
648.05 679.89 4508.05 0.45 
551.37 872.29 7100.84 0.48 
905.76 788.26 4234.14 0.45 
695.67 782.67 4092.03 0.31 
642.34 851.58 4336.58 0.38 
643.89 553.67 7232.78 0.47 
651.95 756.56 7324.56 0.55 
562.83 551.26 3955.83 0.23 
760.35 1074.94 2714.83 0.54 
1020.19 818.36 3514.43 0.42 
549.09 719.78 1956.57 0.48 
769.00 543.15 7738.76 0.12 
1134.31 985.09 6648.81 0.37 
779.27 882.26 4945.64 0.53 
824.40 703.41 3634.19 0.43 
1162.70 1057.25 4088.36 0.44 
834.37 658.53 6050.18 0.18 
1723.79 690.48 4310.66 0.48 
642.99 964.30 6382.06 0.38 
750.78 575.40 7291.12 0.52 
562.34 775.02 6009.03 0.30 
754.58 651.90 6424.01 0.29 
863.22 976.39 2928.68 0.29 
678.51 981.68 4340.13 0.59 
1179.15 1026.05 2141.17 0.32 
712.20 947.63 4203.34 0.23 
984.82 634.17 3223.88 0.63 
738.85 762.51 6117.31 0.67 
540.11 691.67 6384.30 0.41 
602.78 1080.02 1443.59 0.43 
1238.19 824.74 4602.20 0.15 
1054.88 1165.70 1711.21 0.51 
565.70 704.66 7873.54 0.35 
562.36 891.93 4873.35 0.30 
582.56 956.11 2356.38 0.41 
1004.62 617.96 2877.08 0.43 
1172.95 1379.61 2861.65 0.35 
642.05 576.76 4303.95 0.27 
886.08 1063.93 2206.54 0.54 
908.23 723.43 7864.13 0.33 
604.48 1135.69 1641.58 0.22 
992.79 1341.93 7654.52 0.25 
1164.06 964.71 1519.53 0.45 
1000.51 907.83 5307.44 0.68 
1034.90 545.81 2379.90 0.44 
695.27 889.98 3392.06 0.32 
541.05 1341.83 6850.39 0.39 
937.46 997.28 5366.16 0.48 
849.46 1153.26 5818.29 0.42 
901.98 598.78 2624.85 0.40 
843.75 737.59 823.22 0.22 
663.78 566.42 4228.22 0.57 
1136.64 590.63 7147.53 0.44 
964.97 570.24 7409.29 0.36 
676.45 589.20 3102.15 0.56 
723.40 579.08 5672.90 0.39 
899.36 782.98 4523.24 0.52 
579.49 858.52 2155.76 0.41 
839.45 594.70 3505.06 0.55 
1345.71 763.61 1046.57 0.30 
594.02 917.08 4836.08 0.13 
626.19 696.92 5987.44 0.41 
823.82 578.51 5042.19 0.35 
756.22 858.70 4664.84 0.40 
866.31 601.56 2810.29 0.39 
