889.84 616.21 4672.70 0.26 
840.07 622.06 3651.89 0.27 
965.30 715.86 7801.01 0.38 
1026.23 949.91 6574.34 0.32 
605.82 1237.64 2595.12 0.25 
712.88 552.39 6954.63 0.37 
1463.67 912.25 5781.43 0.46 
1054.30 1020.27 2604.30 0.22 
1179.85 716.76 3369.90 0.48 
1248.02 547.55 1387.82 0.38 
760.54 910.35 997.96 0.53 
594.92 715.00 2059.48 0.54 
931.71 1058.60 4965.33 0.25 
1325.71 1012.06 2597.01 0.30 
1034.76 636.67 4819.02 0.37 
1076.15 914.77 7824.22 0.37 
723.82 794.53 7153.31 0.21 
1177.08 631.59 3719.24 0.29 
1078.54 771.12 3348.07 0.37 
565.48 636.40 1404.55 0.36 
920.30 626.20 3702.82 0.38 
1012.56 639.31 4362.29 0.42 
774.11 940.43 7370.55 0.52 
770.94 558.28 7582.44 0.24 
989.27 819.65 6314.30 0.46 
786.53 560.83 3049.17 0.19 
600.95 739.70 627.04 0.36 
577.80 546.99 3863.08 0.42 
984.70 543.88 1608.76 0.32 
677.71 669.93 1144.54 0.40 
1063.90 808.89 5858.16 0.45 
1013.55 592.34 6040.41 0.41 
799.07 683.81 7205.92 0.31 
1237.76 1000.74 2585.61 0.53 
725.89 882.65 3173.95 0.43 
600.67 614.43 1761.54 0.44 
772.09 1009.68 3264.63 0.37 
543.85 586.25 1149.09 0.09 
661.85 806.56 636.10 0.49 
1010.89 659.27 5498.45 0.46 
588.60 1209.27 1115.89 0.44 
