1091.94 786.64 3733.35 0.33 
862.67 1048.54 3363.37 0.40 
605.01 833.97 6264.50 0.42 
790.17 790.36 1965.56 0.30 
934.72 718.68 5983.59 0.36 
579.99 613.61 6692.93 0.42 
789.21 1556.91 2185.20 0.34 
950.41 700.60 3874.18 0.42 
958.37 935.70 3817.25 0.38 
605.25 656.45 2986.09 0.55 
657.76 661.88 3727.06 0.43 
653.82 902.02 4490.50 0.28 
931.49 542.55 4428.27 0.48 
676.28 1338.24 7320.03 0.37 
614.61 1389.12 5944.31 0.32 
967.00 988.13 7916.56 0.42 
581.87 1146.82 5978.79 0.31 
883.23 1157.33 4997.39 0.30 
662.51 1299.78 7604.48 0.45 
1683.53 666.83 600.02 0.53 
777.70 816.11 3890.20 0.43 
621.28 715.41 4390.11 0.60 
791.03 551.92 4141.71 0.32 
855.15 665.00 6045.95 0.31 
1043.73 669.77 866.59 0.46 
560.61 619.07 2922.83 0.27 
794.88 660.35 3524.36 0.31 
1270.45 763.36 4372.12 0.39 
944.34 563.40 1288.61 0.61 
963.24 806.31 1841.87 0.34 
679.51 725.65 5785.20 0.49 
575.63 774.59 7502.47 0.32 
745.17 1127.89 5125.83 0.48 
792.09 666.79 5693.59 0.48 
894.07 592.49 1783.74 0.41 
656.18 700.22 3524.66 0.52 
979.30 570.75 4633.24 0.44 
661.95 727.07 4046.27 0.45 
854.06 570.83 7029.72 0.54 
857.64 988.48 7052.36 0.42 
655.44 652.53 3423.73 0.41 
626.81 584.64 2293.43 0.42 
553.03 666.81 4314.47 0.35 
836.25 957.32 2450.83 0.45 
1476.58 1014.66 2682.68 0.46 
1164.84 694.59 6653.16 0.36 
1143.81 1039.61 6352.49 0.43 
841.47 895.43 1044.89 0.68 
835.64 761.14 1872.76 0.40 
862.68 1090.06 5388.36 0.43 
590.00 785.00 5889.38 0.35 
835.18 727.02 6292.71 0.26 
670.77 718.24 5567.78 0.25 
780.81 1082.08 6055.42 0.38 
771.83 729.19 4444.45 0.54 
843.43 1070.24 3735.74 0.37 
1066.51 604.27 552.73 0.19 
653.81 943.52 5185.26 0.50 
1067.10 706.65 5586.25 0.33 
1028.94 575.51 1565.65 0.26 
1159.09 688.81 2313.85 0.39 
909.50 695.58 1390.06 0.36 
1071.55 891.29 3067.47 0.45 
633.09 649.69 962.01 0.41 
748.54 965.35 557.62 0.34 
1115.16 600.51 2331.28 0.35 
743.92 1315.15 6392.15 0.25 
909.02 837.86 5631.61 0.43 
749.33 938.41 3839.93 0.42 
769.99 797.30 2160.17 0.26 
795.04 1284.95 4072.48 0.33 
