891.77 693.63 3563.14 0.26 
799.59 622.77 6354.35 0.44 
1041.25 1038.30 3051.64 0.52 
816.00 784.35 2567.06 0.18 
605.14 611.95 7376.00 0.38 
811.69 857.43 5773.50 0.33 
1274.35 651.72 2607.68 0.45 
733.96 1005.25 2219.02 0.43 
906.89 751.82 3373.69 0.47 
637.43 576.61 7477.83 0.33 
697.29 934.43 3561.00 0.39 
1127.95 781.78 1201.11 0.44 
1094.78 1298.63 5528.80 0.50 
732.35 715.26 4497.65 0.20 
628.59 981.44 2073.40 0.40 
760.25 679.44 864.19 0.44 
670.31 779.75 5210.34 0.20 
616.23 634.26 6200.08 0.46 
781.78 1557.30 4092.69 0.32 
905.13 1129.81 7077.37 0.35 
686.26 720.53 5864.47 0.39 
