720.10 1112.52 6643.39 0.28 
668.36 555.35 1621.99 0.57 
822.40 766.95 2080.08 0.23 
666.98 1123.26 5934.80 0.57 
805.51 827.60 2397.13 0.28 
566.79 686.07 3181.90 0.42 
1326.36 804.21 7677.64 0.27 
916.50 1282.20 2009.02 0.52 
644.84 761.20 4043.86 0.51 
1039.45 669.70 5390.70 0.43 
996.09 1608.45 1009.53 0.41 
949.65 658.88 7477.04 0.40 
888.53 1016.43 1975.46 0.46 
624.87 768.89 3725.58 0.41 
1525.75 916.27 6648.84 0.39 
549.75 737.09 4573.69 0.44 
970.97 789.00 3506.28 0.41 
1216.63 895.82 3174.52 0.45 
690.66 1160.26 7446.27 0.26 
706.50 592.02 6438.60 0.42 
1087.39 575.89 1086.94 0.46 
994.69 611.77 6403.33 0.31 
1167.75 686.77 4035.90 0.53 
1461.51 809.47 961.33 0.46 
588.49 868.32 5846.29 0.47 
1434.53 625.25 7768.32 0.19 
851.98 576.15 2102.06 0.29 
1286.32 635.56 2263.27 0.52 
802.21 674.61 6599.75 0.25 
691.58 633.42 7242.63 0.27 
542.58 548.24 6365.65 0.55 
563.23 667.41 1311.71 0.32 
792.88 551.16 4360.08 0.37 
1177.68 894.47 4887.26 0.28 
755.11 1003.68 6073.39 0.34 
636.94 984.39 2373.89 0.40 
865.02 916.75 4883.07 0.34 
888.15 767.11 6384.84 0.46 
636.76 671.32 5086.23 0.48 
720.91 894.98 3844.66 0.55 
755.05 629.68 4135.34 0.14 
856.36 651.04 2263.21 0.44 
829.15 1197.71 7464.25 0.38 
687.57 677.96 6079.50 0.44 
1092.30 696.10 6823.76 0.21 
543.72 774.59 6009.17 0.46 
778.27 540.12 1634.46 0.25 
989.44 710.26 2577.22 0.47 
694.55 637.00 6116.86 0.50 
565.63 731.23 4728.24 0.39 
757.99 787.65 4885.25 0.41 
717.32 1231.21 1140.96 0.42 
829.81 609.46 3877.34 0.40 
961.95 750.15 7925.61 0.40 
804.92 942.34 776.80 0.44 
1274.27 620.12 3284.42 0.41 
566.53 868.51 5611.99 0.34 
696.07 1038.01 7165.25 0.46 
774.78 819.12 5369.85 0.31 
857.91 810.15 5661.67 0.28 
873.23 740.94 5130.16 0.62 
789.01 1192.27 6669.75 0.52 
807.68 949.53 4657.49 0.33 
896.38 561.85 6702.73 0.40 
876.27 906.69 4565.32 0.54 
597.23 540.40 2091.44 0.19 
774.36 746.91 2613.90 0.32 
622.64 567.80 3334.93 0.34 
728.13 1040.80 6435.43 0.52 
966.51 661.88 5637.37 0.46 
819.45 1425.27 4552.21 0.27 
978.93 1322.90 1900.53 0.32 
750.04 1202.83 1497.65 0.53 
1281.53 952.37 7964.73 0.52 
831.30 560.34 609.46 0.44 
1072.14 921.39 2404.64 0.50 
736.68 730.59 5650.00 0.41 
1278.66 871.78 3601.66 0.59 
660.98 1050.45 6491.01 0.47 
789.55 809.00 7144.50 0.39 
1083.40 613.62 6928.82 0.31 
974.10 745.95 6808.76 0.52 
851.55 772.73 7868.85 0.38 
1295.32 857.47 2960.99 0.55 
730.78 701.09 824.41 0.38 
766.06 746.90 5261.00 0.41 
818.93 1033.46 1958.80 0.44 
1029.59 1239.49 3496.25 0.52 
728.13 549.48 7149.26 0.39 
593.91 846.49 2396.67 0.33 
712.14 884.23 3900.02 0.42 
