547.72 931.78 584.45 0.52 
624.85 1169.93 2912.84 0.49 
731.69 778.29 4011.73 0.25 
972.05 649.26 5793.14 0.54 
1154.92 937.86 1761.95 0.12 
741.00 820.31 2251.41 0.22 
1292.83 823.58 6748.63 0.50 
768.80 1108.39 724.56 0.22 
1007.71 583.11 1697.95 0.46 
986.29 756.40 6755.06 0.44 
850.77 667.36 3342.50 0.48 
624.74 794.21 3990.79 0.39 
973.81 883.83 963.88 0.30 
679.21 736.52 7269.39 0.31 
693.02 754.26 814.78 0.34 
1133.16 1275.46 2560.73 0.40 
668.53 597.98 1055.21 0.31 
942.77 701.29 6648.24 0.46 
795.93 567.86 5596.56 0.36 
1004.60 550.02 7360.87 0.49 
1286.16 548.16 3601.98 0.57 
623.97 810.70 2294.65 0.52 
701.19 942.36 2243.73 0.39 
992.13 1083.39 7884.13 0.43 
751.91 835.79 1036.25 0.17 
889.42 974.93 6585.03 0.30 
919.32 1046.27 1888.21 0.36 
1065.62 1034.52 4390.86 0.47 
1225.43 826.58 3463.93 0.43 
758.47 560.01 4667.17 0.49 
607.19 843.80 4892.67 0.47 
923.64 602.73 4490.67 0.53 
1020.04 938.36 1958.28 0.32 
719.83 546.27 4459.99 0.34 
559.99 1251.70 1117.99 0.34 
693.37 688.24 2325.44 0.39 
828.84 1131.04 2790.17 0.17 
690.25 972.11 7373.68 0.41 
1050.20 1002.36 1951.62 0.46 
1502.76 746.49 4448.85 0.30 
653.61 741.58 7416.48 0.34 
654.75 748.53 6452.51 0.45 
900.83 583.65 923.04 0.44 
653.24 1028.10 7454.85 0.35 
631.25 629.98 6781.82 0.37 
820.75 1136.44 1679.31 0.48 
1031.97 853.13 7667.95 0.37 
603.63 964.30 5569.00 0.41 
658.59 769.20 4411.31 0.44 
1345.23 1131.28 2430.80 0.45 
1052.11 811.33 5456.91 0.37 
954.62 729.28 7520.19 0.25 
960.13 576.72 4682.57 0.40 
965.64 1049.03 4855.68 0.39 
1120.03 852.18 1775.83 0.22 
815.85 901.24 6757.66 0.34 
957.65 854.59 1983.32 0.53 
705.87 1042.97 2183.90 0.38 
704.95 873.54 6336.14 0.46 
1013.72 560.83 4288.27 0.37 
560.39 820.44 7168.02 0.38 
750.25 705.18 7244.62 0.42 
919.80 568.27 4840.40 0.45 
609.87 680.50 6882.48 0.36 
679.09 739.15 5061.57 0.48 
570.60 561.29 2893.04 0.33 
893.75 1360.10 1615.71 0.47 
856.26 677.85 4474.08 0.36 
1157.36 735.69 2760.89 0.50 
677.27 547.50 941.50 0.41 
726.41 611.19 2231.43 0.50 
864.85 1301.28 698.00 0.34 
650.59 668.55 3516.60 0.30 
554.28 812.19 6299.32 0.37 
821.65 540.30 2700.82 0.21 
1130.13 600.11 5873.77 0.42 
568.83 1165.50 3715.73 0.38 
741.62 1171.11 607.46 0.48 
625.30 960.35 3266.23 0.46 
864.91 1033.54 2167.69 0.34 
737.49 876.61 6054.03 0.15 
818.81 705.17 4469.01 0.50 
678.71 764.88 3347.13 0.36 
1224.22 902.47 2515.90 0.42 
557.75 1094.36 3061.65 0.31 
660.28 1023.48 6084.64 0.51 
705.92 994.34 1726.52 0.50 
823.82 633.63 562.76 0.27 
791.90 645.68 1249.69 0.25 
581.11 1058.04 4123.42 0.24 
570.65 684.39 6126.78 0.43 
790.42 667.39 4664.03 0.36 
671.01 867.99 2056.45 0.48 
866.49 844.02 7553.48 0.41 
859.98 987.67 1199.16 0.51 
545.29 927.42 2762.92 0.45 
1104.39 770.18 5912.46 0.39 
757.16 690.78 4704.75 0.41 
738.68 1284.64 2182.39 0.61 
647.60 1219.85 4228.35 0.56 
568.83 625.15 610.80 0.21 
962.33 791.36 1556.30 0.49 
815.55 885.09 1995.35 0.39 
568.30 631.03 3729.65 0.53 
960.40 1008.97 4745.68 0.41 
909.31 634.66 3874.69 0.56 
618.52 1182.84 3376.47 0.07 
649.53 1110.36 4509.41 0.43 
603.49 966.48 1766.00 0.36 
725.39 791.46 2996.37 0.45 
743.09 810.53 4928.15 0.39 
775.68 694.24 5007.34 0.41 
656.78 606.82 4903.29 0.41 
542.77 1222.94 1567.38 0.38 
968.95 571.01 4008.28 0.34 
816.21 800.08 3801.76 0.22 
555.29 873.29 1113.63 0.25 
769.14 616.78 2786.36 0.34 
1045.69 620.85 7033.11 0.70 
926.28 619.85 1552.64 0.40 
639.37 921.59 5681.55 0.59 
734.86 557.35 5423.31 0.61 
558.30 968.37 4775.59 0.26 
696.95 987.31 3290.34 0.28 
1042.64 1035.42 1050.94 0.30 
1012.98 673.98 1725.67 0.26 
681.62 911.86 3481.69 0.49 
1051.45 929.90 797.43 0.33 
852.83 567.73 6232.49 0.51 
792.31 1203.37 4995.94 0.35 
753.62 957.75 2263.51 0.35 
793.03 739.69 7097.67 0.25 
1146.69 754.05 2110.13 0.30 
595.76 1368.53 6870.43 0.47 
570.12 778.11 4342.33 0.37 
904.68 558.90 5435.83 0.37 
767.40 1168.94 4470.11 0.41 
1329.40 1071.05 3347.50 0.37 
891.14 715.62 5767.69 0.27 
713.90 1233.75 6584.53 0.40 
579.79 585.65 7525.36 0.52 
905.77 554.66 5345.55 0.15 
955.14 786.78 2108.84 0.50 
1079.35 622.51 5190.63 0.56 
713.80 789.89 1885.20 0.37 
1117.93 576.24 2555.76 0.36 
636.60 696.18 3384.16 0.30 
670.23 1030.50 2552.17 0.39 
673.62 1074.32 4465.75 0.42 
633.88 1684.39 7012.88 0.37 
863.15 712.92 6820.96 0.36 
1003.87 642.66 2299.47 0.30 
922.03 911.45 1009.98 0.41 
665.99 695.59 5638.36 0.39 
890.35 645.21 2583.02 0.50 
775.14 706.85 1498.89 0.44 
726.94 752.88 6588.07 0.39 
1223.46 581.60 3094.58 0.46 
589.92 911.87 6366.81 0.54 
881.44 699.93 7806.31 0.60 
1325.91 701.28 6518.41 0.54 
645.81 988.43 2286.29 0.38 
953.89 781.06 3788.31 0.48 
911.50 561.23 6008.91 0.41 
607.76 570.72 5707.52 0.38 
774.48 761.80 3035.93 0.45 
835.48 1269.02 2362.02 0.48 
847.21 1135.45 7288.34 0.53 
1154.80 558.99 5513.33 0.31 
1046.36 858.57 4643.28 0.40 
633.62 1183.46 6071.36 0.36 
779.41 751.37 6296.28 0.33 
865.35 713.56 3030.17 0.35 
738.30 874.20 7896.62 0.45 
887.10 568.91 5305.26 0.43 
597.96 759.37 954.00 0.61 
879.48 1195.13 1396.36 0.51 
643.67 712.14 7272.55 0.46 
547.84 951.37 4189.73 0.43 
1327.98 1038.60 4172.00 0.44 
1309.90 549.38 1315.56 0.45 
757.12 606.29 4224.73 0.37 
1037.39 1220.16 1394.99 0.31 
619.85 610.19 1112.30 0.49 
1181.82 1233.23 6001.57 0.28 
1209.26 837.37 957.83 0.46 
878.24 784.49 5209.16 0.41 
773.29 611.10 5586.93 0.32 
859.17 1669.39 5323.00 0.49 
1065.33 609.81 4552.58 0.24 
984.98 958.56 2237.19 0.43 
1026.50 1178.05 6158.86 0.37 
847.64 1196.47 978.99 0.28 
701.92 735.39 7729.99 0.42 
657.57 932.36 5290.77 0.46 
871.59 1113.05 1828.61 0.38 
749.57 931.86 5160.02 0.29 
994.17 642.58 5858.44 0.44 
590.72 1018.88 7058.75 0.56 
561.94 820.44 1929.18 0.18 
672.03 633.88 638.94 0.36 
