601.27 780.86 4534.25 0.42 
878.02 915.71 4347.61 0.14 
991.79 607.85 904.05 0.37 
644.19 976.54 4395.67 0.25 
985.17 742.34 4596.77 0.26 
782.70 1079.53 5298.33 0.53 
595.35 1324.46 1310.80 0.37 
817.21 973.98 4171.05 0.28 
855.95 956.34 1718.89 0.29 
585.90 838.43 4631.37 0.44 
1140.57 621.21 7133.12 0.52 
701.66 749.96 3162.59 0.35 
998.34 612.40 1328.73 0.36 
647.53 548.28 5787.93 0.34 
651.57 978.42 1669.96 0.32 
706.35 1158.94 4018.40 0.46 
738.20 751.77 7957.75 0.42 
598.40 717.14 6097.82 0.47 
762.85 956.61 4777.64 0.23 
976.33 682.19 7929.50 0.42 
824.29 937.17 3166.09 0.55 
605.04 970.17 2542.15 0.36 
635.53 1078.98 4397.43 0.28 
1009.37 664.36 4936.23 0.53 
738.19 905.82 7249.62 0.43 
634.58 697.75 5391.56 0.38 
706.44 721.68 3635.56 0.26 
1055.34 772.19 7273.15 0.44 
1443.79 684.31 6744.31 0.34 
556.13 639.99 4203.92 0.25 
566.34 547.91 7581.25 0.28 
772.77 1000.74 1584.51 0.36 
697.78 1292.99 4393.24 0.42 
570.83 540.90 3942.39 0.20 
592.47 698.17 770.00 0.41 
629.34 903.91 6313.75 0.42 
721.60 1083.46 3679.64 0.25 
1068.63 724.29 4725.84 0.47 
1145.72 635.34 1058.55 0.41 
793.56 979.57 3925.15 0.54 
620.44 678.34 2535.20 0.41 
973.91 665.65 2306.65 0.42 
599.21 920.53 6775.80 0.44 
811.57 768.14 7593.61 0.33 
561.55 919.48 3467.29 0.52 
749.83 893.80 6708.53 0.33 
576.28 654.64 6389.39 0.37 
706.90 855.01 1379.42 0.33 
1200.28 871.91 730.63 0.38 
817.79 1182.47 4486.09 0.35 
932.38 1135.01 7441.84 0.40 
839.22 1127.02 5728.60 0.59 
630.54 600.74 6119.88 0.39 
844.48 546.56 1811.68 0.32 
773.86 627.98 2701.77 0.45 
683.91 1308.76 7446.92 0.36 
757.74 661.53 5717.64 0.29 
604.89 778.10 5210.82 0.29 
649.94 1168.27 946.20 0.58 
780.70 585.15 6585.71 0.47 
1031.94 797.37 1739.43 0.33 
630.16 560.76 1516.83 0.35 
800.21 806.88 6297.65 0.31 
889.31 582.29 2511.06 0.34 
747.68 592.80 1751.64 0.23 
812.59 728.48 2178.06 0.35 
550.38 716.58 6406.69 0.40 
924.70 1152.55 1544.35 0.52 
566.28 856.42 1481.68 0.38 
1285.05 614.96 4506.19 0.29 
842.86 656.40 6814.62 0.40 
904.12 724.71 4721.93 0.23 
985.60 836.92 3250.40 0.32 
1162.58 752.51 2503.26 0.29 
977.09 711.45 1153.71 0.31 
1054.44 826.42 844.38 0.39 
1423.63 660.74 1795.99 0.24 
1089.14 623.94 5126.51 0.46 
1186.00 1276.75 1723.19 0.37 
673.59 633.84 891.54 0.35 
1036.22 793.53 3546.04 0.48 
