803.44 1005.62 3992.84 0.39 
906.69 1437.08 7052.59 0.54 
1255.34 697.76 3353.47 0.28 
626.18 807.47 5924.34 0.30 
583.15 1010.80 4809.98 0.27 
1031.61 894.95 1598.81 0.50 
669.77 659.31 1131.28 0.41 
820.32 826.40 3834.80 0.37 
644.34 805.38 2968.25 0.48 
616.54 658.65 643.93 0.50 
872.55 780.66 6693.28 0.30 
785.13 1274.70 6979.92 0.46 
545.35 688.95 588.93 0.52 
929.91 1089.35 4593.18 0.41 
938.43 643.24 3423.83 0.42 
911.06 609.80 1682.50 0.28 
904.28 594.53 6363.38 0.32 
765.10 556.79 3428.58 0.46 
948.18 838.44 3284.27 0.36 
653.95 749.72 7433.02 0.54 
553.11 793.33 6747.55 0.34 
611.09 919.54 1286.01 0.56 
543.93 824.89 2464.47 0.46 
927.98 542.07 7416.15 0.22 
1044.52 845.85 7453.00 0.52 
555.19 957.58 7854.56 0.44 
579.54 729.13 1588.19 0.25 
726.59 587.38 6915.29 0.45 
715.40 1314.06 7805.29 0.40 
541.35 1005.98 5056.52 0.31 
691.23 573.46 5646.04 0.40 
