123.44 135.68 0.28 2947.56
29.74 107.45 0.29 10429.62
84.52 160.42 0.25 3085.74
89.91 129.38 0.27 8935.29
51.00 303.50 0.21 6360.16
8.32 312.96 0.17 5854.79
13.27 343.74 0.23 8307.88
28.78 216.83 0.30 3264.93
92.84 402.21 0.04 1285.64
173.92 577.73 0.11 6483.77
91.57 460.73 0.17 1858.68
108.21 454.25 0.28 3329.46
38.59 783.09 0.24 7397.08
155.53 706.23 0.12 1513.54
125.87 643.38 0.06 10205.91
59.35 786.73 0.09 6011.93
1.72 868.50 0.28 809.70
72.34 957.80 0.24 6460.33
69.17 894.72 0.29 6350.44
38.95 844.50 0.06 2688.78
363.63 50.31 0.07 1779.41
331.71 154.71 0.17 7817.02
387.24 53.27 0.31 5297.48
262.32 28.21 0.21 7891.86
397.23 263.03 0.30 9232.49
307.83 250.08 0.26 1163.47
263.36 331.05 0.16 1974.74
387.54 366.18 0.19 5287.96
241.53 526.08 0.37 6883.45
285.12 556.81 0.21 7193.26
347.99 502.44 0.32 7550.02
257.25 587.19 0.17 1074.88
375.90 650.67 0.12 3756.63
333.80 685.59 0.13 8596.39
231.87 745.07 0.07 4279.76
294.25 628.75 0.32 10521.86
230.45 919.68 0.18 4066.99
354.02 939.53 0.17 1072.99
278.39 934.43 0.01 10502.20
207.57 829.02 0.30 8897.06
476.66 74.93 0.22 9920.21
516.81 166.35 0.09 3643.18
584.36 46.83 0.14 5455.70
564.81 165.77 0.34 2155.15
504.86 288.12 0.08 7343.31
475.39 278.78 0.22 8030.14
510.62 234.32 0.19 9513.50
543.57 341.78 0.33 5291.91
593.55 484.44 0.09 1535.57
564.95 476.32 0.15 1078.29
569.35 440.16 0.31 4318.99
496.46 537.47 0.15 8794.73
453.73 691.49 0.16 7987.90
578.34 632.39 0.09 4710.18
592.54 697.07 0.25 5559.68
477.34 758.78 0.23 10424.90
562.50 963.08 0.13 8648.67
453.47 865.86 0.29 1358.52
482.29 838.70 0.18 9134.07
548.95 885.46 0.22 2159.28
607.12 59.37 0.34 4656.23
631.09 157.25 0.11 7413.45
781.97 7.28 0.24 2626.02
793.19 109.13 0.07 3426.81
632.95 270.28 0.18 3190.56
751.86 322.85 0.19 2172.17
697.14 392.36 0.32 6311.67
663.47 241.62 0.19 9563.60
659.99 487.30 0.20 8294.84
600.46 552.94 0.26 10452.85
617.33 549.05 0.37 6794.63
672.32 440.60 0.10 3796.26
763.22 776.56 0.23 9846.86
713.49 646.66 0.13 7964.63
650.24 786.19 0.19 6425.18
764.45 619.34 0.15 5696.72
793.96 887.43 0.13 7716.40
732.14 930.88 0.12 10380.55
787.86 880.59 0.06 5189.36
626.92 960.57 0.14 7415.26
974.13 74.37 0.26 7831.50
924.15 142.73 0.21 3840.86
802.56 75.08 0.21 6351.14
825.17 78.02 0.17 6590.34
819.66 302.30 0.21 6126.35
811.36 265.65 0.27 6577.03
848.69 332.21 0.08 4713.93
891.81 235.56 0.32 9296.32
936.49 511.97 0.13 5173.23
918.83 530.42 0.29 10653.73
801.22 483.02 0.04 4440.88
929.66 557.36 0.20 9604.30
879.28 601.14 0.27 4404.98
888.74 625.95 0.29 3971.73
877.97 786.59 0.12 1034.38
894.71 703.45 0.16 5890.16
845.22 810.88 0.31 8177.35
952.34 847.19 0.35 10546.75
809.65 910.57 0.02 3340.57
820.45 818.23 0.26 10402.04
