197.57 229.40 0.48 1131.16
52.91 112.92 0.60 4501.18
59.68 43.53 0.44 3239.71
22.19 100.32 0.45 2708.27
68.02 103.56 0.60 4919.05
97.21 140.68 0.53 5794.92
61.41 271.91 0.60 3245.02
158.46 306.83 0.46 3322.11
145.79 281.39 0.51 7582.12
80.19 257.75 0.60 7447.66
197.32 221.01 0.49 1064.46
114.77 309.83 0.40 6194.55
128.92 492.69 0.60 5052.02
109.19 493.03 0.60 8010.10
89.36 531.74 0.43 1425.18
108.58 571.17 0.42 2420.86
60.42 413.03 0.33 4808.16
110.15 508.67 0.55 1050.27
78.34 815.84 0.45 6627.41
75.52 680.07 0.60 6801.22
3.08 638.54 0.39 2901.92
58.06 711.84 0.57 4928.45
77.80 738.85 0.52 6859.52
137.24 758.68 0.60 742.63
45.04 818.95 0.46 47.78
73.52 964.70 0.60 3747.62
53.90 810.90 0.43 10259.87
135.93 914.69 0.25 8913.42
224.99 961.86 0.60 969.44
6.52 946.76 0.33 3265.63
279.91 123.27 0.46 3912.94
229.57 70.09 0.43 2794.39
236.50 196.85 0.60 1441.58
355.89 161.37 0.34 6334.93
385.86 218.73 0.44 220.39
216.66 15.55 0.60 4518.35
413.47 292.86 0.50 6295.64
320.47 248.22 0.53 1957.50
258.53 420.49 0.45 3838.84
371.44 263.34 0.45 3503.61
294.89 305.38 0.54 2446.82
303.98 297.59 0.52 5344.61
300.59 426.46 0.53 4689.06
298.21 510.15 0.49 1697.61
402.48 441.66 0.51 6996.37
337.75 520.94 0.48 9724.97
349.26 525.83 0.41 2444.63
241.77 489.76 0.43 3154.35
247.23 827.91 0.43 2424.19
298.87 706.11 0.57 7853.21
353.17 747.44 0.60 5707.80
300.19 672.61 0.54 9383.56
327.30 584.16 0.48 2694.14
348.35 642.04 0.58 7974.75
334.58 882.74 0.43 9586.08
355.12 857.65 0.46 3025.61
331.02 866.44 0.46 5580.87
244.04 903.42 0.43 5414.23
337.38 902.77 0.52 6121.28
347.51 928.05 0.29 1829.24
432.88 124.10 0.54 1023.49
591.61 220.63 0.33 9455.58
486.31 192.18 0.52 7191.91
419.02 75.12 0.58 4570.39
446.65 77.42 0.45 1204.57
513.21 57.06 0.55 5121.04
516.66 266.76 0.47 8417.32
470.07 358.73 0.60 8123.77
519.71 227.96 0.60 6710.92
558.48 267.05 0.48 3928.20
488.51 373.26 0.52 2523.59
467.33 379.17 0.58 8153.08
471.07 467.41 0.44 4262.81
504.67 505.86 0.41 6355.77
416.09 556.87 0.53 5387.85
464.71 494.01 0.39 2788.99
511.76 612.28 0.49 691.58
409.91 520.77 0.54 4696.18
467.13 699.07 0.50 540.10
570.10 615.93 0.47 3725.94
512.94 815.49 0.60 10008.92
530.06 738.88 0.60 1132.10
512.97 768.05 0.48 6809.72
550.26 686.60 0.40 7024.97
468.17 905.80 0.52 3109.19
491.27 855.58 0.48 8797.13
505.21 967.03 0.36 5023.40
509.54 790.99 0.54 5630.05
457.57 949.73 0.51 3886.86
502.97 908.84 0.60 5288.72
704.15 111.52 0.48 2498.32
688.37 116.99 0.58 4852.29
641.59 150.16 0.55 885.27
592.85 150.79 0.51 2110.10
641.63 113.48 0.60 4285.84
790.25 154.79 0.46 7532.69
619.56 296.68 0.56 6193.22
729.91 267.52 0.46 6154.23
748.91 313.55 0.43 1902.69
664.82 318.15 0.38 6805.49
622.65 294.17 0.26 4650.77
644.71 302.19 0.60 486.02
712.91 502.78 0.54 1769.94
620.16 472.28 0.50 6660.09
676.40 463.56 0.52 6641.86
654.09 494.17 0.37 3118.36
696.08 511.79 0.50 1987.86
705.28 430.81 0.47 2094.47
637.81 686.05 0.55 255.79
682.23 675.70 0.46 1384.27
724.40 730.91 0.32 6903.95
715.84 744.18 0.45 3779.05
823.87 717.59 0.40 5769.54
670.99 727.08 0.44 7687.13
678.48 920.27 0.48 7812.38
686.71 857.66 0.50 4303.99
595.89 889.48 0.60 6742.12
703.15 913.94 0.29 4385.93
737.08 920.10 0.34 7336.98
696.57 865.14 0.41 2413.28
856.61 101.27 0.60 763.83
986.18 43.16 0.49 4311.32
844.75 56.31 0.60 333.73
932.06 126.03 0.40 4991.45
856.80 112.21 0.60 3143.11
861.12 30.00 0.42 3859.64
906.40 284.49 0.35 7872.64
861.21 360.90 0.50 1118.78
839.88 339.49 0.60 335.43
921.78 226.04 0.38 5982.06
921.22 256.69 0.56 7436.86
936.25 249.67 0.43 1356.93
970.67 473.20 0.25 3760.99
999.61 477.98 0.47 3595.83
909.75 470.92 0.34 5878.92
877.33 500.48 0.60 8163.85
912.76 406.37 0.36 1820.53
909.53 546.74 0.47 6909.45
890.55 686.95 0.38 2123.32
953.29 781.25 0.51 5531.24
943.42 748.64 0.38 4972.35
949.51 739.32 0.56 7801.74
850.51 642.43 0.57 1451.03
829.43 767.37 0.50 6309.72
863.07 869.45 0.43 2730.98
936.23 868.06 0.48 9296.76
867.04 852.85 0.47 7350.01
833.74 835.79 0.56 358.82
885.32 938.06 0.60 4765.48
915.51 915.46 0.54 317.77
