50.15 180.51 0.54 3364.17
95.34 8.77 0.29 2675.73
104.85 140.53 0.44 5231.69
111.75 249.10 0.48 2169.24
92.77 82.81 0.56 2906.93
87.52 284.58 0.38 8862.01
87.57 275.30 0.59 1197.99
175.29 338.59 0.48 6046.87
92.86 326.51 0.36 3471.86
82.60 224.09 0.47 3926.24
143.54 583.55 0.60 3573.82
128.51 573.82 0.45 1469.99
178.93 515.19 0.56 823.36
96.08 476.18 0.49 7017.91
40.03 520.26 0.29 10745.52
90.13 721.44 0.60 10410.74
57.05 717.73 0.53 10723.64
145.70 694.76 0.51 6375.44
109.86 665.51 0.60 5479.83
135.93 676.58 0.46 7636.24
86.36 795.38 0.47 8369.85
97.53 952.19 0.35 5598.01
124.89 869.21 0.45 2747.45
176.69 917.19 0.44 6031.83
79.15 920.43 0.37 6157.26
332.40 40.62 0.57 3557.42
285.51 167.46 0.51 6555.97
300.03 24.19 0.60 2293.53
342.01 169.35 0.60 1767.25
329.13 53.98 0.59 8195.60
272.90 365.88 0.52 1984.76
220.40 274.29 0.59 8162.85
277.36 328.18 0.51 7714.18
287.92 293.01 0.52 2431.47
299.28 211.54 0.37 3560.05
410.49 461.29 0.45 6556.29
325.47 465.99 0.57 6799.05
294.50 539.73 0.35 9372.86
207.90 503.51 0.46 3592.62
262.62 520.87 0.57 10130.15
233.14 680.16 0.48 4133.37
357.64 596.93 0.50 1057.77
281.29 734.00 0.46 1478.88
372.27 576.13 0.59 4654.34
296.16 737.80 0.54 3400.34
371.45 990.34 0.52 6538.91
346.00 869.60 0.50 4616.39
284.94 925.45 0.46 9857.41
353.19 968.22 0.46 8071.68
313.30 862.74 0.49 4318.05
482.64 149.84 0.26 5696.28
594.42 245.12 0.48 7793.31
465.15 14.88 0.55 195.53
490.22 162.10 0.42 4009.33
489.96 152.52 0.53 4966.34
473.08 222.52 0.57 4562.28
491.16 437.20 0.48 6966.11
548.42 388.39 0.53 5290.09
516.68 240.60 0.45 7290.84
567.41 215.05 0.40 9872.60
493.84 500.07 0.44 6332.34
462.17 467.61 0.58 4933.27
461.21 474.27 0.60 8100.97
469.79 429.54 0.53 9030.16
452.34 438.92 0.40 6423.11
521.98 703.91 0.45 1484.72
418.55 730.60 0.34 2752.20
570.13 683.50 0.47 4222.82
497.16 799.51 0.60 8434.95
470.70 595.87 0.33 2111.14
436.28 842.97 0.44 757.69
552.11 931.97 0.45 8265.20
472.54 904.82 0.39 7261.45
447.90 864.47 0.38 2758.91
495.75 888.16 0.52 5566.11
661.77 127.74 0.60 7991.71
768.53 85.54 0.46 7469.37
672.45 70.05 0.24 1749.57
747.60 44.27 0.60 5786.81
743.68 99.40 0.59 5746.90
671.21 290.64 0.54 6945.52
703.64 281.08 0.57 7657.57
571.14 362.41 0.42 6650.57
661.56 331.28 0.47 4291.35
728.37 349.18 0.50 609.15
686.07 521.11 0.56 7371.25
820.40 445.87 0.60 5929.37
673.26 470.11 0.42 4227.92
638.34 482.09 0.60 404.58
709.47 481.59 0.49 4440.44
756.16 720.98 0.44 62.51
720.28 752.14 0.56 2601.16
770.71 656.09 0.55 8316.17
757.14 490.28 0.35 9121.67
720.28 628.98 0.60 4700.47
612.19 889.03 0.53 5878.27
723.33 802.01 0.43 4346.59
707.43 910.48 0.52 1500.05
686.03 817.06 0.50 7386.01
675.58 877.87 0.42 5284.85
962.64 62.32 0.42 325.83
907.34 88.62 0.40 7246.55
901.17 61.27 0.35 241.10
836.73 95.83 0.60 6838.00
921.57 16.47 0.42 6565.40
883.75 278.12 0.39 1379.08
902.53 304.29 0.60 3360.65
887.92 306.56 0.60 1486.42
802.77 394.17 0.43 9778.98
919.21 282.70 0.59 3127.24
871.31 462.78 0.42 5174.03
885.78 537.32 0.45 750.39
853.28 467.58 0.60 502.91
960.81 443.37 0.32 8403.25
940.57 574.09 0.53 2492.71
848.53 727.45 0.52 7351.87
825.86 730.46 0.46 8752.15
872.58 663.99 0.43 3555.01
909.98 766.15 0.48 2827.24
909.26 742.58 0.55 7265.83
738.25 906.95 0.50 8638.02
929.19 843.25 0.50 9120.85
882.19 901.04 0.60 5943.57
980.49 869.54 0.60 10347.44
900.72 880.98 0.52 860.40
