102.53 106.49 0.60 5074.36
121.40 111.69 0.44 1060.87
5.11 131.16 0.51 7429.77
173.17 141.38 0.57 4324.09
115.40 81.70 0.60 3202.88
87.97 101.81 0.60 1086.97
42.38 120.82 0.60 2806.02
124.03 304.13 0.59 -586.70
266.83 353.56 0.52 679.58
16.44 373.78 0.43 5706.91
118.73 314.69 0.52 6231.33
124.59 367.66 0.34 798.61
128.28 257.05 0.60 1889.92
79.02 375.12 0.37 4723.70
103.10 505.78 0.49 6120.64
153.54 481.05 0.44 374.96
71.18 556.69 0.60 4347.68
69.74 525.39 0.54 925.11
144.63 505.36 0.47 3635.63
61.05 466.96 0.60 66.44
100.52 428.47 0.48 375.61
132.24 672.21 0.48 1104.34
105.04 641.54 0.56 4597.67
77.02 664.22 0.50 2228.91
26.05 752.87 0.41 2739.51
54.98 734.40 0.54 3449.02
48.54 677.40 0.46 -419.00
133.81 616.40 0.60 4745.56
94.85 891.92 0.41 5694.66
21.72 900.65 0.58 6606.93
174.16 926.71 0.60 4738.51
47.03 870.03 0.58 5901.76
167.12 801.41 0.60 10774.42
65.02 989.58 0.46 2973.76
96.01 950.77 0.53 3436.84
328.92 36.89 0.60 940.67
301.44 115.69 0.48 3000.54
374.53 198.16 0.31 7051.02
409.00 135.37 0.49 2328.99
390.39 124.65 0.55 2900.23
358.24 146.03 0.60 1015.79
354.69 107.95 0.49 6274.27
351.83 184.66 0.41 6025.00
244.74 339.87 0.46 5602.76
294.05 309.79 0.47 5808.54
315.97 383.43 0.55 9621.93
267.86 209.57 0.45 617.05
273.13 276.22 0.60 1318.74
331.85 227.33 0.47 6385.58
252.80 533.24 0.42 7132.90
332.88 570.80 0.60 3993.14
285.99 528.87 0.24 3973.34
305.97 518.23 0.50 3215.13
410.64 499.47 0.59 1206.44
234.09 511.57 0.60 2125.84
299.98 429.12 0.49 1566.00
328.72 658.88 0.56 -954.01
310.25 672.14 0.44 4783.58
318.68 758.04 0.42 7218.03
324.61 754.66 0.54 3567.35
354.31 764.09 0.45 5148.89
311.05 673.52 0.39 453.45
314.54 828.40 0.44 4959.88
355.40 924.51 0.45 7364.04
293.52 913.53 0.53 504.67
317.03 909.87 0.60 903.86
309.47 901.54 0.43 4262.84
403.24 809.47 0.54 -483.61
289.58 903.98 0.53 4695.60
363.76 895.98 0.41 3557.92
419.94 104.98 0.45 469.66
504.15 26.92 0.57 890.22
543.38 165.89 0.43 6764.86
449.98 62.65 0.60 6967.92
459.13 249.73 0.37 3982.77
456.90 91.03 0.60 2511.51
502.56 89.64 0.46 853.22
429.65 355.41 0.54 3108.51
487.74 291.65 0.60 5585.82
479.29 284.15 0.55 5197.32
545.56 422.86 0.40 464.32
458.67 348.75 0.44 2791.00
522.60 280.69 0.52 2532.90
545.51 372.48 0.52 7948.53
532.24 560.59 0.30 3260.49
414.90 483.72 0.58 1849.27
475.15 441.90 0.57 1297.21
448.77 446.65 0.39 3357.65
469.85 470.10 0.58 292.19
585.55 486.66 0.49 9985.37
523.58 422.82 0.57 4533.51
391.57 658.01 0.31 883.23
500.83 675.26 0.53 4344.43
516.23 692.54 0.47 3407.68
487.03 724.95 0.55 5911.21
594.60 633.21 0.60 7322.18
502.30 800.33 0.51 9356.32
480.50 705.76 0.35 1842.21
425.38 944.85 0.59 3754.16
440.17 916.58 0.60 1732.87
532.90 952.03 0.60 721.70
523.92 874.71 0.34 3897.30
558.05 964.53 0.50 1322.43
499.84 909.65 0.43 6444.39
462.16 925.94 0.41 2663.49
620.98 6.63 0.60 241.80
681.91 138.41 0.49 3251.91
689.97 98.02 0.52 7022.26
597.58 168.35 0.56 968.18
674.98 43.99 0.51 7381.08
742.44 93.55 0.50 367.52
654.25 38.51 0.32 3250.71
720.31 265.99 0.58 457.82
676.65 309.30 0.43 -140.57
721.72 333.63 0.45 4195.31
641.16 298.16 0.44 7189.77
747.43 287.04 0.59 4925.34
737.08 274.72 0.49 1248.09
757.85 302.96 0.60 4195.57
709.91 492.65 0.37 1755.92
723.00 453.63 0.56 4725.52
608.06 497.76 0.42 822.16
646.93 464.50 0.32 2372.70
721.76 496.77 0.49 5490.20
736.67 492.73 0.60 3185.66
643.43 428.80 0.60 4057.28
702.13 663.76 0.59 3741.61
692.34 654.56 0.50 8192.48
754.56 669.54 0.42 4485.13
693.61 753.39 0.45 4278.67
620.58 744.57 0.60 5131.13
790.36 696.40 0.39 3052.22
754.30 756.10 0.46 -155.66
678.06 898.96 0.56 6652.42
673.63 946.14 0.53 4099.23
734.49 984.07 0.50 -523.25
745.93 840.82 0.40 4937.91
688.07 886.39 0.42 7185.09
774.62 954.69 0.60 1990.25
701.37 905.81 0.60 756.44
999.00 130.85 0.53 2286.19
862.04 130.13 0.60 3733.62
912.41 122.57 0.39 3968.06
948.75 64.63 0.42 425.67
848.89 227.88 0.40 1102.68
918.39 51.93 0.60 4097.79
911.50 61.07 0.60 528.36
878.35 296.98 0.60 4754.44
904.61 298.71 0.58 1935.54
930.92 259.36 0.33 3289.99
889.93 231.35 0.52 1402.18
932.68 285.82 0.60 4134.05
827.17 260.99 0.46 4358.58
821.19 241.93 0.47 4163.82
898.55 484.53 0.40 946.54
842.31 498.86 0.45 7170.45
864.89 519.81 0.51 5412.11
861.70 462.85 0.50 6296.54
880.48 479.90 0.49 1467.29
859.22 421.46 0.37 590.16
899.45 498.66 0.46 4762.35
892.82 688.81 0.60 1807.54
953.86 688.76 0.51 5379.06
887.03 692.40 0.53 2236.76
889.14 682.98 0.48 7858.20
926.76 738.81 0.42 5993.29
927.40 710.15 0.49 6059.35
844.85 781.97 0.28 1792.68
872.52 764.12 0.60 5098.02
893.99 765.48 0.54 8277.93
897.06 850.87 0.58 2401.74
817.46 892.75 0.55 2737.96
943.05 930.44 0.49 5419.85
889.52 892.12 0.55 2915.71
903.01 939.49 0.60 161.49
