766.11 579.96 2336.50 0.27 
559.43 581.93 1374.74 0.33 
629.45 629.48 2015.16 0.45 
674.14 541.03 1981.84 0.42 
542.97 547.03 1683.28 0.38 
660.83 603.57 771.34 0.43 
607.84 625.25 1911.16 0.41 
621.64 582.60 755.27 0.44 
557.82 666.16 1070.28 0.32 
540.63 559.50 1871.05 0.37 
675.75 592.34 1843.94 0.32 
546.99 595.75 577.40 0.24 
604.49 615.70 1272.67 0.42 
767.60 644.62 2095.71 0.26 
658.54 592.84 1531.85 0.47 
660.10 675.31 942.87 0.32 
548.80 691.99 860.38 0.51 
599.76 656.29 1034.82 0.32 
593.75 657.79 677.91 0.51 
598.81 555.24 915.18 0.49 
652.41 631.19 640.36 0.47 
587.89 689.35 1414.75 0.49 
563.00 556.02 1434.33 0.63 
764.59 809.45 1574.22 0.40 
601.28 541.49 1303.74 0.43 
661.65 667.60 1426.04 0.35 
602.22 555.22 1481.33 0.36 
588.00 642.41 1016.32 0.60 
634.79 544.55 1085.21 0.33 
599.31 694.48 2528.38 0.31 
670.87 602.97 1746.77 0.50 
8 6 31 21 3 19 28 12 20 27 29 25 23 5 2 9 17 22 18 13 15 7 16 26 24 11 4 10 14 30 1 
Fitness: 1.77


Mean: 1.70

Standard deviation: 0.00
8 6 31 21 3 19 28 12 20 27 29 25 23 5 2 9 17 22 18 13 15 7 16 26 24 11 4 10 14 30 1 
Fitness: 1.77


Mean: 1.70

Standard deviation: 0.00
8 6 31 21 3 19 28 12 20 27 29 25 23 5 2 9 17 22 18 13 15 7 16 26 24 11 4 10 14 30 1 
Fitness: 1.77


Mean: 1.70

Standard deviation: 0.00
8 6 31 21 3 19 28 12 20 27 29 25 23 5 2 9 17 22 18 13 15 7 16 26 24 11 4 10 14 30 1 
Fitness: 1.77


Mean: 1.70

Standard deviation: 0.00
8 6 31 21 3 19 28 12 20 27 29 25 23 5 2 9 17 22 18 13 15 7 16 26 24 11 4 10 14 30 1 
Fitness: 1.77


Mean: 1.70

Standard deviation: 0.00
8 6 31 21 3 19 28 12 20 27 29 25 23 5 2 9 17 22 18 13 15 7 16 26 24 11 4 10 14 30 1 
Fitness: 1.77


Mean: 1.70

Standard deviation: 0.00
8 6 31 21 3 19 28 12 20 27 29 25 23 5 2 9 17 22 18 13 15 7 16 26 24 11 4 10 14 30 1 
Fitness: 1.77


Mean: 1.70

Standard deviation: 0.00
8 6 31 21 3 19 28 12 20 27 29 25 23 5 2 9 17 22 18 13 15 7 16 26 24 11 4 10 14 30 1 
Fitness: 1.77


Mean: 1.70

Standard deviation: 0.00
8 6 31 21 3 19 28 12 20 27 29 25 23 5 2 9 17 22 18 13 15 7 16 26 24 11 4 10 14 30 1 
Fitness: 1.77


Mean: 1.70

Standard deviation: 0.00
8 6 31 21 3 19 28 12 20 27 29 25 23 5 2 9 17 22 18 13 15 7 16 26 24 11 4 10 14 30 1 
Fitness: 1.77


Mean: 1.70

Standard deviation: 0.00
8 6 31 21 3 19 28 12 20 27 29 25 23 5 2 9 17 22 18 13 15 7 16 26 24 11 4 10 14 30 1 
Fitness: 1.77


Mean: 1.70

Standard deviation: 0.00
8 6 31 21 3 19 28 12 20 27 29 25 23 5 2 9 17 22 18 13 15 7 16 26 24 11 4 10 14 30 1 
Fitness: 1.77


Mean: 1.70

Standard deviation: 0.00
8 6 31 21 3 19 28 12 20 27 29 25 23 5 2 9 17 22 18 13 15 7 16 26 24 11 4 10 14 30 1 
Fitness: 1.77


Mean: 1.70

Standard deviation: 0.00
8 6 31 21 3 19 28 12 20 27 29 25 23 5 2 9 17 22 18 13 15 7 16 26 24 11 4 10 14 30 1 
Fitness: 1.77


Mean: 1.70

Standard deviation: 0.00
8 6 31 21 3 19 28 12 20 27 29 25 23 5 2 9 17 22 18 13 15 7 16 26 24 11 4 10 14 30 1 
Fitness: 1.77


Mean: 1.70

Standard deviation: 0.00
8 6 31 21 3 19 28 12 20 27 29 25 23 5 2 9 17 22 18 13 15 7 16 26 24 11 4 10 14 30 1 
Fitness: 1.77


Mean: 1.70

Standard deviation: 0.00
8 6 31 21 3 19 28 12 20 27 29 25 23 5 2 9 17 22 18 13 15 7 16 26 24 11 4 10 14 30 1 
Fitness: 1.77


Mean: 1.70

Standard deviation: 0.00
8 6 31 21 3 19 28 12 20 27 29 25 23 5 2 9 17 22 18 13 15 7 16 26 24 11 4 10 14 30 1 
Fitness: 1.77


Mean: 1.70

Standard deviation: 0.00
8 6 31 21 3 19 28 12 20 27 29 25 23 5 2 9 17 22 18 13 15 7 16 26 24 11 4 10 14 30 1 
Fitness: 1.77


Mean: 1.70

Standard deviation: 0.00
8 6 31 21 3 19 28 12 20 27 29 25 23 5 2 9 17 22 18 13 15 7 16 26 24 11 4 10 14 30 1 
Fitness: 1.77


Mean: 1.70

Standard deviation: 0.00
8 6 31 21 3 19 28 12 20 27 29 25 23 5 2 9 17 22 18 13 15 7 16 26 24 11 4 10 14 30 1 
Fitness: 1.77


Mean: 1.70

Standard deviation: 0.00
8 6 31 21 3 19 28 12 20 27 29 25 23 5 2 9 17 22 18 13 15 7 16 26 24 11 4 10 14 30 1 
Fitness: 1.77


Mean: 1.70

Standard deviation: 0.00
8 6 31 21 3 19 28 12 20 27 29 25 23 5 2 9 17 22 18 13 15 7 16 26 24 11 4 10 14 30 1 
Fitness: 1.77


Mean: 1.70

Standard deviation: 0.00
8 6 31 21 3 19 28 12 20 27 29 25 23 5 2 9 17 22 18 13 15 7 16 26 24 11 4 10 14 30 1 
Fitness: 1.77


Mean: 1.70

Standard deviation: 0.00
8 6 31 21 3 19 28 12 20 27 29 25 23 5 2 9 17 22 18 13 15 7 16 26 24 11 4 10 14 30 1 
Fitness: 1.77


Mean: 1.70

Standard deviation: 0.00
8 6 31 21 3 19 28 12 20 27 29 25 23 5 2 9 17 22 18 13 15 7 16 26 24 11 4 10 14 30 1 
Fitness: 1.77


Mean: 1.70

Standard deviation: 0.00
8 6 31 21 3 19 28 12 20 27 29 25 23 5 2 9 17 22 18 13 15 7 16 26 24 11 4 10 14 30 1 
Fitness: 1.77


Mean: 1.70

Standard deviation: 0.00
8 6 31 21 3 19 28 12 20 27 29 25 23 5 2 9 17 22 18 13 15 7 16 26 24 11 4 10 14 30 1 
Fitness: 1.77


Mean: 1.70

Standard deviation: 0.00
8 6 31 21 3 19 28 12 20 27 29 25 23 5 2 9 17 22 18 13 15 7 16 26 24 11 4 10 14 30 1 
Fitness: 1.77


Mean: 1.70

Standard deviation: 0.00
8 6 31 21 3 19 28 12 20 27 29 25 23 5 2 9 17 22 18 13 15 7 16 26 24 11 4 10 14 30 1 
Fitness: 1.77


Mean: 1.70

Standard deviation: 0.00
8 6 31 21 3 19 28 12 20 27 29 25 23 5 2 9 17 22 18 13 15 7 16 26 24 11 4 10 14 30 1 
Fitness: 1.77


Mean: 1.70

Standard deviation: 0.00
8 6 31 21 3 19 28 12 20 27 29 25 23 5 2 9 17 22 18 13 15 7 16 26 24 11 4 10 14 30 1 
Fitness: 1.77


Mean: 1.70

Standard deviation: 0.00
8 6 31 21 3 19 28 12 20 27 29 25 23 5 2 9 17 22 18 13 15 7 16 26 24 11 4 10 14 30 1 
Fitness: 1.77


Mean: 1.70

Standard deviation: 0.00
8 6 31 21 3 19 28 12 20 27 29 25 23 5 2 9 17 22 18 13 15 7 16 26 24 11 4 10 14 30 1 
Fitness: 1.77


Mean: 1.70

Standard deviation: 0.00
8 6 31 21 3 19 28 12 20 27 29 25 23 5 2 9 17 22 18 13 15 7 16 26 24 11 4 10 14 30 1 
Fitness: 1.77


Mean: 1.70

Standard deviation: 0.00
8 6 31 21 3 19 28 12 20 27 29 25 23 5 2 9 17 22 18 13 15 7 16 26 24 11 4 10 14 30 1 
Fitness: 1.77


Mean: 1.70

Standard deviation: 0.00
8 6 31 21 3 19 28 12 20 27 29 25 23 5 2 9 17 22 18 13 15 7 16 26 24 11 4 10 14 30 1 
Fitness: 1.77


Mean: 1.70

Standard deviation: 0.00
8 6 31 21 3 19 28 12 20 27 29 25 23 5 2 9 17 22 18 13 15 7 16 26 24 11 4 10 14 30 1 
Fitness: 1.77


Mean: 1.70

Standard deviation: 0.00
8 6 31 21 3 19 28 12 20 27 29 25 23 5 2 9 17 22 18 13 15 7 16 26 24 11 4 10 14 30 1 
Fitness: 1.77


Mean: 1.70

Standard deviation: 0.00
8 6 31 21 3 19 28 12 20 27 29 25 23 5 2 9 17 22 18 13 15 7 16 26 24 11 4 10 14 30 1 
Fitness: 1.77


Mean: 1.70

Standard deviation: 0.00
8 6 31 21 3 19 28 12 20 27 29 25 23 5 2 9 17 22 18 13 15 7 16 26 24 11 4 10 14 30 1 
Fitness: 1.77


Mean: 1.70

Standard deviation: 0.00
8 6 31 21 3 19 28 12 20 27 29 25 23 5 2 9 17 22 18 13 15 7 16 26 24 11 4 10 14 30 1 
Fitness: 1.77


Mean: 1.70

Standard deviation: 0.00
8 6 31 21 3 19 28 12 20 27 29 25 23 5 2 9 17 22 18 13 15 7 16 26 24 11 4 10 14 30 1 
Fitness: 1.77


Mean: 1.70

Standard deviation: 0.00
8 6 31 21 3 19 28 12 20 27 29 25 23 5 2 9 17 22 18 13 15 7 16 26 24 11 4 10 14 30 1 
Fitness: 1.77


Mean: 1.70

Standard deviation: 0.00
8 6 31 21 3 19 28 12 20 27 29 25 23 5 2 9 17 22 18 13 15 7 16 26 24 11 4 10 14 30 1 
Fitness: 1.77


Mean: 1.70

Standard deviation: 0.00
8 6 31 21 3 19 28 12 20 27 29 25 23 5 2 9 17 22 18 13 15 7 16 26 24 11 4 10 14 30 1 
Fitness: 1.77


Mean: 1.70

Standard deviation: 0.00
8 6 31 21 3 19 28 12 20 27 29 25 23 5 2 9 17 22 18 13 15 7 16 26 24 11 4 10 14 30 1 
Fitness: 1.77


Mean: 1.70

Standard deviation: 0.00
8 6 31 21 3 19 28 12 20 27 29 25 23 5 2 9 17 22 18 13 15 7 16 26 24 11 4 10 14 30 1 
Fitness: 1.77


Mean: 1.70

Standard deviation: 0.00
8 6 31 21 3 19 28 12 20 27 29 25 23 5 2 9 17 22 18 13 15 7 16 26 24 11 4 10 14 30 1 
Fitness: 1.77


Mean: 1.70

Standard deviation: 0.00
8 6 31 21 3 19 28 12 20 27 29 25 23 5 2 9 17 22 18 13 15 7 16 26 24 11 4 10 14 30 1 
Fitness: 1.77


Mean: 1.70

Standard deviation: 0.00
8 6 31 21 3 19 28 12 20 27 29 25 23 5 2 9 17 22 18 13 15 7 16 26 24 11 4 10 14 30 1 
Fitness: 1.77


Mean: 1.70

Standard deviation: 0.00
8 6 31 21 3 19 28 12 20 27 29 25 23 5 2 9 17 22 18 13 15 7 16 26 24 11 4 10 14 30 1 
Fitness: 1.77


Mean: 1.70

Standard deviation: 0.00
8 6 31 21 3 19 28 12 20 27 29 25 23 5 2 9 17 22 18 13 15 7 16 26 24 11 4 10 14 30 1 
Fitness: 1.77


Mean: 1.70

Standard deviation: 0.00
8 6 31 21 3 19 28 12 20 27 29 25 23 5 2 9 17 22 18 13 15 7 16 26 24 11 4 10 14 30 1 
Fitness: 1.77


Mean: 1.70

Standard deviation: 0.00
8 6 31 21 3 19 28 12 20 27 29 25 23 5 2 9 17 22 18 13 15 7 16 26 24 11 4 10 14 30 1 
Fitness: 1.77


Mean: 1.70

Standard deviation: 0.00
8 6 31 21 3 19 28 12 20 27 29 25 23 5 2 9 17 22 18 13 15 7 16 26 24 11 4 10 14 30 1 
Fitness: 1.77


Mean: 1.70

Standard deviation: 0.00
8 6 31 21 3 19 28 12 20 27 29 25 23 5 2 9 17 22 18 13 15 7 16 26 24 11 4 10 14 30 1 
Fitness: 1.77


Mean: 1.70

Standard deviation: 0.00
8 6 31 21 3 19 28 12 20 27 29 25 23 5 2 9 17 22 18 13 15 7 16 26 24 11 4 10 14 30 1 
Fitness: 1.77


Mean: 1.70

Standard deviation: 0.00
8 6 31 21 3 19 28 12 20 27 29 25 23 5 2 9 17 22 18 13 15 7 16 26 24 11 4 10 14 30 1 
Fitness: 1.77


Mean: 1.70

Standard deviation: 0.00
8 6 31 21 3 19 28 12 20 27 29 25 23 5 2 9 17 22 18 13 15 7 16 26 24 11 4 10 14 30 1 
Fitness: 1.77


Mean: 1.70

Standard deviation: 0.00
8 6 31 21 3 19 28 12 20 27 29 25 23 5 2 9 17 22 18 13 15 7 16 26 24 11 4 10 14 30 1 
Fitness: 1.77


Mean: 1.70

Standard deviation: 0.00
8 6 31 21 3 19 28 12 20 27 29 25 23 5 2 9 17 22 18 13 15 7 16 26 24 11 4 10 14 30 1 
Fitness: 1.77


Mean: 1.70

Standard deviation: 0.00
8 6 31 21 3 19 28 12 20 27 29 25 23 5 2 9 17 22 18 13 15 7 16 26 24 11 4 10 14 30 1 
Fitness: 1.77


Mean: 1.70

Standard deviation: 0.00
8 6 31 21 3 19 28 12 20 27 29 25 23 5 2 9 17 22 18 13 15 7 16 26 24 11 4 10 14 30 1 
Fitness: 1.77


Mean: 1.70

Standard deviation: 0.00
8 6 31 21 3 19 28 12 20 27 29 25 23 5 2 9 17 22 18 13 15 7 16 26 24 11 4 10 14 30 1 
Fitness: 1.77


Mean: 1.70

Standard deviation: 0.00
8 6 31 21 3 19 28 12 20 27 29 25 23 5 2 9 17 22 18 13 15 7 16 26 24 11 4 10 14 30 1 
Fitness: 1.77


Mean: 1.70

Standard deviation: 0.00
8 6 31 21 3 19 28 12 20 27 29 25 23 5 2 9 17 22 18 13 15 7 16 26 24 11 4 10 14 30 1 
Fitness: 1.77


Mean: 1.70

Standard deviation: 0.00
8 6 31 21 3 19 28 12 20 27 29 25 23 5 2 9 17 22 18 13 15 7 16 26 24 11 4 10 14 30 1 
Fitness: 1.77


Mean: 1.70

Standard deviation: 0.00
8 6 31 21 3 19 28 12 20 27 29 25 23 5 2 9 17 22 18 13 15 7 16 26 24 11 4 10 14 30 1 
Fitness: 1.77


Mean: 1.70

Standard deviation: 0.00
8 6 31 21 3 19 28 12 20 27 29 25 23 5 2 9 17 22 18 13 15 7 16 26 24 11 4 10 14 30 1 
Fitness: 1.77


Mean: 1.70

Standard deviation: 0.00
8 6 31 21 3 19 28 12 20 27 29 25 23 5 2 9 17 22 18 13 15 7 16 26 24 11 4 10 14 30 1 
Fitness: 1.77


Mean: 1.70

Standard deviation: 0.00
8 6 31 21 3 19 28 12 20 27 29 25 23 5 2 9 17 22 18 13 15 7 16 26 24 11 4 10 14 30 1 
Fitness: 1.77


Mean: 1.70

Standard deviation: 0.00
8 6 31 21 3 19 28 12 20 27 29 25 23 5 2 9 17 22 18 13 15 7 16 26 24 11 4 10 14 30 1 
Fitness: 1.77


Mean: 1.70

Standard deviation: 0.00
8 6 31 21 3 19 28 12 20 27 29 25 23 5 2 9 17 22 18 13 15 7 16 26 24 11 4 10 14 30 1 
Fitness: 1.77


Mean: 1.70

Standard deviation: 0.00
8 6 31 21 3 19 28 12 20 27 29 25 23 5 2 9 17 22 18 13 15 7 16 26 24 11 4 10 14 30 1 
Fitness: 1.77


Mean: 1.70

Standard deviation: 0.00
8 6 31 21 3 19 28 12 20 27 29 25 23 5 2 9 17 22 18 13 15 7 16 26 24 11 4 10 14 30 1 
Fitness: 1.77


Mean: 1.70

Standard deviation: 0.00
8 6 31 21 3 19 28 12 20 27 29 25 23 5 2 9 17 22 18 13 15 7 16 26 24 11 4 10 14 30 1 
Fitness: 1.77


Mean: 1.70

Standard deviation: 0.00
8 6 31 21 3 19 28 12 20 27 29 25 23 5 2 9 17 22 18 13 15 7 16 26 24 11 4 10 14 30 1 
Fitness: 1.77


Mean: 1.70

Standard deviation: 0.00
8 6 31 21 3 19 28 12 20 27 29 25 23 5 2 9 17 22 18 13 15 7 16 26 24 11 4 10 14 30 1 
Fitness: 1.77


Mean: 1.70

Standard deviation: 0.00
8 6 31 21 3 19 28 12 20 27 29 25 23 5 2 9 17 22 18 13 15 7 16 26 24 11 4 10 14 30 1 
Fitness: 1.77


Mean: 1.70

Standard deviation: 0.00
8 6 31 21 3 19 28 12 20 27 29 25 23 5 2 9 17 22 18 13 15 7 16 26 24 11 4 10 14 30 1 
Fitness: 1.77


Mean: 1.70

Standard deviation: 0.00
8 6 31 21 3 19 28 12 20 27 29 25 23 5 2 9 17 22 18 13 15 7 16 26 24 11 4 10 14 30 1 
Fitness: 1.77


Mean: 1.70

Standard deviation: 0.00
8 6 31 21 3 19 28 12 20 27 29 25 23 5 2 9 17 22 18 13 15 7 16 26 24 11 4 10 14 30 1 
Fitness: 1.77


Mean: 1.70

Standard deviation: 0.00
8 6 31 21 3 19 28 12 20 27 29 25 23 5 2 9 17 22 18 13 15 7 16 26 24 11 4 10 14 30 1 
Fitness: 1.77


Mean: 1.70

Standard deviation: 0.00
8 6 31 21 3 19 28 12 20 27 29 25 23 5 2 9 17 22 18 13 15 7 16 26 24 11 4 10 14 30 1 
Fitness: 1.77


Mean: 1.70

Standard deviation: 0.00
8 6 31 21 3 19 28 12 20 27 29 25 23 5 2 9 17 22 18 13 15 7 16 26 24 11 4 10 14 30 1 
Fitness: 1.77


Mean: 1.70

Standard deviation: 0.00
8 6 31 21 3 19 28 12 20 27 29 25 23 5 2 9 17 22 18 13 15 7 16 26 24 11 4 10 14 30 1 
Fitness: 1.77


Mean: 1.70

Standard deviation: 0.00
8 6 31 21 3 19 28 12 20 27 29 25 23 5 2 9 17 22 18 13 15 7 16 26 24 11 4 10 14 30 1 
Fitness: 1.77


Mean: 1.70

Standard deviation: 0.00
8 6 31 21 3 19 28 12 20 27 29 25 23 5 2 9 17 22 18 13 15 7 16 26 24 11 4 10 14 30 1 
Fitness: 1.77


Mean: 1.70

Standard deviation: 0.00
8 6 31 21 3 19 28 12 20 27 29 25 23 5 2 9 17 22 18 13 15 7 16 26 24 11 4 10 14 30 1 
Fitness: 1.77


Mean: 1.70

Standard deviation: 0.00
8 6 31 21 3 19 28 12 20 27 29 25 23 5 2 9 17 22 18 13 15 7 16 26 24 11 4 10 14 30 1 
Fitness: 1.77


Mean: 1.70

Standard deviation: 0.00
8 6 31 21 3 19 28 12 20 27 29 25 23 5 2 9 17 22 18 13 15 7 16 26 24 11 4 10 14 30 1 
Fitness: 1.77


Mean: 1.70

Standard deviation: 0.00
8 6 31 21 3 19 28 12 20 27 29 25 23 5 2 9 17 22 18 13 15 7 16 26 24 11 4 10 14 30 1 
Fitness: 1.77


Mean: 1.70

Standard deviation: 0.00
8 6 31 21 3 19 28 12 20 27 29 25 23 5 2 9 17 22 18 13 15 7 16 26 24 11 4 10 14 30 1 
Fitness: 1.77


Mean: 1.70

Standard deviation: 0.00
8 6 31 21 3 19 28 12 20 27 29 25 23 5 2 9 17 22 18 13 15 7 16 26 24 11 4 10 14 30 1 
Fitness: 1.77


Mean: 1.70

Standard deviation: 0.00
8 6 31 21 3 19 28 12 20 27 29 25 23 5 2 9 17 22 18 13 15 7 16 26 24 11 4 10 14 30 1 
Fitness: 1.77


Mean: 1.70

Standard deviation: 0.00
8 6 31 21 3 19 28 12 20 27 29 25 23 5 2 9 17 22 18 13 15 7 16 26 24 11 4 10 14 30 1 
Fitness: 1.77


Mean: 1.70

Standard deviation: 0.00
8 6 31 21 3 19 28 12 20 27 29 25 23 5 2 9 17 22 18 13 15 7 16 26 24 11 4 10 14 30 1 
Fitness: 1.77


Mean: 1.70

Standard deviation: 0.00
8 6 31 21 3 19 28 12 20 27 29 25 23 5 2 9 17 22 18 13 15 7 16 26 24 11 4 10 14 30 1 
Fitness: 1.77


Mean: 1.70

Standard deviation: 0.00
8 6 31 21 3 19 28 12 20 27 29 25 23 5 2 9 17 22 18 13 15 7 16 26 24 11 4 10 14 30 1 
Fitness: 1.77


Mean: 1.70

Standard deviation: 0.00
8 6 31 21 3 19 28 12 20 27 29 25 23 5 2 9 17 22 18 13 15 7 16 26 24 11 4 10 14 30 1 
Fitness: 1.77


Mean: 1.70

Standard deviation: 0.00
8 6 31 21 3 19 28 12 20 27 29 25 23 5 2 9 17 22 18 13 15 7 16 26 24 11 4 10 14 30 1 
Fitness: 1.77


Mean: 1.70

Standard deviation: 0.00
8 6 31 21 3 19 28 12 20 27 29 25 23 5 2 9 17 22 18 13 15 7 16 26 24 11 4 10 14 30 1 
Fitness: 1.77


Mean: 1.70

Standard deviation: 0.00
8 6 31 21 3 19 28 12 20 27 29 25 23 5 2 9 17 22 18 13 15 7 16 26 24 11 4 10 14 30 1 
Fitness: 1.77


Mean: 1.70

Standard deviation: 0.00
8 6 31 21 3 19 28 12 20 27 29 25 23 5 2 9 17 22 18 13 15 7 16 26 24 11 4 10 14 30 1 
Fitness: 1.77


Mean: 1.70

Standard deviation: 0.00
8 6 31 21 3 19 28 12 20 27 29 25 23 5 2 9 17 22 18 13 15 7 16 26 24 11 4 10 14 30 1 
Fitness: 1.77


Mean: 1.70

Standard deviation: 0.00
8 6 31 21 3 19 28 12 20 27 29 25 23 5 2 9 17 22 18 13 15 7 16 26 24 11 4 10 14 30 1 
Fitness: 1.77


Mean: 1.70

Standard deviation: 0.00
8 6 31 21 3 19 28 12 20 27 29 25 23 5 2 9 17 22 18 13 15 7 16 26 24 11 4 10 14 30 1 
Fitness: 1.77


Mean: 1.70

Standard deviation: 0.00
8 6 31 21 3 19 28 12 20 27 29 25 23 5 2 9 17 22 18 13 15 7 16 26 24 11 4 10 14 30 1 
Fitness: 1.77


Mean: 1.70

Standard deviation: 0.00
8 6 31 21 3 19 28 12 20 27 29 25 23 5 2 9 17 22 18 13 15 7 16 26 24 11 4 10 14 30 1 
Fitness: 1.77


Mean: 1.70

Standard deviation: 0.00
8 6 31 21 3 19 28 12 20 27 29 25 23 5 2 9 17 22 18 13 15 7 16 26 24 11 4 10 14 30 1 
Fitness: 1.77


Mean: 1.70

Standard deviation: 0.00
8 6 31 21 3 19 28 12 20 27 29 25 23 5 2 9 17 22 18 13 15 7 16 26 24 11 4 10 14 30 1 
Fitness: 1.77


Mean: 1.70

Standard deviation: 0.00
8 6 31 21 3 19 28 12 20 27 29 25 23 5 2 9 17 22 18 13 15 7 16 26 24 11 4 10 14 30 1 
Fitness: 1.77


Mean: 1.70

Standard deviation: 0.00
8 6 31 21 3 19 28 12 20 27 29 25 23 5 2 9 17 22 18 13 15 7 16 26 24 11 4 10 14 30 1 
Fitness: 1.77


Mean: 1.70

Standard deviation: 0.00
8 6 31 21 3 19 28 12 20 27 29 25 23 5 2 9 17 22 18 13 15 7 16 26 24 11 4 10 14 30 1 
Fitness: 1.77


Mean: 1.70

Standard deviation: 0.00
8 6 31 21 3 19 28 12 20 27 29 25 23 5 2 9 17 22 18 13 15 7 16 26 24 11 4 10 14 30 1 
Fitness: 1.77


Mean: 1.70

Standard deviation: 0.00
8 6 31 21 3 19 28 12 20 27 29 25 23 5 2 9 17 22 18 13 15 7 16 26 24 11 4 10 14 30 1 
Fitness: 1.77


Mean: 1.70

Standard deviation: 0.00
8 6 31 21 3 19 28 12 20 27 29 25 23 5 2 9 17 22 18 13 15 7 16 26 24 11 4 10 14 30 1 
Fitness: 1.77


Mean: 1.70

Standard deviation: 0.00
8 6 31 21 3 19 28 12 20 27 29 25 23 5 2 9 17 22 18 13 15 7 16 26 24 11 4 10 14 30 1 
Fitness: 1.77


Mean: 1.70

Standard deviation: 0.00
8 6 31 21 3 19 28 12 20 27 29 25 23 5 2 9 17 22 18 13 15 7 16 26 24 11 4 10 14 30 1 
Fitness: 1.77


Mean: 1.70

Standard deviation: 0.00
8 6 31 21 3 19 28 12 20 27 29 25 23 5 2 9 17 22 18 13 15 7 16 26 24 11 4 10 14 30 1 
Fitness: 1.77


Mean: 1.70

Standard deviation: 0.00
8 6 31 21 3 19 28 12 20 27 29 25 23 5 2 9 17 22 18 13 15 7 16 26 24 11 4 10 14 30 1 
Fitness: 1.77


Mean: 1.70

Standard deviation: 0.00
8 6 31 21 3 19 28 12 20 27 29 25 23 5 2 9 17 22 18 13 15 7 16 26 24 11 4 10 14 30 1 
Fitness: 1.77


Mean: 1.70

Standard deviation: 0.00
8 6 31 21 3 19 28 12 20 27 29 25 23 5 2 9 17 22 18 13 15 7 16 26 24 11 4 10 14 30 1 
Fitness: 1.77


Mean: 1.70

Standard deviation: 0.00
8 6 31 21 3 19 28 12 20 27 29 25 23 5 2 9 17 22 18 13 15 7 16 26 24 11 4 10 14 30 1 
Fitness: 1.77


Mean: 1.70

Standard deviation: 0.00
8 6 31 21 3 19 28 12 20 27 29 25 23 5 2 9 17 22 18 13 15 7 16 26 24 11 4 10 14 30 1 
Fitness: 1.77


Mean: 1.70

Standard deviation: 0.00
8 6 31 21 3 19 28 12 20 27 29 25 23 5 2 9 17 22 18 13 15 7 16 26 24 11 4 10 14 30 1 
Fitness: 1.77


Mean: 1.70

Standard deviation: 0.00
8 6 31 21 3 19 28 12 20 27 29 25 23 5 2 9 17 22 18 13 15 7 16 26 24 11 4 10 14 30 1 
Fitness: 1.77


Mean: 1.70

Standard deviation: 0.00
8 6 31 21 3 19 28 12 20 27 29 25 23 5 2 9 17 22 18 13 15 7 16 26 24 11 4 10 14 30 1 
Fitness: 1.77


Mean: 1.70

Standard deviation: 0.00
8 6 31 21 3 19 28 12 20 27 29 25 23 5 2 9 17 22 18 13 15 7 16 26 24 11 4 10 14 30 1 
Fitness: 1.77


Mean: 1.70

Standard deviation: 0.00
8 6 31 21 3 19 28 12 20 27 29 25 23 5 2 9 17 22 18 13 15 7 16 26 24 11 4 10 14 30 1 
Fitness: 1.77


Mean: 1.70

Standard deviation: 0.00
8 6 31 21 3 19 28 12 20 27 29 25 23 5 2 9 17 22 18 13 15 7 16 26 24 11 4 10 14 30 1 
Fitness: 1.77


Mean: 1.70

Standard deviation: 0.00
8 6 31 21 3 19 28 12 20 27 29 25 23 5 2 9 17 22 18 13 15 7 16 26 24 11 4 10 14 30 1 
Fitness: 1.77


Mean: 1.70

Standard deviation: 0.00
8 6 31 21 3 19 28 12 20 27 29 25 23 5 2 9 17 22 18 13 15 7 16 26 24 11 4 10 14 30 1 
Fitness: 1.77


Mean: 1.70

Standard deviation: 0.00
8 6 31 21 3 19 28 12 20 27 29 25 23 5 2 9 17 22 18 13 15 7 16 26 24 11 4 10 14 30 1 
Fitness: 1.77


Mean: 1.70

Standard deviation: 0.00
8 6 31 21 3 19 28 12 20 27 29 25 23 5 2 9 17 22 18 13 15 7 16 26 24 11 4 10 14 30 1 
Fitness: 1.77


Mean: 1.70

Standard deviation: 0.00
8 6 31 21 3 19 28 12 20 27 29 25 23 5 2 9 17 22 18 13 15 7 16 26 24 11 4 10 14 30 1 
Fitness: 1.77


Mean: 1.70

Standard deviation: 0.00
8 6 31 21 3 19 28 12 20 27 29 25 23 5 2 9 17 22 18 13 15 7 16 26 24 11 4 10 14 30 1 
Fitness: 1.77


Mean: 1.70

Standard deviation: 0.00
8 6 31 21 3 19 28 12 20 27 29 25 23 5 2 9 17 22 18 13 15 7 16 26 24 11 4 10 14 30 1 
Fitness: 1.77


Mean: 1.70

Standard deviation: 0.00
8 6 31 21 3 19 28 12 20 27 29 25 23 5 2 9 17 22 18 13 15 7 16 26 24 11 4 10 14 30 1 
Fitness: 1.77


Mean: 1.70

Standard deviation: 0.00
8 6 31 21 3 19 28 12 20 27 29 25 23 5 2 9 17 22 18 13 15 7 16 26 24 11 4 10 14 30 1 
Fitness: 1.77


Mean: 1.70

Standard deviation: 0.00
8 6 31 21 3 19 28 12 20 27 29 25 23 5 2 9 17 22 18 13 15 7 16 26 24 11 4 10 14 30 1 
Fitness: 1.77


Mean: 1.70

Standard deviation: 0.00
8 6 31 21 3 19 28 12 20 27 29 25 23 5 2 9 17 22 18 13 15 7 16 26 24 11 4 10 14 30 1 
Fitness: 1.77


Mean: 1.70

Standard deviation: 0.00
8 6 31 21 3 19 28 12 20 27 29 25 23 5 2 9 17 22 18 13 15 7 16 26 24 11 4 10 14 30 1 
Fitness: 1.77


Mean: 1.70

Standard deviation: 0.00
8 6 31 21 3 19 28 12 20 27 29 25 23 5 2 9 17 22 18 13 15 7 16 26 24 11 4 10 14 30 1 
Fitness: 1.77


Mean: 1.70

Standard deviation: 0.00
8 6 31 21 3 19 28 12 20 27 29 25 23 5 2 9 17 22 18 13 15 7 16 26 24 11 4 10 14 30 1 
Fitness: 1.77


Mean: 1.70

Standard deviation: 0.00
8 6 31 21 3 19 28 12 20 27 29 25 23 5 2 9 17 22 18 13 15 7 16 26 24 11 4 10 14 30 1 
Fitness: 1.77


Mean: 1.70

Standard deviation: 0.00
8 6 31 21 3 19 28 12 20 27 29 25 23 5 2 9 17 22 18 13 15 7 16 26 24 11 4 10 14 30 1 
Fitness: 1.77


Mean: 1.70

Standard deviation: 0.00
8 6 31 21 3 19 28 12 20 27 29 25 23 5 2 9 17 22 18 13 15 7 16 26 24 11 4 10 14 30 1 
Fitness: 1.77


Mean: 1.70

Standard deviation: 0.00
8 6 31 21 3 19 28 12 20 27 29 25 23 5 2 9 17 22 18 13 15 7 16 26 24 11 4 10 14 30 1 
Fitness: 1.77


Mean: 1.70

Standard deviation: 0.00
8 6 31 21 3 19 28 12 20 27 29 25 23 5 2 9 17 22 18 13 15 7 16 26 24 11 4 10 14 30 1 
Fitness: 1.77


Mean: 1.70

Standard deviation: 0.00
8 6 31 21 3 19 28 12 20 27 29 25 23 5 2 9 17 22 18 13 15 7 16 26 24 11 4 10 14 30 1 
Fitness: 1.77


Mean: 1.70

Standard deviation: 0.00
8 6 31 21 3 19 28 12 20 27 29 25 23 5 2 9 17 22 18 13 15 7 16 26 24 11 4 10 14 30 1 
Fitness: 1.77


Mean: 1.70

Standard deviation: 0.00
8 6 31 21 3 19 28 12 20 27 29 25 23 5 2 9 17 22 18 13 15 7 16 26 24 11 4 10 14 30 1 
Fitness: 1.77


Mean: 1.70

Standard deviation: 0.00
8 6 31 21 3 19 28 12 20 27 29 25 23 5 2 9 17 22 18 13 15 7 16 26 24 11 4 10 14 30 1 
Fitness: 1.77


Mean: 1.70

Standard deviation: 0.00
8 6 31 21 3 19 28 12 20 27 29 25 23 5 2 9 17 22 18 13 15 7 16 26 24 11 4 10 14 30 1 
Fitness: 1.77


Mean: 1.70

Standard deviation: 0.00
8 6 31 21 3 19 28 12 20 27 29 25 23 5 2 9 17 22 18 13 15 7 16 26 24 11 4 10 14 30 1 
Fitness: 1.77


Mean: 1.70

Standard deviation: 0.00
8 6 31 21 3 19 28 12 20 27 29 25 23 5 2 9 17 22 18 13 15 7 16 26 24 11 4 10 14 30 1 
Fitness: 1.77


Mean: 1.70

Standard deviation: 0.00
8 6 31 21 3 19 28 12 20 27 29 25 23 5 2 9 17 22 18 13 15 7 16 26 24 11 4 10 14 30 1 
Fitness: 1.77


Mean: 1.70

Standard deviation: 0.00
8 6 31 21 3 19 28 12 20 27 29 25 23 5 2 9 17 22 18 13 15 7 16 26 24 11 4 10 14 30 1 
Fitness: 1.77


Mean: 1.70

Standard deviation: 0.00
8 6 31 21 3 19 28 12 20 27 29 25 23 5 2 9 17 22 18 13 15 7 16 26 24 11 4 10 14 30 1 
Fitness: 1.77


Mean: 1.70

Standard deviation: 0.00
8 6 31 21 3 19 28 12 20 27 29 25 23 5 2 9 17 22 18 13 15 7 16 26 24 11 4 10 14 30 1 
Fitness: 1.77


Mean: 1.70

Standard deviation: 0.00
8 6 31 21 3 19 28 12 20 27 29 25 23 5 2 9 17 22 18 13 15 7 16 26 24 11 4 10 14 30 1 
Fitness: 1.77


Mean: 1.70

Standard deviation: 0.00
8 6 31 21 3 19 28 12 20 27 29 25 23 5 2 9 17 22 18 13 15 7 16 26 24 11 4 10 14 30 1 
Fitness: 1.77


Mean: 1.70

Standard deviation: 0.00
8 6 31 21 3 19 28 12 20 27 29 25 23 5 2 9 17 22 18 13 15 7 16 26 24 11 4 10 14 30 1 
Fitness: 1.77


Mean: 1.70

Standard deviation: 0.00
8 6 31 21 3 19 28 12 20 27 29 25 23 5 2 9 17 22 18 13 15 7 16 26 24 11 4 10 14 30 1 
Fitness: 1.77


Mean: 1.70

Standard deviation: 0.00
8 6 31 21 3 19 28 12 20 27 29 25 23 5 2 9 17 22 18 13 15 7 16 26 24 11 4 10 14 30 1 
Fitness: 1.77


Mean: 1.70

Standard deviation: 0.00
8 6 31 21 3 19 28 12 20 27 29 25 23 5 2 9 17 22 18 13 15 7 16 26 24 11 4 10 14 30 1 
Fitness: 1.77


Mean: 1.70

Standard deviation: 0.00
8 6 31 21 3 19 28 12 20 27 29 25 23 5 2 9 17 22 18 13 15 7 16 26 24 11 4 10 14 30 1 
Fitness: 1.77


Mean: 1.70

Standard deviation: 0.00
8 6 31 21 3 19 28 12 20 27 29 25 23 5 2 9 17 22 18 13 15 7 16 26 24 11 4 10 14 30 1 
Fitness: 1.77


Mean: 1.70

Standard deviation: 0.00
8 6 31 21 3 19 28 12 20 27 29 25 23 5 2 9 17 22 18 13 15 7 16 26 24 11 4 10 14 30 1 
Fitness: 1.77


Mean: 1.70

Standard deviation: 0.00
8 6 31 21 3 19 28 12 20 27 29 25 23 5 2 9 17 22 18 13 15 7 16 26 24 11 4 10 14 30 1 
Fitness: 1.77


Mean: 1.70

Standard deviation: 0.00
8 6 31 21 3 19 28 12 20 27 29 25 23 5 2 9 17 22 18 13 15 7 16 26 24 11 4 10 14 30 1 
Fitness: 1.77


Mean: 1.70

Standard deviation: 0.00
8 6 31 21 3 19 28 12 20 27 29 25 23 5 2 9 17 22 18 13 15 7 16 26 24 11 4 10 14 30 1 
Fitness: 1.77


Mean: 1.70

Standard deviation: 0.00
8 6 31 21 3 19 28 12 20 27 29 25 23 5 2 9 17 22 18 13 15 7 16 26 24 11 4 10 14 30 1 
Fitness: 1.77


Mean: 1.70

Standard deviation: 0.00
8 6 31 21 3 19 28 12 20 27 29 25 23 5 2 9 17 22 18 13 15 7 16 26 24 11 4 10 14 30 1 
Fitness: 1.77


Mean: 1.70

Standard deviation: 0.00
8 6 31 21 3 19 28 12 20 27 29 25 23 5 2 9 17 22 18 13 15 7 16 26 24 11 4 10 14 30 1 
Fitness: 1.77


Mean: 1.70

Standard deviation: 0.00
8 6 31 21 3 19 28 12 20 27 29 25 23 5 2 9 17 22 18 13 15 7 16 26 24 11 4 10 14 30 1 
Fitness: 1.77


Mean: 1.70

Standard deviation: 0.00
8 6 31 21 3 19 28 12 20 27 29 25 23 5 2 9 17 22 18 13 15 7 16 26 24 11 4 10 14 30 1 
Fitness: 1.77


Mean: 1.70

Standard deviation: 0.00
8 6 31 21 3 19 28 12 20 27 29 25 23 5 2 9 17 22 18 13 15 7 16 26 24 11 4 10 14 30 1 
Fitness: 1.77


Mean: 1.70

Standard deviation: 0.00
8 6 31 21 3 19 28 12 20 27 29 25 23 5 2 9 17 22 18 13 15 7 16 26 24 11 4 10 14 30 1 
Fitness: 1.77


Mean: 1.70

Standard deviation: 0.00
8 6 31 21 3 19 28 12 20 27 29 25 23 5 2 9 17 22 18 13 15 7 16 26 24 11 4 10 14 30 1 
Fitness: 1.77


Mean: 1.70

Standard deviation: 0.00
8 6 31 21 3 19 28 12 20 27 29 25 23 5 2 9 17 22 18 13 15 7 16 26 24 11 4 10 14 30 1 
Fitness: 1.77


Mean: 1.70

Standard deviation: 0.00
8 6 31 21 3 19 28 12 20 27 29 25 23 5 2 9 17 22 18 13 15 7 16 26 24 11 4 10 14 30 1 
Fitness: 1.77


Mean: 1.70

Standard deviation: 0.00
8 6 31 21 3 19 28 12 20 27 29 25 23 5 2 9 17 22 18 13 15 7 16 26 24 11 4 10 14 30 1 
Fitness: 1.77


Mean: 1.70

Standard deviation: 0.00
8 6 31 21 3 19 28 12 20 27 29 25 23 5 2 9 17 22 18 13 15 7 16 26 24 11 4 10 14 30 1 
Fitness: 1.77


Mean: 1.70

Standard deviation: 0.00
8 6 31 21 3 19 28 12 20 27 29 25 23 5 2 9 17 22 18 13 15 7 16 26 24 11 4 10 14 30 1 
Fitness: 1.77


Mean: 1.70

Standard deviation: 0.00
8 6 31 21 3 19 28 12 20 27 29 25 23 5 2 9 17 22 18 13 15 7 16 26 24 11 4 10 14 30 1 
Fitness: 1.77


Mean: 1.70

Standard deviation: 0.00
8 6 31 21 3 19 28 12 20 27 29 25 23 5 2 9 17 22 18 13 15 7 16 26 24 11 4 10 14 30 1 
Fitness: 1.77


Mean: 1.70

Standard deviation: 0.00
8 6 31 21 3 19 28 12 20 27 29 25 23 5 2 9 17 22 18 13 15 7 16 26 24 11 4 10 14 30 1 
Fitness: 1.77


Mean: 1.70

Standard deviation: 0.00
8 6 31 21 3 19 28 12 20 27 29 25 23 5 2 9 17 22 18 13 15 7 16 26 24 11 4 10 14 30 1 
Fitness: 1.77


Mean: 1.70

Standard deviation: 0.00
8 6 31 21 3 19 28 12 20 27 29 25 23 5 2 9 17 22 18 13 15 7 16 26 24 11 4 10 14 30 1 
Fitness: 1.77


Mean: 1.70

Standard deviation: 0.00
8 6 31 21 3 19 28 12 20 27 29 25 23 5 2 9 17 22 18 13 15 7 16 26 24 11 4 10 14 30 1 
Fitness: 1.77


Mean: 1.70

Standard deviation: 0.00
8 6 31 21 3 19 28 12 20 27 29 25 23 5 2 9 17 22 18 13 15 7 16 26 24 11 4 10 14 30 1 
Fitness: 1.77


Mean: 1.70

Standard deviation: 0.00
8 6 31 21 3 19 28 12 20 27 29 25 23 5 2 9 17 22 18 13 15 7 16 26 24 11 4 10 14 30 1 
Fitness: 1.77


Mean: 1.70

Standard deviation: 0.00
8 6 31 21 3 19 28 12 20 27 29 25 23 5 2 9 17 22 18 13 15 7 16 26 24 11 4 10 14 30 1 
Fitness: 1.77


Mean: 1.70

Standard deviation: 0.00
8 6 31 21 3 19 28 12 20 27 29 25 23 5 2 9 17 22 18 13 15 7 16 26 24 11 4 10 14 30 1 
Fitness: 1.77


Mean: 1.70

Standard deviation: 0.00
8 6 31 21 3 19 28 12 20 27 29 25 23 5 2 9 17 22 18 13 15 7 16 26 24 11 4 10 14 30 1 
Fitness: 1.77


Mean: 1.70

Standard deviation: 0.00
8 6 31 21 3 19 28 12 20 27 29 25 23 5 2 9 17 22 18 13 15 7 16 26 24 11 4 10 14 30 1 
Fitness: 1.77


Mean: 1.70

Standard deviation: 0.00
8 6 31 21 3 19 28 12 20 27 29 25 23 5 2 9 17 22 18 13 15 7 16 26 24 11 4 10 14 30 1 
Fitness: 1.77


Mean: 1.70

Standard deviation: 0.00
8 6 31 21 3 19 28 12 20 27 29 25 23 5 2 9 17 22 18 13 15 7 16 26 24 11 4 10 14 30 1 
Fitness: 1.77


Mean: 1.70

Standard deviation: 0.00
8 6 31 21 3 19 28 12 20 27 29 25 23 5 2 9 17 22 18 13 15 7 16 26 24 11 4 10 14 30 1 
Fitness: 1.77


Mean: 1.70

Standard deviation: 0.00
8 6 31 21 3 19 28 12 20 27 29 25 23 5 2 9 17 22 18 13 15 7 16 26 24 11 4 10 14 30 1 
Fitness: 1.77


Mean: 1.70

Standard deviation: 0.00
8 6 31 21 3 19 28 12 20 27 29 25 23 5 2 9 17 22 18 13 15 7 16 26 24 11 4 10 14 30 1 
Fitness: 1.77


Mean: 1.70

Standard deviation: 0.00
8 6 31 21 3 19 28 12 20 27 29 25 23 5 2 9 17 22 18 13 15 7 16 26 24 11 4 10 14 30 1 
Fitness: 1.77


Mean: 1.70

Standard deviation: 0.00
8 6 31 21 3 19 28 12 20 27 29 25 23 5 2 9 17 22 18 13 15 7 16 26 24 11 4 10 14 30 1 
Fitness: 1.77


Mean: 1.70

Standard deviation: 0.00
8 6 31 21 3 19 28 12 20 27 29 25 23 5 2 9 17 22 18 13 15 7 16 26 24 11 4 10 14 30 1 
Fitness: 1.77


Mean: 1.70

Standard deviation: 0.00
8 6 31 21 3 19 28 12 20 27 29 25 23 5 2 9 17 22 18 13 15 7 16 26 24 11 4 10 14 30 1 
Fitness: 1.77


Mean: 1.70

Standard deviation: 0.00
8 6 31 21 3 19 28 12 20 27 29 25 23 5 2 9 17 22 18 13 15 7 16 26 24 11 4 10 14 30 1 
Fitness: 1.77


Mean: 1.70

Standard deviation: 0.00
8 6 31 21 3 19 28 12 20 27 29 25 23 5 2 9 17 22 18 13 15 7 16 26 24 11 4 10 14 30 1 
Fitness: 1.77


Mean: 1.70

Standard deviation: 0.00
8 6 31 21 3 19 28 12 20 27 29 25 23 5 2 9 17 22 18 13 15 7 16 26 24 11 4 10 14 30 1 
Fitness: 1.77


Mean: 1.70

Standard deviation: 0.00
8 6 31 21 3 19 28 12 20 27 29 25 23 5 2 9 17 22 18 13 15 7 16 26 24 11 4 10 14 30 1 
Fitness: 1.77


Mean: 1.70

Standard deviation: 0.00
8 6 31 21 3 19 28 12 20 27 29 25 23 5 2 9 17 22 18 13 15 7 16 26 24 11 4 10 14 30 1 
Fitness: 1.77


Mean: 1.70

Standard deviation: 0.00
8 6 31 21 3 19 28 12 20 27 29 25 23 5 2 9 17 22 18 13 15 7 16 26 24 11 4 10 14 30 1 
Fitness: 1.77


Mean: 1.70

Standard deviation: 0.00
8 6 31 21 3 19 28 12 20 27 29 25 23 5 2 9 17 22 18 13 15 7 16 26 24 11 4 10 14 30 1 
Fitness: 1.77


Mean: 1.70

Standard deviation: 0.00
8 6 31 21 3 19 28 12 20 27 29 25 23 5 2 9 17 22 18 13 15 7 16 26 24 11 4 10 14 30 1 
Fitness: 1.77


Mean: 1.70

Standard deviation: 0.00
8 6 31 21 3 19 28 12 20 27 29 25 23 5 2 9 17 22 18 13 15 7 16 26 24 11 4 10 14 30 1 
Fitness: 1.77


Mean: 1.70

Standard deviation: 0.00
8 6 31 21 3 19 28 12 20 27 29 25 23 5 2 9 17 22 18 13 15 7 16 26 24 11 4 10 14 30 1 
Fitness: 1.77


Mean: 1.70

Standard deviation: 0.00
8 6 31 21 3 19 28 12 20 27 29 25 23 5 2 9 17 22 18 13 15 7 16 26 24 11 4 10 14 30 1 
Fitness: 1.77


Mean: 1.70

Standard deviation: 0.00
8 6 31 21 3 19 28 12 20 27 29 25 23 5 2 9 17 22 18 13 15 7 16 26 24 11 4 10 14 30 1 
Fitness: 1.77


Mean: 1.70

Standard deviation: 0.00
8 6 31 21 3 19 28 12 20 27 29 25 23 5 2 9 17 22 18 13 15 7 16 26 24 11 4 10 14 30 1 
Fitness: 1.77


Mean: 1.70

Standard deviation: 0.00
8 6 31 21 3 19 28 12 20 27 29 25 23 5 2 9 17 22 18 13 15 7 16 26 24 11 4 10 14 30 1 
Fitness: 1.77


Mean: 1.70

Standard deviation: 0.00
8 6 31 21 3 19 28 12 20 27 29 25 23 5 2 9 17 22 18 13 15 7 16 26 24 11 4 10 14 30 1 
Fitness: 1.77


Mean: 1.70

Standard deviation: 0.00
8 6 31 21 3 19 28 12 20 27 29 25 23 5 2 9 17 22 18 13 15 7 16 26 24 11 4 10 14 30 1 
Fitness: 1.77


Mean: 1.70

Standard deviation: 0.00
8 6 31 21 3 19 28 12 20 27 29 25 23 5 2 9 17 22 18 13 15 7 16 26 24 11 4 10 14 30 1 
Fitness: 1.77


Mean: 1.70

Standard deviation: 0.00
8 6 31 21 3 19 28 12 20 27 29 25 23 5 2 9 17 22 18 13 15 7 16 26 24 11 4 10 14 30 1 
Fitness: 1.77


Mean: 1.70

Standard deviation: 0.00
8 6 31 21 3 19 28 12 20 27 29 25 23 5 2 9 17 22 18 13 15 7 16 26 24 11 4 10 14 30 1 
Fitness: 1.77


Mean: 1.70

Standard deviation: 0.00
8 6 31 21 3 19 28 12 20 27 29 25 23 5 2 9 17 22 18 13 15 7 16 26 24 11 4 10 14 30 1 
Fitness: 1.77


Mean: 1.70

Standard deviation: 0.00
8 6 31 21 3 19 28 12 20 27 29 25 23 5 2 9 17 22 18 13 15 7 16 26 24 11 4 10 14 30 1 
Fitness: 1.77


Mean: 1.70

Standard deviation: 0.00
8 6 31 21 3 19 28 12 20 27 29 25 23 5 2 9 17 22 18 13 15 7 16 26 24 11 4 10 14 30 1 
Fitness: 1.77


Mean: 1.70

Standard deviation: 0.00
8 6 31 21 3 19 28 12 20 27 29 25 23 5 2 9 17 22 18 13 15 7 16 26 24 11 4 10 14 30 1 
Fitness: 1.77


Mean: 1.70

Standard deviation: 0.00
8 6 31 21 3 19 28 12 20 27 29 25 23 5 2 9 17 22 18 13 15 7 16 26 24 11 4 10 14 30 1 
Fitness: 1.77


Mean: 1.70

Standard deviation: 0.00
8 6 31 21 3 19 28 12 20 27 29 25 23 5 2 9 17 22 18 13 15 7 16 26 24 11 4 10 14 30 1 
Fitness: 1.77


Mean: 1.70

Standard deviation: 0.00
8 6 31 21 3 19 28 12 20 27 29 25 23 5 2 9 17 22 18 13 15 7 16 26 24 11 4 10 14 30 1 
Fitness: 1.77


Mean: 1.70

Standard deviation: 0.00
8 6 31 21 3 19 28 12 20 27 29 25 23 5 2 9 17 22 18 13 15 7 16 26 24 11 4 10 14 30 1 
Fitness: 1.77


Mean: 1.70

Standard deviation: 0.00
8 6 31 21 3 19 28 12 20 27 29 25 23 5 2 9 17 22 18 13 15 7 16 26 24 11 4 10 14 30 1 
Fitness: 1.77


Mean: 1.70

Standard deviation: 0.00
8 6 31 21 3 19 28 12 20 27 29 25 23 5 2 9 17 22 18 13 15 7 16 26 24 11 4 10 14 30 1 
Fitness: 1.77


Mean: 1.70

Standard deviation: 0.00
8 6 31 21 3 19 28 12 20 27 29 25 23 5 2 9 17 22 18 13 15 7 16 26 24 11 4 10 14 30 1 
Fitness: 1.77


Mean: 1.70

Standard deviation: 0.00
8 6 31 21 3 19 28 12 20 27 29 25 23 5 2 9 17 22 18 13 15 7 16 26 24 11 4 10 14 30 1 
Fitness: 1.77


Mean: 1.70

Standard deviation: 0.00
8 6 31 21 3 19 28 12 20 27 29 25 23 5 2 9 17 22 18 13 15 7 16 26 24 11 4 10 14 30 1 
Fitness: 1.77


Mean: 1.70

Standard deviation: 0.00
8 6 31 21 3 19 28 12 20 27 29 25 23 5 2 9 17 22 18 13 15 7 16 26 24 11 4 10 14 30 1 
Fitness: 1.77


Mean: 1.70

Standard deviation: 0.00
8 6 31 21 3 19 28 12 20 27 29 25 23 5 2 9 17 22 18 13 15 7 16 26 24 11 4 10 14 30 1 
Fitness: 1.77


Mean: 1.70

Standard deviation: 0.00
8 6 31 21 3 19 28 12 20 27 29 25 23 5 2 9 17 22 18 13 15 7 16 26 24 11 4 10 14 30 1 
Fitness: 1.77


Mean: 1.70

Standard deviation: 0.00
8 6 31 21 3 19 28 12 20 27 29 25 23 5 2 9 17 22 18 13 15 7 16 26 24 11 4 10 14 30 1 
Fitness: 1.77


Mean: 1.70

Standard deviation: 0.00
8 6 31 21 3 19 28 12 20 27 29 25 23 5 2 9 17 22 18 13 15 7 16 26 24 11 4 10 14 30 1 
Fitness: 1.77


Mean: 1.70

Standard deviation: 0.00
8 6 31 21 3 19 28 12 20 27 29 25 23 5 2 9 17 22 18 13 15 7 16 26 24 11 4 10 14 30 1 
Fitness: 1.77


Mean: 1.70

Standard deviation: 0.00
8 6 31 21 3 19 28 12 20 27 29 25 23 5 2 9 17 22 18 13 15 7 16 26 24 11 4 10 14 30 1 
Fitness: 1.77


Mean: 1.70

Standard deviation: 0.00
8 6 31 21 3 19 28 12 20 27 29 25 23 5 2 9 17 22 18 13 15 7 16 26 24 11 4 10 14 30 1 
Fitness: 1.77


Mean: 1.70

Standard deviation: 0.00
8 6 31 21 3 19 28 12 20 27 29 25 23 5 2 9 17 22 18 13 15 7 16 26 24 11 4 10 14 30 1 
Fitness: 1.77


Mean: 1.70

Standard deviation: 0.00
8 6 31 21 3 19 28 12 20 27 29 25 23 5 2 9 17 22 18 13 15 7 16 26 24 11 4 10 14 30 1 
Fitness: 1.77


Mean: 1.70

Standard deviation: 0.00
