619.14 679.06 1339.05 0.58 
597.26 585.78 2787.46 0.42 
601.73 565.67 1055.73 0.53 
588.08 657.67 1262.84 0.30 
613.20 659.37 1375.29 0.48 
613.34 631.91 743.77 0.49 
584.83 613.56 1199.15 0.56 
570.58 718.75 890.28 0.41 
769.37 610.13 718.55 0.32 
573.75 647.17 879.45 0.40 
657.45 552.89 2103.30 0.46 
656.85 599.60 1106.51 0.49 
547.19 657.90 2515.45 0.46 
623.27 662.09 1756.66 0.38 
641.83 612.22 1583.93 0.36 
672.05 542.36 1208.69 0.70 
578.73 617.35 793.03 0.48 
630.48 585.54 1713.16 0.38 
621.10 604.43 1244.21 0.44 
590.69 572.50 1586.26 0.35 
548.73 545.81 1613.22 0.53 
21 3 7 17 10 8 1 14 5 6 19 12 16 9 11 18 15 2 20 4 13 
Best fitness: 1.10
16 12 19 2 3 20 7 17 10 6 5 14 1 8 21 9 11 18 4 15 13 
Worst fitness: 1.19

Mean: 1.13

Standard deviation: 0.00
