632.18 667.97 677.00 0.41 
639.09 580.66 1170.64 0.44 
710.92 678.42 730.59 0.47 
600.83 601.09 2092.25 0.25 
745.54 619.98 1761.45 0.53 
576.42 683.44 1328.41 0.39 
598.23 556.30 680.76 0.27 
546.00 700.67 1082.95 0.36 
687.97 632.04 1370.79 0.37 
661.64 661.19 1613.21 0.55 
596.86 574.85 2516.74 0.45 
645.92 625.19 847.48 0.47 
572.62 679.32 1176.25 0.36 
545.17 710.33 1447.26 0.54 
560.25 582.03 1344.43 0.56 
600.55 613.11 581.26 0.52 
659.23 724.54 1866.74 0.58 
597.07 597.20 1605.94 0.28 
734.94 843.72 2174.04 0.38 
548.23 595.90 1214.04 0.51 
598.59 596.23 1601.37 0.43 
624.80 616.44 1871.26 0.32 
561.66 671.99 1278.60 0.37 
613.13 596.93 1057.57 0.29 
577.00 632.01 1194.89 0.28 
667.46 596.52 566.55 0.30 
654.73 556.23 1425.19 0.31 
639.94 541.38 1945.78 0.40 
623.00 578.40 2011.43 0.38 
636.52 598.38 1148.72 0.26 
561.69 561.13 832.91 0.28 
618.36 661.11 1094.17 0.35 
596.16 606.16 1604.72 0.38 
588.51 577.55 979.86 0.34 
561.10 568.22 984.38 0.40 
860.55 607.29 1192.48 0.40 
595.21 622.39 1848.98 0.49 
540.74 567.66 1886.17 0.40 
861.56 598.74 1467.30 0.40 
756.32 565.91 1974.20 0.38 
696.48 629.57 581.69 0.37 
20 15 35 34 37 16 24 29 2 26 12 41 3 10 1 32 6 13 14 8 23 25 33 21 18 11 7 31 38 9 5 17 22 30 4 28 27 40 39 36 19 
Best fitness: 2.37
35 16 32 13 6 1 12 41 3 10 9 26 2 7 11 34 37 25 20 15 31 33 18 21 4 24 22 23 14 8 5 17 30 27 28 38 29 40 36 39 19 
Worst fitness: 2.61

Mean: 2.46

Standard deviation: 0.00
