703.30 546.73 2059.87 0.43 
623.46 625.07 576.31 0.48 
608.64 585.24 2565.69 0.17 
575.35 544.25 830.86 0.52 
549.22 726.00 1063.02 0.44 
579.59 562.64 2024.12 0.46 
562.90 626.06 1105.80 0.36 
590.30 548.52 1720.19 0.29 
618.19 581.91 1691.82 0.46 
664.75 785.98 1398.98 0.35 
602.47 544.60 784.66 0.20 
540.55 758.58 2101.44 0.44 
548.74 602.41 937.06 0.29 
653.58 777.42 1316.90 0.40 
635.66 550.61 2249.20 0.36 
647.67 660.49 1411.52 0.65 
667.20 562.25 2260.58 0.48 
590.35 698.89 3309.63 0.40 
699.73 559.27 1609.37 0.22 
640.26 610.32 1111.86 0.28 
614.19 678.59 1149.66 0.25 
598.61 564.22 1651.81 0.33 
609.45 691.44 1662.39 0.38 
561.44 684.05 905.89 0.45 
577.76 609.53 2904.96 0.16 
669.56 653.83 1926.64 0.57 
631.66 685.48 737.15 0.66 
699.82 678.78 955.47 0.45 
574.12 687.51 2894.07 0.40 
645.26 593.24 2131.22 0.47 
621.25 683.49 1569.35 0.44 
589.03 630.57 1396.09 0.35 
590.88 655.87 2279.15 0.18 
649.08 673.50 1216.13 0.34 
573.19 577.36 1891.78 0.31 
549.47 708.81 2015.72 0.45 
633.16 844.71 1896.55 0.42 
552.16 632.93 1620.25 0.37 
627.79 665.83 1175.43 0.22 
544.73 627.72 1343.75 0.29 
689.99 682.65 1954.28 0.41 
574.50 711.30 877.99 0.38 
584.33 618.75 1543.53 0.16 
821.50 631.64 1746.16 0.35 
755.48 540.51 1049.52 0.44 
540.62 604.29 1870.96 0.42 
623.00 722.75 666.84 0.37 
611.14 670.86 2826.14 0.52 
653.84 699.66 1101.64 0.51 
550.38 591.96 1150.09 0.37 
547.90 574.91 2603.24 0.24 
575.32 628.57 2377.64 0.44 
608.72 580.34 3215.99 0.24 
631.09 571.64 1531.72 0.36 
584.73 661.38 1246.59 0.42 
727.62 571.78 1157.66 0.48 
582.34 543.87 1641.79 0.41 
565.54 652.13 1675.32 0.59 
579.10 680.16 1000.39 0.28 
585.78 558.93 2229.04 0.35 
587.74 564.39 1089.08 0.40 
571.83 541.01 649.22 0.20 
574.85 550.24 2081.53 0.49 
684.69 637.00 1689.71 0.48 
696.11 575.78 1047.73 0.34 
585.57 647.94 719.63 0.25 
612.21 701.90 816.79 0.44 
711.35 547.97 670.88 0.46 
642.64 576.73 1622.87 0.52 
603.36 574.55 1146.14 0.65 
676.62 575.74 2177.72 0.55 
630.14 693.23 1148.75 0.54 
577.51 590.99 1203.97 0.59 
575.76 596.16 837.30 0.45 
692.26 560.31 1375.59 0.32 
650.86 648.61 1392.68 0.44 
600.18 593.06 1315.93 0.38 
707.15 571.44 1855.41 0.35 
653.69 543.40 1136.15 0.31 
550.12 542.54 1712.23 0.55 
582.57 630.82 1538.88 0.67 
587.59 642.59 2123.24 0.48 
627.32 546.08 1851.51 0.37 
583.30 596.88 1473.28 0.46 
768.66 682.96 1280.80 0.36 
822.00 637.90 2731.85 0.58 
688.43 650.25 1335.12 0.44 
549.90 592.13 1006.96 0.47 
614.64 588.21 1204.47 0.32 
572.36 649.36 937.53 0.42 
673.27 600.67 1986.81 0.34 
630.89 634.28 1178.95 0.40 
692.61 553.80 2040.81 0.43 
592.69 556.74 2023.73 0.30 
749.18 573.89 640.28 0.38 
577.93 745.23 800.50 0.35 
570.19 726.07 618.36 0.30 
682.53 615.87 1665.03 0.20 
668.55 586.76 1646.34 0.27 
577.58 645.74 1264.81 0.70 
585.46 609.11 2577.41 0.21 
88 74 84 81 59 24 42 96 67 47 27 73 70 4 80 50 46 13 90 58 100 16 76 49 2 92 56 45 95 68 9 89 21 26 28 97 5 36 7 25 6 63 62 57 61 22 53 77 32 66 55 31 72 23 82 52 94 11 54 69 20 87 41 65 91 75 17 79 83 71 30 3 34 10 14 12 48 64 98 40 38 43 101 93 1 78 99 15 8 39 85 86 19 60 35 51 33 18 29 37 44 
Best fitness: 9.52
80 90 27 47 67 59 39 16 28 97 42 66 81 68 45 62 4 65 56 95 87 26 76 73 74 50 88 58 100 49 72 31 21 18 24 46 13 84 77 7 82 55 33 92 2 89 9 36 5 96 14 34 64 71 69 70 22 40 38 25 57 79 17 30 54 61 52 32 29 23 41 20 75 1 85 10 48 6 63 11 60 19 78 98 91 99 15 83 8 93 101 3 53 35 94 43 37 12 44 86 51 
Worst fitness: 11.10

Mean: 10.42

Standard deviation: 0.14
