353.84 67.09 0.35 7911.57
136.82 49.30 0.28 7788.88
368.58 757.74 0.08 7436.75
256.40 255.89 0.28 7208.59
663.16 826.01 0.28 6077.55
896.28 363.24 0.20 7842.49
907.45 94.11 0.20 7466.93
932.08 766.45 0.01 7067.50
886.20 994.02 0.30 8268.83
477.03 615.50 0.23 6034.79
878.85 136.75 0.07 8267.63
165.11 397.92 0.02 6796.71
517.23 46.92 0.14 5320.90
219.68 804.59 0.35 7174.16
876.38 640.37 0.19 8545.70
931.17 873.07 0.27 6336.22
456.63 639.13 0.23 8404.07
154.49 72.72 0.25 5732.27
433.49 858.37 0.27 7231.89
367.94 958.26 0.24 7048.93
160.89 188.38 0.24 7559.92
682.09 644.50 0.08 7509.50
779.42 265.57 0.10 6249.88
638.74 377.00 0.22 7295.34
832.26 590.56 0.16 7386.06
868.58 473.41 0.35 7041.86
934.13 632.44 0.14 6712.01
767.12 33.51 0.21 8551.80
227.75 437.18 0.01 8373.11
966.30 145.62 0.27 7450.35
697.36 108.99 0.20 6450.63
837.62 769.66 0.06 6072.86
117.96 416.65 0.12 8184.74
936.22 327.30 0.26 7207.83
41.54 273.66 0.22 9390.80
720.38 284.14 0.23 6951.61
966.45 120.21 0.24 7850.62
811.99 274.36 0.02 8041.92
984.49 122.42 0.29 5952.90
248.34 502.56 0.28 6313.45
264.80 269.51 0.22 8370.39
828.82 681.33 0.10 7051.39
83.80 667.81 0.24 6656.98
302.47 100.34 0.15 6062.12
183.49 584.94 0.04 6476.56
451.63 938.16 0.24 6734.35
669.08 97.30 0.28 7510.18
937.83 713.73 0.09 7307.08
6.30 541.04 0.15 5660.03
278.89 677.47 0.27 7406.20
626.11 590.21 0.14 5951.90
954.81 952.76 0.11 6385.27
813.34 138.40 0.29 5699.50
695.92 121.30 0.37 7544.69
744.43 779.23 0.18 8139.05
729.87 199.74 0.34 5381.28
163.30 456.58 0.16 4979.45
116.14 201.58 0.25 7654.75
59.14 838.61 0.27 9024.23
746.96 721.31 0.43 7550.85
674.55 812.39 0.24 8513.93
121.01 560.91 0.20 6500.83
386.31 772.40 0.25 7845.99
339.96 720.68 0.11 7272.53
569.00 201.86 0.26 7036.73
190.93 536.93 0.04 8065.17
237.17 212.23 0.30 7214.89
802.45 239.52 0.15 6557.76
280.49 44.27 0.33 6853.53
372.40 329.39 0.26 7909.79
843.25 757.90 0.07 7876.08
713.77 782.65 0.32 7535.06
228.66 981.14 0.19 6836.42
354.16 898.32 0.26 7061.03
0.53 330.38 0.30 7136.01
779.20 81.45 0.16 5705.98
916.07 694.95 0.28 8505.75
230.53 972.78 0.24 6362.26
818.15 270.75 0.17 7038.88
151.06 224.98 0.05 7292.52
892.01 502.16 0.15 6478.88
141.09 949.50 0.31 6803.23
826.78 132.79 0.24 7838.11
323.63 551.14 0.10 8052.85
213.68 426.12 0.14 7310.60
814.61 596.03 0.02 6599.62
922.35 813.39 0.15 5727.21
91.73 479.68 0.12 6161.40
989.69 309.97 0.20 7952.67
937.62 26.46 0.17 6346.55
12.91 355.37 0.22 7139.85
367.68 369.98 0.03 6727.77
171.95 968.20 0.08 7800.78
162.46 608.26 0.30 7466.84
402.49 160.14 0.23 6762.99
399.55 567.80 0.13 7242.63
423.91 714.05 0.34 8313.29
630.18 199.68 0.27 8267.35
974.54 772.98 0.08 7207.40
379.90 581.86 0.04 7344.24
329.56 459.85 0.24 7756.18
35.96 198.65 0.24 7960.97
809.93 680.02 0.43 5693.51
598.84 738.55 0.16 5966.48
880.21 866.31 0.17 7367.30
367.82 122.24 0.35 7346.06
99.25 184.73 0.40 5490.02
880.60 90.04 0.23 6496.74
453.26 264.90 0.10 6837.61
533.82 145.93 0.24 6485.30
239.58 680.99 0.13 6693.44
347.08 803.49 0.16 5442.30
244.11 205.09 0.13 7517.89
48.27 548.87 0.13 8529.18
24.97 500.77 0.07 7775.98
837.75 704.46 0.22 6354.55
351.55 917.49 0.17 8691.69
450.99 733.77 0.20 7449.20
879.83 70.73 0.15 7800.59
715.12 769.02 0.11 6152.52
550.33 331.30 0.09 7188.53
196.61 937.66 0.32 6419.38
137.75 939.20 0.24 8434.91
356.22 820.92 0.03 8210.54
769.39 929.59 0.22 7170.39
790.01 510.69 0.16 6707.97
236.83 541.55 0.20 5556.89
965.41 214.44 0.11 6435.00
199.82 525.94 0.14 7525.04
267.26 741.70 0.11 7690.33
528.40 328.17 0.18 7507.47
364.76 28.81 0.38 6942.21
279.89 783.70 0.27 8412.15
180.26 312.52 0.25 6815.36
101.71 510.53 0.27 7423.83
411.67 805.66 0.31 7605.72
381.15 992.23 0.34 8781.95
342.91 958.92 0.25 7894.22
291.92 113.51 0.30 5373.41
254.59 739.55 0.11 4882.25
679.64 720.98 0.33 6774.64
661.42 707.56 0.27 7572.82
156.89 17.00 0.21 7349.47
127.13 665.31 0.14 8997.92
311.20 310.68 0.09 6697.80
137.83 982.22 0.25 8370.88
491.02 417.08 0.02 6493.47
882.32 307.37 0.12 5014.00
958.84 569.88 0.20 8539.62
401.66 976.20 0.14 6284.12

7976.851187818584
