1121.35 616.26 7355.45 0.42 
1211.52 1111.24 6171.05 0.58 
1115.86 621.98 7109.31 0.43 
788.06 889.63 6837.99 0.47 
695.19 636.31 5717.76 0.42 
591.90 692.36 6546.73 0.31 
634.26 838.09 6046.52 0.28 
600.53 795.54 5842.50 0.44 
856.24 1050.03 7622.23 0.43 
1112.85 1433.73 6224.02 0.45 
714.22 752.81 5930.73 0.54 
773.75 909.06 7434.53 0.61 
702.18 688.00 6954.93 0.23 
584.34 583.37 6156.62 0.27 
810.53 1031.23 7196.04 0.40 
1427.76 1085.85 7862.27 0.44 
1266.24 738.14 6141.78 0.54 
934.73 895.75 7046.74 0.42 
1017.53 1106.64 6385.80 0.43 
832.59 1116.62 6804.76 0.44 
974.43 1025.82 6838.21 0.41 
1049.49 810.92 6752.76 0.44 
690.21 874.48 6793.98 0.42 
909.32 629.45 7027.01 0.36 
1551.02 922.75 6688.27 0.40 
787.27 642.31 6621.50 0.19 
767.35 993.53 6203.09 0.50 
660.42 1242.32 6555.35 0.23 
1095.87 661.57 6238.12 0.51 
753.26 1508.06 7663.91 0.42 
870.90 655.02 6395.20 0.38 
