681.75 790.13 6419.08 0.44 
729.60 955.80 6330.79 0.27 
575.47 1111.50 5563.54 0.38 
1157.63 643.70 6601.64 0.35 
642.68 631.03 6672.21 0.37 
695.57 919.95 6021.87 0.42 
675.11 578.43 6272.77 0.39 
605.10 890.76 5692.51 0.33 
755.82 1046.25 6948.45 0.42 
1253.47 546.14 5648.57 0.34 
892.90 807.53 6037.10 0.46 
810.53 623.83 5658.57 0.53 
672.73 839.12 6496.76 0.41 
1100.97 696.72 7198.15 0.28 
564.32 547.32 5354.20 0.35 
958.57 1008.32 6969.02 0.34 
606.28 630.61 6357.38 0.30 
909.86 678.97 6503.58 0.39 
643.62 1105.11 6507.46 0.40 
763.21 1065.98 6460.68 0.42 
893.55 581.36 7987.87 0.46 
