1680.01 718.37 5952.64 0.53 
660.40 1024.66 7128.73 0.37 
926.33 588.74 6544.60 0.43 
655.32 684.25 6248.39 0.42 
890.62 631.78 6566.43 0.32 
661.91 845.76 6708.73 0.37 
872.08 922.19 7262.37 0.46 
890.52 576.43 7151.35 0.29 
629.03 740.52 6958.78 0.17 
1281.96 603.22 6423.53 0.50 
573.61 652.44 7077.63 0.35 
576.70 737.97 6814.43 0.34 
802.10 611.59 7027.68 0.49 
620.09 634.91 7982.13 0.28 
1229.20 774.19 7024.23 0.32 
687.50 1570.25 6931.79 0.53 
683.01 1038.47 6064.10 0.26 
1070.05 908.76 6858.06 0.38 
834.48 1070.55 6906.76 0.53 
665.10 1184.83 7155.16 0.20 
686.06 766.25 6048.92 0.41 
836.62 799.15 7525.92 0.44 
644.40 734.89 6831.75 0.62 
704.85 681.31 6889.04 0.34 
677.72 804.21 7270.93 0.31 
581.58 707.55 7586.62 0.34 
966.85 673.40 7448.50 0.25 
790.28 846.06 6853.77 0.45 
1002.11 1059.98 6537.69 0.28 
949.54 794.91 7542.69 0.21 
570.48 737.89 6406.62 0.55 
1043.06 814.66 7034.83 0.43 
1018.71 1031.49 6514.30 0.44 
613.69 1491.82 5578.72 0.42 
674.62 732.40 5999.14 0.30 
573.35 831.20 6883.34 0.56 
959.15 590.88 6718.01 0.48 
718.02 575.48 5269.85 0.29 
613.37 956.73 6532.37 0.49 
716.62 1524.32 7265.87 0.40 
848.35 1201.37 6521.30 0.40 
