551.78 852.82 7121.30 0.44 
898.56 956.59 6814.09 0.39 
723.07 688.28 7331.26 0.56 
852.05 573.81 7626.07 0.39 
687.82 840.38 5634.84 0.64 
896.40 1040.68 6679.20 0.26 
913.24 638.11 5999.42 0.54 
686.02 589.66 6102.67 0.43 
767.93 707.68 6402.40 0.36 
978.63 750.77 7422.48 0.43 
794.74 1244.72 6999.27 0.30 
674.21 993.45 7994.65 0.28 
893.33 841.85 6381.24 0.45 
905.46 798.55 6215.12 0.49 
794.61 1209.34 6910.63 0.53 
1187.16 938.56 6421.49 0.33 
633.78 633.04 6350.57 0.28 
1216.55 988.94 6349.44 0.41 
1073.42 851.40 4896.63 0.43 
1690.14 789.91 7370.44 0.52 
793.50 547.03 6121.98 0.30 
587.19 564.94 5949.09 0.34 
632.54 806.05 5998.35 0.44 
605.51 791.19 6018.46 0.45 
815.09 1347.96 7212.66 0.43 
659.64 747.90 6904.21 0.39 
783.14 691.53 7266.54 0.46 
572.17 689.56 7772.19 0.35 
852.88 1051.82 6287.37 0.40 
768.36 615.03 6671.67 0.44 
644.75 544.90 6395.33 0.43 
819.61 892.72 7838.93 0.44 
672.36 872.26 5956.98 0.36 
925.26 732.15 7796.70 0.52 
851.44 794.84 7318.95 0.35 
967.14 1192.72 7331.66 0.39 
747.86 1229.76 7650.27 0.49 
589.19 1139.52 5968.90 0.19 
863.39 898.36 6178.51 0.48 
1137.38 980.82 7665.85 0.46 
1163.15 941.08 6672.05 0.26 
551.80 619.06 7266.17 0.34 
1153.41 675.68 7822.10 0.37 
591.71 680.19 5087.14 0.38 
590.83 615.03 6373.60 0.47 
1174.22 1038.19 6184.86 0.50 
1081.25 688.56 7012.59 0.11 
566.27 600.06 7617.52 0.36 
667.20 563.87 6306.19 0.59 
584.28 831.18 6499.30 0.45 
610.37 744.12 7938.63 0.35 
548.34 690.35 7025.85 0.34 
772.24 744.49 6933.73 0.61 
635.15 872.80 6817.07 0.38 
909.87 678.56 7470.81 0.47 
663.12 549.99 6351.37 0.55 
883.15 616.58 7170.74 0.41 
608.56 692.08 5912.03 0.41 
804.20 1011.20 5556.64 0.43 
1805.30 699.54 7056.93 0.54 
604.29 583.34 6818.75 0.36 
823.11 786.96 6000.76 0.45 
615.70 793.81 6959.47 0.37 
559.79 1013.43 6069.36 0.22 
594.22 744.47 6142.05 0.49 
550.80 931.53 6930.67 0.39 
893.31 1206.73 6037.99 0.34 
720.14 1132.58 6468.22 0.43 
701.14 571.31 7299.12 0.37 
1119.19 1313.84 6317.27 0.35 
778.30 1061.53 6856.62 0.49 
895.97 1077.36 6832.57 0.47 
774.94 939.34 6857.37 0.19 
850.55 1441.32 7231.62 0.24 
778.57 1095.55 6556.06 0.47 
960.55 964.80 7124.09 0.44 
841.03 960.56 5930.52 0.39 
815.10 694.10 6452.06 0.41 
666.67 552.68 6860.70 0.49 
772.47 874.82 6577.35 0.24 
619.13 1196.46 5290.29 0.42 
