650.58 630.98 6400.65 0.44 
791.97 872.83 7081.42 0.44 
764.41 877.51 6062.74 0.36 
554.33 787.05 6212.95 0.34 
873.17 1225.34 5749.71 0.37 
885.18 1143.35 6341.57 0.53 
660.90 722.18 7150.17 0.20 
623.11 557.20 7676.63 0.42 
891.52 696.50 7229.79 0.29 
856.63 680.64 7096.93 0.22 
925.06 762.24 6535.38 0.46 
720.79 666.79 6773.21 0.23 
567.71 1013.43 5629.24 0.42 
1056.74 1205.22 6197.11 0.32 
562.32 838.71 6420.74 0.31 
922.74 957.23 7157.68 0.58 
1232.44 706.73 7212.57 0.33 
674.16 710.72 7109.39 0.41 
783.87 774.70 6557.83 0.42 
567.70 623.08 7652.51 0.59 
1024.22 568.22 7868.70 0.47 
822.61 882.30 5017.49 0.38 
805.07 1005.89 7219.21 0.51 
985.54 1048.38 6231.46 0.31 
1159.96 762.15 5825.80 0.33 
712.33 647.75 7658.00 0.50 
795.99 1086.59 6962.71 0.40 
1396.43 871.94 6413.41 0.20 
913.43 791.19 6736.06 0.45 
1138.37 773.29 7712.19 0.34 
1124.89 934.37 6996.21 0.11 
788.53 660.83 7511.86 0.49 
735.90 723.75 6979.14 0.25 
891.61 684.58 7490.12 0.48 
749.75 855.00 6363.36 0.23 
1087.80 807.95 7083.11 0.39 
1084.68 581.29 5804.87 0.27 
1233.87 1276.68 6834.50 0.38 
854.42 724.16 6576.95 0.37 
822.17 569.85 7933.50 0.50 
848.96 699.77 6733.61 0.34 
706.90 664.73 6891.45 0.35 
1249.37 579.90 5320.19 0.36 
641.88 1006.68 6399.29 0.34 
780.64 900.14 7466.99 0.56 
833.01 949.55 7793.56 0.28 
843.09 1063.23 6623.82 0.33 
768.35 547.54 6034.67 0.30 
873.76 684.82 6189.72 0.19 
687.58 1307.74 6724.86 0.41 
876.26 1098.13 7223.10 0.39 
988.65 757.46 6103.33 0.27 
775.95 757.00 6901.21 0.25 
556.08 765.07 6661.74 0.52 
642.33 965.73 6312.00 0.41 
609.30 1300.51 7184.31 0.35 
692.76 889.66 6387.45 0.42 
985.40 1031.89 6248.17 0.35 
643.39 1105.90 6414.16 0.49 
647.29 828.68 6713.79 0.37 
1173.07 802.52 5961.28 0.25 
720.98 629.40 5667.99 0.34 
1071.42 926.37 6008.65 0.40 
686.29 550.83 7042.27 0.39 
615.06 1057.96 6684.71 0.30 
1171.46 720.95 7576.99 0.54 
679.84 913.43 6265.36 0.47 
761.93 817.08 6531.08 0.47 
1007.95 1202.33 6907.58 0.37 
914.20 584.52 6792.70 0.30 
732.26 806.76 5457.35 0.31 
673.25 1081.26 7597.19 0.24 
670.42 958.11 6429.58 0.47 
836.74 964.39 6720.65 0.47 
869.54 789.90 7860.61 0.34 
967.66 638.24 6044.57 0.21 
612.12 675.78 7651.02 0.43 
706.67 642.88 7086.48 0.36 
679.80 950.63 6186.94 0.28 
617.09 661.65 5745.09 0.42 
1158.74 856.67 7221.12 0.58 
639.98 1048.83 6796.87 0.38 
839.49 599.75 7671.47 0.17 
859.76 701.61 7396.68 0.32 
938.37 936.00 6728.12 0.19 
866.10 1151.89 6199.70 0.40 
686.82 595.13 7246.85 0.49 
1186.62 1085.99 7759.20 0.56 
655.63 611.47 7106.43 0.50 
928.12 555.06 6003.73 0.61 
918.30 1113.65 5309.33 0.30 
980.85 586.56 5917.64 0.42 
670.48 1143.00 7592.59 0.41 
747.07 621.87 7068.46 0.27 
841.39 702.49 7679.48 0.44 
578.15 665.70 5571.37 0.47 
906.10 735.68 6455.32 0.32 
960.82 615.66 6748.33 0.35 
733.31 564.46 6545.42 0.48 
773.49 965.41 6425.85 0.54 
710.46 769.72 5950.79 0.51 
812.80 579.35 7786.54 0.43 
905.34 834.57 7099.68 0.48 
1081.60 700.94 4719.73 0.38 
594.30 755.03 7886.37 0.34 
769.74 999.74 6927.17 0.28 
983.86 806.43 7985.83 0.36 
676.23 1331.71 7143.36 0.54 
592.72 1155.46 6155.09 0.53 
610.01 592.07 5509.39 0.41 
680.24 709.60 7082.66 0.44 
903.63 647.27 5678.39 0.48 
615.80 828.20 6540.66 0.46 
1669.70 1112.01 6635.55 0.44 
543.18 1027.26 6915.98 0.40 
1285.11 1038.33 7529.47 0.13 
601.36 1317.78 6561.44 0.47 
566.54 667.24 7314.81 0.42 
840.59 549.60 5997.99 0.41 
635.27 716.27 6220.27 0.28 
571.92 739.99 6456.60 0.47 
749.99 1211.16 7140.65 0.34 
733.58 881.65 7816.96 0.47 
844.15 1242.51 7461.56 0.57 
559.53 606.27 7026.36 0.43 
1142.25 1179.25 6564.79 0.48 
765.89 817.62 6285.05 0.55 
650.30 862.76 5455.65 0.41 
828.77 1180.09 7462.66 0.73 
711.90 582.28 6574.62 0.38 
1381.80 546.64 6415.63 0.34 
1176.32 791.72 7535.78 0.42 
695.12 1085.13 6829.24 0.36 
1017.30 561.82 6936.49 0.30 
1236.54 704.39 5283.59 0.45 
747.26 963.81 6699.48 0.38 
815.19 751.65 7075.41 0.43 
578.18 627.11 6377.54 0.48 
1167.50 960.14 5937.28 0.42 
709.25 798.01 7455.47 0.33 
855.91 751.70 7474.14 0.49 
700.59 747.24 7384.37 0.33 
801.69 854.63 6943.90 0.30 
586.86 1022.13 6750.44 0.46 
577.04 1193.54 7019.90 0.50 
1417.97 903.35 7024.54 0.47 
798.15 803.03 6027.29 0.42 
907.63 782.54 5715.21 0.31 
1037.66 783.11 6410.24 0.43 
609.64 708.24 6220.68 0.30 
667.75 857.31 6750.51 0.30 
