587.34 688.28 6654.53 0.34 
792.97 548.89 5311.67 0.35 
726.52 891.41 6206.08 0.46 
818.23 1478.43 6622.57 0.42 
810.11 561.01 7175.21 0.42 
735.57 851.29 5421.58 0.32 
1105.26 606.55 6524.09 0.65 
854.92 622.37 4980.91 0.52 
905.94 813.06 5998.47 0.59 
869.83 1500.95 6016.53 0.47 
1064.36 1193.59 7144.71 0.23 
681.93 691.88 6971.73 0.25 
564.84 556.10 6489.59 0.26 
993.33 599.41 6308.70 0.30 
1105.66 580.17 6917.04 0.45 
1037.70 586.11 6991.93 0.31 
799.58 781.57 6067.66 0.33 
644.76 594.57 7595.48 0.41 
680.60 796.08 6668.11 0.52 
829.29 599.76 7736.24 0.22 
1081.09 698.22 6728.21 0.25 
963.29 631.13 6859.44 0.29 
615.19 787.94 7328.51 0.65 
676.26 1074.22 5933.24 0.36 
982.87 841.09 5937.54 0.50 
825.62 813.74 7056.02 0.48 
658.99 794.22 7007.84 0.29 
952.71 636.48 5592.41 0.37 
671.16 541.08 6073.27 0.39 
648.28 640.42 6535.99 0.43 
701.72 1302.06 5339.14 0.31 
1101.65 600.31 7254.76 0.26 
1439.96 984.47 7325.05 0.38 
870.27 990.37 6747.24 0.55 
558.73 551.47 7106.74 0.46 
872.82 736.88 7192.97 0.28 
883.67 796.90 7368.87 0.34 
743.70 689.89 6577.57 0.32 
810.36 796.66 6195.82 0.44 
704.14 601.55 5756.26 0.54 
1178.57 573.43 5092.16 0.31 
1160.65 978.90 6989.76 0.50 
763.32 766.05 5990.43 0.54 
997.96 579.91 6771.44 0.45 
572.16 943.06 7695.64 0.18 
1041.05 793.08 6899.10 0.53 
626.28 827.12 7414.61 0.49 
973.53 784.95 7353.19 0.49 
694.98 1051.18 7763.91 0.37 
1186.68 597.25 6337.51 0.27 
580.18 798.19 5858.47 0.61 
930.42 624.32 6318.86 0.34 
1078.02 577.32 7268.98 0.48 
718.84 624.90 6204.87 0.56 
951.92 859.22 6694.75 0.64 
844.81 1368.54 6488.57 0.41 
712.39 617.94 5941.07 0.51 
660.82 854.15 5963.58 0.48 
1410.60 802.26 6546.24 0.50 
843.89 739.07 6319.41 0.56 
612.09 946.95 6572.16 0.51 
599.93 691.91 7532.12 0.33 
958.25 614.52 7248.85 0.35 
551.03 1025.50 6214.78 0.44 
1085.87 1404.68 7407.87 0.25 
789.96 889.29 6793.26 0.41 
777.12 715.65 6009.86 0.39 
653.96 591.48 7104.08 0.31 
1578.06 703.64 7381.40 0.57 
945.75 937.91 6387.47 0.36 
1303.42 728.62 6443.77 0.62 
1203.53 906.92 5640.20 0.30 
850.28 785.99 6509.17 0.45 
720.47 1020.93 6754.62 0.40 
563.84 689.04 7233.82 0.44 
939.11 637.10 6611.64 0.37 
616.71 847.46 6039.11 0.48 
616.70 783.96 7054.60 0.35 
564.80 1028.82 6966.47 0.48 
645.91 1154.30 5820.68 0.50 
657.70 1277.36 7155.68 0.42 
1235.16 865.16 5549.36 0.56 
552.80 906.81 7443.44 0.15 
608.95 1216.15 7196.61 0.50 
1498.09 730.21 5940.48 0.27 
864.63 896.30 6014.61 0.49 
813.01 651.26 7283.06 0.47 
638.77 768.45 7012.58 0.43 
717.92 879.97 7571.46 0.27 
789.86 1048.75 6925.87 0.43 
894.20 617.23 6995.12 0.26 
853.17 1233.75 6855.87 0.18 
1052.11 594.31 7156.10 0.36 
592.69 588.71 7013.65 0.38 
547.43 586.98 7101.15 0.53 
1282.81 931.47 6177.20 0.41 
700.26 964.77 5004.52 0.40 
634.27 584.12 6340.20 0.43 
809.00 944.02 7268.10 0.56 
948.12 648.65 7164.32 0.40 
897.19 1062.85 6366.21 0.56 
577.77 972.55 6364.58 0.32 
763.72 760.09 5952.05 0.25 
572.48 736.45 6983.26 0.52 
745.01 795.03 5903.37 0.48 
597.94 1080.12 7157.97 0.30 
577.53 877.58 6216.46 0.32 
679.96 634.78 6874.67 0.38 
587.31 632.64 6446.30 0.40 
720.72 866.89 6689.62 0.25 
588.76 675.66 6647.52 0.45 
705.55 740.71 6086.94 0.49 
955.14 1056.52 5704.69 0.33 
677.68 854.16 6653.49 0.47 
816.07 1008.73 6432.28 0.40 
572.75 604.60 6913.80 0.47 
667.03 621.73 7534.90 0.41 
945.86 777.78 6917.43 0.42 
597.98 852.01 7041.31 0.52 
634.50 668.39 7172.01 0.55 
655.03 668.33 6557.98 0.38 
897.16 1106.56 6337.90 0.50 
781.35 580.20 7681.73 0.42 
1149.43 782.89 6539.11 0.26 
691.71 585.62 7312.41 0.23 
582.49 868.52 6648.39 0.41 
724.93 700.90 6468.58 0.36 
812.68 592.19 7078.53 0.34 
844.83 599.28 6433.44 0.42 
793.19 1048.85 6690.34 0.39 
618.81 985.46 6776.06 0.55 
616.04 835.11 6332.67 0.54 
894.43 817.91 6503.60 0.38 
1149.07 803.98 6387.22 0.49 
703.41 946.25 7661.13 0.42 
890.50 659.51 6699.06 0.23 
631.09 1513.59 6839.86 0.36 
659.19 624.31 7940.05 0.41 
759.89 929.22 6046.34 0.34 
1123.68 575.02 6421.29 0.46 
585.11 1404.62 7032.78 0.34 
721.87 595.35 7252.18 0.31 
1390.52 612.55 6804.25 0.63 
905.48 838.39 7188.46 0.50 
553.79 595.51 7168.23 0.34 
655.82 885.53 6483.13 0.24 
573.22 1296.35 7144.21 0.35 
618.97 1265.17 7119.25 0.30 
551.28 719.05 6664.48 0.31 
824.21 937.32 6401.33 0.28 
825.05 764.32 6618.45 0.44 
786.22 910.23 6193.92 0.41 
569.22 682.39 6498.17 0.28 
820.58 562.27 6805.12 0.29 
661.84 799.09 7428.72 0.18 
1206.19 1036.71 6332.45 0.41 
795.84 643.13 6756.41 0.47 
801.14 854.71 6214.84 0.59 
608.08 718.31 7186.75 0.36 
930.64 545.02 7788.15 0.52 
891.55 963.93 6958.87 0.47 
629.23 841.83 7240.95 0.31 
625.21 621.63 5976.37 0.45 
1031.67 680.45 6719.05 0.34 
737.88 549.57 5914.01 0.48 
858.14 560.51 6538.20 0.42 
1381.56 1057.76 6601.35 0.42 
1050.46 1310.07 6958.34 0.40 
1282.54 657.76 6813.58 0.64 
543.23 888.19 6831.48 0.28 
907.14 661.06 6274.83 0.41 
854.50 1148.10 6698.97 0.38 
1017.95 562.86 7928.80 0.28 
694.55 893.46 7790.39 0.50 
1016.56 627.98 7231.48 0.43 
722.22 617.42 6942.80 0.37 
749.20 666.78 6704.64 0.44 
802.38 579.79 7686.76 0.47 
1098.15 693.44 5838.16 0.20 
683.61 875.27 7319.04 0.50 
674.92 1168.91 6312.05 0.29 
665.30 563.15 6246.93 0.56 
634.55 871.26 6170.89 0.38 
1123.85 883.07 6696.59 0.36 
644.21 561.58 6804.12 0.36 
694.99 923.40 6604.18 0.39 
798.95 645.50 6253.67 0.43 
720.67 844.86 5395.59 0.42 
619.14 642.14 6619.33 0.44 
849.70 773.60 6645.06 0.38 
671.67 632.63 6823.15 0.40 
822.10 1607.06 6449.53 0.16 
668.94 564.50 6124.21 0.25 
691.78 1051.87 6334.06 0.56 
666.70 569.43 7567.22 0.47 
641.91 687.49 5423.68 0.25 
1252.85 1100.08 6897.96 0.33 
654.45 564.65 6256.65 0.36 
549.80 1184.84 7307.74 0.41 
883.54 812.39 6220.67 0.54 
607.16 995.37 7407.95 0.45 
