1084.93 578.98 6117.53 0.38 
776.00 838.51 6085.85 0.56 
714.79 978.31 7348.48 0.30 
937.53 649.42 5822.68 0.30 
803.28 600.89 5605.19 0.38 
734.87 1243.13 5985.60 0.39 
658.77 938.89 7507.37 0.41 
594.88 696.68 6370.58 0.37 
712.71 1144.44 6438.21 0.41 
701.94 750.61 5884.00 0.48 
765.09 1046.02 5017.38 0.37 
870.14 652.17 6746.48 0.47 
570.83 628.07 5599.11 0.26 
654.26 715.38 7183.24 0.46 
709.07 633.39 6762.33 0.44 
1022.73 655.61 5783.01 0.44 
1156.34 733.33 7235.36 0.38 
584.75 543.41 6815.55 0.47 
785.25 940.81 6387.79 0.55 
608.08 650.36 7033.70 0.48 
980.65 958.43 6923.59 0.31 
764.87 705.50 6622.10 0.24 
653.83 648.20 6319.72 0.15 
691.92 684.32 7173.34 0.54 
1223.88 832.57 7370.39 0.27 
624.61 1037.18 6485.98 0.44 
928.64 1158.04 7437.42 0.48 
831.51 880.03 6111.49 0.30 
638.58 547.34 7333.45 0.50 
727.58 582.98 6476.15 0.41 
1164.45 877.23 5171.45 0.27 
771.40 954.02 6411.90 0.56 
759.99 922.69 7835.60 0.33 
1047.44 643.13 6763.75 0.39 
606.48 557.53 7007.33 0.27 
939.13 670.95 6713.32 0.34 
945.68 838.49 7797.53 0.24 
718.71 571.86 6967.54 0.36 
1225.07 822.96 7721.02 0.59 
633.93 845.96 5734.97 0.58 
589.76 728.44 6705.30 0.51 
640.10 702.97 7245.72 0.46 
600.89 879.94 6154.97 0.41 
785.20 1570.76 6963.37 0.49 
1021.08 615.22 6667.12 0.13 
551.76 580.01 7767.88 0.45 
869.64 1117.29 6130.89 0.43 
761.01 1004.16 6237.23 0.47 
673.15 1103.12 6751.02 0.30 
976.86 722.17 7677.39 0.25 
822.98 582.25 5883.82 0.46 
1080.05 1472.48 6382.18 0.51 
579.62 633.46 7046.50 0.51 
1041.83 672.05 6479.89 0.40 
891.68 749.35 6414.88 0.51 
1123.58 1127.22 7267.32 0.34 
843.00 810.50 6546.35 0.49 
578.65 957.95 6609.49 0.12 
751.51 650.29 5742.56 0.37 
712.92 784.73 6725.30 0.42 
689.22 569.41 6030.18 0.30 
815.77 590.18 7000.72 0.27 
794.94 800.90 7173.56 0.28 
615.86 1357.83 6827.48 0.21 
1178.68 853.83 7429.86 0.48 
769.66 985.89 7303.44 0.59 
877.29 928.17 4858.41 0.27 
1237.93 1049.55 6783.90 0.56 
941.65 709.22 7700.79 0.34 
566.11 1124.16 6154.13 0.33 
809.26 999.95 7799.04 0.27 
1046.19 669.66 6869.65 0.57 
690.62 942.68 7111.27 0.33 
826.55 620.36 7005.53 0.48 
829.08 1240.90 7377.50 0.35 
700.93 580.91 6637.37 0.55 
554.94 890.96 6671.18 0.33 
743.45 676.45 6190.34 0.42 
1462.20 690.07 5855.34 0.43 
921.61 972.52 6610.91 0.19 
958.61 996.28 6091.19 0.37 
673.44 1280.88 6765.51 0.28 
635.04 658.36 6095.60 0.49 
1148.81 788.97 7027.01 0.44 
646.54 655.89 7571.74 0.39 
679.27 804.78 6346.94 0.29 
818.00 757.63 6417.93 0.31 
619.86 808.18 6742.79 0.42 
868.78 1065.21 5652.65 0.41 
905.13 931.09 6427.32 0.51 
668.12 997.27 7965.65 0.34 
698.86 1088.24 6058.41 0.41 
809.82 655.08 6832.06 0.46 
795.56 905.29 6732.44 0.26 
540.16 989.63 7602.85 0.39 
594.61 909.84 6281.67 0.17 
999.48 838.50 5495.22 0.40 
673.18 609.26 7378.09 0.52 
657.45 734.56 6777.82 0.16 
549.62 548.22 6479.54 0.42 
878.79 717.69 7094.54 0.45 
