789.65 576.44 7501.99 0.48 
747.93 648.28 6581.85 0.58 
968.47 799.71 6673.26 0.47 
840.51 786.04 6596.18 0.43 
911.40 579.55 6799.41 0.30 
775.65 744.42 5415.78 0.35 
803.38 1129.51 6540.63 0.50 
556.61 936.19 6213.23 0.27 
651.95 1163.20 7500.97 0.38 
1041.09 604.90 7027.41 0.54 
770.62 902.50 6195.86 0.54 
822.69 800.21 7208.27 0.25 
587.45 1057.68 5539.69 0.43 
918.27 988.32 6555.38 0.33 
915.62 642.05 7560.83 0.51 
635.10 700.74 5820.42 0.13 
590.10 1340.68 6266.65 0.33 
1132.51 1275.27 6001.61 0.29 
704.58 778.38 6052.58 0.56 
650.04 593.06 7910.32 0.46 
833.37 848.47 6927.32 0.33 
1243.22 714.18 6363.23 0.53 
1121.78 542.33 5467.47 0.39 
648.51 825.17 6601.78 0.27 
645.20 976.08 7004.14 0.48 
806.99 1206.09 7630.22 0.30 
552.67 671.44 7402.89 0.60 
563.69 1002.10 6702.08 0.44 
556.51 822.56 6324.54 0.32 
1120.60 558.78 6564.74 0.54 
625.77 1355.34 6306.75 0.16 
886.81 773.34 6848.86 0.49 
574.93 715.01 6258.21 0.33 
1301.27 931.53 6393.06 0.29 
729.66 1063.94 6930.13 0.38 
624.32 782.09 6983.58 0.30 
790.77 892.13 7229.32 0.56 
711.50 997.71 5997.45 0.33 
609.05 726.00 5842.56 0.41 
851.95 863.43 7311.68 0.40 
834.42 554.59 6687.22 0.55 
1008.94 759.65 6714.28 0.40 
1542.60 758.90 6416.14 0.44 
568.12 915.33 7148.24 0.43 
815.29 686.47 6599.38 0.49 
1036.64 631.47 6095.70 0.31 
644.98 791.49 6904.84 0.27 
768.12 1047.84 5703.12 0.29 
638.29 960.71 5659.99 0.43 
1032.34 605.64 6943.45 0.32 
614.85 751.65 7387.32 0.40 
1017.66 646.24 6953.31 0.50 
836.89 932.51 7144.27 0.48 
709.52 810.44 7045.06 0.32 
603.07 661.67 4442.54 0.44 
629.31 756.58 6517.25 0.46 
755.11 1159.97 7212.59 0.36 
617.98 1282.22 5989.15 0.54 
684.55 874.90 6745.75 0.24 
882.00 1017.92 5493.29 0.12 
562.84 789.72 6894.41 0.45 
590.35 830.97 6910.39 0.29 
679.04 715.80 6666.08 0.47 
1045.77 830.06 6651.23 0.41 
567.12 1083.07 6514.25 0.44 
1126.54 938.25 6385.66 0.56 
654.11 929.85 6825.86 0.42 
592.98 786.77 6278.07 0.45 
1071.09 617.37 7094.29 0.50 
632.54 872.91 6953.26 0.25 
701.22 757.02 6700.90 0.47 
729.31 671.62 6042.34 0.53 
1346.61 625.87 6003.08 0.47 
586.68 574.75 6650.27 0.35 
769.78 619.51 5745.08 0.60 
584.20 773.70 6083.84 0.40 
1242.61 850.69 6542.37 0.46 
1087.00 744.68 6675.61 0.43 
904.82 1102.21 6479.98 0.25 
798.77 644.21 7543.94 0.39 
629.15 668.62 6324.60 0.58 
625.59 693.64 5596.93 0.22 
856.79 726.42 6196.78 0.47 
561.07 695.26 6422.15 0.52 
807.80 1308.16 7202.12 0.24 
1170.65 1157.89 6872.40 0.24 
704.90 594.17 6903.92 0.25 
845.46 664.45 6471.54 0.51 
1090.67 1138.33 6978.85 0.41 
625.93 580.15 7253.53 0.33 
953.44 690.68 7203.32 0.44 
