837.46 752.84 6499.64 0.32 
640.96 968.80 7117.35 0.34 
1261.51 1139.61 6372.83 0.16 
716.57 905.53 6933.32 0.27 
1164.25 641.00 6184.48 0.42 
592.45 738.56 5289.20 0.35 
991.00 854.94 6111.65 0.41 
690.96 651.94 5474.68 0.28 
612.37 904.35 5438.75 0.29 
1367.40 959.67 6012.07 0.49 
618.75 1100.16 7059.19 0.53 
804.10 579.00 6229.18 0.46 
804.22 1215.52 6873.61 0.38 
731.52 1180.58 7111.10 0.41 
655.65 570.84 6237.82 0.25 
1163.93 1344.44 6853.12 0.25 
546.50 568.23 7192.05 0.34 
741.88 826.36 6099.79 0.50 
1011.58 541.18 5241.79 0.29 
566.38 807.15 6159.97 0.21 
592.07 657.51 6980.53 0.35 
541.37 877.57 6929.18 0.58 
711.47 930.88 5930.40 0.35 
752.25 930.37 6745.06 0.34 
897.72 881.57 6054.40 0.40 
643.20 864.60 6416.20 0.20 
637.42 1047.15 6570.41 0.35 
960.92 863.96 7248.36 0.25 
690.60 725.13 7904.62 0.31 
788.22 835.86 7302.94 0.43 
648.68 631.80 6668.56 0.39 
1005.91 803.35 7853.00 0.34 
1098.47 577.91 6931.96 0.25 
758.83 594.68 6549.25 0.52 
1232.39 931.41 6298.33 0.39 
1189.50 1263.14 6533.50 0.31 
582.59 659.24 4898.81 0.31 
818.40 559.56 5933.00 0.44 
885.32 781.53 6878.95 0.59 
657.30 670.81 7321.67 0.39 
687.08 737.90 6606.36 0.23 
580.74 1281.78 5591.28 0.30 
1112.22 891.31 6122.03 0.53 
925.48 846.54 7066.29 0.36 
878.51 651.41 6335.63 0.49 
667.32 592.41 6315.42 0.16 
908.11 792.97 7108.53 0.40 
688.25 570.52 6772.78 0.35 
847.38 1154.33 7818.53 0.25 
730.85 922.70 5341.99 0.45 
1090.24 678.45 7214.85 0.41 
1204.63 657.93 6349.85 0.50 
1043.44 699.78 7308.05 0.47 
734.95 1201.29 6776.85 0.36 
987.16 632.11 6972.23 0.29 
606.77 578.54 7442.59 0.27 
699.40 888.17 6717.29 0.35 
753.69 923.09 6288.60 0.50 
769.65 1331.38 6954.18 0.41 
738.67 561.38 6920.94 0.56 
734.44 951.99 6481.45 0.30 
1181.14 630.04 6821.87 0.27 
578.35 734.77 6785.95 0.36 
599.51 677.80 7501.67 0.39 
1039.98 1129.64 7729.81 0.52 
1190.91 553.32 6990.70 0.46 
739.60 672.93 5947.65 0.37 
1049.07 619.52 7050.33 0.38 
766.44 1236.55 6477.08 0.30 
908.65 763.42 7245.71 0.43 
739.50 697.77 6109.46 0.43 
