25 24 7 11 21 14 8 30 20 22 15 26 2 27 28 6 18 16 19 9 5 17 1 3 12 29 10 4 23 13 
Moving time: 86.68 201.30 220.15 397.64 565.96 599.95 841.34 916.06 1086.58 1233.53 1306.26 1366.28 1464.73 1530.27 1612.30 1669.32 1793.19 1961.67 2015.67 2159.66 2251.76 2414.48 2475.26 2628.66 2697.70 2802.10 2968.19 3109.90 3132.18 3285.56 3431.40 
Best fitness: 0.00
Worst fitness: 0.0
Average fitness: 0.00
Alpha: 0.50
K: 0.02
Crossover probability: 0.50
Mutation probability: 0.10
Change mutation operator probability 1: 0.15
Change mutation operator probability 2: 0.15