51 69 54 47 11 36 12 39 34 61 57 15 33 68 25 40 53 30 28 20 16 70 9 5 35 27 14 56 3 13 62 63 2 23 67 19 52 50 65 17 37 4 49 60 55 22 59 64 48 58 42 38 10 8 46 6 29 24 41 43 26 32 45 44 7 1 31 21 66 18 
Moving time: 141.16 224.74 286.72 298.70 370.81 416.51 428.99 472.12 478.16 571.69 594.66 637.25 678.04 713.72 863.36 883.58 937.34 956.51 1054.90 1102.02 1135.37 1200.09 1302.44 1334.45 1371.56 1425.54 1510.21 1528.66 1618.91 1757.83 1789.76 1977.87 2003.35 2050.21 2085.41 2248.44 2294.44 2317.36 2420.18 2517.29 2565.31 2664.90 2731.30 2752.11 2779.68 2798.16 2879.48 2947.69 2972.74 3052.60 3097.29 3239.82 3302.37 3345.52 3393.10 3454.23 3554.47 3659.80 3704.61 3771.50 3859.10 3935.01 3954.99 4005.12 4112.40 4129.14 4232.35 4262.30 4329.11 4458.02 4504.24 
Best fitness: 3.00
Worst fitness: 5.0
Average fitness: 4.23
Alpha: 0.50
K: 0.02
Crossover probability: 0.50
Mutation probability: 0.10
Change mutation operator probability 1: 0.15
Change mutation operator probability 2: 0.15