539.26 571.50 0.68 7136.25
447.02 548.29 0.55 7161.62
468.88 598.66 0.54 8785.73
516.17 533.79 0.35 7596.58
455.21 422.90 0.54 8383.44
500.96 513.85 0.55 7562.33
519.17 533.57 0.36 7691.21
501.14 512.06 0.54 7385.92
529.25 446.73 0.65 7488.52
505.54 568.51 0.61 7902.78
579.66 466.99 0.47 7724.58
441.59 520.86 0.43 8487.08
493.49 410.65 0.44 6536.79
523.60 560.85 0.39 5938.79
453.10 515.85 0.62 6222.20
457.99 426.22 0.42 5453.65
494.92 556.23 0.48 8168.91
496.76 500.88 0.66 6659.76
507.84 541.48 0.40 5578.25
533.02 537.96 0.55 4948.45
457.14 498.85 0.60 6709.32
630.16 474.20 0.52 8171.89
425.61 569.30 0.53 8053.02
559.68 440.62 0.52 6994.00
505.01 519.86 0.39 7994.38
526.18 435.58 0.35 6138.98
568.96 495.07 0.41 4873.71
438.99 634.65 0.31 6747.08
569.21 428.03 0.60 6822.78
471.14 481.93 0.52 5989.66
583.18 495.01 0.36 5617.09
497.14 424.80 0.41 8106.70
486.24 536.28 0.44 7959.27
472.85 520.35 0.42 6494.64
488.45 528.28 0.48 7156.93
506.45 497.18 0.56 6432.50
513.38 539.62 0.49 6639.98
487.30 537.74 0.74 8462.73
510.08 440.07 0.49 7522.65
440.42 437.18 0.38 6223.28
458.02 502.61 0.56 6315.97
468.03 516.79 0.46 8101.04
492.70 435.76 0.69 6928.43
436.89 470.00 0.53 8444.38
497.80 506.49 0.40 6870.19
552.73 569.81 0.57 7191.73
516.37 556.92 0.43 6741.94
479.71 404.35 0.50 6872.02
465.59 511.37 0.54 7803.47
492.21 572.52 0.61 7446.73
493.22 520.89 0.48 4512.50
490.65 557.45 0.56 8135.84
574.15 490.57 0.47 6473.05
462.19 547.61 0.44 8601.61
497.60 487.36 0.46 7553.97
519.85 533.65 0.52 6927.98
487.12 520.81 0.63 7139.78
497.82 527.85 0.46 7284.24
572.54 513.06 0.64 6720.71
436.69 509.95 0.45 6982.18
455.50 517.07 0.31 7020.77
454.77 535.11 0.41 9075.74
473.59 619.14 0.40 7209.24
529.04 573.84 0.36 6429.81
477.65 449.32 0.56 6742.06
512.11 490.88 0.40 7513.62
460.81 526.31 0.51 6400.28
466.81 535.40 0.42 6160.09
536.89 492.86 0.64 5417.22
532.26 498.47 0.57 7955.86
601.77 538.91 0.40 7479.46
490.36 527.01 0.53 7539.07
557.88 521.45 0.46 6964.61
575.83 483.27 0.53 6194.60
602.12 495.10 0.45 6180.90
471.81 469.96 0.47 6564.40
503.73 554.57 0.47 6790.10
505.34 452.57 0.50 6589.82
505.04 542.34 0.59 6977.97
403.72 526.94 0.60 6258.39
477.83 451.84 0.44 7119.10
478.30 511.85 0.46 7021.89
508.71 494.97 0.43 8823.04
392.72 435.06 0.53 6924.67
493.59 525.26 0.48 8170.87
486.26 420.13 0.56 7788.92
538.49 535.95 0.38 8016.78
528.27 546.80 0.57 7193.38
413.38 489.53 0.40 7217.47
473.22 541.07 0.51 8341.76
635.44 546.79 0.57 8016.13
560.72 460.91 0.32 7045.52
448.69 459.84 0.50 7544.35
502.89 453.11 0.41 6856.74
508.59 406.11 0.45 7997.93
492.44 549.26 0.39 6190.84
470.16 574.82 0.43 6769.82
566.92 495.15 0.52 8712.89
425.48 457.61 0.46 6338.28
509.39 486.93 0.59 8051.19
557.11 495.24 0.56 5815.90
492.10 517.66 0.44 8495.63
461.27 471.85 0.56 7382.13
490.01 578.84 0.57 6184.01
548.39 486.78 0.48 7477.91
476.44 545.40 0.52 5077.54
509.01 493.15 0.70 5586.48
467.89 426.57 0.60 7050.18
527.54 457.34 0.53 7093.38
556.76 461.34 0.55 5908.64
439.36 528.73 0.57 6634.23
484.70 574.37 0.35 7555.98
521.04 520.57 0.34 6230.74
420.70 393.05 0.24 5610.09
521.41 551.36 0.31 6724.96
518.48 550.61 0.39 6689.60
517.33 498.72 0.54 7390.79
491.54 578.64 0.59 6642.22
609.81 504.44 0.73 5443.85
534.09 457.42 0.47 6821.18
471.76 504.30 0.46 5576.27
475.24 401.63 0.42 7118.70
454.58 529.72 0.60 6771.39
553.20 527.53 0.33 7549.92
473.73 510.05 0.55 8867.26
454.91 408.15 0.67 7819.11
475.82 496.09 0.41 6319.57
566.41 496.21 0.57 7321.12
446.89 555.38 0.48 5505.40
444.42 432.11 0.45 9297.29
417.30 600.57 0.50 7026.90
533.19 430.39 0.61 5269.98
439.01 366.13 0.55 8709.33
515.82 568.06 0.30 8010.24
520.82 533.46 0.63 5852.46
585.14 527.46 0.45 7199.49
498.10 444.02 0.44 7070.86
507.04 469.29 0.53 7762.61
584.04 420.96 0.51 6062.29
494.12 527.68 0.51 7039.36
433.56 577.87 0.31 7973.96
469.27 483.75 0.39 6449.21
523.54 454.42 0.66 5673.36
466.58 526.96 0.37 7368.59
533.97 457.75 0.55 5912.31
475.75 407.79 0.58 7153.38
469.24 456.36 0.58 6682.68
562.64 641.56 0.56 7296.86
524.37 465.97 0.38 6977.93
565.35 453.50 0.50 6288.12
487.34 517.64 0.43 7501.57
511.37 562.47 0.66 8241.44
588.15 557.21 0.49 6778.33
510.34 530.09 0.49 7087.00
535.18 512.46 0.52 6613.88
619.83 492.98 0.50 7516.24
533.99 436.26 0.53 7097.07
370.47 506.51 0.34 8618.62
598.70 454.20 0.38 5917.13
484.03 482.90 0.54 6861.63
587.32 385.83 0.71 6611.21
581.77 466.83 0.45 7481.54
541.88 439.81 0.51 6975.38
522.31 577.81 0.64 7289.73
435.82 510.10 0.54 8276.00
439.18 522.62 0.68 7931.83
511.83 502.60 0.52 5505.46
499.93 461.69 0.47 6174.00
501.44 485.13 0.28 5753.06
454.22 509.96 0.42 7168.83
447.70 499.19 0.50 7328.25
557.34 503.13 0.37 6154.17
427.52 469.01 0.41 7384.88
496.32 500.62 0.59 5295.46
394.17 436.49 0.23 7533.10
482.06 496.49 0.65 6461.68
392.86 419.89 0.63 6320.65
482.18 536.87 0.49 7548.23
501.13 524.09 0.48 7210.70
467.90 512.26 0.30 6951.60
545.31 567.78 0.50 5758.76
462.81 491.94 0.54 7615.11
544.69 460.74 0.41 6012.99
500.88 433.29 0.47 8101.44
427.71 533.29 0.55 6539.89
509.00 570.70 0.56 7991.46
529.83 554.80 0.50 6443.49
525.88 551.57 0.47 7530.89
528.36 482.45 0.49 8609.42
551.53 491.20 0.40 7629.42
472.67 509.41 0.33 6117.05
493.18 531.56 0.60 8269.88
488.76 552.25 0.34 7640.48
549.66 446.16 0.65 7982.08
500.91 416.09 0.49 6571.85
521.08 443.38 0.61 7817.85
524.77 519.05 0.51 6888.27
477.58 502.44 0.75 7182.45
448.52 498.35 0.62 6751.69
530.12 529.08 0.49 6619.76
23251.740685418914