505.32 631.94 1193.57 0.28 
625.60 814.62 2123.68 0.38 
842.55 111.03 889.46 0.40 
614.34 174.96 1855.00 0.34 
129.18 373.66 1589.40 0.21 
61.60 607.57 1268.50 0.51 
75.42 662.42 543.57 0.31 
15.44 495.75 754.23 0.38 
774.93 436.02 1347.96 0.34 
228.35 720.58 1341.19 0.22 
829.27 705.04 1678.82 0.50 
48.26 236.76 1678.11 0.54 
862.14 440.02 1828.39 0.35 
619.83 764.58 1033.12 0.41 
160.16 966.31 585.54 0.54 
159.01 987.29 2267.06 0.20 
558.13 160.35 803.25 0.56 
406.54 666.26 919.11 0.36 
9.03 333.80 1501.54 0.57 
766.30 667.47 1267.58 0.40 
265.32 229.57 1940.67 0.44 
575.36 397.45 1947.20 0.52 
800.77 304.01 823.38 0.44 
367.63 517.11 2861.11 0.52 
150.69 882.57 2602.19 0.46 
519.87 807.80 2203.66 0.35 
700.87 255.78 1926.34 0.46 
899.23 555.21 730.26 0.35 
148.61 934.20 1270.99 0.54 
858.27 968.52 1316.48 0.31 
256.03 165.51 1550.01 0.44 
394.46 721.36 821.64 0.47 
560.24 195.82 1306.31 0.28 
456.05 268.59 1678.05 0.19 
665.70 347.53 1084.14 0.31 
139.16 821.70 1297.42 0.32 
971.84 705.48 1708.90 0.48 
986.94 743.65 2385.05 0.21 
858.38 424.73 1338.82 0.42 
331.91 219.03 2460.93 0.53 
718.71 471.57 1601.42 0.50 
878.77 763.55 601.78 0.30 
879.27 13.08 1957.70 0.33 
722.91 930.78 1355.19 0.46 
533.01 911.14 2654.15 0.28 
159.18 256.11 1046.99 0.60 
835.43 538.03 564.53 0.41 
827.44 428.07 814.98 0.35 
330.89 802.10 1316.65 0.33 
541.91 102.80 2326.63 0.19 
789.85 191.93 891.68 0.59 
88.02 965.41 1643.17 0.61 
317.95 362.04 1316.30 0.56 
75.56 206.28 2643.83 0.41 
547.73 288.28 1391.68 0.42 
794.08 712.90 793.18 0.45 
722.25 16.92 2083.10 0.18 
814.37 0.13 964.76 0.45 
236.31 172.34 1955.76 0.42 
658.52 311.45 2346.52 0.40 
499.66 529.21 1263.51 0.41 
264.60 848.01 2033.80 0.55 
943.66 406.78 1230.56 0.24 
698.12 726.46 1160.79 0.48 
299.42 417.73 1181.11 0.68 
810.38 862.39 1818.60 0.44 
452.55 167.32 1556.74 0.45 
467.39 436.41 1659.43 0.39 
825.71 20.43 1584.11 0.51 
929.11 162.36 1842.37 0.16 
282.22 654.95 2097.60 0.31 
755.69 60.31 1696.93 0.25 
486.54 126.57 954.92 0.45 
769.44 485.35 1335.21 0.37 
833.80 860.02 1445.08 0.43 
572.79 501.60 1176.16 0.38 
881.88 836.03 891.10 0.29 
583.51 369.59 1608.57 0.49 
424.46 197.76 1206.58 0.42 
620.36 565.83 1318.86 0.40 
250.77 191.55 1843.16 0.49 
580.75 831.95 837.05 0.43 
390.88 375.78 1822.73 0.32 
475.10 795.80 1418.79 0.45 
470.38 173.16 1475.83 0.49 
1.44 580.10 1557.18 0.25 
244.37 351.12 1717.43 0.22 
393.85 959.97 909.91 0.43 
580.29 844.71 2777.87 0.37 
596.45 318.61 1864.09 0.51 
67.94 387.75 1455.51 0.50 
991.76 228.86 1356.24 0.33 
90.93 798.44 1801.29 0.16 
243.22 635.07 1580.33 0.37 
959.98 35.00 654.78 0.43 
41.80 578.73 1412.43 0.53 
528.01 556.66 1688.29 0.37 
128.25 285.53 2824.89 0.13 
349.61 313.13 1600.30 0.40 
297.00 373.38 1443.62 0.34 
762.91 258.15 2244.78 0.43 
782.90 437.78 964.08 0.44 
435.51 514.55 1941.54 0.42 
546.66 391.69 1238.65 0.38 
684.28 782.34 1196.15 0.32 
272.07 576.53 1514.80 0.32 
833.29 807.15 2541.28 0.44 
83.38 792.92 1296.52 0.55 
676.98 445.73 1587.41 0.12 
4.05 326.08 809.68 0.54 
755.25 261.17 1179.95 0.64 
379.77 640.89 664.40 0.61 
191.95 542.58 935.31 0.28 
955.13 404.51 682.70 0.36 
692.41 11.63 1622.54 0.46 
52.39 644.90 1212.14 0.40 
414.35 296.07 1330.81 0.44 
584.22 287.13 2143.69 0.38 
620.05 15.41 2315.69 0.62 
124.54 717.31 1154.84 0.48 
666.94 236.01 1075.04 0.47 
349.98 928.04 1698.10 0.47 
206.29 265.43 1554.05 0.28 
190.82 796.43 1700.26 0.25 
722.04 626.07 1892.85 0.42 
537.33 64.85 1848.90 0.43 
367.18 384.07 1246.02 0.52 
332.97 138.22 1621.91 0.23 
637.72 325.65 1318.47 0.34 
50.17 215.01 1018.48 0.47 
782.66 233.51 1850.88 0.37 
540.30 941.52 545.94 0.44 
82.37 391.01 789.98 0.28 
933.62 461.22 2406.91 0.35 
664.24 553.11 1777.04 0.42 
947.27 738.75 2559.54 0.34 
366.94 794.98 611.41 0.38 
651.90 519.10 1491.98 0.42 
148.27 661.85 1556.98 0.35 
416.66 457.83 1613.45 0.34 
565.01 876.37 1699.02 0.44 
566.70 381.86 1380.84 0.44 
178.10 948.82 2312.73 0.62 
868.91 440.86 1512.75 0.58 
168.42 517.79 2284.88 0.38 
636.33 44.83 1455.94 0.46 
633.72 215.24 1247.80 0.51 
286.51 991.19 2064.31 0.57 
699.78 594.41 1079.24 0.28 
87.20 426.96 786.90 0.58 
769.45 928.91 1088.26 0.36 
506.85 213.06 2031.46 0.35 
582.91 936.53 1867.30 0.37 
696.97 626.92 1111.11 0.36 
728.02 104.84 1696.40 0.27 
757.76 6.35 1912.15 0.27 
358.66 905.31 2685.95 0.44 
372.59 78.11 2357.20 0.41 
13.87 835.87 2509.91 0.44 
387.17 84.20 2906.77 0.56 
25.79 693.50 1485.73 0.33 
906.76 999.92 1787.35 0.53 
328.80 462.66 1318.68 0.53 
391.34 792.07 2293.84 0.46 
885.06 632.20 2857.66 0.33 
152.64 782.02 1198.37 0.42 
100.09 994.35 1182.59 0.39 
156.11 324.46 917.84 0.53 
770.06 109.63 2975.08 0.38 
369.37 583.64 1240.47 0.47 
363.91 669.99 638.30 0.44 
291.00 658.92 1514.23 0.47 
958.78 189.67 2539.65 0.45 
160.11 481.78 2022.74 0.42 
406.42 484.81 2047.17 0.41 
558.41 157.02 1308.63 0.39 
377.89 655.16 1742.48 0.33 
249.11 960.38 1342.09 0.50 
710.25 96.75 700.82 0.43 
678.28 318.05 1657.53 0.43 
934.97 995.36 1780.67 0.54 
326.18 396.40 1215.64 0.43 
305.88 775.37 3063.48 0.49 
223.17 613.50 1664.40 0.40 
943.95 806.89 1645.38 0.39 
324.26 469.62 1541.29 0.38 
585.48 958.81 993.79 0.47 
909.72 679.19 783.68 0.50 
645.20 183.99 1338.43 0.51 
790.13 99.59 1353.68 0.54 
0.96 543.89 1000.94 0.56 
339.16 396.60 2255.57 0.45 
763.89 936.57 831.06 0.31 
458.02 595.99 1167.75 0.37 
838.53 250.35 2627.32 0.57 
643.29 556.23 1632.13 0.49 
899.14 893.64 1253.24 0.54 
742.85 198.40 775.26 0.54 
438.81 272.32 1614.32 0.56 
551.58 863.15 1279.83 0.39 
291.20 124.74 1599.77 0.48 
