412.31 831.18 1343.41 0.19 
954.53 951.49 1251.81 0.38 
637.17 575.44 2360.58 0.41 
223.76 160.54 1196.03 0.37 
772.00 88.78 804.44 0.64 
692.25 730.46 1509.40 0.41 
130.60 617.44 2273.67 0.42 
553.23 102.38 1066.96 0.39 
295.37 669.33 1329.60 0.46 
438.34 423.05 1932.69 0.30 
779.97 544.28 750.62 0.42 
341.71 761.49 708.74 0.40 
192.95 386.12 2647.91 0.38 
434.48 145.80 1511.12 0.31 
43.40 5.48 1950.82 0.43 
482.16 301.42 1119.43 0.29 
228.91 463.00 1273.40 0.41 
427.81 130.07 648.62 0.38 
352.26 576.87 737.12 0.41 
106.54 166.07 1130.05 0.27 
66.33 607.52 882.19 0.27 
132.51 535.25 662.32 0.36 
963.60 311.01 2192.06 0.60 
574.55 951.20 2028.46 0.43 
252.99 977.92 1890.96 0.69 
888.28 472.17 1673.59 0.39 
826.39 578.27 565.40 0.42 
683.28 645.64 1536.83 0.46 
861.38 508.55 2022.65 0.20 
707.42 150.69 1098.40 0.42 
966.20 930.90 1149.25 0.42 
65.16 553.21 2105.08 0.67 
4.48 258.40 2757.67 0.24 
242.82 586.09 1584.25 0.34 
178.47 876.30 1728.20 0.43 
285.66 804.93 804.76 0.42 
63.15 803.81 1400.68 0.52 
206.42 225.25 1247.34 0.39 
13.34 254.70 1200.91 0.23 
852.22 875.88 2024.55 0.47 
481.44 209.34 1168.05 0.43 
420.70 187.07 2665.97 0.46 
133.46 382.63 1902.64 0.50 
202.49 932.42 2097.45 0.35 
413.09 779.50 779.98 0.35 
995.81 550.61 809.45 0.53 
131.11 245.60 1383.09 0.33 
752.67 152.71 1817.33 0.50 
335.11 619.31 2673.40 0.43 
90.26 269.81 1732.22 0.57 
802.07 801.54 600.71 0.49 
255.43 387.05 1918.29 0.39 
983.98 13.25 1328.10 0.27 
335.56 845.72 2245.25 0.19 
691.17 891.32 1305.80 0.35 
42.45 654.73 1216.45 0.25 
615.38 769.51 3064.63 0.30 
283.26 844.96 1917.29 0.41 
447.90 343.44 2003.13 0.65 
207.82 9.72 1277.37 0.32 
639.86 970.79 1592.96 0.26 
167.58 717.46 914.47 0.42 
160.51 606.92 1294.96 0.22 
426.23 250.57 634.21 0.53 
145.45 22.90 1763.55 0.35 
867.56 136.89 1707.69 0.36 
373.07 650.01 2227.18 0.25 
894.03 797.77 1924.91 0.44 
681.81 498.77 2233.45 0.39 
199.70 264.36 1970.83 0.35 
932.44 921.61 1064.71 0.32 
