114.79 211.19 1409.37 0.51 
385.85 182.03 1576.56 0.25 
877.01 181.08 2568.84 0.47 
361.15 676.98 958.65 0.31 
970.70 791.32 1555.11 0.31 
846.88 787.59 2087.13 0.43 
947.08 235.47 1033.51 0.20 
600.51 254.86 2144.91 0.42 
471.23 7.57 2028.18 0.41 
59.81 393.95 663.22 0.44 
168.19 332.88 2072.32 0.39 
783.03 813.10 1719.19 0.36 
83.49 549.61 1451.30 0.35 
962.40 814.40 1442.34 0.51 
470.69 600.62 549.67 0.38 
245.83 354.77 2570.58 0.54 
877.81 898.28 1978.24 0.41 
662.37 49.22 1868.61 0.29 
632.12 59.44 1171.12 0.66 
81.27 349.84 1722.67 0.54 
654.00 975.37 927.57 0.35 
307.51 908.30 1614.26 0.41 
974.43 445.07 1715.07 0.45 
797.21 984.15 1483.05 0.48 
627.71 920.85 627.69 0.34 
687.26 176.21 643.12 0.51 
558.77 508.86 759.66 0.38 
699.11 393.33 1102.02 0.48 
466.85 153.37 596.80 0.41 
775.95 831.27 892.65 0.47 
830.19 284.09 696.63 0.34 
526.56 353.08 1357.85 0.38 
769.82 195.20 1762.55 0.18 
612.33 475.78 1363.59 0.35 
544.79 82.81 1489.55 0.33 
765.06 620.26 1535.76 0.55 
785.23 224.17 994.66 0.53 
750.96 186.30 599.60 0.43 
597.87 922.37 1631.87 0.35 
97.41 749.56 2023.69 0.48 
287.04 952.86 1719.55 0.24 
17.93 450.88 1667.38 0.54 
64.02 672.05 1453.80 0.29 
659.41 746.51 1559.37 0.15 
39.68 229.21 1299.47 0.39 
456.95 724.38 2241.89 0.43 
358.71 456.97 601.84 0.21 
121.11 359.82 1282.07 0.43 
214.32 702.93 1871.82 0.26 
161.16 403.58 916.35 0.35 
935.85 759.79 770.35 0.27 
127.37 165.01 1765.34 0.61 
450.61 8.58 2309.61 0.54 
151.92 700.50 1166.99 0.24 
346.93 220.51 1513.34 0.35 
300.59 845.80 1580.39 0.39 
997.24 178.90 905.84 0.33 
588.11 975.34 1253.80 0.39 
804.64 350.18 1338.08 0.27 
833.51 241.14 1016.26 0.52 
510.59 420.72 1976.97 0.34 
367.43 579.71 1811.18 0.43 
617.71 246.65 1146.11 0.27 
681.55 793.03 1994.29 0.41 
641.91 961.25 1353.68 0.06 
615.98 156.42 1919.06 0.50 
993.35 928.76 1501.76 0.40 
501.89 3.90 1241.98 0.14 
502.10 403.86 2743.61 0.44 
653.36 643.75 804.68 0.38 
739.92 89.79 921.08 0.34 
780.21 392.23 2206.57 0.32 
456.96 920.04 1275.98 0.35 
767.13 940.08 2135.61 0.40 
344.94 912.04 782.12 0.32 
36.52 221.25 976.03 0.35 
476.45 648.52 1464.16 0.35 
534.36 299.27 844.13 0.34 
751.88 81.26 600.55 0.54 
607.58 967.88 2130.79 0.49 
438.42 872.24 1358.80 0.35 
487.17 47.37 2149.47 0.35 
914.52 293.17 683.90 0.31 
266.61 97.76 2785.52 0.38 
369.82 900.78 1868.81 0.40 
635.06 138.21 1841.51 0.64 
868.31 353.73 1948.16 0.47 
859.35 217.06 951.23 0.36 
598.31 98.23 1439.18 0.36 
729.10 398.38 782.68 0.55 
625.80 440.71 1907.83 0.34 
