37 20 76 33 62 56 59 81 60 66 90 87 58 43 50 13 1 61 80 8 39 83 42 73 38 24 10 46 57 34 4 78 14 54 71 28 47 7 79 84 52 69 70 40 89 82 11 74 77 2 19 44 18 35 29 85 86 31 25 45 53 68 49 5 63 75 15 22 72 36 12 65 67 6 23 16 48 64 88 21 26 55 51 41 17 3 30 32 27 9 
Best fitness: 1.78
19 39 59 80 26 71 28 7 60 14 83 33 75 76 37 20 77 43 85 52 50 13 46 73 38 70 62 74 18 87 45 61 78 8 47 5 57 34 1 56 86 31 35 29 58 84 69 2 51 89 11 82 41 17 40 63 49 36 65 12 6 54 79 44 66 81 90 68 48 16 88 53 21 23 4 24 32 72 15 10 67 55 42 27 30 3 25 64 22 9 
Worst fitness: 2.06

Alpha: 0.50
K: 0.01
Crossover probability: 0.50
Mutation probability: 0.10
Change mutation operator probability 1: 0.15
Change mutation operator probability 2: 0.00