17 59 7 27 67 42 18 52 14 38 63 64 33 44 66 68 61 40 49 5 70 58 3 46 8 30 47 41 2 34 31 43 24 48 32 37 56 19 26 29 6 25 51 55 69 11 23 28 53 20 57 45 1 50 35 10 9 12 60 13 4 16 65 36 54 22 21 39 15 62 
Best fitness: 1.24
17 43 64 33 9 63 26 38 14 44 52 2 47 30 60 41 31 34 42 18 66 24 48 61 49 46 3 59 22 70 5 40 4 16 37 56 19 67 7 27 58 28 13 8 68 35 29 6 25 65 23 11 69 55 32 51 57 45 1 62 53 54 10 50 36 12 20 21 15 39 
Worst fitness: 1.43

Alpha: 0.50
K: 0.01
Crossover probability: 0.50
Mutation probability: 0.10
Change mutation operator probability 1: 0.15
Change mutation operator probability 2: 0.00