73 38 52 67 72 43 61 23 55 53 3 54 37 78 44 8 36 17 18 57 58 59 9 14 10 33 22 50 51 28 16 62 80 7 31 68 20 29 65 27 75 30 1 71 69 45 47 19 26 74 41 49 24 40 70 6 48 60 63 15 79 2 13 77 46 64 32 35 39 66 12 4 42 25 56 76 11 34 5 21 
Best fitness: 1.62
63 70 52 53 37 29 31 26 47 71 41 19 22 51 6 43 61 72 23 33 14 9 57 69 45 79 49 3 54 13 55 62 80 7 59 36 18 74 10 39 50 16 28 60 38 46 24 40 66 77 78 65 76 68 56 58 11 1 2 15 73 67 48 64 12 5 42 25 44 8 17 75 30 27 20 32 35 34 21 4 
Worst fitness: 1.91

Alpha: 0.50
K: 0.01
Crossover probability: 0.50
Mutation probability: 0.10
Change mutation operator probability 1: 0.15
Change mutation operator probability 2: 0.00