42 80 16 7 14 47 12 18 29 48 40 56 33 37 32 11 5 72 53 68 59 35 58 78 60 34 77 9 63 67 27 44 50 79 8 52 25 51 55 75 19 10 15 26 24 31 73 23 65 30 76 41 66 46 22 2 3 13 1 17 21 36 38 54 71 28 39 61 70 64 4 74 62 20 69 43 6 49 57 45 
Best fitness: 3.00
16 7 44 27 37 10 14 47 12 29 33 32 52 75 79 9 58 78 60 34 35 59 41 77 73 80 42 72 5 40 71 43 66 15 24 67 30 63 68 53 18 13 56 19 8 55 25 21 3 17 2 11 76 22 48 46 28 26 31 62 39 70 51 36 38 1 6 4 74 49 50 57 64 65 61 20 69 54 45 23 
Worst fitness: 3.83

Alpha: 0.50
K: 0.01
Crossover probability: 0.50
Mutation probability: 0.10
Change mutation operator probability 1: 0.15
Change mutation operator probability 2: 0.00