642.28 676.42 1637.18 0.30 
574.13 580.80 2123.55 0.44 
573.34 624.92 1012.17 0.36 
782.84 622.55 959.93 0.41 
621.45 646.09 998.44 0.32 
779.06 605.66 1387.87 0.59 
674.78 632.22 843.02 0.27 
667.82 606.03 1318.90 0.55 
751.20 621.77 1740.71 0.39 
549.23 590.18 1120.83 0.43 
581.94 717.08 1279.13 0.48 
641.38 631.61 1105.05 0.44 
629.99 684.47 2379.95 0.30 
540.60 586.49 1071.32 0.52 
626.20 636.41 1263.85 0.42 
590.37 554.55 1229.86 0.39 
606.09 652.79 845.27 0.48 
884.91 622.46 1320.07 0.45 
638.87 571.66 1859.69 0.31 
637.27 589.41 1173.55 0.33 
657.81 609.82 1502.82 0.30 
630.20 638.37 1128.92 0.36 
561.59 577.54 1227.23 0.53 
558.39 634.71 1159.25 0.36 
614.76 691.81 1070.90 0.31 
594.07 656.73 1882.66 0.45 
689.38 653.02 1340.69 0.30 
680.69 688.69 1153.75 0.53 
566.77 639.36 777.04 0.38 
779.16 540.57 1677.27 0.34 
763.42 563.36 1971.55 0.38 
617.26 668.31 694.46 0.31 
556.30 572.46 1386.59 0.28 
771.28 637.32 1874.42 0.51 
561.43 557.74 1311.36 0.39 
556.86 605.03 1741.23 0.46 
588.41 582.31 1556.73 0.50 
584.24 633.93 1174.02 0.24 
563.20 550.66 1856.23 0.46 
630.36 581.67 1860.25 0.51 
707.29 684.69 2606.21 0.34 
693.86 710.11 1550.74 0.44 
581.32 626.20 885.60 0.44 
542.33 580.28 877.38 0.40 
558.58 557.13 2354.82 0.38 
586.24 717.58 1606.35 0.49 
617.72 765.92 2039.24 0.39 
542.84 642.36 2249.97 0.37 
846.34 699.62 759.04 0.41 
650.22 563.13 1603.68 0.18 
611.50 667.99 1832.92 0.29 
546.84 575.19 2145.31 0.44 
760.09 580.69 2788.71 0.26 
699.86 568.64 1052.28 0.28 
683.13 676.59 2056.88 0.18 
664.43 704.26 837.89 0.35 
596.08 634.54 1444.36 0.52 
604.11 554.77 1788.30 0.48 
605.70 621.31 1749.54 0.62 
543.63 707.36 1436.67 0.52 
540.23 644.68 1733.26 0.43 
601.39 665.09 1510.19 0.47 
637.41 688.39 2138.38 0.43 
823.85 683.52 854.13 0.41 
597.83 633.35 1171.33 0.37 
560.08 589.82 1044.79 0.35 
622.05 668.61 2056.95 0.45 
656.38 720.12 1856.27 0.40 
592.50 632.63 753.05 0.55 
577.00 563.03 1676.94 0.58 
787.43 648.28 1701.53 0.51 
562.73 577.74 833.98 0.41 
645.14 633.07 1935.15 0.61 
724.94 555.25 1184.59 0.44 
562.08 611.13 1331.55 0.48 
674.21 574.46 620.03 0.51 
570.00 664.09 1711.89 0.56 
553.38 715.37 1702.82 0.53 
735.43 586.40 960.67 0.44 
545.88 585.72 899.03 0.35 
590.80 705.54 2177.40 0.41 
