359.61 147.78 3246.60 0.29 
93.81 680.44 4542.40 0.35 
636.66 158.29 4221.67 0.51 
336.17 561.05 5880.96 0.42 
442.21 727.77 4431.85 0.49 
65.59 156.21 4108.48 0.53 
787.58 234.05 4612.72 0.45 
711.77 407.08 5482.21 0.54 
48.86 650.97 3960.76 0.44 
859.92 165.25 3091.90 0.28 
40.84 818.19 4391.78 0.36 
459.31 920.08 3885.46 0.40 
38.44 925.26 4251.43 0.43 
84.42 230.11 4978.32 0.43 
724.80 651.36 4898.41 0.48 
81.99 612.65 3354.19 0.49 
149.94 549.04 3868.93 0.41 
98.24 622.93 3755.27 0.18 
672.67 826.42 4649.56 0.37 
191.45 832.08 5447.41 0.56 
988.04 663.67 4000.02 0.37 
86.06 585.36 4345.86 0.26 
250.56 297.62 3451.65 0.37 
910.38 808.01 4631.57 0.43 
852.64 975.07 5155.21 0.40 
226.46 824.97 4925.76 0.48 
51.73 368.47 4329.76 0.40 
260.11 599.23 3165.28 0.32 
628.12 475.85 3448.14 0.32 
871.87 976.21 4250.00 0.39 
447.54 402.85 5851.68 0.40 
85.63 282.38 4663.69 0.44 
874.64 715.27 3813.32 0.41 
466.88 874.69 4454.08 0.49 
691.10 423.27 4394.74 0.30 
583.09 214.45 3732.19 0.35 
597.19 736.18 3933.42 0.36 
397.26 561.47 4394.40 0.34 
680.28 835.14 4433.78 0.37 
163.88 96.43 4858.56 0.36 
906.99 326.72 4053.93 0.31 
84.55 907.20 3665.03 0.44 
804.32 247.37 3354.92 0.40 
214.46 867.55 3780.07 0.33 
935.56 418.82 4099.58 0.50 
418.93 626.15 3889.20 0.19 
522.02 247.45 4019.19 0.39 
292.67 167.06 4758.49 0.47 
913.46 306.61 4388.32 0.38 
57.93 236.08 3872.69 0.43 
449.09 32.92 4651.57 0.20 
438.85 215.25 3188.94 0.54 
283.76 854.78 4271.99 0.48 
209.37 212.57 4907.06 0.38 
768.67 1.53 3359.37 0.30 
574.14 485.46 4052.19 0.49 
84.44 20.19 3645.46 0.26 
263.86 184.72 3928.03 0.47 
721.17 758.66 3758.77 0.55 
408.44 466.06 3393.41 0.35 
604.64 819.90 4488.85 0.48 
45.51 524.25 3992.07 0.44 
778.38 513.44 4424.57 0.48 
887.01 143.93 3740.19 0.39 
496.20 344.23 4274.50 0.50 
509.22 91.06 3515.04 0.35 
861.63 503.72 4035.35 0.42 
967.36 580.62 3760.63 0.44 
105.06 535.71 3100.79 0.28 
428.65 215.83 3031.81 0.13 
624.82 915.49 3787.29 0.48 
437.00 97.52 2213.60 0.44 
776.42 233.28 3659.85 0.39 
990.93 223.57 3912.95 0.45 
390.74 743.63 4233.19 0.32 
557.91 138.45 2920.33 0.37 
282.85 415.19 2661.77 0.41 
242.73 932.33 3006.22 0.24 
802.51 178.70 3872.33 0.34 
554.95 835.96 4060.33 0.50 
326.56 665.52 4099.67 0.35 
16.65 597.05 3551.48 0.36 
631.90 398.11 4031.84 0.40 
353.11 671.68 3877.34 0.36 
274.83 635.56 2769.45 0.51 
307.88 711.04 4077.08 0.34 
472.61 90.77 4540.24 0.33 
512.50 392.01 2914.78 0.31 
902.00 675.42 4094.65 0.26 
68.01 926.41 4956.08 0.51 
238.70 650.12 2638.89 0.40 
10.22 516.77 3519.54 0.25 
931.78 870.02 5017.07 0.54 
36.34 109.23 3585.16 0.20 
487.17 733.68 4301.03 0.49 
374.55 361.71 2844.68 0.36 
600.68 430.12 4255.15 0.31 
538.46 206.75 3139.09 0.57 
588.57 805.80 3319.63 0.40 
689.69 484.87 4674.62 0.70 
295.94 760.55 3617.87 0.51 
94 50 6 27 62 92 16 20 42 26 101 44 53 86 85 14 54 70 52 98 7 43 100 29 56 77 38 80 71 61 99 96 23 28 91 12 34 35 83 97 88 65 72 3 45 41 49 10 64 79 47 36 87 76 66 1 58 48 32 82 9 18 69 17 4 8 73 74 68 24 93 59 15 31 81 84 2 22 5 95 37 19 39 75 11 13 90 78 30 25 33 89 63 67 60 55 57 46 40 51 21 
Best fitness: 11.74
6 72 3 76 13 42 80 61 16 62 22 17 23 52 98 89 33 45 64 10 96 60 46 81 91 53 20 84 48 58 31 5 34 12 71 95 28 85 32 14 54 59 30 25 99 56 88 65 47 66 36 86 101 26 37 15 67 63 100 70 77 75 90 9 2 4 8 49 7 73 43 1 94 57 40 50 27 92 82 18 69 44 29 83 74 41 39 93 19 24 21 68 35 38 79 55 87 97 78 11 51 
Worst fitness: 15.99

Mean: 13.56

Standard deviation: 0.77
