598.88 503.77 3245.32 0.34 
606.11 411.90 3532.81 0.64 
224.98 128.48 3494.79 0.53 
739.62 443.05 3958.05 0.32 
292.79 513.77 4460.69 0.45 
84.03 315.70 4057.15 0.43 
150.87 111.36 2189.33 0.43 
160.58 197.61 4738.67 0.35 
303.59 932.40 2407.52 0.34 
791.02 530.12 3149.22 0.31 
550.51 881.31 4913.46 0.35 
252.67 118.87 4397.41 0.36 
628.84 698.74 4949.41 0.36 
321.93 172.64 3123.32 0.50 
272.60 869.73 4270.67 0.33 
201.71 109.03 3044.89 0.23 
139.63 558.20 3788.59 0.37 
239.52 761.59 3373.99 0.43 
521.40 263.82 4852.74 0.52 
274.45 568.09 3280.80 0.50 
379.66 880.79 3523.80 0.42 
25.39 883.54 4648.86 0.49 
865.85 41.66 4114.34 0.38 
474.19 810.92 4140.50 0.49 
719.24 629.09 4589.50 0.40 
985.14 773.50 2620.51 0.30 
531.64 662.03 3125.46 0.47 
416.76 438.56 3700.98 0.29 
862.24 141.59 4281.94 0.50 
658.83 844.97 3918.34 0.36 
215.01 61.56 3471.46 0.48 
7 8 3 16 31 12 14 19 2 27 24 18 20 5 28 6 17 22 15 9 21 11 30 13 1 4 10 25 26 23 29 
Fitness: 1.20


Mean: 1.20

Standard deviation: 0.00
7 8 3 16 31 12 14 19 2 27 24 18 20 5 28 6 17 22 15 9 21 11 30 13 1 4 10 25 26 23 29 
Fitness: 1.20


Mean: 1.20

Standard deviation: 0.00
7 8 3 16 31 12 14 19 2 27 24 18 20 5 28 6 17 22 15 9 21 11 30 13 1 4 10 25 26 23 29 
Fitness: 1.20


Mean: 1.20

Standard deviation: 0.00
7 8 3 16 31 12 14 19 2 27 24 18 20 5 28 6 17 22 15 9 21 11 30 13 1 4 10 25 26 23 29 
Fitness: 1.20


Mean: 1.20

Standard deviation: 0.00
7 8 3 16 31 12 14 19 2 27 24 18 20 5 28 6 17 22 15 9 21 11 30 13 1 4 10 25 26 23 29 
Fitness: 1.20


Mean: 1.20

Standard deviation: 0.00
7 8 3 16 31 12 14 19 2 27 24 18 20 5 28 6 17 22 15 9 21 11 30 13 1 4 10 25 26 23 29 
Fitness: 1.20


Mean: 1.20

Standard deviation: 0.00
7 8 3 16 31 12 14 19 2 27 24 18 20 5 28 6 17 22 15 9 21 11 30 13 1 4 10 25 26 23 29 
Fitness: 1.20


Mean: 1.20

Standard deviation: 0.00
7 8 3 16 31 12 14 19 2 27 24 18 20 5 28 6 17 22 15 9 21 11 30 13 1 4 10 25 26 23 29 
Fitness: 1.20


Mean: 1.20

Standard deviation: 0.00
7 8 3 16 31 12 14 19 2 27 24 18 20 5 28 6 17 22 15 9 21 11 30 13 1 4 10 25 26 23 29 
Fitness: 1.20


Mean: 1.20

Standard deviation: 0.00
7 8 3 16 31 12 14 19 2 27 24 18 20 5 28 6 17 22 15 9 21 11 30 13 1 4 10 25 26 23 29 
Fitness: 1.20


Mean: 1.20

Standard deviation: 0.00
7 8 3 16 31 12 14 19 2 27 24 18 20 5 28 6 17 22 15 9 21 11 30 13 1 4 10 25 26 23 29 
Fitness: 1.20


Mean: 1.20

Standard deviation: 0.00
7 8 3 16 31 12 14 19 2 27 24 18 20 5 28 6 17 22 15 9 21 11 30 13 1 4 10 25 26 23 29 
Fitness: 1.20


Mean: 1.20

Standard deviation: 0.00
7 8 3 16 31 12 14 19 2 27 24 18 20 5 28 6 17 22 15 9 21 11 30 13 1 4 10 25 26 23 29 
Fitness: 1.20


Mean: 1.20

Standard deviation: 0.00
7 8 3 16 31 12 14 19 2 27 24 18 20 5 28 6 17 22 15 9 21 11 30 13 1 4 10 25 26 23 29 
Fitness: 1.20


Mean: 1.20

Standard deviation: 0.00
7 8 3 16 31 12 14 19 2 27 24 18 20 5 28 6 17 22 15 9 21 11 30 13 1 4 10 25 26 23 29 
Fitness: 1.20


Mean: 1.20

Standard deviation: 0.00
7 8 3 16 31 12 14 19 2 27 24 18 20 5 28 6 17 22 15 9 21 11 30 13 1 4 10 25 26 23 29 
Fitness: 1.20


Mean: 1.20

Standard deviation: 0.00
7 8 3 16 31 12 14 19 2 27 24 18 20 5 28 6 17 22 15 9 21 11 30 13 1 4 10 25 26 23 29 
Fitness: 1.20


Mean: 1.20

Standard deviation: 0.00
7 8 3 16 31 12 14 19 2 27 24 18 20 5 28 6 17 22 15 9 21 11 30 13 1 4 10 25 26 23 29 
Fitness: 1.20


Mean: 1.20

Standard deviation: 0.00
7 8 3 16 31 12 14 19 2 27 24 18 20 5 28 6 17 22 15 9 21 11 30 13 1 4 10 25 26 23 29 
Fitness: 1.20


Mean: 1.20

Standard deviation: 0.00
7 8 3 16 31 12 14 19 2 27 24 18 20 5 28 6 17 22 15 9 21 11 30 13 1 4 10 25 26 23 29 
Fitness: 1.20


Mean: 1.20

Standard deviation: 0.00
7 8 3 16 31 12 14 19 2 27 24 18 20 5 28 6 17 22 15 9 21 11 30 13 1 4 10 25 26 23 29 
Fitness: 1.20


Mean: 1.20

Standard deviation: 0.00
7 8 3 16 31 12 14 19 2 27 24 18 20 5 28 6 17 22 15 9 21 11 30 13 1 4 10 25 26 23 29 
Fitness: 1.20


Mean: 1.20

Standard deviation: 0.00
7 8 3 16 31 12 14 19 2 27 24 18 20 5 28 6 17 22 15 9 21 11 30 13 1 4 10 25 26 23 29 
Fitness: 1.20


Mean: 1.20

Standard deviation: 0.00
7 8 3 16 31 12 14 19 2 27 24 18 20 5 28 6 17 22 15 9 21 11 30 13 1 4 10 25 26 23 29 
Fitness: 1.20


Mean: 1.20

Standard deviation: 0.00
7 8 3 16 31 12 14 19 2 27 24 18 20 5 28 6 17 22 15 9 21 11 30 13 1 4 10 25 26 23 29 
Fitness: 1.20


Mean: 1.20

Standard deviation: 0.00
7 8 3 16 31 12 14 19 2 27 24 18 20 5 28 6 17 22 15 9 21 11 30 13 1 4 10 25 26 23 29 
Fitness: 1.20


Mean: 1.20

Standard deviation: 0.00
7 8 3 16 31 12 14 19 2 27 24 18 20 5 28 6 17 22 15 9 21 11 30 13 1 4 10 25 26 23 29 
Fitness: 1.20


Mean: 1.20

Standard deviation: 0.00
7 8 3 16 31 12 14 19 2 27 24 18 20 5 28 6 17 22 15 9 21 11 30 13 1 4 10 25 26 23 29 
Fitness: 1.20


Mean: 1.20

Standard deviation: 0.00
7 8 3 16 31 12 14 19 2 27 24 18 20 5 28 6 17 22 15 9 21 11 30 13 1 4 10 25 26 23 29 
Fitness: 1.20


Mean: 1.20

Standard deviation: 0.00
7 8 3 16 31 12 14 19 2 27 24 18 20 5 28 6 17 22 15 9 21 11 30 13 1 4 10 25 26 23 29 
Fitness: 1.20


Mean: 1.20

Standard deviation: 0.00
7 8 3 16 31 12 14 19 2 27 24 18 20 5 28 6 17 22 15 9 21 11 30 13 1 4 10 25 26 23 29 
Fitness: 1.20


Mean: 1.20

Standard deviation: 0.00
7 8 3 16 31 12 14 19 2 27 24 18 20 5 28 6 17 22 15 9 21 11 30 13 1 4 10 25 26 23 29 
Fitness: 1.20


Mean: 1.20

Standard deviation: 0.00
7 8 3 16 31 12 14 19 2 27 24 18 20 5 28 6 17 22 15 9 21 11 30 13 1 4 10 25 26 23 29 
Fitness: 1.20


Mean: 1.20

Standard deviation: 0.00
7 8 3 16 31 12 14 19 2 27 24 18 20 5 28 6 17 22 15 9 21 11 30 13 1 4 10 25 26 23 29 
Fitness: 1.20


Mean: 1.20

Standard deviation: 0.00
7 8 3 16 31 12 14 19 2 27 24 18 20 5 28 6 17 22 15 9 21 11 30 13 1 4 10 25 26 23 29 
Fitness: 1.20


Mean: 1.20

Standard deviation: 0.00
7 8 3 16 31 12 14 19 2 27 24 18 20 5 28 6 17 22 15 9 21 11 30 13 1 4 10 25 26 23 29 
Fitness: 1.20


Mean: 1.20

Standard deviation: 0.00
7 8 3 16 31 12 14 19 2 27 24 18 20 5 28 6 17 22 15 9 21 11 30 13 1 4 10 25 26 23 29 
Fitness: 1.20


Mean: 1.20

Standard deviation: 0.00
7 8 3 16 31 12 14 19 2 27 24 18 20 5 28 6 17 22 15 9 21 11 30 13 1 4 10 25 26 23 29 
Fitness: 1.20


Mean: 1.20

Standard deviation: 0.00
7 8 3 16 31 12 14 19 2 27 24 18 20 5 28 6 17 22 15 9 21 11 30 13 1 4 10 25 26 23 29 
Fitness: 1.20


Mean: 1.20

Standard deviation: 0.00
7 8 3 16 31 12 14 19 2 27 24 18 20 5 28 6 17 22 15 9 21 11 30 13 1 4 10 25 26 23 29 
Fitness: 1.20


Mean: 1.20

Standard deviation: 0.00
7 8 3 16 31 12 14 19 2 27 24 18 20 5 28 6 17 22 15 9 21 11 30 13 1 4 10 25 26 23 29 
Fitness: 1.20


Mean: 1.20

Standard deviation: 0.00
7 8 3 16 31 12 14 19 2 27 24 18 20 5 28 6 17 22 15 9 21 11 30 13 1 4 10 25 26 23 29 
Fitness: 1.20


Mean: 1.20

Standard deviation: 0.00
7 8 3 16 31 12 14 19 2 27 24 18 20 5 28 6 17 22 15 9 21 11 30 13 1 4 10 25 26 23 29 
Fitness: 1.20


Mean: 1.20

Standard deviation: 0.00
7 8 3 16 31 12 14 19 2 27 24 18 20 5 28 6 17 22 15 9 21 11 30 13 1 4 10 25 26 23 29 
Fitness: 1.20


Mean: 1.20

Standard deviation: 0.00
7 8 3 16 31 12 14 19 2 27 24 18 20 5 28 6 17 22 15 9 21 11 30 13 1 4 10 25 26 23 29 
Fitness: 1.20


Mean: 1.20

Standard deviation: 0.00
7 8 3 16 31 12 14 19 2 27 24 18 20 5 28 6 17 22 15 9 21 11 30 13 1 4 10 25 26 23 29 
Fitness: 1.20


Mean: 1.20

Standard deviation: 0.00
7 8 3 16 31 12 14 19 2 27 24 18 20 5 28 6 17 22 15 9 21 11 30 13 1 4 10 25 26 23 29 
Fitness: 1.20


Mean: 1.20

Standard deviation: 0.00
7 8 3 16 31 12 14 19 2 27 24 18 20 5 28 6 17 22 15 9 21 11 30 13 1 4 10 25 26 23 29 
Fitness: 1.20


Mean: 1.20

Standard deviation: 0.00
7 8 3 16 31 12 14 19 2 27 24 18 20 5 28 6 17 22 15 9 21 11 30 13 1 4 10 25 26 23 29 
Fitness: 1.20


Mean: 1.20

Standard deviation: 0.00
7 8 3 16 31 12 14 19 2 27 24 18 20 5 28 6 17 22 15 9 21 11 30 13 1 4 10 25 26 23 29 
Fitness: 1.20


Mean: 1.20

Standard deviation: 0.00
7 8 3 16 31 12 14 19 2 27 24 18 20 5 28 6 17 22 15 9 21 11 30 13 1 4 10 25 26 23 29 
Fitness: 1.20


Mean: 1.20

Standard deviation: 0.00
7 8 3 16 31 12 14 19 2 27 24 18 20 5 28 6 17 22 15 9 21 11 30 13 1 4 10 25 26 23 29 
Fitness: 1.20


Mean: 1.20

Standard deviation: 0.00
7 8 3 16 31 12 14 19 2 27 24 18 20 5 28 6 17 22 15 9 21 11 30 13 1 4 10 25 26 23 29 
Fitness: 1.20


Mean: 1.20

Standard deviation: 0.00
7 8 3 16 31 12 14 19 2 27 24 18 20 5 28 6 17 22 15 9 21 11 30 13 1 4 10 25 26 23 29 
Fitness: 1.20


Mean: 1.20

Standard deviation: 0.00
7 8 3 16 31 12 14 19 2 27 24 18 20 5 28 6 17 22 15 9 21 11 30 13 1 4 10 25 26 23 29 
Fitness: 1.20


Mean: 1.20

Standard deviation: 0.00
7 8 3 16 31 12 14 19 2 27 24 18 20 5 28 6 17 22 15 9 21 11 30 13 1 4 10 25 26 23 29 
Fitness: 1.20


Mean: 1.20

Standard deviation: 0.00
7 8 3 16 31 12 14 19 2 27 24 18 20 5 28 6 17 22 15 9 21 11 30 13 1 4 10 25 26 23 29 
Fitness: 1.20


Mean: 1.20

Standard deviation: 0.00
7 8 3 16 31 12 14 19 2 27 24 18 20 5 28 6 17 22 15 9 21 11 30 13 1 4 10 25 26 23 29 
Fitness: 1.20


Mean: 1.20

Standard deviation: 0.00
7 8 3 16 31 12 14 19 2 27 24 18 20 5 28 6 17 22 15 9 21 11 30 13 1 4 10 25 26 23 29 
Fitness: 1.20


Mean: 1.20

Standard deviation: 0.00
7 8 3 16 31 12 14 19 2 27 24 18 20 5 28 6 17 22 15 9 21 11 30 13 1 4 10 25 26 23 29 
Fitness: 1.20


Mean: 1.20

Standard deviation: 0.00
7 8 3 16 31 12 14 19 2 27 24 18 20 5 28 6 17 22 15 9 21 11 30 13 1 4 10 25 26 23 29 
Fitness: 1.20


Mean: 1.20

Standard deviation: 0.00
7 8 3 16 31 12 14 19 2 27 24 18 20 5 28 6 17 22 15 9 21 11 30 13 1 4 10 25 26 23 29 
Fitness: 1.20


Mean: 1.20

Standard deviation: 0.00
7 8 3 16 31 12 14 19 2 27 24 18 20 5 28 6 17 22 15 9 21 11 30 13 1 4 10 25 26 23 29 
Fitness: 1.20


Mean: 1.20

Standard deviation: 0.00
7 8 3 16 31 12 14 19 2 27 24 18 20 5 28 6 17 22 15 9 21 11 30 13 1 4 10 25 26 23 29 
Fitness: 1.20


Mean: 1.20

Standard deviation: 0.00
7 8 3 16 31 12 14 19 2 27 24 18 20 5 28 6 17 22 15 9 21 11 30 13 1 4 10 25 26 23 29 
Fitness: 1.20


Mean: 1.20

Standard deviation: 0.00
7 8 3 16 31 12 14 19 2 27 24 18 20 5 28 6 17 22 15 9 21 11 30 13 1 4 10 25 26 23 29 
Fitness: 1.20


Mean: 1.20

Standard deviation: 0.00
7 8 3 16 31 12 14 19 2 27 24 18 20 5 28 6 17 22 15 9 21 11 30 13 1 4 10 25 26 23 29 
Fitness: 1.20


Mean: 1.20

Standard deviation: 0.00
7 8 3 16 31 12 14 19 2 27 24 18 20 5 28 6 17 22 15 9 21 11 30 13 1 4 10 25 26 23 29 
Fitness: 1.20


Mean: 1.20

Standard deviation: 0.00
7 8 3 16 31 12 14 19 2 27 24 18 20 5 28 6 17 22 15 9 21 11 30 13 1 4 10 25 26 23 29 
Fitness: 1.20


Mean: 1.20

Standard deviation: 0.00
7 8 3 16 31 12 14 19 2 27 24 18 20 5 28 6 17 22 15 9 21 11 30 13 1 4 10 25 26 23 29 
Fitness: 1.20


Mean: 1.20

Standard deviation: 0.00
7 8 3 16 31 12 14 19 2 27 24 18 20 5 28 6 17 22 15 9 21 11 30 13 1 4 10 25 26 23 29 
Fitness: 1.20


Mean: 1.20

Standard deviation: 0.00
7 8 3 16 31 12 14 19 2 27 24 18 20 5 28 6 17 22 15 9 21 11 30 13 1 4 10 25 26 23 29 
Fitness: 1.20


Mean: 1.20

Standard deviation: 0.00
7 8 3 16 31 12 14 19 2 27 24 18 20 5 28 6 17 22 15 9 21 11 30 13 1 4 10 25 26 23 29 
Fitness: 1.20


Mean: 1.20

Standard deviation: 0.00
7 8 3 16 31 12 14 19 2 27 24 18 20 5 28 6 17 22 15 9 21 11 30 13 1 4 10 25 26 23 29 
Fitness: 1.20


Mean: 1.20

Standard deviation: 0.00
7 8 3 16 31 12 14 19 2 27 24 18 20 5 28 6 17 22 15 9 21 11 30 13 1 4 10 25 26 23 29 
Fitness: 1.20


Mean: 1.20

Standard deviation: 0.00
7 8 3 16 31 12 14 19 2 27 24 18 20 5 28 6 17 22 15 9 21 11 30 13 1 4 10 25 26 23 29 
Fitness: 1.20


Mean: 1.20

Standard deviation: 0.00
7 8 3 16 31 12 14 19 2 27 24 18 20 5 28 6 17 22 15 9 21 11 30 13 1 4 10 25 26 23 29 
Fitness: 1.20


Mean: 1.20

Standard deviation: 0.00
7 8 3 16 31 12 14 19 2 27 24 18 20 5 28 6 17 22 15 9 21 11 30 13 1 4 10 25 26 23 29 
Fitness: 1.20


Mean: 1.20

Standard deviation: 0.00
7 8 3 16 31 12 14 19 2 27 24 18 20 5 28 6 17 22 15 9 21 11 30 13 1 4 10 25 26 23 29 
Fitness: 1.20


Mean: 1.20

Standard deviation: 0.00
7 8 3 16 31 12 14 19 2 27 24 18 20 5 28 6 17 22 15 9 21 11 30 13 1 4 10 25 26 23 29 
Fitness: 1.20


Mean: 1.20

Standard deviation: 0.00
7 8 3 16 31 12 14 19 2 27 24 18 20 5 28 6 17 22 15 9 21 11 30 13 1 4 10 25 26 23 29 
Fitness: 1.20


Mean: 1.20

Standard deviation: 0.00
7 8 3 16 31 12 14 19 2 27 24 18 20 5 28 6 17 22 15 9 21 11 30 13 1 4 10 25 26 23 29 
Fitness: 1.20


Mean: 1.20

Standard deviation: 0.00
7 8 3 16 31 12 14 19 2 27 24 18 20 5 28 6 17 22 15 9 21 11 30 13 1 4 10 25 26 23 29 
Fitness: 1.20


Mean: 1.20

Standard deviation: 0.00
7 8 3 16 31 12 14 19 2 27 24 18 20 5 28 6 17 22 15 9 21 11 30 13 1 4 10 25 26 23 29 
Fitness: 1.20


Mean: 1.20

Standard deviation: 0.00
7 8 3 16 31 12 14 19 2 27 24 18 20 5 28 6 17 22 15 9 21 11 30 13 1 4 10 25 26 23 29 
Fitness: 1.20


Mean: 1.20

Standard deviation: 0.00
7 8 3 16 31 12 14 19 2 27 24 18 20 5 28 6 17 22 15 9 21 11 30 13 1 4 10 25 26 23 29 
Fitness: 1.20


Mean: 1.20

Standard deviation: 0.00
7 8 3 16 31 12 14 19 2 27 24 18 20 5 28 6 17 22 15 9 21 11 30 13 1 4 10 25 26 23 29 
Fitness: 1.20


Mean: 1.20

Standard deviation: 0.00
7 8 3 16 31 12 14 19 2 27 24 18 20 5 28 6 17 22 15 9 21 11 30 13 1 4 10 25 26 23 29 
Fitness: 1.20


Mean: 1.20

Standard deviation: 0.00
7 8 3 16 31 12 14 19 2 27 24 18 20 5 28 6 17 22 15 9 21 11 30 13 1 4 10 25 26 23 29 
Fitness: 1.20


Mean: 1.20

Standard deviation: 0.00
7 8 3 16 31 12 14 19 2 27 24 18 20 5 28 6 17 22 15 9 21 11 30 13 1 4 10 25 26 23 29 
Fitness: 1.20


Mean: 1.20

Standard deviation: 0.00
7 8 3 16 31 12 14 19 2 27 24 18 20 5 28 6 17 22 15 9 21 11 30 13 1 4 10 25 26 23 29 
Fitness: 1.20


Mean: 1.20

Standard deviation: 0.00
7 8 3 16 31 12 14 19 2 27 24 18 20 5 28 6 17 22 15 9 21 11 30 13 1 4 10 25 26 23 29 
Fitness: 1.20


Mean: 1.20

Standard deviation: 0.00
7 8 3 16 31 12 14 19 2 27 24 18 20 5 28 6 17 22 15 9 21 11 30 13 1 4 10 25 26 23 29 
Fitness: 1.20


Mean: 1.20

Standard deviation: 0.00
7 8 3 16 31 12 14 19 2 27 24 18 20 5 28 6 17 22 15 9 21 11 30 13 1 4 10 25 26 23 29 
Fitness: 1.20


Mean: 1.20

Standard deviation: 0.00
7 8 3 16 31 12 14 19 2 27 24 18 20 5 28 6 17 22 15 9 21 11 30 13 1 4 10 25 26 23 29 
Fitness: 1.20


Mean: 1.20

Standard deviation: 0.00
7 8 3 16 31 12 14 19 2 27 24 18 20 5 28 6 17 22 15 9 21 11 30 13 1 4 10 25 26 23 29 
Fitness: 1.20


Mean: 1.20

Standard deviation: 0.00
7 8 3 16 31 12 14 19 2 27 24 18 20 5 28 6 17 22 15 9 21 11 30 13 1 4 10 25 26 23 29 
Fitness: 1.20


Mean: 1.20

Standard deviation: 0.00
7 8 3 16 31 12 14 19 2 27 24 18 20 5 28 6 17 22 15 9 21 11 30 13 1 4 10 25 26 23 29 
Fitness: 1.20


Mean: 1.20

Standard deviation: 0.00
7 8 3 16 31 12 14 19 2 27 24 18 20 5 28 6 17 22 15 9 21 11 30 13 1 4 10 25 26 23 29 
Fitness: 1.20


Mean: 1.20

Standard deviation: 0.00
7 8 3 16 31 12 14 19 2 27 24 18 20 5 28 6 17 22 15 9 21 11 30 13 1 4 10 25 26 23 29 
Fitness: 1.20


Mean: 1.20

Standard deviation: 0.00
7 8 3 16 31 12 14 19 2 27 24 18 20 5 28 6 17 22 15 9 21 11 30 13 1 4 10 25 26 23 29 
Fitness: 1.20


Mean: 1.20

Standard deviation: 0.00
7 8 3 16 31 12 14 19 2 27 24 18 20 5 28 6 17 22 15 9 21 11 30 13 1 4 10 25 26 23 29 
Fitness: 1.20


Mean: 1.20

Standard deviation: 0.00
7 8 3 16 31 12 14 19 2 27 24 18 20 5 28 6 17 22 15 9 21 11 30 13 1 4 10 25 26 23 29 
Fitness: 1.20


Mean: 1.20

Standard deviation: 0.00
7 8 3 16 31 12 14 19 2 27 24 18 20 5 28 6 17 22 15 9 21 11 30 13 1 4 10 25 26 23 29 
Fitness: 1.20


Mean: 1.20

Standard deviation: 0.00
7 8 3 16 31 12 14 19 2 27 24 18 20 5 28 6 17 22 15 9 21 11 30 13 1 4 10 25 26 23 29 
Fitness: 1.20


Mean: 1.20

Standard deviation: 0.00
7 8 3 16 31 12 14 19 2 27 24 18 20 5 28 6 17 22 15 9 21 11 30 13 1 4 10 25 26 23 29 
Fitness: 1.20


Mean: 1.20

Standard deviation: 0.00
7 8 3 16 31 12 14 19 2 27 24 18 20 5 28 6 17 22 15 9 21 11 30 13 1 4 10 25 26 23 29 
Fitness: 1.20


Mean: 1.20

Standard deviation: 0.00
7 8 3 16 31 12 14 19 2 27 24 18 20 5 28 6 17 22 15 9 21 11 30 13 1 4 10 25 26 23 29 
Fitness: 1.20


Mean: 1.20

Standard deviation: 0.00
7 8 3 16 31 12 14 19 2 27 24 18 20 5 28 6 17 22 15 9 21 11 30 13 1 4 10 25 26 23 29 
Fitness: 1.20


Mean: 1.20

Standard deviation: 0.00
7 8 3 16 31 12 14 19 2 27 24 18 20 5 28 6 17 22 15 9 21 11 30 13 1 4 10 25 26 23 29 
Fitness: 1.20


Mean: 1.20

Standard deviation: 0.00
7 8 3 16 31 12 14 19 2 27 24 18 20 5 28 6 17 22 15 9 21 11 30 13 1 4 10 25 26 23 29 
Fitness: 1.20


Mean: 1.20

Standard deviation: 0.00
7 8 3 16 31 12 14 19 2 27 24 18 20 5 28 6 17 22 15 9 21 11 30 13 1 4 10 25 26 23 29 
Fitness: 1.20


Mean: 1.20

Standard deviation: 0.00
7 8 3 16 31 12 14 19 2 27 24 18 20 5 28 6 17 22 15 9 21 11 30 13 1 4 10 25 26 23 29 
Fitness: 1.20


Mean: 1.20

Standard deviation: 0.00
7 8 3 16 31 12 14 19 2 27 24 18 20 5 28 6 17 22 15 9 21 11 30 13 1 4 10 25 26 23 29 
Fitness: 1.20


Mean: 1.20

Standard deviation: 0.00
7 8 3 16 31 12 14 19 2 27 24 18 20 5 28 6 17 22 15 9 21 11 30 13 1 4 10 25 26 23 29 
Fitness: 1.20


Mean: 1.20

Standard deviation: 0.00
7 8 3 16 31 12 14 19 2 27 24 18 20 5 28 6 17 22 15 9 21 11 30 13 1 4 10 25 26 23 29 
Fitness: 1.20


Mean: 1.20

Standard deviation: 0.00
7 8 3 16 31 12 14 19 2 27 24 18 20 5 28 6 17 22 15 9 21 11 30 13 1 4 10 25 26 23 29 
Fitness: 1.20


Mean: 1.20

Standard deviation: 0.00
7 8 3 16 31 12 14 19 2 27 24 18 20 5 28 6 17 22 15 9 21 11 30 13 1 4 10 25 26 23 29 
Fitness: 1.20


Mean: 1.20

Standard deviation: 0.00
7 8 3 16 31 12 14 19 2 27 24 18 20 5 28 6 17 22 15 9 21 11 30 13 1 4 10 25 26 23 29 
Fitness: 1.20


Mean: 1.20

Standard deviation: 0.00
7 8 3 16 31 12 14 19 2 27 24 18 20 5 28 6 17 22 15 9 21 11 30 13 1 4 10 25 26 23 29 
Fitness: 1.20


Mean: 1.20

Standard deviation: 0.00
7 8 3 16 31 12 14 19 2 27 24 18 20 5 28 6 17 22 15 9 21 11 30 13 1 4 10 25 26 23 29 
Fitness: 1.20


Mean: 1.20

Standard deviation: 0.00
7 8 3 16 31 12 14 19 2 27 24 18 20 5 28 6 17 22 15 9 21 11 30 13 1 4 10 25 26 23 29 
Fitness: 1.20


Mean: 1.20

Standard deviation: 0.00
7 8 3 16 31 12 14 19 2 27 24 18 20 5 28 6 17 22 15 9 21 11 30 13 1 4 10 25 26 23 29 
Fitness: 1.20


Mean: 1.20

Standard deviation: 0.00
7 8 3 16 31 12 14 19 2 27 24 18 20 5 28 6 17 22 15 9 21 11 30 13 1 4 10 25 26 23 29 
Fitness: 1.20


Mean: 1.20

Standard deviation: 0.00
7 8 3 16 31 12 14 19 2 27 24 18 20 5 28 6 17 22 15 9 21 11 30 13 1 4 10 25 26 23 29 
Fitness: 1.20


Mean: 1.20

Standard deviation: 0.00
7 8 3 16 31 12 14 19 2 27 24 18 20 5 28 6 17 22 15 9 21 11 30 13 1 4 10 25 26 23 29 
Fitness: 1.20


Mean: 1.20

Standard deviation: 0.00
7 8 3 16 31 12 14 19 2 27 24 18 20 5 28 6 17 22 15 9 21 11 30 13 1 4 10 25 26 23 29 
Fitness: 1.20


Mean: 1.20

Standard deviation: 0.00
7 8 3 16 31 12 14 19 2 27 24 18 20 5 28 6 17 22 15 9 21 11 30 13 1 4 10 25 26 23 29 
Fitness: 1.20


Mean: 1.20

Standard deviation: 0.00
7 8 3 16 31 12 14 19 2 27 24 18 20 5 28 6 17 22 15 9 21 11 30 13 1 4 10 25 26 23 29 
Fitness: 1.20


Mean: 1.20

Standard deviation: 0.00
7 8 3 16 31 12 14 19 2 27 24 18 20 5 28 6 17 22 15 9 21 11 30 13 1 4 10 25 26 23 29 
Fitness: 1.20


Mean: 1.20

Standard deviation: 0.00
7 8 3 16 31 12 14 19 2 27 24 18 20 5 28 6 17 22 15 9 21 11 30 13 1 4 10 25 26 23 29 
Fitness: 1.20


Mean: 1.20

Standard deviation: 0.00
7 8 3 16 31 12 14 19 2 27 24 18 20 5 28 6 17 22 15 9 21 11 30 13 1 4 10 25 26 23 29 
Fitness: 1.20


Mean: 1.20

Standard deviation: 0.00
7 8 3 16 31 12 14 19 2 27 24 18 20 5 28 6 17 22 15 9 21 11 30 13 1 4 10 25 26 23 29 
Fitness: 1.20


Mean: 1.20

Standard deviation: 0.00
7 8 3 16 31 12 14 19 2 27 24 18 20 5 28 6 17 22 15 9 21 11 30 13 1 4 10 25 26 23 29 
Fitness: 1.20


Mean: 1.20

Standard deviation: 0.00
7 8 3 16 31 12 14 19 2 27 24 18 20 5 28 6 17 22 15 9 21 11 30 13 1 4 10 25 26 23 29 
Fitness: 1.20


Mean: 1.20

Standard deviation: 0.00
7 8 3 16 31 12 14 19 2 27 24 18 20 5 28 6 17 22 15 9 21 11 30 13 1 4 10 25 26 23 29 
Fitness: 1.20


Mean: 1.20

Standard deviation: 0.00
7 8 3 16 31 12 14 19 2 27 24 18 20 5 28 6 17 22 15 9 21 11 30 13 1 4 10 25 26 23 29 
Fitness: 1.20


Mean: 1.20

Standard deviation: 0.00
7 8 3 16 31 12 14 19 2 27 24 18 20 5 28 6 17 22 15 9 21 11 30 13 1 4 10 25 26 23 29 
Fitness: 1.20


Mean: 1.20

Standard deviation: 0.00
7 8 3 16 31 12 14 19 2 27 24 18 20 5 28 6 17 22 15 9 21 11 30 13 1 4 10 25 26 23 29 
Fitness: 1.20


Mean: 1.20

Standard deviation: 0.00
7 8 3 16 31 12 14 19 2 27 24 18 20 5 28 6 17 22 15 9 21 11 30 13 1 4 10 25 26 23 29 
Fitness: 1.20


Mean: 1.20

Standard deviation: 0.00
7 8 3 16 31 12 14 19 2 27 24 18 20 5 28 6 17 22 15 9 21 11 30 13 1 4 10 25 26 23 29 
Fitness: 1.20


Mean: 1.20

Standard deviation: 0.00
7 8 3 16 31 12 14 19 2 27 24 18 20 5 28 6 17 22 15 9 21 11 30 13 1 4 10 25 26 23 29 
Fitness: 1.20


Mean: 1.20

Standard deviation: 0.00
7 8 3 16 31 12 14 19 2 27 24 18 20 5 28 6 17 22 15 9 21 11 30 13 1 4 10 25 26 23 29 
Fitness: 1.20


Mean: 1.20

Standard deviation: 0.00
7 8 3 16 31 12 14 19 2 27 24 18 20 5 28 6 17 22 15 9 21 11 30 13 1 4 10 25 26 23 29 
Fitness: 1.20


Mean: 1.20

Standard deviation: 0.00
7 8 3 16 31 12 14 19 2 27 24 18 20 5 28 6 17 22 15 9 21 11 30 13 1 4 10 25 26 23 29 
Fitness: 1.20


Mean: 1.20

Standard deviation: 0.00
7 8 3 16 31 12 14 19 2 27 24 18 20 5 28 6 17 22 15 9 21 11 30 13 1 4 10 25 26 23 29 
Fitness: 1.20


Mean: 1.20

Standard deviation: 0.00
7 8 3 16 31 12 14 19 2 27 24 18 20 5 28 6 17 22 15 9 21 11 30 13 1 4 10 25 26 23 29 
Fitness: 1.20


Mean: 1.20

Standard deviation: 0.00
7 8 3 16 31 12 14 19 2 27 24 18 20 5 28 6 17 22 15 9 21 11 30 13 1 4 10 25 26 23 29 
Fitness: 1.20


Mean: 1.20

Standard deviation: 0.00
7 8 3 16 31 12 14 19 2 27 24 18 20 5 28 6 17 22 15 9 21 11 30 13 1 4 10 25 26 23 29 
Fitness: 1.20


Mean: 1.20

Standard deviation: 0.00
7 8 3 16 31 12 14 19 2 27 24 18 20 5 28 6 17 22 15 9 21 11 30 13 1 4 10 25 26 23 29 
Fitness: 1.20


Mean: 1.20

Standard deviation: 0.00
7 8 3 16 31 12 14 19 2 27 24 18 20 5 28 6 17 22 15 9 21 11 30 13 1 4 10 25 26 23 29 
Fitness: 1.20


Mean: 1.20

Standard deviation: 0.00
7 8 3 16 31 12 14 19 2 27 24 18 20 5 28 6 17 22 15 9 21 11 30 13 1 4 10 25 26 23 29 
Fitness: 1.20


Mean: 1.20

Standard deviation: 0.00
7 8 3 16 31 12 14 19 2 27 24 18 20 5 28 6 17 22 15 9 21 11 30 13 1 4 10 25 26 23 29 
Fitness: 1.20


Mean: 1.20

Standard deviation: 0.00
7 8 3 16 31 12 14 19 2 27 24 18 20 5 28 6 17 22 15 9 21 11 30 13 1 4 10 25 26 23 29 
Fitness: 1.20


Mean: 1.20

Standard deviation: 0.00
7 8 3 16 31 12 14 19 2 27 24 18 20 5 28 6 17 22 15 9 21 11 30 13 1 4 10 25 26 23 29 
Fitness: 1.20


Mean: 1.20

Standard deviation: 0.00
7 8 3 16 31 12 14 19 2 27 24 18 20 5 28 6 17 22 15 9 21 11 30 13 1 4 10 25 26 23 29 
Fitness: 1.20


Mean: 1.20

Standard deviation: 0.00
7 8 3 16 31 12 14 19 2 27 24 18 20 5 28 6 17 22 15 9 21 11 30 13 1 4 10 25 26 23 29 
Fitness: 1.20


Mean: 1.20

Standard deviation: 0.00
7 8 3 16 31 12 14 19 2 27 24 18 20 5 28 6 17 22 15 9 21 11 30 13 1 4 10 25 26 23 29 
Fitness: 1.20


Mean: 1.20

Standard deviation: 0.00
7 8 3 16 31 12 14 19 2 27 24 18 20 5 28 6 17 22 15 9 21 11 30 13 1 4 10 25 26 23 29 
Fitness: 1.20


Mean: 1.20

Standard deviation: 0.00
7 8 3 16 31 12 14 19 2 27 24 18 20 5 28 6 17 22 15 9 21 11 30 13 1 4 10 25 26 23 29 
Fitness: 1.20


Mean: 1.20

Standard deviation: 0.00
7 8 3 16 31 12 14 19 2 27 24 18 20 5 28 6 17 22 15 9 21 11 30 13 1 4 10 25 26 23 29 
Fitness: 1.20


Mean: 1.20

Standard deviation: 0.00
7 8 3 16 31 12 14 19 2 27 24 18 20 5 28 6 17 22 15 9 21 11 30 13 1 4 10 25 26 23 29 
Fitness: 1.20


Mean: 1.20

Standard deviation: 0.00
7 8 3 16 31 12 14 19 2 27 24 18 20 5 28 6 17 22 15 9 21 11 30 13 1 4 10 25 26 23 29 
Fitness: 1.20


Mean: 1.20

Standard deviation: 0.00
7 8 3 16 31 12 14 19 2 27 24 18 20 5 28 6 17 22 15 9 21 11 30 13 1 4 10 25 26 23 29 
Fitness: 1.20


Mean: 1.20

Standard deviation: 0.00
7 8 3 16 31 12 14 19 2 27 24 18 20 5 28 6 17 22 15 9 21 11 30 13 1 4 10 25 26 23 29 
Fitness: 1.20


Mean: 1.20

Standard deviation: 0.00
7 8 3 16 31 12 14 19 2 27 24 18 20 5 28 6 17 22 15 9 21 11 30 13 1 4 10 25 26 23 29 
Fitness: 1.20


Mean: 1.20

Standard deviation: 0.00
7 8 3 16 31 12 14 19 2 27 24 18 20 5 28 6 17 22 15 9 21 11 30 13 1 4 10 25 26 23 29 
Fitness: 1.20


Mean: 1.20

Standard deviation: 0.00
7 8 3 16 31 12 14 19 2 27 24 18 20 5 28 6 17 22 15 9 21 11 30 13 1 4 10 25 26 23 29 
Fitness: 1.20


Mean: 1.20

Standard deviation: 0.00
7 8 3 16 31 12 14 19 2 27 24 18 20 5 28 6 17 22 15 9 21 11 30 13 1 4 10 25 26 23 29 
Fitness: 1.20


Mean: 1.20

Standard deviation: 0.00
7 8 3 16 31 12 14 19 2 27 24 18 20 5 28 6 17 22 15 9 21 11 30 13 1 4 10 25 26 23 29 
Fitness: 1.20


Mean: 1.20

Standard deviation: 0.00
7 8 3 16 31 12 14 19 2 27 24 18 20 5 28 6 17 22 15 9 21 11 30 13 1 4 10 25 26 23 29 
Fitness: 1.20


Mean: 1.20

Standard deviation: 0.00
7 8 3 16 31 12 14 19 2 27 24 18 20 5 28 6 17 22 15 9 21 11 30 13 1 4 10 25 26 23 29 
Fitness: 1.20


Mean: 1.20

Standard deviation: 0.00
7 8 3 16 31 12 14 19 2 27 24 18 20 5 28 6 17 22 15 9 21 11 30 13 1 4 10 25 26 23 29 
Fitness: 1.20


Mean: 1.20

Standard deviation: 0.00
7 8 3 16 31 12 14 19 2 27 24 18 20 5 28 6 17 22 15 9 21 11 30 13 1 4 10 25 26 23 29 
Fitness: 1.20


Mean: 1.20

Standard deviation: 0.00
7 8 3 16 31 12 14 19 2 27 24 18 20 5 28 6 17 22 15 9 21 11 30 13 1 4 10 25 26 23 29 
Fitness: 1.20


Mean: 1.20

Standard deviation: 0.00
7 8 3 16 31 12 14 19 2 27 24 18 20 5 28 6 17 22 15 9 21 11 30 13 1 4 10 25 26 23 29 
Fitness: 1.20


Mean: 1.20

Standard deviation: 0.00
7 8 3 16 31 12 14 19 2 27 24 18 20 5 28 6 17 22 15 9 21 11 30 13 1 4 10 25 26 23 29 
Fitness: 1.20


Mean: 1.20

Standard deviation: 0.00
7 8 3 16 31 12 14 19 2 27 24 18 20 5 28 6 17 22 15 9 21 11 30 13 1 4 10 25 26 23 29 
Fitness: 1.20


Mean: 1.20

Standard deviation: 0.00
7 8 3 16 31 12 14 19 2 27 24 18 20 5 28 6 17 22 15 9 21 11 30 13 1 4 10 25 26 23 29 
Fitness: 1.20


Mean: 1.20

Standard deviation: 0.00
7 8 3 16 31 12 14 19 2 27 24 18 20 5 28 6 17 22 15 9 21 11 30 13 1 4 10 25 26 23 29 
Fitness: 1.20


Mean: 1.20

Standard deviation: 0.00
7 8 3 16 31 12 14 19 2 27 24 18 20 5 28 6 17 22 15 9 21 11 30 13 1 4 10 25 26 23 29 
Fitness: 1.20


Mean: 1.20

Standard deviation: 0.00
7 8 3 16 31 12 14 19 2 27 24 18 20 5 28 6 17 22 15 9 21 11 30 13 1 4 10 25 26 23 29 
Fitness: 1.20


Mean: 1.20

Standard deviation: 0.00
7 8 3 16 31 12 14 19 2 27 24 18 20 5 28 6 17 22 15 9 21 11 30 13 1 4 10 25 26 23 29 
Fitness: 1.20


Mean: 1.20

Standard deviation: 0.00
7 8 3 16 31 12 14 19 2 27 24 18 20 5 28 6 17 22 15 9 21 11 30 13 1 4 10 25 26 23 29 
Fitness: 1.20


Mean: 1.20

Standard deviation: 0.00
7 8 3 16 31 12 14 19 2 27 24 18 20 5 28 6 17 22 15 9 21 11 30 13 1 4 10 25 26 23 29 
Fitness: 1.20


Mean: 1.20

Standard deviation: 0.00
7 8 3 16 31 12 14 19 2 27 24 18 20 5 28 6 17 22 15 9 21 11 30 13 1 4 10 25 26 23 29 
Fitness: 1.20


Mean: 1.20

Standard deviation: 0.00
7 8 3 16 31 12 14 19 2 27 24 18 20 5 28 6 17 22 15 9 21 11 30 13 1 4 10 25 26 23 29 
Fitness: 1.20


Mean: 1.20

Standard deviation: 0.00
7 8 3 16 31 12 14 19 2 27 24 18 20 5 28 6 17 22 15 9 21 11 30 13 1 4 10 25 26 23 29 
Fitness: 1.20


Mean: 1.20

Standard deviation: 0.00
7 8 3 16 31 12 14 19 2 27 24 18 20 5 28 6 17 22 15 9 21 11 30 13 1 4 10 25 26 23 29 
Fitness: 1.20


Mean: 1.20

Standard deviation: 0.00
7 8 3 16 31 12 14 19 2 27 24 18 20 5 28 6 17 22 15 9 21 11 30 13 1 4 10 25 26 23 29 
Fitness: 1.20


Mean: 1.20

Standard deviation: 0.00
7 8 3 16 31 12 14 19 2 27 24 18 20 5 28 6 17 22 15 9 21 11 30 13 1 4 10 25 26 23 29 
Fitness: 1.20


Mean: 1.20

Standard deviation: 0.00
7 8 3 16 31 12 14 19 2 27 24 18 20 5 28 6 17 22 15 9 21 11 30 13 1 4 10 25 26 23 29 
Fitness: 1.20


Mean: 1.20

Standard deviation: 0.00
7 8 3 16 31 12 14 19 2 27 24 18 20 5 28 6 17 22 15 9 21 11 30 13 1 4 10 25 26 23 29 
Fitness: 1.20


Mean: 1.20

Standard deviation: 0.00
7 8 3 16 31 12 14 19 2 27 24 18 20 5 28 6 17 22 15 9 21 11 30 13 1 4 10 25 26 23 29 
Fitness: 1.20


Mean: 1.20

Standard deviation: 0.00
7 8 3 16 31 12 14 19 2 27 24 18 20 5 28 6 17 22 15 9 21 11 30 13 1 4 10 25 26 23 29 
Fitness: 1.20


Mean: 1.20

Standard deviation: 0.00
7 8 3 16 31 12 14 19 2 27 24 18 20 5 28 6 17 22 15 9 21 11 30 13 1 4 10 25 26 23 29 
Fitness: 1.20


Mean: 1.20

Standard deviation: 0.00
7 8 3 16 31 12 14 19 2 27 24 18 20 5 28 6 17 22 15 9 21 11 30 13 1 4 10 25 26 23 29 
Fitness: 1.20


Mean: 1.20

Standard deviation: 0.00
7 8 3 16 31 12 14 19 2 27 24 18 20 5 28 6 17 22 15 9 21 11 30 13 1 4 10 25 26 23 29 
Fitness: 1.20


Mean: 1.20

Standard deviation: 0.00
7 8 3 16 31 12 14 19 2 27 24 18 20 5 28 6 17 22 15 9 21 11 30 13 1 4 10 25 26 23 29 
Fitness: 1.20


Mean: 1.20

Standard deviation: 0.00
7 8 3 16 31 12 14 19 2 27 24 18 20 5 28 6 17 22 15 9 21 11 30 13 1 4 10 25 26 23 29 
Fitness: 1.20


Mean: 1.20

Standard deviation: 0.00
7 8 3 16 31 12 14 19 2 27 24 18 20 5 28 6 17 22 15 9 21 11 30 13 1 4 10 25 26 23 29 
Fitness: 1.20


Mean: 1.20

Standard deviation: 0.00
7 8 3 16 31 12 14 19 2 27 24 18 20 5 28 6 17 22 15 9 21 11 30 13 1 4 10 25 26 23 29 
Fitness: 1.20


Mean: 1.20

Standard deviation: 0.00
7 8 3 16 31 12 14 19 2 27 24 18 20 5 28 6 17 22 15 9 21 11 30 13 1 4 10 25 26 23 29 
Fitness: 1.20


Mean: 1.20

Standard deviation: 0.00
7 8 3 16 31 12 14 19 2 27 24 18 20 5 28 6 17 22 15 9 21 11 30 13 1 4 10 25 26 23 29 
Fitness: 1.20


Mean: 1.20

Standard deviation: 0.00
7 8 3 16 31 12 14 19 2 27 24 18 20 5 28 6 17 22 15 9 21 11 30 13 1 4 10 25 26 23 29 
Fitness: 1.20


Mean: 1.20

Standard deviation: 0.00
7 8 3 16 31 12 14 19 2 27 24 18 20 5 28 6 17 22 15 9 21 11 30 13 1 4 10 25 26 23 29 
Fitness: 1.20


Mean: 1.20

Standard deviation: 0.00
7 8 3 16 31 12 14 19 2 27 24 18 20 5 28 6 17 22 15 9 21 11 30 13 1 4 10 25 26 23 29 
Fitness: 1.20


Mean: 1.20

Standard deviation: 0.00
7 8 3 16 31 12 14 19 2 27 24 18 20 5 28 6 17 22 15 9 21 11 30 13 1 4 10 25 26 23 29 
Fitness: 1.20


Mean: 1.20

Standard deviation: 0.00
7 8 3 16 31 12 14 19 2 27 24 18 20 5 28 6 17 22 15 9 21 11 30 13 1 4 10 25 26 23 29 
Fitness: 1.20


Mean: 1.20

Standard deviation: 0.00
7 8 3 16 31 12 14 19 2 27 24 18 20 5 28 6 17 22 15 9 21 11 30 13 1 4 10 25 26 23 29 
Fitness: 1.20


Mean: 1.20

Standard deviation: 0.00
7 8 3 16 31 12 14 19 2 27 24 18 20 5 28 6 17 22 15 9 21 11 30 13 1 4 10 25 26 23 29 
Fitness: 1.20


Mean: 1.20

Standard deviation: 0.00
7 8 3 16 31 12 14 19 2 27 24 18 20 5 28 6 17 22 15 9 21 11 30 13 1 4 10 25 26 23 29 
Fitness: 1.20


Mean: 1.20

Standard deviation: 0.00
7 8 3 16 31 12 14 19 2 27 24 18 20 5 28 6 17 22 15 9 21 11 30 13 1 4 10 25 26 23 29 
Fitness: 1.20


Mean: 1.20

Standard deviation: 0.00
7 8 3 16 31 12 14 19 2 27 24 18 20 5 28 6 17 22 15 9 21 11 30 13 1 4 10 25 26 23 29 
Fitness: 1.20


Mean: 1.20

Standard deviation: 0.00
7 8 3 16 31 12 14 19 2 27 24 18 20 5 28 6 17 22 15 9 21 11 30 13 1 4 10 25 26 23 29 
Fitness: 1.20


Mean: 1.20

Standard deviation: 0.00
7 8 3 16 31 12 14 19 2 27 24 18 20 5 28 6 17 22 15 9 21 11 30 13 1 4 10 25 26 23 29 
Fitness: 1.20


Mean: 1.20

Standard deviation: 0.00
7 8 3 16 31 12 14 19 2 27 24 18 20 5 28 6 17 22 15 9 21 11 30 13 1 4 10 25 26 23 29 
Fitness: 1.20


Mean: 1.20

Standard deviation: 0.00
7 8 3 16 31 12 14 19 2 27 24 18 20 5 28 6 17 22 15 9 21 11 30 13 1 4 10 25 26 23 29 
Fitness: 1.20


Mean: 1.20

Standard deviation: 0.00
7 8 3 16 31 12 14 19 2 27 24 18 20 5 28 6 17 22 15 9 21 11 30 13 1 4 10 25 26 23 29 
Fitness: 1.20


Mean: 1.20

Standard deviation: 0.00
7 8 3 16 31 12 14 19 2 27 24 18 20 5 28 6 17 22 15 9 21 11 30 13 1 4 10 25 26 23 29 
Fitness: 1.20


Mean: 1.20

Standard deviation: 0.00
7 8 3 16 31 12 14 19 2 27 24 18 20 5 28 6 17 22 15 9 21 11 30 13 1 4 10 25 26 23 29 
Fitness: 1.20


Mean: 1.20

Standard deviation: 0.00
7 8 3 16 31 12 14 19 2 27 24 18 20 5 28 6 17 22 15 9 21 11 30 13 1 4 10 25 26 23 29 
Fitness: 1.20


Mean: 1.20

Standard deviation: 0.00
7 8 3 16 31 12 14 19 2 27 24 18 20 5 28 6 17 22 15 9 21 11 30 13 1 4 10 25 26 23 29 
Fitness: 1.20


Mean: 1.20

Standard deviation: 0.00
7 8 3 16 31 12 14 19 2 27 24 18 20 5 28 6 17 22 15 9 21 11 30 13 1 4 10 25 26 23 29 
Fitness: 1.20


Mean: 1.20

Standard deviation: 0.00
7 8 3 16 31 12 14 19 2 27 24 18 20 5 28 6 17 22 15 9 21 11 30 13 1 4 10 25 26 23 29 
Fitness: 1.20


Mean: 1.20

Standard deviation: 0.00
7 8 3 16 31 12 14 19 2 27 24 18 20 5 28 6 17 22 15 9 21 11 30 13 1 4 10 25 26 23 29 
Fitness: 1.20


Mean: 1.20

Standard deviation: 0.00
7 8 3 16 31 12 14 19 2 27 24 18 20 5 28 6 17 22 15 9 21 11 30 13 1 4 10 25 26 23 29 
Fitness: 1.20


Mean: 1.20

Standard deviation: 0.00
7 8 3 16 31 12 14 19 2 27 24 18 20 5 28 6 17 22 15 9 21 11 30 13 1 4 10 25 26 23 29 
Fitness: 1.20


Mean: 1.20

Standard deviation: 0.00
7 8 3 16 31 12 14 19 2 27 24 18 20 5 28 6 17 22 15 9 21 11 30 13 1 4 10 25 26 23 29 
Fitness: 1.20


Mean: 1.20

Standard deviation: 0.00
7 8 3 16 31 12 14 19 2 27 24 18 20 5 28 6 17 22 15 9 21 11 30 13 1 4 10 25 26 23 29 
Fitness: 1.20


Mean: 1.20

Standard deviation: 0.00
7 8 3 16 31 12 14 19 2 27 24 18 20 5 28 6 17 22 15 9 21 11 30 13 1 4 10 25 26 23 29 
Fitness: 1.20


Mean: 1.20

Standard deviation: 0.00
7 8 3 16 31 12 14 19 2 27 24 18 20 5 28 6 17 22 15 9 21 11 30 13 1 4 10 25 26 23 29 
Fitness: 1.20


Mean: 1.20

Standard deviation: 0.00
7 8 3 16 31 12 14 19 2 27 24 18 20 5 28 6 17 22 15 9 21 11 30 13 1 4 10 25 26 23 29 
Fitness: 1.20


Mean: 1.20

Standard deviation: 0.00
7 8 3 16 31 12 14 19 2 27 24 18 20 5 28 6 17 22 15 9 21 11 30 13 1 4 10 25 26 23 29 
Fitness: 1.20


Mean: 1.20

Standard deviation: 0.00
7 8 3 16 31 12 14 19 2 27 24 18 20 5 28 6 17 22 15 9 21 11 30 13 1 4 10 25 26 23 29 
Fitness: 1.20


Mean: 1.20

Standard deviation: 0.00
7 8 3 16 31 12 14 19 2 27 24 18 20 5 28 6 17 22 15 9 21 11 30 13 1 4 10 25 26 23 29 
Fitness: 1.20


Mean: 1.20

Standard deviation: 0.00
7 8 3 16 31 12 14 19 2 27 24 18 20 5 28 6 17 22 15 9 21 11 30 13 1 4 10 25 26 23 29 
Fitness: 1.20


Mean: 1.20

Standard deviation: 0.00
7 8 3 16 31 12 14 19 2 27 24 18 20 5 28 6 17 22 15 9 21 11 30 13 1 4 10 25 26 23 29 
Fitness: 1.20


Mean: 1.20

Standard deviation: 0.00
7 8 3 16 31 12 14 19 2 27 24 18 20 5 28 6 17 22 15 9 21 11 30 13 1 4 10 25 26 23 29 
Fitness: 1.20


Mean: 1.20

Standard deviation: 0.00
7 8 3 16 31 12 14 19 2 27 24 18 20 5 28 6 17 22 15 9 21 11 30 13 1 4 10 25 26 23 29 
Fitness: 1.20


Mean: 1.20

Standard deviation: 0.00
7 8 3 16 31 12 14 19 2 27 24 18 20 5 28 6 17 22 15 9 21 11 30 13 1 4 10 25 26 23 29 
Fitness: 1.20


Mean: 1.20

Standard deviation: 0.00
7 8 3 16 31 12 14 19 2 27 24 18 20 5 28 6 17 22 15 9 21 11 30 13 1 4 10 25 26 23 29 
Fitness: 1.20


Mean: 1.20

Standard deviation: 0.00
7 8 3 16 31 12 14 19 2 27 24 18 20 5 28 6 17 22 15 9 21 11 30 13 1 4 10 25 26 23 29 
Fitness: 1.20


Mean: 1.20

Standard deviation: 0.00
7 8 3 16 31 12 14 19 2 27 24 18 20 5 28 6 17 22 15 9 21 11 30 13 1 4 10 25 26 23 29 
Fitness: 1.20


Mean: 1.20

Standard deviation: 0.00
7 8 3 16 31 12 14 19 2 27 24 18 20 5 28 6 17 22 15 9 21 11 30 13 1 4 10 25 26 23 29 
Fitness: 1.20


Mean: 1.20

Standard deviation: 0.00
7 8 3 16 31 12 14 19 2 27 24 18 20 5 28 6 17 22 15 9 21 11 30 13 1 4 10 25 26 23 29 
Fitness: 1.20


Mean: 1.20

Standard deviation: 0.00
7 8 3 16 31 12 14 19 2 27 24 18 20 5 28 6 17 22 15 9 21 11 30 13 1 4 10 25 26 23 29 
Fitness: 1.20


Mean: 1.20

Standard deviation: 0.00
7 8 3 16 31 12 14 19 2 27 24 18 20 5 28 6 17 22 15 9 21 11 30 13 1 4 10 25 26 23 29 
Fitness: 1.20


Mean: 1.20

Standard deviation: 0.00
7 8 3 16 31 12 14 19 2 27 24 18 20 5 28 6 17 22 15 9 21 11 30 13 1 4 10 25 26 23 29 
Fitness: 1.20


Mean: 1.20

Standard deviation: 0.00
7 8 3 16 31 12 14 19 2 27 24 18 20 5 28 6 17 22 15 9 21 11 30 13 1 4 10 25 26 23 29 
Fitness: 1.20


Mean: 1.20

Standard deviation: 0.00
