876.97 562.33 2934.46 0.43 
623.88 76.36 4819.38 0.48 
115.81 417.17 2887.35 0.39 
865.30 144.56 4809.29 0.41 
424.66 379.34 3129.02 0.38 
575.43 541.80 3557.26 0.39 
483.78 121.16 2492.36 0.55 
702.73 220.14 3384.87 0.38 
573.09 721.18 4064.09 0.65 
411.08 254.46 3510.55 0.43 
603.26 819.95 4761.36 0.48 
886.49 152.78 3060.88 0.39 
285.54 458.35 3433.34 0.49 
865.71 335.71 3849.24 0.43 
196.28 654.62 4274.81 0.45 
19.61 112.16 4497.36 0.44 
966.07 890.95 3192.24 0.65 
419.66 758.21 4424.49 0.50 
516.49 521.31 3464.75 0.38 
193.29 386.98 3473.42 0.31 
106.08 848.46 3633.53 0.23 
943.42 418.88 3915.71 0.44 
436.92 871.71 3600.26 0.49 
80.79 440.27 3437.65 0.56 
546.34 803.38 2794.09 0.29 
361.32 721.07 4535.98 0.25 
76.18 668.90 3457.07 0.29 
303.77 370.96 3679.05 0.46 
514.46 125.05 4379.35 0.54 
906.54 101.45 4052.81 0.40 
457.77 987.29 4315.32 0.46 
12.86 457.52 4156.25 0.46 
993.32 488.21 3992.35 0.43 
568.36 645.08 4547.87 0.50 
170.78 585.57 5101.31 0.34 
856.24 246.23 3778.67 0.42 
777.97 494.33 4181.35 0.34 
16.68 46.33 3443.65 0.47 
379.74 279.33 4241.25 0.42 
897.22 338.68 3940.61 0.58 
786.15 764.44 5233.85 0.41 
630.27 694.01 3620.47 0.43 
818.10 92.75 3209.36 0.30 
585.99 631.79 3354.02 0.39 
802.10 118.02 4012.42 0.52 
251.61 585.46 3108.68 0.43 
591.77 978.65 3723.22 0.35 
590.98 268.67 4210.94 0.36 
853.82 965.86 3215.53 0.39 
945.16 107.93 3869.05 0.37 
717.88 362.01 4447.02 0.32 
151.43 969.54 3087.95 0.52 
850.57 713.24 4041.28 0.35 
344.88 464.13 4382.58 0.34 
329.02 883.98 4136.61 0.40 
625.77 729.53 2942.49 0.46 
940.45 795.23 4500.01 0.33 
143.08 665.02 3642.35 0.36 
383.92 501.77 3492.83 0.08 
79.21 93.69 3862.35 0.41 
287.29 947.22 3175.59 0.35 
894.56 564.15 3932.63 0.34 
543.41 534.58 3437.31 0.27 
79.03 349.33 3618.26 0.31 
611.42 451.73 5582.67 0.34 
588.24 366.22 4765.54 0.28 
593.79 336.18 4609.86 0.40 
347.85 12.35 4132.08 0.59 
890.73 396.11 3460.61 0.47 
373.25 406.54 4441.16 0.38 
429.64 22.21 4809.15 0.42 
60 16 38 64 68 7 2 14 40 36 69 22 33 1 34 25 9 42 56 49 17 44 28 20 39 10 29 48 51 67 5 13 58 15 32 24 3 46 23 11 18 26 54 70 63 19 6 65 8 4 12 50 30 43 45 62 31 61 52 21 27 55 47 57 53 41 37 66 71 35 59 
Best fitness: 6.27
38 68 40 69 1 6 24 3 46 26 18 19 5 70 42 9 44 29 7 39 13 52 55 31 56 53 17 34 63 67 10 28 58 15 23 25 11 36 14 22 33 62 4 50 30 12 45 43 20 32 27 61 37 51 66 71 2 8 48 54 16 64 65 41 49 57 47 59 21 35 60 
Worst fitness: 8.11

Mean: 6.99

Standard deviation: 0.18
