251.26 702.57 0.29 4640.14
400.81 291.75 0.58 5890.00
661.05 65.72 0.46 6732.04
348.41 512.46 0.08 5860.81
51.56 622.93 0.42 7289.35
469.62 501.87 0.18 6315.84
766.46 915.43 0.29 7189.67
825.92 417.61 0.47 9118.87
370.63 505.63 0.06 6746.67
137.04 145.35 0.22 6371.99
665.55 776.20 0.53 6409.82
726.00 985.77 0.15 7016.20
867.36 610.07 0.03 7605.32
27.37 452.00 0.38 5919.24
254.43 993.24 0.05 5633.52
278.80 28.88 0.14 7219.44
728.49 307.18 0.20 6131.42
541.45 289.28 0.57 6170.15
824.34 545.68 0.42 8164.06
20.05 359.76 0.29 5701.18
467.43 345.03 0.49 6447.24
902.08 820.91 0.17 8054.60
312.50 640.96 0.19 7413.83
130.58 601.83 0.49 6441.47
525.98 544.82 0.15 7903.14
384.90 600.17 0.18 7759.25
732.29 52.29 0.27 7674.41
129.18 733.05 0.18 7127.28
439.16 679.11 0.37 5597.58
935.87 214.51 0.10 5272.72
718.58 224.06 0.17 8315.97
975.69 529.57 0.31 5772.64
206.07 63.66 0.07 6707.41
971.44 544.14 0.04 6472.87
912.81 72.55 0.10 7321.77
751.32 154.40 0.23 6527.74
278.72 665.79 0.21 7946.82
302.37 403.35 0.38 7752.26
864.23 326.84 0.58 8010.99
443.38 466.30 0.46 6735.28
256.01 160.03 0.19 7473.51
139.79 529.36 0.41 7258.05
610.47 946.89 0.25 6458.48
914.14 407.48 0.55 6362.54
303.69 252.43 0.21 6603.82
830.82 412.12 0.47 8020.63
805.55 941.08 0.42 6687.22
225.66 523.63 0.54 9021.03
618.63 43.32 0.56 4929.45
798.09 140.86 0.26 7711.42

26097.21629368259
