63.90 100.51 0.40 3387.01
160.26 22.13 0.46 935.26
88.61 61.60 0.60 -354.75
108.51 56.42 0.60 1478.76
55.34 155.98 0.55 1747.04
112.56 91.84 0.60 5100.59
126.20 93.41 0.55 3907.87
89.86 179.09 0.59 3385.12
138.18 229.31 0.29 1168.26
148.39 294.16 0.42 8801.11
97.78 325.09 0.28 1227.62
96.71 417.89 0.54 96.84
111.92 247.39 0.49 3770.48
168.05 335.53 0.44 279.80
138.52 350.99 0.48 6406.95
92.77 310.21 0.38 5731.00
0.39 511.25 0.53 10512.56
156.74 511.02 0.43 2936.21
125.83 447.58 0.38 -24.77
246.39 525.80 0.60 1535.04
1.70 497.86 0.49 3451.06
27.77 492.67 0.42 435.24
152.63 575.04 0.37 4422.38
47.19 608.16 0.55 1949.26
66.24 686.73 0.60 247.62
104.72 699.67 0.37 7902.06
152.35 698.09 0.44 5457.95
97.65 691.34 0.45 4604.36
11.74 558.88 0.42 4502.01
100.71 731.58 0.60 236.63
26.89 686.02 0.60 5659.79
89.73 601.41 0.52 3054.09
40.06 836.82 0.46 636.12
148.42 903.25 0.49 -467.83
40.53 910.08 0.50 9647.95
80.67 895.43 0.49 4930.31
128.18 878.84 0.48 2799.53
109.66 789.21 0.54 7634.22
180.02 838.04 0.56 3537.66
64.54 791.95 0.47 -549.96
404.23 129.39 0.33 3631.65
268.46 114.42 0.45 149.34
373.06 96.11 0.36 7542.00
248.14 36.19 0.53 1863.82
344.55 30.69 0.60 551.51
266.01 111.49 0.46 6949.66
244.63 61.85 0.51 3670.81
238.40 99.65 0.36 6282.47
270.62 237.41 0.30 998.72
325.73 329.57 0.57 6028.58
280.41 256.09 0.38 2970.22
183.57 198.62 0.57 -1560.04
309.71 248.77 0.57 7665.52
256.14 275.17 0.60 927.87
279.07 412.53 0.45 1988.98
350.42 359.04 0.52 10482.41
335.50 507.28 0.52 3243.35
262.24 595.24 0.51 38.28
295.01 483.91 0.41 208.11
255.70 450.51 0.46 7520.25
283.25 494.62 0.32 2874.71
282.40 547.07 0.50 5582.36
230.87 506.69 0.40 4676.72
407.70 449.37 0.54 7499.33
320.20 675.01 0.47 4690.53
307.93 708.61 0.46 3509.72
225.68 646.98 0.60 453.40
258.63 580.24 0.45 552.57
315.61 710.94 0.32 6796.26
285.77 739.49 0.45 5177.98
324.22 743.12 0.46 6656.39
322.51 666.36 0.30 5869.97
265.27 910.53 0.52 -168.09
398.57 898.22 0.57 9513.77
351.48 881.52 0.40 3619.27
246.87 866.76 0.38 572.00
230.42 814.80 0.60 -641.88
325.34 894.82 0.55 -622.11
346.37 912.52 0.32 2435.30
362.54 919.98 0.25 719.95
575.60 72.94 0.38 254.48
502.02 31.52 0.55 6450.62
432.30 196.38 0.42 3113.06
466.30 99.29 0.54 -550.52
541.74 41.41 0.59 3840.08
527.80 95.22 0.49 5063.39
528.04 83.93 0.59 319.96
504.08 44.85 0.58 290.89
489.39 300.06 0.54 4267.48
453.81 325.67 0.49 1681.09
481.21 265.86 0.58 932.62
480.67 341.40 0.47 1182.96
433.67 348.41 0.60 6214.51
588.37 257.93 0.60 5680.10
500.57 334.84 0.46 4938.95
496.31 217.34 0.60 2626.36
552.30 555.05 0.47 2991.77
552.55 562.45 0.54 3803.20
562.20 455.72 0.33 5397.62
362.71 586.04 0.49 3179.38
592.80 425.56 0.54 2988.73
494.12 467.02 0.60 3070.18
452.03 593.36 0.51 1480.78
524.92 423.74 0.60 2827.24
469.75 752.53 0.60 7692.97
549.50 759.28 0.60 5228.94
525.09 633.05 0.43 6224.93
521.91 755.28 0.49 3407.64
489.73 678.03 0.37 1632.90
558.24 693.82 0.60 2890.82
569.50 735.60 0.59 2355.86
547.67 691.95 0.52 3124.34
567.39 884.38 0.54 463.11
512.16 956.86 0.60 10061.77
449.44 855.66 0.56 8697.15
503.73 955.86 0.60 1214.69
491.57 872.80 0.57 1015.61
574.47 977.92 0.60 6630.29
452.82 908.47 0.53 580.90
513.88 965.17 0.60 904.92
763.68 26.28 0.60 3176.10
739.13 134.83 0.51 3027.64
653.12 116.09 0.47 3758.24
706.23 88.49 0.37 1935.66
633.09 156.69 0.30 2291.38
713.53 168.16 0.47 5664.52
678.79 154.72 0.59 3056.45
701.82 52.83 0.47 1303.28
669.10 331.99 0.51 4210.18
759.04 318.77 0.60 -198.03
690.48 334.39 0.41 2072.22
799.87 319.35 0.60 3362.37
626.27 278.57 0.40 10512.76
756.44 249.62 0.60 9638.80
757.38 215.63 0.35 2284.83
680.55 232.97 0.60 5591.28
749.02 543.39 0.59 4364.40
649.53 495.61 0.56 -547.78
676.78 558.34 0.54 4345.80
596.93 534.55 0.55 4263.59
635.32 551.17 0.60 9830.38
663.10 555.17 0.59 3163.95
681.84 437.74 0.47 5948.79
679.11 603.06 0.51 2323.77
683.68 666.16 0.60 9787.12
660.06 730.56 0.57 7080.83
661.06 628.88 0.54 7961.40
808.46 662.55 0.41 1512.70
708.08 725.49 0.50 6916.14
692.53 739.84 0.60 8557.23
663.37 823.87 0.51 2498.31
740.50 658.56 0.42 7617.95
630.64 810.46 0.42 8827.72
718.90 955.53 0.48 5153.59
696.03 962.32 0.48 2627.48
741.74 767.48 0.50 20.88
629.79 855.34 0.44 4984.88
734.00 932.19 0.52 4510.64
739.44 981.03 0.58 1859.35
698.62 979.70 0.33 338.44
976.49 164.54 0.54 1324.52
950.91 86.99 0.49 2170.39
839.73 59.43 0.50 4130.76
818.53 112.69 0.60 557.18
912.22 80.80 0.45 6827.81
910.96 52.16 0.58 -236.96
850.75 80.85 0.40 3631.17
843.74 42.82 0.29 3234.03
875.74 344.59 0.45 3766.66
942.56 336.31 0.60 9312.68
948.30 315.62 0.51 2868.88
915.44 349.51 0.60 4682.02
875.67 264.92 0.30 4416.29
896.01 276.50 0.52 6383.89
942.54 262.39 0.55 2851.25
924.98 256.94 0.57 738.72
840.07 514.45 0.49 3167.45
922.92 445.20 0.38 1319.79
914.66 469.09 0.34 2867.89
930.97 539.44 0.60 5905.67
858.25 526.78 0.60 1284.91
973.19 559.33 0.57 3488.55
811.60 452.26 0.51 396.37
868.19 462.36 0.39 5280.61
885.09 666.08 0.46 286.27
923.03 668.11 0.36 -54.10
911.56 677.11 0.39 9151.60
980.19 737.58 0.53 -127.06
980.22 630.86 0.54 3356.04
957.94 674.20 0.44 2819.87
866.30 639.80 0.57 807.27
895.37 631.91 0.59 387.31
815.47 867.58 0.46 6163.85
815.86 914.79 0.44 2648.23
988.84 839.50 0.46 1737.33
904.20 919.57 0.57 1665.28
844.71 882.91 0.51 -698.24
853.67 990.39 0.50 307.68
910.78 908.59 0.33 4003.98
956.75 878.18 0.59 718.16
