124.67 138.09 0.39 9871.51
52.97 71.44 0.37 6745.73
1.78 191.80 0.57 7836.97
92.44 66.53 0.47 6457.66
19.66 211.28 0.51 5564.85
62.47 285.85 0.60 3754.84
133.85 292.27 0.48 3009.18
96.55 332.12 0.55 6298.82
104.70 471.20 0.47 3699.68
211.00 481.78 0.42 7581.71
138.85 502.37 0.58 1554.48
55.58 457.61 0.52 8217.70
155.76 678.79 0.45 8959.93
166.47 709.10 0.56 4884.14
139.57 644.39 0.42 7693.19
86.60 742.75 0.59 3230.51
100.31 843.69 0.51 7602.70
151.72 908.45 0.51 8696.77
93.68 931.24 0.58 2238.75
119.49 989.32 0.50 5869.82
312.17 64.72 0.59 6758.03
338.88 143.95 0.50 5937.71
361.96 69.61 0.38 5549.20
282.97 130.92 0.54 7670.93
284.93 273.51 0.45 9536.75
238.79 300.43 0.52 3740.34
194.67 314.63 0.53 3453.65
243.97 306.44 0.56 8808.86
337.07 514.52 0.43 5255.57
300.96 490.88 0.59 8255.85
323.58 607.73 0.52 6945.37
290.08 456.91 0.60 3498.16
309.34 790.02 0.60 4628.12
341.81 718.26 0.53 8482.20
364.49 806.74 0.45 10253.43
306.02 627.77 0.59 5011.56
256.59 798.91 0.38 2040.38
200.12 882.07 0.60 435.46
305.12 864.51 0.59 4507.30
340.34 887.67 0.46 5364.25
517.99 93.93 0.60 7689.26
480.13 190.87 0.46 2656.74
516.14 23.50 0.49 7414.73
487.91 107.03 0.54 5853.17
524.61 246.59 0.52 6311.32
526.72 301.53 0.45 7792.30
525.08 203.05 0.52 2334.62
511.09 291.29 0.55 3433.74
486.05 523.62 0.53 2835.14
478.26 520.20 0.48 9313.23
433.52 523.57 0.60 1614.04
518.32 522.45 0.46 3983.67
549.11 709.61 0.51 7067.01
488.36 664.90 0.60 3542.89
509.79 690.70 0.60 4441.39
543.94 747.98 0.50 5695.53
512.29 923.61 0.50 7766.71
536.59 927.21 0.60 6517.43
567.16 907.76 0.59 7699.19
484.92 920.47 0.60 3246.75
652.92 98.16 0.60 7994.46
716.73 120.42 0.50 8146.45
681.58 112.96 0.41 9044.45
684.75 175.33 0.46 9399.24
677.94 348.93 0.44 4626.42
690.15 205.23 0.48 7109.03
635.18 251.80 0.41 5525.05
612.99 171.50 0.60 9066.27
811.74 548.41 0.39 5174.54
731.00 534.23 0.59 10217.26
756.45 544.88 0.43 6277.00
705.36 514.13 0.50 1309.90
677.88 659.79 0.45 1997.81
771.28 729.15 0.45 543.79
797.81 790.24 0.54 7678.12
752.52 529.49 0.60 7631.22
647.05 911.44 0.49 9835.52
714.58 964.32 0.36 3899.05
756.64 961.59 0.53 4099.51
708.56 844.68 0.54 1015.88
908.61 117.46 0.52 6430.65
928.21 100.52 0.60 4228.06
858.32 200.73 0.54 1990.23
860.98 106.98 0.43 10250.96
842.38 292.60 0.50 3240.10
865.25 222.70 0.56 4517.50
828.84 334.65 0.60 8708.47
835.83 323.70 0.40 4596.91
994.75 498.88 0.56 4277.62
996.66 441.57 0.60 2319.00
919.60 464.89 0.50 1812.91
927.12 491.45 0.51 995.78
942.24 709.94 0.60 786.71
841.29 668.27 0.60 7416.56
988.06 683.36 0.38 9700.95
851.57 763.85 0.41 1032.14
945.25 816.75 0.56 4768.34
973.28 966.97 0.38 2372.13
941.17 893.54 0.60 6077.20
807.78 901.02 0.55 3710.80
