417.38 216.40 0.46 3568.63
884.11 435.03 0.57 4624.24
777.51 162.17 0.53 2839.18
515.08 636.91 0.48 4384.31
12.70 41.50 0.60 3797.34
630.76 790.74 0.54 5133.44
834.65 308.08 0.44 2858.46
397.80 35.28 0.28 1833.13
100.65 725.71 0.45 2723.90
52.50 149.31 0.57 5897.82
807.41 746.47 0.36 3534.89
356.92 912.37 0.59 4608.25
526.87 602.90 0.56 5442.57
826.56 659.55 0.39 3238.39
189.09 855.84 0.60 3217.19
546.59 340.73 0.60 3981.90
202.82 811.21 0.54 746.94
738.09 662.38 0.49 7392.00
487.49 878.99 0.38 2276.79
174.72 109.04 0.50 10033.01
537.69 727.03 0.58 4684.47
609.35 22.63 0.38 4968.34
829.38 928.23 0.42 4365.57
10.93 335.25 0.46 2149.45
208.99 442.25 0.55 4091.93
62.66 426.21 0.49 6521.67
140.04 904.33 0.57 3010.69
535.30 728.15 0.38 2944.79
665.31 149.97 0.45 7577.65
692.33 979.24 0.54 2940.38
602.55 152.38 0.53 6095.48
192.48 966.70 0.40 6533.39
761.52 175.96 0.60 3827.49
30.27 941.64 0.44 2407.93
794.15 251.20 0.51 2010.86
908.62 702.54 0.45 4170.78
880.51 522.78 0.55 3360.40
499.00 676.26 0.52 3742.58
83.76 176.62 0.57 10610.93
90.90 766.54 0.54 4307.02
357.70 803.76 0.56 2686.32
843.18 341.82 0.57 2595.27
16.57 149.10 0.54 3925.00
885.16 873.68 0.35 663.80
224.47 609.20 0.52 4134.03
866.81 497.15 0.41 3488.97
295.15 244.01 0.52 917.95
196.65 203.57 0.45 2563.97
812.03 318.77 0.50 2138.53
217.53 101.87 0.58 5804.89
174.24 460.08 0.60 2953.86
203.86 29.30 0.42 1787.07
233.39 455.32 0.60 4715.24
253.02 394.31 0.37 2721.47
557.48 78.20 0.50 3888.74
993.22 909.18 0.60 5096.46
494.69 210.59 0.37 2442.66
40.88 14.13 0.40 2845.69
332.35 380.75 0.52 1695.46
774.31 341.43 0.34 3235.49
58.38 427.61 0.42 6368.07
504.70 582.16 0.54 3404.58
209.31 74.51 0.39 3500.82
568.97 872.05 0.60 3404.34
896.46 284.41 0.44 3846.25
665.90 886.51 0.58 3647.55
440.88 757.33 0.39 4950.25
519.75 919.64 0.58 1680.90
218.54 779.90 0.43 3433.66
208.47 38.78 0.56 6069.20
948.76 848.79 0.60 5251.87
957.37 89.24 0.60 10585.29
317.95 875.44 0.36 2171.85
971.85 68.00 0.60 2953.63
76.11 68.97 0.36 4915.83
869.59 2.35 0.60 4136.71
840.79 451.95 0.46 7277.13
280.47 520.07 0.60 9517.70
559.29 107.37 0.50 6844.54
938.96 825.56 0.57 2146.46
711.07 451.82 0.43 3830.61
13.39 584.61 0.46 2376.09
807.59 470.41 0.35 4593.03
768.64 351.72 0.46 1532.03
644.78 891.09 0.46 3889.99
569.00 398.86 0.60 7770.92
759.11 365.78 0.57 3680.60
612.68 484.11 0.52 3490.08
32.73 475.79 0.48 2415.41
780.33 218.39 0.59 4000.72
693.92 715.54 0.56 4005.91
65.45 644.62 0.60 4042.62
759.28 910.64 0.60 7314.77
526.47 709.92 0.35 4430.67
908.70 659.09 0.46 3320.49
710.33 825.98 0.60 2381.16
961.86 973.62 0.60 972.11
53.61 600.08 0.28 3227.97
8.96 143.10 0.29 5772.66
625.02 968.87 0.54 6398.15
144.71 743.68 0.40 2670.41
23.36 63.33 0.49 4744.51
249.19 374.04 0.60 3433.88
929.98 794.00 0.57 8720.95
900.97 459.89 0.41 5264.14
584.17 761.70 0.60 3317.47
139.62 234.50 0.60 3144.67
654.32 789.16 0.54 4825.20
939.29 666.20 0.45 3061.85
190.11 402.40 0.57 817.43
2.32 369.69 0.52 2084.38
393.32 968.67 0.60 6861.18
895.90 891.30 0.30 5724.38
398.54 539.95 0.53 4607.74
842.61 474.85 0.45 6069.12
147.56 855.47 0.46 4168.32
440.60 889.61 0.55 2428.04
220.99 70.92 0.36 3932.79
737.72 125.58 0.45 4451.02
950.62 465.35 0.42 3537.45
387.08 953.39 0.60 4206.02
666.61 317.76 0.56 5693.26
765.01 31.49 0.39 2815.32
72.20 998.10 0.47 4044.84
40.36 976.46 0.60 5485.86
769.97 760.21 0.60 968.68
237.67 795.74 0.34 3586.78
918.83 611.05 0.58 6147.43
722.89 345.21 0.30 2846.62
337.97 338.30 0.46 3425.93
291.75 690.74 0.57 3998.69
497.25 976.85 0.60 4362.43
162.81 793.61 0.42 3060.22
931.08 966.64 0.48 3199.09
267.00 455.98 0.37 2669.51
999.13 184.46 0.47 3381.86
571.42 960.46 0.51 7785.08
644.65 679.15 0.47 3887.56
353.08 919.25 0.40 3521.48
797.01 386.73 0.50 3159.12
429.93 624.30 0.54 3086.67
933.65 321.61 0.57 2409.56
24.05 185.67 0.43 10300.57
955.99 810.91 0.57 3863.37
998.17 67.18 0.38 6839.73
905.71 362.47 0.46 4271.81
958.35 555.25 0.41 5599.15
567.34 227.00 0.55 3004.25
541.66 916.56 0.45 4175.60
542.63 506.14 0.60 4831.14
109.53 940.33 0.42 2175.63
88.76 883.89 0.59 4957.26
27.27 919.76 0.60 4700.08
150.98 609.53 0.35 2311.71
744.00 179.41 0.49 5189.70
610.63 615.73 0.39 4078.29
412.34 279.84 0.44 2690.32
519.22 573.30 0.58 4146.44
513.76 888.46 0.31 4581.47
384.35 98.20 0.50 4573.39
5.84 980.82 0.46 6783.01
44.33 93.29 0.59 2028.69
543.34 6.28 0.45 2588.46
662.94 937.71 0.51 2787.19
444.65 365.43 0.60 3009.64
617.64 993.44 0.52 3909.50
655.29 853.16 0.60 4885.23
735.00 254.02 0.41 2795.95
813.58 428.76 0.38 2226.53
403.61 11.78 0.57 4425.04
445.47 228.73 0.59 9677.05
736.50 541.22 0.55 10309.38
261.24 664.48 0.60 5243.76
533.85 662.08 0.57 4576.57
561.59 352.84 0.44 4351.44
