315.61 504.88 0.44 8513.53
954.60 537.54 0.52 2866.23
932.88 139.89 0.40 5497.82
733.17 604.66 0.41 7156.21
651.95 852.85 0.45 4892.00
909.44 58.13 0.40 5930.18
330.84 148.24 0.37 6965.45
518.31 218.11 0.49 9487.31
535.44 916.94 0.60 2974.43
139.50 905.62 0.40 4910.48
935.24 286.76 0.50 9143.17
548.02 173.35 0.34 5804.03
110.42 328.71 0.36 6651.28
794.90 796.14 0.59 6290.67
191.12 560.73 0.43 6023.07
646.01 297.09 0.35 7213.47
566.35 326.71 0.54 6646.07
455.86 657.00 0.53 3806.72
671.67 363.99 0.27 9547.72
81.15 117.61 0.60 4829.86
705.54 167.28 0.60 7830.86
927.50 991.09 0.40 5044.99
931.95 880.73 0.46 8903.89
631.29 800.96 0.60 9483.04
246.88 358.46 0.60 4718.94
447.73 438.49 0.53 4516.93
197.25 258.80 0.38 3972.54
453.06 196.11 0.18 8672.07
958.37 575.14 0.31 7101.81
467.77 651.96 0.50 6995.86
897.97 323.49 0.43 5662.05
189.99 363.18 0.57 8979.17
693.95 35.77 0.49 5003.98
212.23 144.18 0.41 5747.79
367.46 584.14 0.46 8949.21
133.75 442.81 0.51 5758.49
845.56 124.13 0.37 6636.21
957.39 876.77 0.52 7430.94
541.96 107.44 0.58 7929.59
495.19 81.53 0.43 6320.33
470.00 26.17 0.43 7282.68
616.15 326.45 0.60 7698.95
502.79 859.89 0.41 3745.47
144.14 883.01 0.47 4913.41
551.73 12.83 0.48 3611.59
325.47 469.69 0.47 5565.01
412.45 142.34 0.48 5452.34
695.62 913.80 0.60 4411.92
374.36 516.46 0.44 5996.71
646.04 905.25 0.46 6023.70
182.70 675.67 0.60 4509.38
722.75 205.07 0.37 4247.00
739.12 991.86 0.45 4195.08
663.60 604.83 0.58 5400.78
337.26 116.08 0.60 5538.29
205.81 228.30 0.59 5865.51
561.55 107.02 0.45 8814.97
89.90 39.42 0.36 6544.54
173.51 228.14 0.51 8727.28
707.29 205.38 0.48 5480.44
33.32 715.18 0.60 3453.68
761.13 714.03 0.55 5702.32
592.90 585.29 0.36 4882.72
716.85 42.06 0.60 7201.29
507.39 108.34 0.50 9846.84
734.47 119.23 0.46 4913.88
827.62 147.48 0.56 4604.73
398.78 156.55 0.60 9480.74
522.06 320.27 0.45 4920.98
571.63 940.02 0.50 6930.73
707.92 155.55 0.60 5131.94
619.79 35.34 0.39 3332.42
752.87 321.05 0.59 7530.35
390.93 509.47 0.45 10738.51
869.45 685.74 0.52 3795.38
127.13 701.99 0.39 4787.90
911.88 375.71 0.54 5182.04
263.39 790.92 0.47 4313.03
753.87 370.84 0.52 7323.93
575.90 524.17 0.48 6847.40
179.72 464.33 0.34 5808.36
426.54 30.02 0.56 4536.87
424.72 186.77 0.51 5213.76
639.28 581.17 0.60 6421.13
363.10 446.40 0.60 5600.81
662.98 859.51 0.43 6998.90
325.14 464.87 0.51 4887.44
788.26 164.56 0.58 5438.95
405.24 37.34 0.47 3892.71
261.37 173.25 0.42 5646.51
867.47 701.69 0.52 5258.52
778.59 932.33 0.39 6911.58
626.29 239.95 0.46 5057.30
602.27 849.75 0.48 5112.22
851.53 830.62 0.55 6326.05
578.42 379.81 0.60 4877.33
831.93 313.25 0.55 4440.52
151.48 258.03 0.48 4341.54
638.33 862.75 0.58 3546.55
9.75 83.09 0.52 5977.65
212.27 952.76 0.44 3351.74
446.05 345.48 0.44 5758.66
674.16 200.73 0.38 6091.48
784.93 884.36 0.54 3719.23
161.34 454.28 0.60 4954.44
972.66 766.42 0.60 2610.61
778.26 149.85 0.58 5200.06
793.42 606.60 0.60 6492.10
740.42 368.75 0.60 7746.70
545.29 805.12 0.37 8703.06
531.29 869.23 0.50 9554.19
297.01 105.91 0.55 4415.35
679.66 791.31 0.53 4762.08
765.42 281.41 0.42 6408.18
715.31 402.30 0.44 5971.31
892.26 862.13 0.56 5548.39
678.30 207.63 0.47 5404.36
830.73 240.24 0.60 4881.14
383.50 889.61 0.39 4780.14
259.31 228.81 0.52 7001.44
620.90 332.28 0.40 5392.39
797.32 888.95 0.53 4667.10
513.60 266.31 0.52 5234.46
718.02 821.85 0.38 10356.03
843.58 742.76 0.55 4321.87
