879.23 386.78 0.42 5603.48
679.44 838.84 0.41 8075.70
378.76 764.38 0.51 3981.24
359.23 398.44 0.50 6119.55
753.67 962.74 0.60 4213.82
421.42 619.52 0.48 4381.41
696.31 427.74 0.47 5739.97
418.03 620.85 0.54 4634.20
156.56 229.16 0.60 7845.10
434.43 298.55 0.45 9510.48
547.10 250.98 0.39 6392.78
229.36 292.83 0.60 7391.67
837.83 251.95 0.37 6397.60
739.80 208.74 0.55 7478.83
861.34 219.79 0.60 7267.90
471.57 350.23 0.53 7040.20
25.12 935.44 0.39 9847.48
886.68 869.00 0.59 5579.88
239.96 291.36 0.42 5945.83
37.10 319.45 0.41 10296.30
494.07 974.56 0.41 6154.39
954.45 767.89 0.50 7159.24
339.54 227.41 0.60 5299.44
672.36 528.82 0.51 8762.29
454.36 163.49 0.46 5906.71
223.65 352.09 0.56 8832.31
694.54 402.71 0.60 10000.46
478.83 802.79 0.50 5089.11
24.03 603.56 0.59 5037.38
397.20 344.17 0.60 6552.00
422.17 493.37 0.39 4470.84
754.64 430.26 0.48 9400.27
26.80 278.38 0.60 5032.32
831.83 657.63 0.50 5595.19
690.76 29.98 0.48 5320.38
860.65 975.13 0.60 4514.10
889.22 562.30 0.60 5675.83
477.30 78.58 0.60 4979.73
511.69 84.81 0.32 10600.98
70.74 9.17 0.52 8468.69
831.21 348.71 0.55 8595.31
174.90 863.88 0.47 6068.52
430.83 174.76 0.52 8110.29
765.46 636.10 0.32 6424.37
52.96 899.33 0.48 3318.66
79.71 980.62 0.40 3399.26
527.96 784.26 0.58 8142.75
505.56 553.33 0.59 6588.13
708.58 672.11 0.60 5455.14
388.48 939.75 0.46 4877.67
183.84 25.22 0.40 9097.61
662.59 117.31 0.60 6989.62
425.85 133.21 0.58 10630.53
264.87 994.21 0.58 5281.43
896.14 325.18 0.58 7721.02
14.44 877.28 0.53 5605.96
247.11 178.30 0.38 9237.24
185.83 258.38 0.56 6141.16
725.93 108.26 0.48 6320.83
568.22 744.27 0.46 7675.91
825.84 641.24 0.58 4643.38
748.54 78.85 0.41 5729.04
292.02 955.52 0.58 5335.66
276.93 378.26 0.48 5465.59
8.59 81.02 0.45 9046.15
701.44 148.51 0.60 8145.32
561.60 745.51 0.39 9996.22
139.79 648.47 0.43 8224.96
833.90 287.17 0.29 6046.70
140.25 43.20 0.43 5912.38
864.22 355.31 0.58 4674.15
991.99 28.17 0.42 10800.00
51.95 64.25 0.50 5163.90
246.19 933.88 0.47 5974.02
704.07 602.78 0.43 7687.61
407.30 866.08 0.32 4727.59
297.73 11.57 0.60 6344.01
395.62 495.38 0.45 8297.91
318.74 765.80 0.41 5177.23
986.11 301.16 0.30 6275.95
425.43 199.76 0.52 8663.82
651.35 667.01 0.54 4682.32
721.54 689.14 0.42 6078.03
904.36 6.22 0.40 5596.82
502.48 514.58 0.43 5717.67
400.20 845.28 0.58 5875.50
531.78 227.89 0.60 8224.79
969.07 645.52 0.43 6870.33
321.39 449.58 0.44 5647.34
434.33 381.10 0.60 6478.78
417.87 830.01 0.40 4880.72
134.13 963.09 0.35 4254.86
666.16 168.13 0.60 7095.95
571.25 227.73 0.60 6098.77
117.46 229.31 0.45 10591.12
564.27 452.48 0.52 6040.83
56.02 597.85 0.47 4308.74
967.26 321.30 0.60 6117.16
177.20 440.84 0.39 4697.66
499.40 969.87 0.60 10769.77
