28.46 98.44 0.23 2486.79
153.89 144.67 0.30 2490.87
93.80 156.35 0.19 2520.27
58.76 75.80 0.18 1238.54
18.89 103.89 0.32 827.80
158.06 135.14 0.26 2517.10
91.63 93.89 0.29 1243.08
72.72 55.64 0.05 821.49
54.36 305.50 0.32 1721.46
49.49 293.50 0.15 843.40
178.90 250.02 0.16 2141.26
185.72 303.96 0.10 1560.53
7.43 261.03 0.19 867.01
84.95 252.64 0.01 1489.35
69.93 304.60 0.14 619.21
77.98 330.97 0.23 1528.52
68.38 553.26 0.02 1075.73
44.04 596.46 0.36 3034.25
184.61 381.02 0.26 1689.68
178.59 498.58 0.24 1266.52
110.92 472.90 0.16 2221.80
97.09 601.72 0.27 1365.92
158.13 551.69 0.17 1218.51
127.78 502.58 0.12 1363.02
47.78 706.16 0.17 1564.40
162.60 727.97 0.45 2760.83
52.51 636.26 0.13 1951.37
43.22 691.42 0.23 1426.07
111.82 747.07 0.23 1246.90
157.85 798.94 0.18 2125.44
130.73 688.81 0.37 2094.20
33.23 649.06 0.24 1309.98
119.84 858.53 0.10 829.30
194.73 830.21 0.26 1348.55
96.17 922.39 0.17 2469.59
190.29 872.12 0.23 1388.62
84.45 958.61 0.11 1491.05
5.71 812.73 0.07 620.86
139.57 841.72 0.23 2765.21
55.60 832.17 0.19 3976.86
338.95 131.50 0.17 1992.12
237.74 14.00 0.19 1405.46
255.01 191.36 0.22 4643.22
357.84 93.23 0.23 900.70
332.08 61.30 0.05 2381.95
262.04 91.66 0.09 2679.20
244.40 123.01 0.30 827.80
390.34 88.06 0.38 602.13
365.53 279.41 0.16 2502.13
288.30 262.16 0.13 1120.38
332.78 301.96 0.20 2061.86
328.33 263.18 0.29 1234.31
284.58 281.99 0.21 2543.73
276.62 325.27 0.29 1736.92
377.70 335.72 0.06 1463.55
312.44 256.06 0.33 3225.09
377.86 509.16 0.11 2624.96
234.84 560.80 0.32 1684.74
291.52 626.11 0.23 883.32
381.87 448.69 0.12 955.62
307.11 559.00 0.15 2606.49
362.40 433.18 0.17 1895.88
342.87 491.92 0.18 1145.28
313.69 504.53 0.32 2172.32
315.93 648.24 0.12 1567.52
195.12 712.38 0.28 2328.78
236.93 695.41 0.22 2336.53
311.59 730.18 0.10 2714.89
392.12 709.45 0.11 1206.43
279.17 686.02 0.18 2179.30
233.24 735.55 0.26 652.81
352.23 669.40 0.29 1672.83
359.05 897.11 0.24 1084.72
319.92 944.42 0.11 1216.71
317.53 961.85 0.19 1453.27
285.20 922.78 0.29 2158.59
285.67 798.22 0.31 2210.34
362.90 831.93 0.09 1122.75
247.96 868.55 0.23 2969.04
223.33 864.55 0.14 1025.05
463.85 71.31 0.09 1024.80
516.17 130.44 0.13 1318.03
428.48 112.81 0.03 2914.74
404.20 171.26 0.31 587.10
526.80 165.88 0.10 818.02
439.80 78.37 0.11 839.74
477.77 109.57 0.01 2211.84
410.74 93.34 0.24 3164.86
390.98 225.21 0.20 2815.53
518.30 307.28 0.14 3802.40
509.77 288.67 0.09 983.22
419.16 269.07 0.16 3742.78
476.73 238.57 0.16 1033.80
459.48 270.82 0.16 4234.13
428.93 208.88 0.25 1206.64
483.05 243.41 0.10 1407.68
493.05 494.70 0.19 898.00
483.51 607.12 0.18 3151.87
581.67 635.02 0.22 1657.71
509.76 482.74 0.10 1116.42
423.83 491.43 0.16 4215.48
458.78 603.42 0.12 987.95
628.21 544.70 0.48 2322.72
532.16 495.25 0.23 587.17
580.55 820.72 0.15 3150.42
554.25 734.41 0.23 839.02
539.79 705.26 0.14 1601.48
518.65 680.61 0.19 3984.82
515.50 700.77 0.33 1783.81
436.41 714.77 0.27 647.52
505.79 686.52 0.19 2911.13
581.87 650.16 0.16 1521.89
490.76 805.19 0.12 1695.36
500.00 913.51 0.13 2511.78
467.46 830.94 0.17 1157.98
456.92 902.13 0.23 1499.82
413.61 931.74 0.11 1510.77
484.67 912.79 0.38 1052.45
534.83 869.91 0.18 1505.18
508.41 908.48 0.30 1897.35
735.77 146.06 0.19 1066.62
661.06 22.50 0.15 1170.80
674.69 119.40 0.24 2086.71
710.42 109.27 0.29 1079.34
735.69 148.25 0.04 1690.54
668.15 98.33 0.20 1971.66
723.63 134.00 0.13 1493.93
706.58 96.74 0.28 1379.13
676.21 311.48 0.18 3605.40
730.00 282.81 0.20 1622.00
695.83 292.58 0.20 3328.53
643.64 387.44 0.34 1701.16
680.79 245.93 0.26 1576.26
686.41 269.98 0.18 1007.22
691.78 231.02 0.29 812.20
598.44 248.60 0.26 1711.13
755.04 556.49 0.36 655.06
660.36 530.09 0.20 1786.71
713.53 568.79 0.25 933.28
676.71 391.72 0.23 1666.06
729.56 468.31 0.35 1628.21
646.51 521.63 0.28 590.67
660.69 485.77 0.08 2244.92
667.13 464.44 0.17 1316.15
666.38 802.74 0.20 1273.00
730.25 741.04 0.02 2827.80
589.95 668.03 0.20 1263.95
752.01 734.41 0.09 2086.58
654.19 698.69 0.24 797.28
758.35 628.01 0.36 1998.45
723.47 800.01 0.07 1256.87
678.07 708.18 0.08 3003.98
664.27 824.24 0.16 2790.52
755.66 870.39 0.11 1391.23
770.30 873.18 0.33 2448.64
719.90 869.64 0.46 1047.98
670.39 953.42 0.32 2251.78
722.95 913.81 0.25 1550.48
667.27 1003.53 0.17 731.69
668.64 983.44 0.20 1316.69
938.51 146.62 0.38 1091.85
1005.50 57.14 0.09 1670.88
907.21 71.71 0.27 848.54
853.12 193.74 0.39 1096.82
919.25 49.14 0.34 1220.47
797.02 126.10 0.03 1043.49
960.60 60.09 0.26 1255.76
978.49 63.47 0.15 1097.73
944.85 385.86 0.02 2085.75
928.63 290.06 0.23 2349.60
909.19 224.01 0.19 1564.33
886.59 294.21 0.03 2872.83
863.66 288.44 0.12 2664.96
923.09 362.89 0.30 3123.79
844.48 313.60 0.18 1183.26
937.12 330.09 0.26 1243.28
864.89 512.42 0.22 2054.08
924.60 475.47 0.28 2902.41
917.44 433.19 0.16 599.39
949.18 457.73 0.08 1317.72
870.30 540.94 0.01 641.79
914.67 512.49 0.15 1214.99
994.99 498.29 0.10 2344.28
924.62 447.07 0.10 1471.77
909.06 676.16 0.14 817.12
1002.02 659.04 0.24 2214.38
923.12 707.83 0.28 1539.04
798.67 685.91 0.19 2153.24
843.59 749.44 0.01 2490.01
932.45 643.45 0.11 2919.26
938.00 623.51 0.09 1185.05
912.55 794.67 0.17 1666.36
982.45 1046.60 0.23 897.27
856.81 895.24 0.21 1220.03
877.00 880.16 0.37 2534.86
841.09 898.59 0.28 1380.07
937.88 791.49 0.31 2304.99
868.32 1019.85 0.20 1299.98
934.02 896.07 0.19 863.36
875.90 864.21 0.27 2396.21
16 9 4 91 135 48 95 138 132 97 164 165 167 156 196 194 154 159 157 110 22 109 188 150 134 121 176 137 141 179 144 142 104 103 98 118 106 72 71 69 112 139 187 185 149 151 152 182 177 161 128 84 136 170 163 87 86 44 2 5 13 30 28 26 35 31 29 34 32 77 19 130 140 10 47 62 108 59 61 146 145 122 85 124 52 133 178 93 7 15 18 23 38 75 78 73 80 64 56 89 51 119 120 113 115 160 147 197 143 102 50 54 67 58 100 63 57 60 175 193 199 192 186 171 172 168 41 82 123 125 81 127 169 183 36 117 116 191 184 180 189 200 195 158 74 66 37 39 20 21 1 6 3 42 96 126 43 53 92 94 107 76 155 198 105 99 129 148 49 88 12 11 55 111 79 17 27 25 166 90 83 8 14 70 65 101 153 181 174 190 173 40 68 33 46 24 114 131 45 162 
Best fitness: 76.52
124 164 185 187 149 106 141 144 56 12 18 67 156 159 111 26 22 5 6 163 167 135 136 123 140 132 142 134 176 174 77 71 115 104 48 84 50 137 80 23 31 63 52 16 14 7 53 54 110 75 118 160 197 199 145 64 20 15 13 47 32 58 97 121 173 165 126 133 72 66 99 103 29 28 9 45 46 88 44 178 161 182 139 150 82 128 171 59 30 34 116 113 39 74 27 69 73 109 196 179 147 108 36 154 158 91 86 2 95 55 11 24 138 62 87 81 92 120 155 152 112 183 175 188 177 162 122 127 89 4 1 42 51 130 129 93 10 70 76 107 193 195 194 153 21 19 65 41 85 49 131 100 96 192 198 184 60 102 168 180 114 200 146 101 57 68 79 25 33 98 38 78 61 3 17 35 157 186 119 148 143 170 125 191 40 8 90 166 181 189 169 172 105 37 94 83 43 190 151 117 
Worst fitness: 91.24

Mean: 82.51

Standard deviation: 11.80
