786.78 183.09 0.47 10022.53
694.93 184.68 0.69 9036.33
490.36 76.41 0.55 5614.43
46.10 548.82 0.60 889.32
707.22 425.91 0.49 843.45
214.81 60.59 0.64 2091.27
901.74 100.62 0.46 2520.62
906.18 964.61 0.43 7223.96
482.85 783.45 0.52 8194.07
766.79 188.31 0.56 2513.98
968.05 564.95 0.60 984.80
643.25 594.14 0.53 5144.79
944.96 195.48 0.41 9828.02
58.70 697.60 0.74 1437.85
646.38 873.63 0.51 6502.20
458.91 400.37 0.52 2478.16
331.81 128.36 0.59 731.00
905.03 240.26 0.66 9672.46
386.69 92.60 0.28 4958.24
600.58 939.96 0.67 7763.48
663.78 678.35 0.43 7836.69
931.66 147.42 0.44 5516.72
560.61 590.43 0.53 9873.07
555.87 618.14 0.53 1477.58
857.17 343.60 0.32 4755.93
656.08 790.58 0.35 9021.67
74.98 176.16 0.56 7610.01
404.53 884.00 0.48 7095.42
696.25 994.99 0.63 4726.12
283.62 165.46 0.64 7578.63
550.20 473.29 0.55 1790.78
615.17 261.13 0.45 6309.91
772.14 276.36 0.33 4941.60
606.41 699.37 0.51 2739.23
901.27 778.86 0.47 6485.27
425.09 667.91 0.38 3841.02
310.10 491.20 0.54 4571.27
640.26 79.44 0.54 10498.29
885.70 190.05 0.57 6533.53
589.35 66.21 0.48 832.39
869.53 321.88 0.63 2703.40
339.56 482.78 0.57 735.48
116.91 90.26 0.53 1834.27
942.37 263.97 0.55 5503.18
695.52 599.03 0.57 8209.87
989.46 67.83 0.52 3790.10
605.47 232.74 0.57 10153.11
137.52 824.76 0.63 2746.09
100.73 676.20 0.45 3793.09
717.28 611.14 0.58 1789.32
506.73 801.76 0.65 10318.83
364.38 105.12 0.53 2329.35
619.10 634.60 0.45 8958.81
475.04 922.81 0.32 2129.73
208.60 15.58 0.32 1655.08
837.25 976.32 0.55 8358.28
251.33 893.48 0.55 8265.48
41.94 847.12 0.35 6991.77
923.58 785.90 0.63 8994.26
23.30 606.76 0.56 3398.04
152.23 268.89 0.37 4412.96
385.42 977.88 0.57 4583.42
500.70 847.19 0.66 7700.16
121.17 362.49 0.48 2818.00
168.85 281.47 0.40 4123.61
6.94 468.42 0.41 2446.66
741.45 532.36 0.54 5426.26
516.61 917.55 0.58 5588.24
668.12 575.13 0.50 9426.59
263.33 384.54 0.60 8434.34
681.90 151.77 0.58 10114.02
684.19 847.92 0.62 2721.38
719.12 300.28 0.60 3051.88
603.70 402.53 0.63 8880.11
510.05 947.86 0.56 8353.62
436.74 549.14 0.52 2844.09
992.10 930.09 0.41 2295.24
894.71 430.55 0.43 7758.80
479.25 604.13 0.49 2840.59
847.28 995.70 0.54 3418.50
448.68 866.40 0.52 3441.98
338.01 932.26 0.60 3335.84
289.60 826.37 0.38 7623.57
510.06 66.88 0.72 4018.20
147.50 408.17 0.40 7995.49
97.50 782.18 0.52 4821.85
270.53 279.17 0.57 5922.86
308.77 871.71 0.31 7714.27
4.85 965.23 0.41 7064.64
10.34 810.09 0.52 7646.40
75.06 506.44 0.55 1445.09
134.08 111.29 0.64 8661.39
9.92 659.57 0.35 2773.45
118.52 498.66 0.46 10706.73
547.42 600.67 0.69 6774.71
804.17 860.00 0.36 6896.62
980.89 160.10 0.45 9027.31
682.12 69.21 0.35 7711.42
826.15 147.73 0.49 1109.37
949.48 800.73 0.48 2415.26
679.87 655.92 0.68 8045.87
898.66 746.74 0.46 1133.51
393.60 706.93 0.55 891.46
163.99 645.04 0.46 4742.95
735.94 287.17 0.41 9856.38
764.83 157.30 0.48 3470.54
782.17 851.04 0.56 4737.52
613.42 971.54 0.40 6119.55
65.24 183.96 0.32 4382.25
825.14 172.62 0.46 3624.64
38.95 269.73 0.71 7341.96
614.40 532.54 0.52 6964.48
999.40 327.85 0.49 7245.17
847.94 829.06 0.65 9200.21
126.28 984.54 0.42 3226.86
125.00 269.06 0.54 2585.19
669.29 204.11 0.41 4559.04
85.69 722.62 0.62 6109.03
725.76 118.37 0.50 10366.69
365.54 653.04 0.67 8021.04
704.99 941.01 0.46 5033.72
62.63 332.80 0.52 5775.55
715.34 619.27 0.40 997.82
190.02 677.49 0.59 7499.88
177.99 457.04 0.46 1554.27
26752.051216322852