69 71 57 80 16 67 30 55 35 44 72 52 26 63 22 38 51 36 5 8 4 77 76 39 23 59 19 12 2 60 9 24 21 46 42 73 33 54 40 65 68 74 3 56 14 7 48 41 70 1 66 17 34 37 62 64 32 50 58 27 6 47 31 28 43 15 10 45 75 11 18 79 78 20 13 49 25 61 53 29 
Moving time: 146.59 167.72 170.51 185.05 196.73 229.02 237.08 244.85 261.43 276.42 289.23 303.91 306.97 312.06 321.47 325.20 348.43 368.59 388.73 428.53 440.62 443.70 448.40 458.00 469.32 494.04 508.79 523.43 541.20 563.08 573.07 594.14 604.68 626.25 640.86 653.85 668.24 674.93 693.38 729.99 730.70 749.63 763.03 777.23 789.20 796.57 814.93 829.15 845.58 854.16 871.12 891.84 911.21 926.30 934.66 946.56 959.91 984.06 1001.46 1015.85 1052.14 1081.98 1111.72 1127.02 1143.23 1151.15 1186.29 1203.17 1223.94 1253.05 1262.89 1292.23 1315.78 1332.11 1340.21 1365.83 1393.67 1416.38 1457.06 1499.44 1653.80 
Best fitness: 0.00
Worst fitness: 0.0
Average fitness: 0.00
Alpha: 0.50
K: 0.02
Crossover probability: 0.50
Mutation probability: 0.10
Change mutation operator probability 1: 0.15
Change mutation operator probability 2: 0.15