2 11 3 15 5 25 30 21 23 6 8 20 17 10 7 26 18 1 4 29 27 16 13 24 22 12 9 28 19 14 
Moving time: 102.09 206.43 302.30 422.05 493.81 531.51 568.20 583.57 645.03 705.98 788.13 841.24 876.88 899.89 937.71 959.14 1002.43 1041.21 1124.07 1146.68 1265.83 1314.56 1342.26 1369.97 1391.50 1416.06 1457.54 1518.36 1561.93 1695.80 1909.09 
Best fitness: 0.00
Worst fitness: 0.0
Average fitness: 0.00
Alpha: 0.50
K: 0.02
Crossover probability: 0.50
Mutation probability: 0.10
Change mutation operator probability 1: 0.15
Change mutation operator probability 2: 0.15