32 16 22 12 20 7 8 39 10 13 26 15 19 17 11 18 28 21 27 14 6 36 37 34 2 25 4 29 9 23 31 40 5 38 3 33 1 30 35 24 
Moving time: 126.78 142.90 193.98 206.53 274.99 304.52 372.25 410.99 423.76 459.98 508.32 544.82 562.50 645.73 708.47 738.34 781.15 859.17 945.12 992.03 1019.02 1135.68 1208.17 1234.48 1280.62 1379.36 1406.73 1450.32 1494.69 1567.23 1597.01 1643.00 1655.61 1717.64 1828.34 1867.88 1930.49 1978.61 2043.76 2107.98 2227.08 
Best fitness: 0.00
Worst fitness: 0.0
Average fitness: 0.00
Alpha: 0.50
K: 0.02
Crossover probability: 0.50
Mutation probability: 0.10
Change mutation operator probability 1: 0.15
Change mutation operator probability 2: 0.15