513.23 507.77 0.23 8732.89
598.11 532.74 0.34 2047.02
510.88 548.48 0.22 9884.50
460.37 442.46 0.24 9155.43
435.06 472.58 0.11 3320.74
463.84 571.94 0.13 9445.22
491.45 506.71 0.26 2552.04
406.21 589.98 0.28 2840.37
563.15 470.13 0.24 6770.25
487.83 560.75 0.28 6153.66
472.34 524.91 0.21 3052.36
530.14 445.20 0.16 6418.73
652.73 449.24 0.20 10603.56
484.93 488.59 0.21 6866.15
467.33 521.27 0.18 2648.61
443.74 474.12 0.20 7207.16
645.36 461.72 0.20 10370.85
431.71 557.66 0.33 2813.16
516.50 429.32 0.15 1965.24
572.00 524.43 0.19 1238.80
493.10 490.46 0.32 3321.40
494.33 464.69 0.13 4444.65
431.44 524.87 0.17 7615.90
592.68 456.92 0.30 7572.26
491.21 519.62 0.23 1566.36

7660.639742631956
