647.23 439.87 0.15 2308.27
509.21 291.55 0.21 3246.53
176.38 898.31 0.24 9031.68
804.41 243.79 0.15 5969.77
231.90 866.94 0.07 10056.15
167.54 503.18 0.16 2747.56
44.24 413.98 0.20 4942.50
307.45 822.80 0.18 870.99
147.61 661.06 0.38 7763.60
60.52 265.78 0.32 1598.19
365.39 404.03 0.38 1016.08
45.69 466.81 0.28 1596.21
810.17 119.76 0.05 7593.42
52.09 316.16 0.39 3327.09
53.06 518.26 0.30 9850.67
647.72 225.33 0.14 8006.53
883.96 192.22 0.19 3562.08
16.03 807.01 0.12 8197.53
860.49 464.23 0.18 4785.93
647.18 548.49 0.23 10308.49
866.15 888.63 0.19 3942.24
368.39 589.48 0.21 6715.31
171.16 171.77 0.19 4250.51
165.43 488.62 0.30 9162.86
344.65 507.44 0.11 9458.26
697.13 781.88 0.07 9140.76
981.71 59.99 0.05 1183.91
711.28 27.31 0.13 7842.76
924.61 173.14 0.15 6907.03
629.31 456.87 0.28 3276.02
975.71 807.41 0.28 5086.08
283.40 193.75 0.33 3537.92
467.76 720.30 0.32 8083.53
999.44 49.85 0.18 635.01
92.00 499.00 0.08 10324.38
472.05 863.75 0.27 2134.06
331.03 530.71 0.15 6110.54
365.60 555.14 0.16 10359.55
986.16 944.06 0.29 6868.90
300.05 762.79 0.07 7142.34
490.15 791.87 0.23 8412.19
522.61 922.31 0.28 4960.20
100.71 793.40 0.07 4092.06
421.10 229.76 0.05 10638.68
974.81 474.71 0.14 9126.51
665.91 969.90 0.33 6526.59
349.28 289.63 0.36 7050.35
591.69 596.11 0.12 7097.89
439.31 323.85 0.22 8260.06
62.04 127.11 0.26 5344.67
706.92 593.90 0.09 1335.24
722.16 801.92 0.29 10616.21
646.58 331.17 0.35 8535.83
116.91 938.92 0.06 2118.67
656.47 404.03 0.07 1742.46
501.87 671.54 0.43 3591.63
273.74 781.93 0.30 4090.33
815.57 960.56 0.28 5614.88
274.01 688.36 0.17 10302.10
504.56 203.23 0.30 3646.13
216.28 708.54 0.28 8771.08
237.37 57.38 0.28 3758.50
293.03 746.75 0.23 7548.96
982.13 516.30 0.40 10130.86
315.84 9.65 0.20 9351.10
135.28 43.67 0.23 4847.01
345.70 711.83 0.05 1288.55
616.50 941.11 0.15 5085.68
621.41 26.42 0.21 9257.34
77.80 792.77 0.26 2394.10
830.55 296.23 0.20 3866.43
733.81 548.87 0.19 2323.80
680.44 456.76 0.26 3604.89
929.32 226.29 0.35 677.08
732.93 823.97 0.19 5345.51
403.38 290.18 0.14 7877.96
813.74 939.03 0.12 3616.28
858.04 865.13 0.03 3015.83
177.30 651.36 0.15 3406.38
527.65 718.70 0.36 4724.16
833.01 777.49 0.18 6109.81
34.12 768.91 0.01 3509.44
108.25 787.40 0.10 6770.40
592.21 257.72 0.04 7361.66
273.50 251.05 0.30 6472.02
909.44 589.01 0.18 7195.32
813.22 465.90 0.16 6706.13
907.03 728.34 0.30 5100.55
305.59 374.51 0.26 9492.42
807.48 160.38 0.23 3352.27
773.25 869.28 0.23 6755.56
194.36 702.35 0.04 5881.75
364.73 85.04 0.17 6344.23
215.29 849.99 0.11 1659.52
469.57 269.64 0.21 8569.42
765.87 926.00 0.22 4077.01
903.60 558.92 0.13 2052.67
182.67 988.21 0.03 9258.01
546.78 91.74 0.05 3470.57
74.41 124.83 0.16 8574.55
622.34 550.34 0.29 8407.66
259.58 430.85 0.22 9591.88
185.18 478.70 0.29 9250.14
628.34 702.25 0.22 6221.12
19.46 36.48 0.17 7552.54
473.79 206.43 0.05 3204.85
664.44 973.89 0.25 6267.24
795.49 607.08 0.29 2534.31
343.74 722.02 0.02 9580.95
354.27 9.25 0.16 1785.43
824.33 55.22 0.25 6305.71
364.14 499.64 0.06 9672.63
369.70 375.11 0.27 5892.53
344.02 370.90 0.23 5875.96
145.38 854.96 0.26 9196.15
426.93 301.43 0.07 5659.53
806.42 37.23 0.02 7588.57
76.25 229.40 0.01 3599.50
143.72 609.41 0.08 5388.23
322.80 375.84 0.23 2478.58
420.21 776.19 0.11 6726.40
680.42 621.35 0.08 5282.51
256.72 747.57 0.38 1026.52
127.28 468.84 0.13 8843.73
459.52 236.06 0.21 7023.29
574.43 948.74 0.19 6746.49
439.93 508.41 0.30 3564.23
55.98 728.47 0.23 3152.11
471.64 874.47 0.20 7707.72
233.58 813.99 0.16 9487.74
76.30 356.20 0.13 9427.64
281.60 903.58 0.10 7847.20
200.64 621.74 0.36 9920.28
669.62 132.97 0.39 3957.11
522.47 31.72 0.22 8722.84
478.21 667.30 0.23 7575.66
537.39 408.64 0.15 9315.49
999.15 942.07 0.30 8777.55
799.45 395.40 0.26 8970.82
235.26 144.48 0.04 3519.12
548.90 820.68 0.29 7122.51
904.78 965.84 0.13 9322.79
263.07 723.29 0.20 2291.08
405.17 874.38 0.31 1508.30
298.68 398.57 0.22 4162.73
208.22 404.42 0.16 4502.21
416.04 379.41 0.19 1216.42
578.19 671.02 0.26 8520.81
667.38 152.33 0.17 5056.84
944.44 268.27 0.30 8337.38
