795.08 212.40 0.16 9878.54
930.43 795.45 0.28 4228.88
121.30 951.77 0.17 9895.81
641.52 744.21 0.34 671.13
924.92 380.03 0.08 6428.31
665.94 171.05 0.10 2497.02
977.33 9.22 0.38 2858.60
929.82 521.36 0.15 2094.28
690.44 104.76 0.36 10645.29
783.45 139.05 0.19 10522.78
269.26 913.64 0.22 6740.42
50.91 840.81 0.37 3414.74
32.78 131.79 0.26 2165.22
659.99 656.44 0.08 3884.12
288.56 829.06 0.16 8187.61
578.30 919.31 0.04 2512.05
213.91 187.99 0.11 8879.85
590.23 819.76 0.33 7217.18
615.71 620.41 0.17 10357.11
742.38 947.52 0.19 7966.55
223.80 105.12 0.38 5160.91
902.56 445.16 0.27 7995.97
594.98 670.83 0.02 2963.00
370.53 649.07 0.01 8774.58
799.38 916.42 0.21 5300.39
379.53 580.52 0.07 3217.59
225.95 846.94 0.10 3697.54
979.75 406.35 0.18 4885.49
120.15 867.59 0.25 7526.17
144.27 832.56 0.06 10327.18
371.05 79.51 0.09 2000.01
965.23 312.52 0.14 2006.19
815.17 204.68 0.19 5564.46
265.74 226.43 0.20 8333.11
206.51 731.59 0.15 8319.80
763.84 693.34 0.13 2914.93
176.38 851.26 0.16 9777.55
8.02 28.13 0.35 5897.45
249.64 8.23 0.32 4313.18
436.41 604.42 0.23 10261.85
796.42 805.60 0.21 9636.68
206.39 653.72 0.09 8659.63
892.52 452.96 0.24 7120.79
243.46 650.03 0.06 4079.47
141.43 231.64 0.29 3043.21
620.79 100.15 0.19 2853.52
895.26 992.63 0.20 7391.59
178.54 577.89 0.14 9559.34
345.82 885.92 0.27 7788.65
918.98 734.65 0.09 9868.39
313.91 475.19 0.12 3409.14
368.19 233.33 0.20 2390.43
719.49 508.24 0.17 10319.31
730.81 804.41 0.23 10392.11
258.98 350.00 0.42 3854.69
296.98 405.17 0.21 10257.22
752.61 108.15 0.05 2226.90
762.39 117.52 0.31 998.45
681.32 706.47 0.25 5297.72
530.55 446.03 0.18 3001.24
607.93 608.71 0.15 9419.79
665.36 246.34 0.11 3588.41
268.92 776.46 0.16 7686.30
843.57 653.37 0.03 1125.67
322.44 238.89 0.17 4169.14
847.47 568.10 0.18 7116.89
329.44 530.72 0.05 1950.24
834.16 229.31 0.17 5550.55
64.47 637.02 0.26 8983.15
894.13 485.92 0.25 3064.76
100.45 172.56 0.36 10163.49
82.90 516.72 0.35 7067.75
465.35 859.49 0.10 8037.71
194.17 360.17 0.05 9522.61
915.87 433.14 0.01 7082.48
958.32 582.98 0.39 9987.30
120.52 759.82 0.31 3668.02
203.94 444.59 0.10 9806.28
204.47 495.27 0.22 2168.18
13.70 33.62 0.22 2512.66
18.14 167.15 0.20 7251.33
875.64 167.22 0.10 5449.38
65.05 229.51 0.35 3082.86
916.36 101.90 0.27 2813.51
236.01 170.44 0.17 8554.54
369.15 30.01 0.18 2158.06
183.37 428.99 0.10 9919.97
512.25 102.55 0.13 2330.04
192.12 9.76 0.34 5770.19
628.91 737.73 0.06 2939.55
701.70 722.68 0.46 8611.14
646.64 553.21 0.19 6330.61
16.12 841.46 0.02 8476.95
395.98 558.37 0.20 4316.24
963.12 145.46 0.03 7116.05
48.18 823.36 0.21 2328.60
834.45 379.14 0.13 1396.07
881.85 641.32 0.21 9915.56
917.14 890.50 0.29 6515.57
856.80 160.71 0.40 9121.99
616.52 879.64 0.29 8537.55
890.07 327.17 0.18 9084.38
986.22 558.61 0.24 4603.80
288.72 613.82 0.25 670.33
886.49 367.01 0.20 2544.99
340.65 612.03 0.16 9223.07
528.54 884.80 0.25 9900.50
849.42 72.14 0.05 5215.29
546.81 111.72 0.30 10104.82
171.01 690.62 0.21 10105.07
93.28 920.43 0.16 8310.75
51.10 749.83 0.11 2296.73
694.83 883.16 0.13 6555.23
328.09 608.53 0.26 10747.17
940.68 484.91 0.22 5832.80
432.59 2.30 0.27 4259.65
24.28 584.06 0.28 1932.38
660.88 231.27 0.27 7013.93
446.20 357.20 0.30 5699.91
225.10 393.45 0.23 5587.26
410.11 603.23 0.36 8757.25
923.40 5.08 0.23 9195.36
630.05 735.37 0.32 6133.49
268.07 576.08 0.01 4991.23
516.73 262.16 0.14 5034.84
