417.38 216.40 0.46 7890.00
884.11 435.03 0.57 7238.28
777.51 162.17 0.53 7278.27
515.08 636.91 0.48 7813.88
12.70 41.50 0.60 8432.54
630.76 790.74 0.54 9783.21
834.65 308.08 0.44 7741.82
397.80 35.28 0.28 5454.41
100.65 725.71 0.45 7758.33
52.50 149.31 0.57 6473.85
807.41 746.47 0.36 7452.02
356.92 912.37 0.59 6987.53
526.87 602.90 0.56 7913.50
826.56 659.55 0.39 7951.14
189.09 855.84 0.60 7422.72
546.59 340.73 0.60 7656.66
202.82 811.21 0.54 5290.75
738.09 662.38 0.49 7425.89
487.49 878.99 0.38 5637.27
174.72 109.04 0.50 8003.94
537.69 727.03 0.58 7017.88
609.35 22.63 0.38 8361.23
829.38 928.23 0.42 7375.23
10.93 335.25 0.46 5811.23
208.99 442.25 0.55 7512.28
62.66 426.21 0.49 6851.96
140.04 904.33 0.57 6546.66
535.30 728.15 0.38 5650.66
665.31 149.97 0.45 6927.30
692.33 979.24 0.54 7231.19
602.55 152.38 0.53 6982.99
192.48 966.70 0.40 8208.31
761.52 175.96 0.60 7993.70
30.27 941.64 0.44 6580.58
794.15 251.20 0.51 7077.21
908.62 702.54 0.45 6344.94
880.51 522.78 0.55 6448.22
499.00 676.26 0.52 6240.27
83.76 176.62 0.57 6119.20
90.90 766.54 0.54 6514.19
357.70 803.76 0.56 7436.26
843.18 341.82 0.57 5800.50
16.57 149.10 0.54 8738.66
885.16 873.68 0.35 4831.00
224.47 609.20 0.52 7463.59
866.81 497.15 0.41 7817.10
295.15 244.01 0.52 6605.86
196.65 203.57 0.45 6524.09
812.03 318.77 0.50 7087.96
217.53 101.87 0.58 5361.25
174.24 460.08 0.60 7410.22
203.86 29.30 0.42 6309.31
233.39 455.32 0.60 7848.63
253.02 394.31 0.37 6484.61
557.48 78.20 0.50 6946.59
993.22 909.18 0.60 5096.85
494.69 210.59 0.37 5824.91
40.88 14.13 0.40 5727.29
332.35 380.75 0.52 7426.99
774.31 341.43 0.34 6646.16
58.38 427.61 0.42 6536.13
504.70 582.16 0.54 6735.96
209.31 74.51 0.39 3916.05
568.97 872.05 0.60 7173.03
896.46 284.41 0.44 5603.20
665.90 886.51 0.58 7715.30
440.88 757.33 0.39 8457.84
519.75 919.64 0.58 7700.10
218.54 779.90 0.43 8032.68
208.47 38.78 0.56 6842.63
948.76 848.79 0.60 6319.41
957.37 89.24 0.60 4185.44
317.95 875.44 0.36 6743.53
971.85 68.00 0.60 7410.07
76.11 68.97 0.36 6484.04
869.59 2.35 0.60 7065.17
840.79 451.95 0.46 6489.27
280.47 520.07 0.60 6574.14
559.29 107.37 0.50 5014.84
938.96 825.56 0.57 7783.12
711.07 451.82 0.43 6668.60
13.39 584.61 0.46 6986.56
807.59 470.41 0.35 7537.88
768.64 351.72 0.46 6380.88
644.78 891.09 0.46 4639.07
569.00 398.86 0.60 4470.26
759.11 365.78 0.57 6190.13
612.68 484.11 0.52 5942.91
32.73 475.79 0.48 6580.25
780.33 218.39 0.59 6707.15
693.92 715.54 0.56 6534.86
65.45 644.62 0.60 7967.39
759.28 910.64 0.60 8015.33
526.47 709.92 0.35 7971.53
908.70 659.09 0.46 7321.00
710.33 825.98 0.60 7326.04
961.86 973.62 0.60 7388.44
53.61 600.08 0.28 6738.07
8.96 143.10 0.29 8093.12
625.02 968.87 0.54 7315.45
144.71 743.68 0.40 5914.58
23.36 63.33 0.49 6915.55
249.19 374.04 0.60 7150.74
929.98 794.00 0.57 7535.28
900.97 459.89 0.41 6712.62
584.17 761.70 0.60 7903.39
139.62 234.50 0.60 7781.31
654.32 789.16 0.54 7038.92
939.29 666.20 0.45 5169.51
190.11 402.40 0.57 5846.13
2.32 369.69 0.52 8073.18
393.32 968.67 0.60 7408.54
895.90 891.30 0.30 8177.51
398.54 539.95 0.53 7609.26
842.61 474.85 0.45 7885.70
147.56 855.47 0.46 7178.71
440.60 889.61 0.55 6380.50
220.99 70.92 0.36 8469.37
737.72 125.58 0.45 6266.83
950.62 465.35 0.42 5806.95
387.08 953.39 0.60 6821.81
666.61 317.76 0.56 7376.94
765.01 31.49 0.39 5703.15
72.20 998.10 0.47 5286.07
40.36 976.46 0.60 9894.67
769.97 760.21 0.60 4566.85
237.67 795.74 0.34 6532.00
918.83 611.05 0.58 9080.75
722.89 345.21 0.30 6345.54
337.97 338.30 0.46 7161.11
291.75 690.74 0.57 8003.91
497.25 976.85 0.60 8397.61
162.81 793.61 0.42 7350.21
931.08 966.64 0.48 5488.46
267.00 455.98 0.37 6960.50
999.13 184.46 0.47 7472.87
571.42 960.46 0.51 6421.65
644.65 679.15 0.47 6837.28
353.08 919.25 0.40 7781.62
797.01 386.73 0.50 5844.82
429.93 624.30 0.54 7277.36
933.65 321.61 0.57 5582.88
24.05 185.67 0.43 6840.44
955.99 810.91 0.57 5305.06
998.17 67.18 0.38 6193.63
905.71 362.47 0.46 7929.22
958.35 555.25 0.41 9036.63
567.34 227.00 0.55 7157.55
541.66 916.56 0.45 5314.86
542.63 506.14 0.60 9029.42
109.53 940.33 0.42 7044.33
88.76 883.89 0.59 9066.88
27.27 919.76 0.60 6778.40
150.98 609.53 0.35 6868.61
744.00 179.41 0.49 8663.79
610.63 615.73 0.39 9053.66
412.34 279.84 0.44 7344.04
519.22 573.30 0.58 7811.67
513.76 888.46 0.31 8024.19
384.35 98.20 0.50 6371.09
5.84 980.82 0.46 6636.81
44.33 93.29 0.59 6170.49
543.34 6.28 0.45 5895.39
662.94 937.71 0.51 7549.63
444.65 365.43 0.60 7633.84
617.64 993.44 0.52 6441.97
655.29 853.16 0.60 6908.31
735.00 254.02 0.41 6679.95
813.58 428.76 0.38 6769.48
403.61 11.78 0.57 7316.44
445.47 228.73 0.59 7218.56
736.50 541.22 0.55 6102.43
261.24 664.48 0.60 7338.55
533.85 662.08 0.57 7911.11
561.59 352.84 0.44 7098.57
