73 46 10 37 3 1 34 22 20 27 36 25 72 2 69 65 59 62 14 50 61 64 74 43 4 6 66 42 55 57 16 33 51 44 67 52 60 35 56 63 41 58 31 21 17 47 26 15 38 53 40 30 71 7 54 24 18 5 29 75 23 32 68 13 70 19 28 39 49 11 9 48 12 8 45 
Best fitness: 2.09
73 14 62 18 69 65 3 10 6 22 36 57 25 64 37 51 11 67 46 44 38 53 50 61 5 72 2 24 63 56 33 15 31 74 19 59 41 26 66 43 34 55 42 16 17 49 47 39 21 32 71 40 23 54 75 60 35 52 1 58 4 68 20 13 9 7 27 30 45 29 48 8 70 12 28 
Worst fitness: 2.90

Mean: 2.52

Standard deviation: 0.04
46 67 73 51 10 3 71 64 2 72 69 65 62 14 50 61 74 1 22 42 55 25 16 57 17 41 59 24 56 26 37 33 53 43 6 36 13 27 34 66 58 68 20 4 15 44 40 54 35 60 45 75 29 52 18 63 47 49 21 5 8 28 19 70 12 31 32 11 38 9 30 7 23 39 48 
Best fitness: 1.95
73 16 57 72 65 18 62 35 14 3 10 25 2 74 33 37 46 44 51 43 6 58 13 36 22 64 5 69 59 17 61 26 42 27 66 50 40 32 15 7 24 47 55 20 12 34 63 56 41 21 8 70 1 68 4 38 11 67 9 53 31 71 45 75 29 52 39 19 49 54 23 60 48 30 28 
Worst fitness: 2.90

Mean: 2.44

Standard deviation: 0.03
