3 42 21 33 2 17 6 43 35 25 13 41 12 44 45 24 29 20 34 26 38 37 27 47 31 39 5 18 50 7 16 8 48 22 40 23 36 49 14 11 9 19 10 15 30 28 46 32 1 4 
Best fitness: 1.02
3 17 25 48 45 41 35 26 6 2 33 42 12 23 19 21 38 43 34 10 24 44 40 29 8 39 5 18 20 37 27 47 46 31 7 16 15 13 4 49 36 9 11 50 32 1 14 28 30 22 
Worst fitness: 1.37

Mean: 1.11

Standard deviation: 0.01
3 33 2 17 6 43 38 35 10 41 44 45 25 39 26 5 18 37 20 34 9 49 23 12 40 22 48 24 29 8 19 21 42 31 47 27 50 32 7 28 16 15 36 11 14 1 13 30 46 4 
Best fitness: 1.02
3 35 34 41 45 20 43 6 17 33 2 26 18 8 25 24 44 12 23 40 22 48 29 39 42 21 38 31 37 27 5 4 9 11 10 15 32 50 47 7 28 30 16 49 13 14 1 19 36 46 
Worst fitness: 1.30

Mean: 1.11

Standard deviation: 0.00
