162.90 110.66 0.49 688.83
95.49 191.98 0.43 10094.95
98.18 499.65 0.06 3663.97
115.69 648.95 0.52 10781.37
129.43 946.58 0.52 9586.96
330.93 92.89 0.41 2049.70
238.95 294.37 0.47 1339.28
326.82 435.80 0.41 7584.87
318.83 704.13 0.45 9906.52
267.52 943.75 0.40 6703.38
498.02 31.97 0.52 7881.50
457.67 400.73 0.52 1372.21
474.64 520.14 0.59 2985.45
546.17 678.32 0.57 7671.26
490.17 829.81 0.55 3543.79
692.06 133.67 0.22 8444.66
723.33 357.69 0.48 5592.84
699.65 446.15 0.51 5840.59
630.70 634.60 0.50 6768.98
697.99 837.90 0.46 1225.26
908.79 84.50 0.39 10173.10
893.24 351.31 0.55 7582.23
934.52 499.66 0.56 4736.60
855.97 693.79 0.04 2504.86
921.30 869.27 0.35 4807.83

12077.921950483855
