189.14 138.73 0.46 2298.85
23.54 173.92 0.54 8247.33
156.16 51.88 0.32 8423.45
87.67 303.94 0.41 1510.00
120.48 337.85 0.47 5489.60
87.93 286.83 0.04 7894.33
106.42 516.90 0.19 4613.33
20.35 505.61 0.06 7648.28
155.46 491.89 0.41 5719.91
29.74 627.79 0.49 979.98
92.10 779.87 0.47 4923.51
74.97 726.19 0.43 3366.72
96.13 876.81 0.35 1941.05
174.96 924.82 0.60 2214.04
159.30 859.80 0.33 7147.38
337.51 125.64 0.16 5913.90
285.52 44.47 0.53 10220.16
281.56 106.91 0.49 9401.47
265.02 326.64 0.51 1758.64
318.38 244.20 0.50 1825.68
304.61 343.59 0.52 7917.64
312.40 481.10 0.10 5821.16
337.68 449.93 0.46 816.96
326.07 588.24 0.48 1906.04
255.33 724.38 0.46 8598.00
231.53 728.52 0.46 6161.46
333.57 695.53 0.54 6100.18
243.84 877.25 0.53 8940.46
341.70 870.69 0.36 10521.97
279.55 999.00 0.53 8695.31
563.48 182.22 0.47 2291.77
494.32 153.72 0.57 4936.48
471.09 128.24 0.53 2821.16
539.20 343.08 0.26 6425.96
522.22 302.38 0.43 3128.65
572.86 289.51 0.30 8143.94
423.66 487.30 0.46 2308.72
517.98 481.64 0.55 10313.31
535.12 518.65 0.57 9019.41
478.41 750.50 0.44 1844.66
546.18 691.25 0.43 9586.46
471.56 714.74 0.54 5461.49
501.41 908.94 0.50 8670.77
507.82 942.35 0.40 6648.47
546.48 853.99 0.54 6150.62
720.70 58.58 0.51 5200.43
703.27 134.37 0.39 8735.98
724.51 3.71 0.42 8284.76
665.43 218.74 0.43 6175.93
720.17 291.68 0.51 8019.02
766.59 299.56 0.49 6868.32
706.47 427.91 0.46 5115.07
689.91 450.10 0.52 8844.09
772.67 462.17 0.53 6681.11
717.61 716.58 0.46 10082.93
743.13 764.56 0.52 748.11
650.51 646.88 0.50 9412.95
670.86 891.86 0.49 3139.85
705.70 870.91 0.53 8196.27
663.83 819.02 0.42 2674.69
846.72 149.59 0.51 3203.73
905.33 54.11 0.58 7618.94
946.74 150.61 0.31 7686.59
922.22 300.76 0.53 3055.32
888.54 312.11 0.49 6508.01
936.80 362.84 0.31 1675.67
911.85 602.01 0.59 4076.61
888.88 437.31 0.38 4223.23
901.34 395.88 0.58 6665.22
906.28 618.08 0.27 4386.18
979.33 714.29 0.55 9705.07
836.48 723.60 0.42 768.15
893.69 938.08 0.47 6722.42
910.37 838.58 0.51 8513.20
796.05 922.69 0.52 2487.12

14180.344606793602
