72.79 48.03 0.21 6190.15
154.34 55.89 0.14 6155.86
27.95 132.85 0.18 9013.73
118.05 27.95 0.21 7820.36
53.89 134.76 0.28 9196.93
120.16 184.81 0.15 6602.73
97.62 364.57 0.13 7880.08
76.39 214.15 0.21 7927.16
127.85 297.65 0.08 9205.43
79.09 264.17 0.24 9278.66
172.30 362.52 0.46 6367.42
55.01 352.53 0.20 4857.84
131.46 520.58 0.18 7397.03
103.57 496.13 0.23 6451.46
195.36 594.26 0.25 5462.96
184.78 427.68 0.28 8123.86
33.97 487.75 0.25 8549.55
162.25 471.66 0.04 6331.26
193.21 666.26 0.29 6752.36
25.32 693.56 0.34 7548.57
81.83 687.40 0.09 5856.26
186.53 659.92 0.16 5533.31
98.91 625.89 0.16 5947.66
85.27 739.53 0.33 9632.91
193.24 955.85 0.12 10172.85
63.34 993.05 0.18 6249.30
150.57 887.53 0.22 4622.65
156.55 980.07 0.07 8171.99
148.03 863.14 0.23 6862.25
83.75 834.74 0.36 6115.34
363.66 45.76 0.15 8422.09
374.77 33.57 0.21 4987.34
317.65 44.98 0.16 5302.62
283.34 198.96 0.38 5864.90
200.55 102.64 0.04 6426.50
350.81 183.92 0.28 8435.51
302.60 354.79 0.07 7758.37
395.46 267.55 0.18 5359.21
265.13 322.38 0.17 7442.58
208.49 334.32 0.25 9836.60
223.12 334.62 0.53 7958.73
222.48 388.41 0.29 6615.77
274.36 589.83 0.21 8307.75
383.02 462.72 0.38 9521.65
330.54 554.76 0.04 6182.56
269.69 581.57 0.25 8068.76
263.20 540.75 0.14 8095.43
277.51 429.51 0.23 7256.24
245.64 609.12 0.15 6607.30
309.11 637.18 0.03 5507.95
277.85 768.91 0.12 6938.99
375.45 734.19 0.18 7017.48
282.40 739.88 0.32 6174.40
220.11 763.64 0.08 6949.46
372.93 924.67 0.49 5090.37
390.19 989.75 0.05 6098.06
241.55 986.97 0.35 6601.16
355.50 954.61 0.20 7327.30
234.72 990.78 0.41 7600.05
330.59 996.61 0.06 6506.22
576.23 93.93 0.20 6257.07
515.30 47.35 0.15 9988.07
578.63 20.33 0.30 7433.18
546.71 99.10 0.33 6720.28
447.52 179.20 0.16 9128.62
599.62 104.57 0.32 6519.03
454.20 288.05 0.21 7025.11
583.47 394.60 0.15 5796.74
557.55 215.94 0.29 6392.23
597.67 315.25 0.16 8578.51
440.26 237.64 0.15 4049.83
543.10 218.94 0.20 7939.84
549.79 574.43 0.12 8068.38
423.31 504.19 0.36 10065.58
527.40 539.42 0.31 6956.23
516.97 500.30 0.39 6415.60
501.07 472.99 0.31 6446.77
591.78 412.50 0.17 6542.42
435.94 622.71 0.22 6012.04
513.91 782.94 0.18 6952.96
469.86 735.46 0.23 7646.75
403.90 795.98 0.22 4870.36
400.31 649.76 0.25 6039.59
497.46 772.20 0.15 6718.13
526.39 936.59 0.01 5907.99
436.62 836.91 0.11 7252.45
571.86 824.45 0.11 7863.74
416.88 837.85 0.22 6058.44
580.18 944.89 0.28 10675.56
512.00 986.20 0.16 6040.92
778.44 77.24 0.12 7454.92
790.08 62.26 0.05 6091.00
685.57 35.29 0.40 6899.30
713.39 102.98 0.22 4374.03
729.53 84.27 0.44 7630.64
721.46 81.78 0.21 6814.77
652.65 368.96 0.19 5721.58
799.45 300.88 0.22 7953.22
686.85 201.47 0.26 6195.66
758.44 304.47 0.44 6439.01
736.10 385.36 0.16 7026.64
781.35 300.52 0.05 7698.13
632.84 590.58 0.13 8337.64
793.38 432.83 0.23 7381.29
609.82 437.95 0.18 6501.59
637.52 596.13 0.04 6963.15
794.15 503.83 0.16 7404.89
648.31 452.57 0.21 5632.53
783.66 658.44 0.16 6999.46
736.89 638.43 0.19 6684.30
771.28 737.49 0.11 4958.81
618.58 604.23 0.17 4567.77
619.76 640.47 0.34 5926.73
719.46 773.21 0.17 8198.96
614.73 801.35 0.21 4978.11
788.86 996.66 0.36 8354.51
642.36 946.26 0.12 8525.11
743.39 977.11 0.12 8615.39
605.20 879.78 0.17 9518.51
734.08 886.72 0.15 6491.79
893.65 161.04 0.06 7458.08
860.83 191.75 0.38 7241.51
971.10 97.24 0.21 5941.43
808.96 192.30 0.05 7311.24
914.90 55.65 0.23 6332.90
819.84 128.20 0.29 8522.06
984.67 286.60 0.23 5440.96
836.02 205.91 0.37 7001.50
875.29 202.22 0.20 5468.50
974.05 331.44 0.01 5752.13
883.05 205.37 0.20 7044.64
985.00 203.64 0.13 10562.11
924.25 475.08 0.17 6679.19
870.84 489.63 0.37 7699.14
900.52 568.62 0.14 9690.02
933.14 556.76 0.14 6257.22
959.83 574.36 0.19 6059.57
831.88 404.94 0.02 6988.38
851.28 755.23 0.17 5740.85
970.91 654.56 0.15 7068.80
913.16 765.62 0.22 7329.33
988.57 675.86 0.35 6131.22
882.23 678.37 0.19 6973.88
831.50 696.14 0.18 7424.87
945.66 997.43 0.18 6294.24
813.61 955.83 0.10 4854.63
955.93 920.66 0.19 6947.03
892.82 907.60 0.35 5744.78
823.16 917.92 0.21 6917.35
803.20 829.25 0.09 8637.16
