31.38 190.56 0.13 7212.05
63.22 199.45 0.15 5916.44
167.60 10.64 0.37 5494.85
149.13 166.30 0.34 5984.63
2.08 78.52 0.16 6540.11
45.85 165.83 0.22 4579.07
6.39 15.43 0.19 5591.87
92.58 365.75 0.27 7827.25
188.67 237.92 0.26 6197.91
151.34 278.46 0.28 4495.90
196.34 215.67 0.06 7526.84
105.32 355.78 0.01 7653.77
72.91 302.72 0.11 6229.20
44.81 293.13 0.29 7062.88
100.79 406.34 0.27 6119.57
163.62 476.00 0.20 5619.49
145.84 425.84 0.36 6751.47
46.56 520.56 0.11 8239.25
53.04 450.58 0.31 6146.80
33.46 511.23 0.18 9605.54
98.82 436.35 0.11 5790.51
141.78 668.87 0.08 6023.45
17.26 660.50 0.13 5937.30
127.80 787.20 0.24 5020.47
129.33 700.25 0.05 7389.82
180.36 789.44 0.36 6826.23
132.38 774.45 0.07 5024.59
146.54 682.89 0.23 9862.69
111.88 860.02 0.20 4346.81
71.26 975.84 0.33 4159.13
188.92 805.62 0.26 5312.41
3.70 973.88 0.20 5882.09
56.35 913.41 0.21 7306.14
116.11 821.54 0.01 5270.97
7.10 852.81 0.01 6702.85
389.80 109.40 0.20 5457.47
377.03 54.10 0.11 8220.01
237.04 48.07 0.17 7775.16
302.25 33.23 0.31 6986.21
287.83 108.43 0.13 6651.18
298.28 39.63 0.18 8021.06
275.15 31.59 0.23 4935.75
213.81 256.78 0.15 5278.72
249.80 390.06 0.03 5464.47
343.87 313.43 0.22 6872.70
258.65 397.72 0.05 6101.29
296.04 295.58 0.06 5987.37
304.35 200.96 0.17 8294.05
384.33 341.67 0.15 7255.08
355.64 417.83 0.22 7261.31
341.37 552.00 0.22 7601.15
370.45 538.40 0.19 7117.43
266.24 575.07 0.10 5382.84
350.92 414.56 0.13 7009.39
304.77 443.58 0.10 8299.86
365.95 528.72 0.35 6905.87
257.73 796.36 0.06 5799.25
293.65 736.80 0.16 6684.43
365.11 781.70 0.13 5967.39
218.02 687.26 0.24 7335.78
385.47 791.05 0.35 7305.17
395.92 600.42 0.27 8368.49
308.49 682.37 0.25 5967.61
205.77 966.69 0.32 5957.81
344.01 938.13 0.08 7223.70
277.63 819.46 0.23 7082.65
294.56 850.15 0.25 5892.19
387.06 803.56 0.34 6768.14
362.41 948.77 0.36 6278.10
315.38 824.63 0.07 8370.76
599.13 162.82 0.19 6825.58
543.50 103.92 0.01 7788.08
542.66 174.47 0.10 6355.79
554.69 24.91 0.17 6953.63
480.78 134.59 0.36 8307.63
598.06 129.03 0.15 6532.55
517.25 65.87 0.03 7145.68
578.93 342.50 0.08 6583.81
415.27 227.34 0.25 7660.39
477.16 241.11 0.34 9372.47
565.50 362.96 0.18 8032.88
481.46 385.81 0.17 7931.32
409.84 223.69 0.19 8048.70
547.86 374.35 0.27 7290.91
515.04 477.11 0.16 5088.85
428.88 571.11 0.07 5345.22
435.72 529.70 0.33 7062.80
501.19 417.79 0.14 7537.22
451.56 412.84 0.15 7126.49
500.86 564.52 0.31 10199.54
540.81 466.33 0.12 7540.17
454.02 641.50 0.25 6195.63
531.70 748.69 0.23 4625.49
423.77 737.50 0.21 6745.39
562.53 742.47 0.26 5839.12
434.95 679.51 0.39 6223.72
499.13 698.22 0.19 7606.89
495.50 645.03 0.32 8049.28
572.73 910.67 0.21 6595.36
485.26 925.96 0.10 5398.38
414.55 831.63 0.17 6945.00
498.00 992.46 0.37 6829.51
537.20 917.66 0.14 10124.61
471.19 835.58 0.29 4912.51
467.60 990.41 0.36 7248.26
611.58 187.05 0.13 6406.19
661.32 36.18 0.16 5572.83
785.23 11.14 0.44 8378.45
698.95 191.36 0.14 6537.79
748.75 53.75 0.10 6379.32
663.71 56.14 0.09 6169.99
719.76 164.76 0.05 6697.58
758.69 294.83 0.26 6994.32
723.62 342.75 0.08 6808.47
696.00 328.80 0.20 9774.19
662.50 230.73 0.30 9230.17
612.63 373.61 0.06 9100.33
634.09 368.07 0.41 6777.23
665.89 353.04 0.37 6027.20
646.88 516.67 0.22 6125.20
748.65 592.62 0.36 7395.22
727.06 457.18 0.20 6622.08
671.90 542.24 0.28 7598.42
771.28 567.05 0.31 4717.98
626.19 440.26 0.11 6263.15
798.70 423.41 0.13 7630.95
688.08 668.71 0.19 4450.61
753.23 670.91 0.36 5321.43
661.76 678.16 0.17 4744.48
672.32 728.52 0.38 5841.03
662.02 740.62 0.17 6350.62
670.88 740.82 0.26 6591.61
620.80 732.57 0.18 6857.69
711.60 887.35 0.17 7044.27
749.06 921.41 0.41 6654.72
634.81 943.02 0.24 7502.53
687.52 883.62 0.21 6709.00
770.99 855.43 0.34 6242.11
715.18 884.51 0.27 5594.73
642.75 999.38 0.22 9759.66
978.84 84.90 0.11 5827.52
808.50 165.65 0.07 5699.53
922.63 114.86 0.32 5026.97
830.34 151.78 0.21 6270.98
993.19 128.83 0.05 5294.14
940.92 194.35 0.18 6353.20
825.45 34.59 0.28 7159.08
900.39 253.00 0.33 9764.80
827.41 204.15 0.01 8319.97
963.61 355.72 0.03 6099.11
933.02 370.12 0.40 6135.71
808.40 367.08 0.21 7517.09
929.05 281.20 0.39 5904.09
936.22 302.12 0.22 9474.47
847.92 420.64 0.23 6884.46
845.02 477.91 0.32 7456.00
930.53 548.72 0.06 5698.91
831.19 528.13 0.16 5307.15
847.51 557.63 0.25 10617.48
942.98 526.98 0.06 6180.33
953.45 513.03 0.07 6773.53
969.93 618.03 0.35 7434.78
818.60 704.06 0.34 5608.29
826.31 754.60 0.09 8053.15
915.71 606.36 0.25 6755.74
822.76 660.00 0.20 6101.22
980.82 651.77 0.05 7051.62
966.30 658.25 0.17 8283.17
843.52 884.57 0.11 7153.34
946.93 976.54 0.14 7750.42
918.67 864.17 0.20 6479.05
938.88 888.11 0.24 6958.13
865.18 899.72 0.06 4747.43
993.43 926.17 0.14 7466.90
986.02 964.58 0.11 7258.11
