50.37 7.18 0.25 8402.91
4.03 171.37 0.13 10796.22
33.61 171.88 0.23 6233.68
188.67 111.99 0.14 10039.76
40.02 362.37 0.19 6768.98
78.12 202.32 0.31 5921.08
18.22 243.62 0.17 6082.57
91.37 373.12 0.31 9049.86
65.75 582.08 0.21 6397.20
171.77 524.06 0.23 7422.86
139.60 560.56 0.15 10108.63
95.36 434.43 0.20 8814.77
2.33 694.50 0.25 8947.44
170.10 701.50 0.26 7547.77
38.45 776.01 0.26 5365.91
73.35 643.23 0.27 10677.13
176.87 835.03 0.23 5665.15
51.04 908.62 0.20 6789.78
151.02 908.17 0.32 6292.83
40.71 912.13 0.27 8307.37
262.54 124.11 0.24 6775.74
359.66 3.72 0.28 7974.59
303.91 160.07 0.15 7950.70
310.24 146.77 0.20 7200.41
317.58 327.03 0.27 7156.74
256.81 387.35 0.30 8007.12
345.12 221.51 0.18 8902.72
283.92 214.26 0.29 7941.56
295.97 550.25 0.08 4945.24
338.74 579.49 0.29 8272.28
312.65 442.87 0.07 9328.43
389.91 462.26 0.30 6380.59
394.31 762.22 0.42 5915.25
390.84 714.27 0.04 8635.91
326.30 760.33 0.32 5788.84
207.24 730.18 0.12 4911.90
225.02 898.84 0.12 7014.77
391.30 846.73 0.34 5929.56
268.33 954.42 0.20 6394.68
368.88 919.52 0.20 5195.37
599.56 50.97 0.17 8782.64
443.83 47.81 0.25 6216.71
599.98 121.78 0.06 10800.00
495.93 93.01 0.06 7458.81
594.12 250.86 0.03 7571.67
596.95 218.87 0.28 6252.07
429.24 245.88 0.24 6875.65
452.60 245.91 0.35 8165.03
408.43 587.84 0.03 7532.31
542.39 563.42 0.12 7582.09
516.94 459.15 0.42 7218.42
535.08 562.33 0.48 7077.24
481.05 778.83 0.26 6859.75
565.38 603.66 0.10 9061.75
541.05 633.09 0.23 5325.50
547.75 798.97 0.11 8267.20
457.14 844.40 0.10 10229.06
501.03 932.81 0.17 7819.06
557.83 822.46 0.04 5927.34
527.82 983.38 0.33 6797.60
602.51 19.04 0.19 8062.31
742.25 155.64 0.14 7441.32
621.93 55.57 0.32 6219.16
649.30 50.18 0.21 5411.75
784.67 398.51 0.27 6722.39
678.56 215.67 0.19 5922.09
612.58 261.33 0.21 9439.45
641.36 218.76 0.43 6843.73
684.25 551.90 0.29 7629.05
784.44 410.61 0.34 6513.38
738.19 591.07 0.12 7692.70
779.55 455.66 0.20 5617.72
700.64 688.65 0.06 6382.68
747.38 641.15 0.08 5980.50
617.79 726.33 0.32 5727.66
790.87 624.47 0.07 7812.99
739.51 815.92 0.16 8137.33
655.60 820.56 0.24 8524.63
767.53 955.30 0.18 9512.28
760.34 816.07 0.23 8146.72
877.39 37.85 0.15 6874.76
814.69 139.43 0.25 7901.58
878.64 161.28 0.22 5295.04
968.42 83.50 0.11 7220.72
924.72 389.34 0.19 6687.70
944.95 364.03 0.38 5046.93
911.64 398.08 0.14 7287.37
989.64 223.76 0.26 6083.89
933.07 506.62 0.28 5418.20
989.15 589.58 0.01 8515.47
819.14 524.66 0.33 6589.82
910.20 420.66 0.15 8014.55
839.62 691.14 0.23 7008.79
869.89 789.02 0.23 5808.98
893.15 778.26 0.18 6186.70
923.28 774.52 0.17 5638.28
881.67 943.97 0.22 6715.56
818.19 829.52 0.19 7328.25
800.91 895.23 0.27 8683.07
950.42 902.19 0.21 7613.11
