943.47 709.36 0.28 8226.51
131.91 831.08 0.26 6874.06
802.88 596.87 0.22 5170.01
869.65 382.86 0.51 6773.37
539.03 779.32 0.49 5957.38
303.46 297.29 0.48 7870.48
166.16 727.72 0.29 5858.40
281.79 769.64 0.16 7416.76
209.10 679.12 0.18 3919.45
822.87 908.48 0.19 5934.37
783.67 271.59 0.13 6911.01
236.66 38.31 0.32 5329.30
406.66 324.04 0.60 5725.51
461.95 193.80 0.23 7047.95
150.90 718.08 0.34 8172.75
441.13 640.43 0.50 5265.07
475.45 379.04 0.11 6846.07
554.70 411.77 0.24 7284.41
334.78 134.14 0.29 6404.43
782.28 60.22 0.21 7454.81
760.49 116.62 0.29 9577.71
779.71 982.67 0.25 6299.91
256.63 183.78 0.10 6562.31
14.66 145.45 0.23 6281.70
879.48 946.83 0.56 6154.69
831.97 873.49 0.56 7424.90
377.18 533.21 0.07 6112.04
125.20 452.77 0.07 5027.83
911.13 262.26 0.59 8212.88
326.40 544.15 0.19 7070.94
530.93 189.44 0.27 5632.14
154.31 515.99 0.03 7225.68
233.29 597.82 0.26 7397.74
458.52 569.36 0.45 7034.64
881.29 766.00 0.24 6009.41
207.25 509.05 0.09 6765.04
243.87 114.43 0.18 7270.04
313.87 613.90 0.27 6122.17
303.02 30.40 0.58 6004.15
496.46 102.45 0.34 7730.78
716.46 220.26 0.36 6968.35
392.25 268.68 0.55 5845.50
551.93 218.08 0.35 7324.45
311.90 647.69 0.52 5369.08
263.24 839.50 0.09 9562.68
826.28 461.34 0.49 6809.27
508.55 953.04 0.28 7390.60
273.68 483.84 0.58 5807.88
922.40 464.10 0.49 5588.41
844.57 727.78 0.09 7156.85
684.05 489.12 0.30 9122.40
823.54 747.25 0.12 6513.81
485.07 584.93 0.30 9002.90
897.54 292.69 0.44 7851.85
177.15 727.88 0.40 8398.50
608.20 498.71 0.10 8176.58
309.02 819.74 0.32 6234.52
958.52 76.59 0.13 5490.64
438.32 954.44 0.45 6977.32
656.71 837.88 0.31 7662.91
725.84 903.33 0.53 5986.57
982.50 792.46 0.10 6861.14
714.85 625.05 0.12 6426.77
694.03 948.65 0.37 7613.42
999.47 45.09 0.12 8251.52
513.05 82.26 0.00 6153.43
803.62 929.27 0.03 6895.94
267.64 982.00 0.17 6305.91
215.73 785.71 0.46 4669.37
283.47 352.46 0.35 8314.76
864.54 427.04 0.16 6691.13
823.99 600.35 0.57 7323.89
229.60 153.24 0.29 4469.56
656.56 388.95 0.49 7563.92
811.36 225.49 0.50 6788.52
480.96 138.89 0.05 8223.52
668.10 242.30 0.02 5600.89
385.00 200.67 0.17 6105.33
213.62 686.92 0.44 6635.23
553.43 285.67 0.19 8260.88
313.25 500.27 0.10 5758.07
676.36 668.61 0.43 7469.32
898.40 170.82 0.10 6169.60
670.25 331.07 0.56 7049.65
637.99 427.94 0.38 7141.09
418.30 579.30 0.49 6253.55
170.57 95.62 0.40 7537.27
161.78 504.25 0.04 8819.21
924.06 380.04 0.46 8235.54
345.66 14.89 0.32 7886.21
557.84 837.62 0.04 5563.54
482.16 672.30 0.60 6891.84
163.35 826.30 0.06 7980.07
543.43 315.70 0.58 5866.74
410.51 114.57 0.35 6850.00
721.98 446.97 0.19 7952.13
478.90 315.80 0.12 5746.02
102.94 753.51 0.07 7654.65
142.64 652.89 0.36 5904.95
183.07 385.85 0.22 8387.05
44.48 203.76 0.12 6436.23
224.05 207.71 0.21 7135.71
606.16 734.46 0.20 7367.69
673.42 131.80 0.17 8100.80
991.28 818.91 0.60 7164.08
727.91 281.37 0.13 6929.35
774.28 781.12 0.53 7200.82
699.16 594.76 0.05 7500.70
519.32 597.82 0.05 7471.75
571.04 174.61 0.22 8963.27
997.98 579.52 0.21 7461.53
255.44 176.17 0.30 7343.99
29.03 407.85 0.51 7703.80
454.61 732.72 0.57 7072.83
532.53 703.37 0.03 6751.10
988.21 89.44 0.39 7814.41
979.84 663.85 0.27 6605.79
354.69 751.33 0.12 6224.16
118.95 649.44 0.06 7199.74
362.41 367.58 0.11 5123.50
609.20 479.54 0.28 6646.44
786.59 20.15 0.23 7248.70
562.25 303.76 0.37 8732.74
108.19 704.81 0.05 8783.15
642.08 127.15 0.56 6086.27
