400.52 410.09 5521.09 0.49 
350.92 422.08 7354.45 0.21 
835.54 607.99 6416.08 0.50 
113.54 971.06 6051.48 0.49 
464.86 866.08 5317.36 0.52 
630.73 720.21 6345.06 0.39 
220.51 224.24 7509.50 0.36 
871.08 282.93 7039.35 0.36 
695.41 184.64 6438.05 0.37 
454.33 892.03 6592.92 0.43 
924.11 817.20 6130.34 0.15 
658.93 298.47 5795.55 0.25 
518.44 816.04 6000.74 0.31 
791.57 519.35 6898.90 0.47 
370.97 314.65 6370.12 0.23 
132.49 226.73 6102.12 0.37 
889.80 684.50 6977.70 0.51 
32.76 643.37 6586.52 0.55 
337.76 832.60 5838.45 0.30 
897.25 622.20 6476.43 0.38 
786.78 281.96 7202.16 0.46 
559.84 900.21 7534.38 0.52 
199.16 557.25 7213.00 0.35 
658.11 116.27 6360.94 0.56 
463.46 740.64 5567.39 0.44 
895.63 114.76 7479.45 0.41 
859.15 33.69 7994.32 0.34 
784.46 885.12 7566.42 0.40 
434.61 425.95 6822.40 0.24 
471.74 542.08 6302.72 0.33 
454.30 184.46 7097.22 0.49 
347.51 375.74 6405.99 0.43 
216.72 537.55 6974.07 0.48 
220.74 805.96 6008.06 0.31 
744.98 218.27 6811.19 0.28 
242.29 187.92 4386.41 0.39 
699.56 183.80 6645.45 0.38 
394.57 725.75 7519.62 0.50 
220.46 957.18 6533.37 0.36 
93.62 167.05 6672.22 0.38 
647.46 404.06 7615.43 0.15 
238.46 645.70 6511.32 0.34 
335.84 9.96 6305.02 0.49 
263.37 701.17 6901.77 0.23 
236.94 652.63 7036.84 0.46 
408.65 584.69 6839.10 0.36 
971.25 650.18 6455.10 0.45 
425.84 935.63 7205.16 0.30 
725.61 330.18 6144.03 0.18 
312.17 510.05 5979.47 0.41 
158.21 219.28 7651.82 0.37 
858.85 119.22 6611.84 0.50 
317.12 50.45 7397.50 0.40 
868.29 305.54 6000.31 0.26 
353.00 368.10 7036.47 0.34 
809.86 578.36 7295.20 0.43 
37.85 464.08 7639.61 0.19 
543.49 551.32 5804.14 0.47 
53.91 474.93 7538.31 0.31 
39.67 879.03 7132.73 0.42 
973.22 626.51 5885.70 0.60 
896.13 63.09 5987.28 0.43 
356.72 133.49 6110.74 0.49 
920.77 581.22 6568.81 0.38 
525.15 92.93 6210.15 0.51 
281.47 247.78 7578.06 0.40 
122.12 691.48 5971.85 0.35 
272.97 616.19 6451.83 0.47 
446.65 151.16 6609.32 0.55 
814.41 724.73 6730.92 0.39 
788.99 438.30 5762.95 0.36 
455.74 724.51 7513.77 0.11 
285.77 861.66 6870.62 0.36 
164.56 334.30 6966.70 0.50 
509.13 189.98 6239.05 0.57 
105.18 581.07 6854.87 0.23 
528.23 864.43 6829.78 0.44 
267.28 609.79 6889.56 0.40 
201.83 700.21 6108.48 0.43 
302.67 203.03 7075.90 0.38 
166.44 233.44 6860.87 0.19 
574.20 24.04 6601.36 0.58 
330.88 537.88 5051.98 0.37 
892.94 987.63 5904.67 0.38 
642.60 11.95 7381.69 0.46 
38.01 838.64 5833.99 0.52 
691.77 815.22 7643.16 0.31 
131.40 259.13 7340.16 0.26 
114.30 445.87 6154.87 0.41 
629.07 181.39 6212.16 0.39 
263.65 424.59 6463.46 0.46 
833.51 517.50 6823.08 0.43 
773.40 347.30 6170.13 0.26 
814.91 57.01 6604.63 0.42 
228.35 247.88 6891.52 0.25 
723.60 676.12 6541.66 0.38 
512.37 466.68 6277.70 0.47 
98.81 356.28 6383.61 0.44 
587.86 139.29 6357.20 0.39 
735.91 452.14 6788.10 0.42 
577.10 229.61 7185.32 0.32 
