720.04 373.58 6328.07 0.48 
46.99 470.81 5759.44 0.50 
741.19 671.94 6250.34 0.41 
62.26 799.38 5656.64 0.49 
230.83 149.59 7103.94 0.33 
675.42 801.70 7089.52 0.52 
417.32 241.26 7148.39 0.41 
487.39 936.21 5447.18 0.45 
328.32 696.66 6343.26 0.37 
78.89 812.50 5988.60 0.45 
801.05 932.27 7278.16 0.40 
445.90 494.01 7505.55 0.35 
856.86 985.36 5904.31 0.50 
375.03 999.71 6422.77 0.26 
966.73 712.25 5625.33 0.50 
628.02 476.56 6997.39 0.36 
576.59 154.25 7370.05 0.43 
829.44 625.21 6832.07 0.49 
19.07 67.78 6169.46 0.38 
719.55 592.90 5938.77 0.35 
486.82 4.28 6143.63 0.30 
420.19 262.66 6198.09 0.49 
723.62 695.36 7481.91 0.25 
435.71 996.54 7062.53 0.40 
160.91 905.59 7286.77 0.51 
781.43 776.77 6515.59 0.40 
311.31 54.69 7463.41 0.48 
297.40 943.61 5414.86 0.56 
765.50 370.88 7092.78 0.24 
407.39 477.09 6536.35 0.31 
329.86 843.67 6648.14 0.41 
250.62 904.76 6531.65 0.36 
907.31 917.35 6090.06 0.39 
819.44 344.93 6539.63 0.43 
150.18 463.11 6787.53 0.33 
941.45 88.58 7191.01 0.43 
701.00 738.72 6151.25 0.34 
251.54 170.68 6810.51 0.38 
752.58 578.96 6743.50 0.34 
702.38 38.51 5989.63 0.39 
484.36 139.50 5283.96 0.36 
292.91 158.33 6253.33 0.28 
715.46 961.34 7014.42 0.30 
80.04 950.48 5891.96 0.51 
420.31 645.73 5982.59 0.39 
842.06 55.19 5779.08 0.27 
908.22 882.30 6856.26 0.38 
40.13 625.00 7533.88 0.52 
819.90 199.20 6366.72 0.24 
672.54 146.94 7339.78 0.35 
250.37 487.52 6161.84 0.45 
822.20 515.64 6941.48 0.22 
396.67 867.12 6521.04 0.37 
888.07 521.46 6398.40 0.45 
40.70 722.93 4818.17 0.49 
785.26 164.46 6910.62 0.36 
819.68 54.30 5568.47 0.31 
553.99 849.96 6822.61 0.40 
782.96 592.86 6710.23 0.51 
484.24 425.73 7008.03 0.29 
871.31 292.28 6361.69 0.34 
831.47 559.48 6186.41 0.42 
138.64 754.26 6187.91 0.33 
648.50 270.52 6294.07 0.34 
235.36 297.73 7474.99 0.29 
12.62 678.56 6162.41 0.27 
623.00 710.19 6520.29 0.38 
695.05 637.92 6168.49 0.42 
442.18 142.01 6688.95 0.44 
956.91 825.79 5821.80 0.54 
926.83 155.86 6646.30 0.41 
902.52 752.60 6905.37 0.43 
779.68 54.29 7140.47 0.36 
563.32 781.22 6162.59 0.44 
294.40 351.71 6792.86 0.42 
396.44 563.53 6523.92 0.36 
42.50 592.70 7529.79 0.47 
77.45 831.16 7878.14 0.27 
217.22 750.59 6072.30 0.52 
651.64 475.92 7224.63 0.28 
836.50 661.14 7086.53 0.38 
229.32 609.38 5773.03 0.47 
813.45 490.02 7283.09 0.58 
305.05 345.48 7663.05 0.47 
781.58 123.54 5815.69 0.20 
424.93 471.12 7528.03 0.57 
654.45 775.38 6287.83 0.32 
689.92 783.95 6720.28 0.61 
363.13 573.47 6946.79 0.51 
473.75 530.97 6209.78 0.41 
472.94 626.13 6215.34 0.38 
652.04 184.61 6715.65 0.46 
370.74 153.45 6470.68 0.42 
623.82 371.90 5899.00 0.50 
141.10 934.99 7352.29 0.31 
889.21 518.57 6972.41 0.39 
832.89 186.78 6987.46 0.32 
998.10 89.52 6385.22 0.41 
542.43 298.46 6961.77 0.24 
267.17 875.03 6713.80 0.35 
106.82 784.03 6265.82 0.33 
877.61 774.62 5197.22 0.22 
477.93 617.29 7058.46 0.53 
308.27 923.21 6777.52 0.22 
315.40 517.00 6810.38 0.37 
661.21 756.44 6337.53 0.43 
544.65 36.78 5894.20 0.58 
323.54 958.71 6998.88 0.53 
636.14 714.84 5561.88 0.45 
746.50 930.15 5996.39 0.52 
4.12 399.24 6250.44 0.18 
464.73 963.88 6576.41 0.45 
42.20 930.17 5886.37 0.49 
22.93 274.31 6608.75 0.55 
18.36 14.88 6542.15 0.54 
309.45 159.37 5667.81 0.38 
971.30 647.64 6687.03 0.44 
145.46 227.57 7393.04 0.31 
272.71 222.28 7536.25 0.24 
461.02 853.50 5844.68 0.37 
55.54 362.74 6669.13 0.36 
266.22 938.54 5230.06 0.40 
927.74 905.97 5717.94 0.50 
43.80 5.96 6135.27 0.42 
483.79 745.79 6794.33 0.40 
441.35 528.66 5095.97 0.33 
46.46 866.21 5777.21 0.40 
905.75 814.51 6348.10 0.29 
787.87 724.17 7107.04 0.50 
501.65 415.39 6429.78 0.44 
128.47 694.70 6959.99 0.43 
801.37 805.70 7038.58 0.51 
844.80 965.25 6735.00 0.42 
778.24 431.18 4885.97 0.39 
149.25 600.29 5604.09 0.51 
822.05 365.00 6390.24 0.35 
669.66 423.05 5764.74 0.41 
708.14 943.70 7296.03 0.48 
550.70 449.62 7337.22 0.41 
864.48 377.08 6601.96 0.25 
136.98 323.76 5964.17 0.47 
9.65 433.58 6673.38 0.62 
958.10 140.62 5415.63 0.18 
984.14 663.49 7295.00 0.28 
113.33 208.29 7008.04 0.47 
813.99 18.23 7327.13 0.40 
8.97 310.16 5671.17 0.38 
67.33 202.77 6732.32 0.45 
609.90 424.37 7081.67 0.46 
866.74 223.81 7115.24 0.31 
571.07 292.60 6367.83 0.27 
