789.33 111.39 6354.65 0.53 
296.49 980.21 7479.41 0.41 
95.91 524.19 5720.44 0.50 
226.52 140.98 6242.54 0.34 
627.51 686.43 6801.54 0.32 
253.59 228.91 7237.37 0.63 
53.43 115.02 6998.76 0.47 
728.45 291.12 5837.72 0.50 
525.70 434.58 6276.36 0.46 
14.42 33.52 5340.06 0.37 
431.28 82.82 7020.50 0.41 
803.64 739.88 5492.20 0.28 
432.97 0.25 7204.82 0.32 
74.38 57.74 7552.61 0.26 
496.99 743.84 6507.59 0.49 
836.17 325.97 6321.18 0.25 
44.01 612.03 7003.75 0.37 
312.00 543.64 7093.13 0.15 
482.81 18.57 7910.62 0.53 
46.01 275.05 7455.20 0.46 
846.98 172.57 6164.92 0.50 
