422.49 629.89 7077.78 0.40 
200.53 568.52 6687.00 0.27 
438.46 476.55 6361.77 0.19 
225.73 410.93 7517.36 0.38 
644.68 482.07 7727.39 0.55 
637.17 280.81 6351.59 0.36 
553.01 226.72 6929.59 0.36 
908.34 957.60 7176.75 0.62 
864.56 177.23 6213.47 0.41 
123.09 161.05 6274.72 0.40 
853.74 686.94 6359.41 0.57 
612.12 915.98 6816.68 0.43 
380.88 814.21 7280.71 0.28 
196.18 549.06 6745.14 0.45 
495.12 166.39 6597.03 0.45 
827.73 161.42 7445.21 0.46 
375.51 6.06 6887.47 0.38 
778.32 914.02 6599.62 0.51 
448.86 660.72 7116.30 0.29 
426.59 232.69 6258.56 0.45 
511.67 365.14 6488.20 0.36 
108.11 10.96 7498.92 0.52 
431.41 437.06 6591.72 0.36 
229.99 497.67 7375.73 0.35 
884.55 681.39 6529.17 0.49 
908.12 8.83 6691.70 0.45 
748.43 66.54 4970.28 0.43 
120.96 118.05 7286.22 0.39 
355.93 589.95 6680.04 0.44 
799.77 42.15 6225.81 0.45 
271.73 310.73 6115.01 0.58 
290.73 550.71 7506.96 0.35 
492.72 377.31 7146.23 0.38 
269.27 654.81 7154.69 0.45 
718.41 511.37 6280.21 0.37 
892.17 355.49 6398.67 0.38 
299.28 458.55 5518.63 0.25 
808.98 902.38 7540.19 0.41 
637.31 907.27 6675.28 0.32 
584.79 892.75 6537.20 0.44 
683.99 973.56 7067.34 0.69 
211.36 458.41 7034.98 0.35 
24.42 607.85 7242.54 0.35 
198.69 88.62 6053.79 0.50 
133.24 896.28 6637.12 0.39 
376.46 930.55 6947.57 0.31 
286.63 789.87 7094.44 0.26 
19.53 821.95 6409.74 0.43 
379.17 28.61 6092.98 0.41 
408.61 733.98 7753.44 0.46 
352.70 51.83 6832.66 0.47 
2.19 644.27 7027.47 0.28 
942.14 259.27 6452.68 0.25 
224.86 292.42 7476.10 0.50 
90.14 760.16 6710.15 0.35 
557.62 482.32 7630.18 0.21 
305.37 508.24 6187.07 0.41 
374.51 41.07 6725.14 0.31 
828.73 651.75 7036.12 0.43 
425.67 692.58 6372.87 0.49 
135.69 848.35 6763.05 0.35 
278.67 691.35 6655.96 0.37 
714.09 919.58 5110.99 0.44 
545.95 338.33 6359.50 0.45 
403.56 398.36 6332.23 0.32 
638.06 483.60 6330.59 0.44 
818.73 501.06 6400.26 0.38 
769.63 841.64 6792.69 0.39 
474.71 715.58 6145.54 0.55 
329.11 702.15 6779.59 0.37 
423.55 313.31 7934.73 0.54 
716.85 226.59 7791.06 0.46 
246.93 581.14 6941.66 0.38 
710.69 555.89 6941.72 0.32 
649.20 735.24 5765.63 0.35 
77.57 14.43 6980.65 0.46 
187.83 267.22 6094.27 0.30 
897.69 638.12 5639.66 0.49 
664.70 723.14 6469.60 0.27 
178.27 457.48 5834.01 0.42 
692.73 603.30 7279.85 0.31 
222.60 570.84 6810.82 0.31 
29.64 564.71 6114.23 0.25 
692.32 205.81 7724.99 0.58 
526.64 417.00 6913.79 0.42 
802.62 111.61 7158.56 0.42 
336.80 425.82 6473.20 0.39 
959.06 689.26 7558.69 0.21 
240.23 215.40 5111.45 0.39 
857.51 955.29 7279.73 0.39 
213.62 525.10 7295.46 0.31 
494.49 466.92 6796.09 0.34 
357.05 293.72 6152.31 0.13 
181.69 698.05 6638.80 0.47 
913.65 983.12 6471.70 0.43 
926.05 547.36 6161.17 0.56 
817.41 811.15 6260.74 0.38 
964.81 947.90 6260.23 0.46 
183.36 136.32 5629.37 0.40 
764.65 215.01 6780.16 0.41 
634.56 756.96 6809.24 0.39 
975.74 363.82 6668.01 0.50 
825.02 380.16 5615.20 0.33 
138.99 211.57 6581.34 0.26 
969.17 145.54 6943.81 0.50 
977.77 484.45 5932.98 0.31 
392.91 411.67 6694.37 0.43 
860.31 216.12 6561.88 0.23 
860.99 224.88 7229.26 0.20 
126.51 567.94 6173.08 0.23 
757.97 78.32 6232.28 0.38 
960.14 443.59 6832.17 0.45 
669.48 960.81 6633.55 0.28 
16.99 305.96 6752.04 0.44 
855.20 908.67 5737.64 0.39 
149.51 838.27 7465.81 0.41 
870.33 568.03 6502.79 0.31 
992.84 197.81 6532.14 0.35 
788.35 799.18 5525.43 0.22 
484.57 777.86 6948.39 0.38 
230.45 399.02 7501.69 0.46 
307.83 574.65 7507.35 0.59 
608.06 262.74 6892.93 0.20 
892.13 422.96 6029.97 0.30 
541.53 73.02 5664.85 0.51 
739.06 749.20 7500.59 0.41 
502.61 105.88 5332.66 0.41 
107.83 848.12 6355.94 0.28 
30.60 330.28 5028.58 0.42 
290.78 532.93 6581.08 0.46 
844.30 395.31 5580.84 0.45 
10.38 872.55 7452.57 0.48 
285.62 729.93 6064.69 0.48 
699.56 410.52 7051.52 0.27 
520.01 98.31 6450.45 0.36 
297.20 72.44 6498.57 0.47 
35.38 975.45 6564.04 0.41 
553.65 990.55 6206.48 0.40 
241.12 837.71 5415.26 0.37 
940.00 801.08 6870.42 0.31 
405.07 347.55 7218.88 0.59 
973.38 961.68 6585.20 0.34 
75.50 788.54 6224.85 0.41 
883.13 169.39 5853.31 0.45 
332.24 452.22 6965.21 0.42 
964.54 675.16 7318.80 0.53 
273.97 862.22 5449.65 0.51 
3.46 846.41 7194.31 0.32 
672.90 250.07 6787.56 0.59 
752.73 647.56 6530.57 0.30 
573.30 972.88 5992.05 0.27 
437.08 227.94 7288.56 0.36 
153.15 123.53 6069.64 0.37 
634.45 731.30 6517.89 0.39 
549.96 361.78 6300.17 0.42 
996.61 991.13 6513.80 0.47 
729.23 559.40 6177.20 0.44 
139.39 436.39 7110.16 0.42 
271.44 667.03 6917.60 0.42 
552.26 303.85 6195.21 0.24 
107.14 877.16 6472.87 0.38 
588.40 903.07 4935.15 0.63 
446.03 669.63 6043.97 0.23 
930.14 989.98 6791.32 0.43 
142.93 316.83 6092.96 0.46 
452.88 322.97 7030.45 0.30 
507.42 420.62 7040.18 0.42 
93.76 765.04 7477.63 0.40 
595.47 715.53 7089.82 0.36 
274.08 185.62 6517.68 0.38 
587.06 760.40 6383.41 0.32 
117.34 251.48 7242.70 0.23 
236.02 948.06 5767.96 0.38 
284.24 587.21 7181.10 0.52 
124.97 77.67 6378.69 0.44 
734.24 858.85 7138.33 0.49 
632.17 284.37 6078.07 0.47 
286.85 980.60 5799.49 0.27 
948.96 524.02 5924.16 0.41 
49.47 771.34 6961.73 0.50 
18.53 825.45 6931.07 0.28 
799.46 167.80 7118.18 0.24 
12.34 799.30 5799.89 0.42 
341.87 223.56 6419.56 0.30 
542.60 219.52 7535.52 0.42 
939.99 40.76 5385.52 0.27 
622.09 53.81 5972.03 0.29 
750.27 965.34 6988.72 0.57 
831.34 931.37 6861.59 0.35 
46.34 561.44 6661.94 0.32 
912.06 415.08 6129.88 0.49 
36.69 317.04 6461.34 0.54 
262.57 440.39 7769.42 0.33 
559.14 738.73 6085.08 0.25 
519.97 140.26 7528.27 0.50 
550.86 499.39 6557.37 0.32 
544.85 876.64 7930.40 0.46 
268.72 907.64 6544.58 0.37 
912.42 419.54 6098.19 0.47 
981.94 985.07 6396.00 0.61 
210.85 769.25 6669.14 0.34 
