888.40 732.22 5738.87 0.21 
228.49 512.22 5732.75 0.37 
615.25 377.18 6436.87 0.42 
478.16 943.58 7218.64 0.55 
459.32 428.63 6889.88 0.38 
120.87 833.25 7315.90 0.55 
377.68 97.10 5239.98 0.27 
536.04 137.98 5950.40 0.26 
408.91 407.52 6147.92 0.46 
994.49 205.94 7481.20 0.49 
174.80 596.69 7709.82 0.42 
608.93 180.55 7177.01 0.37 
293.85 665.01 6864.09 0.38 
598.17 51.89 6632.52 0.52 
178.49 183.83 7117.78 0.59 
286.65 576.25 7049.10 0.46 
347.61 789.06 6256.95 0.29 
123.57 780.90 6778.39 0.37 
332.91 30.09 6983.89 0.64 
177.71 695.66 6925.60 0.28 
70.48 556.48 6589.75 0.44 
350.53 133.84 5075.30 0.43 
943.01 568.74 6901.47 0.39 
897.96 628.09 5657.21 0.36 
233.82 230.07 6538.06 0.49 
596.86 121.55 6305.78 0.46 
46.04 420.04 6753.25 0.60 
13.49 347.33 7016.13 0.30 
872.47 36.68 7243.10 0.52 
196.22 391.71 5677.26 0.46 
129.09 637.87 6828.96 0.36 
