867.70 473.93 6015.81 0.20 
642.75 530.30 5615.62 0.27 
554.01 194.94 6312.71 0.48 
48.20 967.85 7054.08 0.26 
42.43 737.32 7204.47 0.23 
592.49 287.90 6658.72 0.29 
308.36 877.46 7340.15 0.30 
118.88 564.14 5363.92 0.32 
652.97 639.64 5773.58 0.26 
480.66 525.41 6672.06 0.42 
366.42 313.63 6660.58 0.48 
338.09 96.51 5312.15 0.54 
160.59 898.70 7362.85 0.41 
699.97 490.45 5606.13 0.49 
486.86 812.82 5963.70 0.38 
33.78 938.55 7167.25 0.35 
933.59 617.47 6323.69 0.39 
397.41 544.61 7755.38 0.34 
512.66 981.38 5781.61 0.67 
28.72 469.06 7523.55 0.43 
842.18 976.92 6368.22 0.41 
690.75 67.25 7031.51 0.32 
576.50 49.24 6912.28 0.40 
475.71 862.36 6717.84 0.52 
254.95 988.36 6180.24 0.38 
775.14 486.45 6755.36 0.49 
380.56 976.56 7049.25 0.59 
423.55 394.81 5677.05 0.57 
611.28 178.16 6671.35 0.22 
205.00 188.24 6258.84 0.51 
573.79 424.79 5252.58 0.27 
704.25 468.63 6065.42 0.35 
886.06 758.54 5911.73 0.28 
4.49 25.37 6986.35 0.50 
406.29 997.89 6412.91 0.42 
740.45 789.33 7483.38 0.34 
685.68 50.29 6437.86 0.27 
159.43 897.13 6379.29 0.47 
779.52 512.21 6771.67 0.40 
912.40 649.54 7907.62 0.23 
418.42 666.02 7286.20 0.41 
