699.54 812.49 7184.35 0.44 
901.76 498.25 5133.88 0.37 
482.50 758.79 7027.97 0.64 
648.25 282.39 7132.32 0.37 
908.22 959.69 7311.54 0.34 
812.48 100.29 7585.23 0.42 
97.03 448.84 6090.10 0.46 
701.95 841.28 6592.98 0.33 
230.46 15.98 5891.38 0.33 
276.05 653.52 7563.73 0.46 
864.07 602.49 6124.48 0.58 
765.40 178.35 6787.29 0.34 
3.61 144.80 6830.37 0.43 
107.95 64.53 7277.71 0.44 
103.81 736.26 6546.33 0.15 
282.27 482.32 6998.73 0.46 
981.32 736.58 5151.55 0.33 
479.95 971.41 6795.05 0.45 
326.98 1.52 7388.78 0.42 
522.60 872.99 7046.46 0.53 
824.11 898.30 7682.23 0.56 
987.65 644.60 6692.87 0.27 
611.42 770.86 6464.44 0.39 
795.08 381.76 6802.60 0.32 
18.97 219.31 5662.40 0.51 
48.64 981.92 7301.00 0.39 
717.01 46.76 6438.40 0.46 
384.76 211.60 6720.11 0.35 
979.72 231.76 6795.56 0.47 
16.82 867.01 7373.59 0.41 
23.17 423.96 7554.30 0.48 
766.40 659.49 6968.49 0.49 
940.16 493.08 7005.93 0.36 
235.70 83.42 6322.24 0.25 
749.27 736.44 7103.36 0.42 
621.49 522.99 6847.90 0.45 
393.87 757.71 5716.27 0.34 
621.50 180.51 5996.84 0.39 
75.33 450.61 6307.77 0.21 
195.44 32.21 7020.68 0.46 
256.97 276.71 7870.27 0.44 
266.28 172.88 7449.88 0.48 
718.97 328.04 7446.70 0.32 
571.72 349.35 6477.71 0.55 
634.71 866.48 6269.68 0.22 
982.10 721.54 7653.71 0.47 
244.28 874.54 5053.28 0.50 
510.93 460.43 6989.91 0.40 
57.73 21.31 6809.45 0.34 
668.95 492.83 7419.55 0.30 
879.26 616.47 6259.02 0.48 
605.23 847.11 7202.97 0.50 
320.67 10.04 6348.89 0.41 
882.60 720.34 6942.63 0.55 
900.70 301.20 6489.22 0.38 
632.56 671.34 6039.92 0.36 
603.54 592.78 6728.24 0.42 
2.62 605.37 6510.92 0.43 
708.80 705.02 6012.03 0.28 
159.91 331.42 6408.40 0.29 
385.47 721.72 6345.05 0.44 
956.82 82.92 7134.15 0.44 
558.67 850.68 6689.98 0.51 
641.28 155.53 6176.84 0.46 
770.58 348.49 5977.13 0.28 
544.98 653.42 5846.27 0.44 
541.69 85.43 6336.95 0.41 
483.62 686.91 7000.18 0.38 
237.72 250.76 6421.47 0.33 
23.11 434.02 5544.64 0.34 
817.09 651.60 6831.92 0.24 
