526.49 422.86 6249.35 0.29 
434.07 967.73 5930.40 0.43 
437.89 25.03 7404.33 0.32 
611.54 645.83 6180.88 0.32 
898.22 186.86 7146.70 0.37 
383.27 840.13 6458.73 0.33 
508.86 375.32 6236.57 0.22 
637.38 713.45 7980.75 0.32 
219.22 558.34 7285.20 0.44 
513.68 712.34 6476.50 0.57 
607.19 513.38 5930.69 0.49 
245.71 88.23 7554.46 0.47 
626.31 707.84 6631.96 0.35 
424.20 977.05 7591.94 0.28 
444.26 257.28 7163.75 0.56 
607.74 414.11 7262.04 0.20 
735.89 72.49 6851.31 0.32 
200.50 164.34 5883.93 0.31 
806.83 949.81 5975.90 0.38 
383.73 111.25 6835.04 0.35 
69.17 501.69 7674.43 0.42 
465.79 173.20 6310.65 0.48 
47.47 69.17 7439.64 0.52 
280.97 67.92 7717.28 0.57 
400.24 98.33 5240.63 0.39 
589.57 509.67 6044.32 0.49 
558.44 531.33 6882.04 0.35 
818.55 644.42 7911.06 0.43 
929.96 85.95 6155.69 0.61 
833.63 271.10 6758.06 0.45 
136.76 538.10 6916.14 0.42 
789.46 990.38 6713.33 0.50 
142.95 337.35 6548.28 0.50 
895.41 210.93 6938.82 0.42 
117.51 771.27 6244.76 0.40 
232.30 537.88 6238.04 0.31 
440.19 37.51 7719.29 0.38 
520.48 594.03 6388.56 0.34 
903.63 710.60 6217.42 0.39 
76.97 673.81 6544.03 0.16 
156.48 321.66 5603.51 0.58 
599.32 710.27 6200.73 0.18 
52.71 862.36 7096.55 0.49 
12.81 18.19 7791.25 0.33 
369.60 628.59 7063.06 0.30 
437.85 852.11 7756.29 0.32 
394.51 725.14 6836.39 0.41 
542.64 438.98 6292.56 0.48 
987.50 940.41 5998.86 0.31 
696.84 281.88 6832.57 0.44 
748.09 390.85 6056.25 0.53 
632.22 919.50 6987.22 0.38 
959.85 41.36 6408.76 0.40 
832.24 215.52 6496.34 0.27 
682.89 781.44 6763.97 0.48 
842.66 660.94 7043.47 0.36 
101.99 421.80 6794.14 0.46 
736.79 131.50 6827.53 0.43 
425.86 655.72 6219.78 0.50 
341.50 350.46 7928.42 0.40 
942.36 477.76 6734.11 0.32 
682.32 777.32 7223.34 0.44 
454.67 685.50 7239.40 0.50 
728.70 354.41 6346.61 0.47 
208.22 212.16 7256.70 0.33 
593.29 90.76 7103.03 0.31 
537.38 96.83 5537.09 0.41 
184.92 706.72 6566.83 0.52 
50.24 730.67 7448.63 0.40 
143.59 878.70 5782.71 0.36 
979.22 599.37 6288.52 0.59 
51.84 153.64 7316.53 0.50 
872.77 443.42 7107.89 0.42 
162.11 504.02 7056.33 0.49 
620.05 585.95 7442.10 0.47 
588.32 189.55 7149.68 0.63 
684.69 33.06 6663.96 0.34 
356.83 19.22 6686.76 0.28 
688.98 874.34 7559.68 0.35 
311.11 972.07 6703.75 0.35 
214.78 930.49 7162.43 0.44 
