720.58 843.13 6005.21 0.34 
584.71 336.63 6064.60 0.38 
390.34 867.24 5865.72 0.73 
606.49 589.20 6579.44 0.34 
822.31 550.47 6762.09 0.24 
705.16 495.52 7017.79 0.44 
568.59 600.59 7000.97 0.45 
432.69 119.87 6040.49 0.49 
7.02 698.88 6440.16 0.34 
751.16 857.45 7159.42 0.25 
677.27 197.32 6596.15 0.27 
82.60 13.49 7711.86 0.21 
847.93 802.12 6344.18 0.47 
598.44 491.12 6967.91 0.32 
444.46 425.89 7232.17 0.36 
265.23 758.19 6289.74 0.54 
875.24 710.21 6657.07 0.42 
919.61 758.69 7490.80 0.40 
514.88 379.79 7025.46 0.49 
83.21 679.48 6926.88 0.42 
657.08 162.66 5982.55 0.59 
588.28 963.77 6168.15 0.43 
665.52 958.07 7383.68 0.41 
253.04 679.94 5686.71 0.33 
129.09 858.10 6354.65 0.41 
594.58 74.06 6722.90 0.40 
879.88 523.97 6825.48 0.41 
813.80 639.95 7069.92 0.39 
338.29 916.73 7296.13 0.26 
334.45 378.95 7249.25 0.45 
404.37 9.22 6453.23 0.28 
976.01 656.23 6753.86 0.56 
877.63 527.20 6500.50 0.46 
221.84 521.19 5241.74 0.53 
535.97 37.38 7545.95 0.24 
990.12 890.29 5580.26 0.37 
678.79 515.61 6492.33 0.44 
191.33 202.30 6454.98 0.53 
297.80 476.35 6574.86 0.50 
172.93 174.21 7211.82 0.43 
503.84 552.19 6926.94 0.39 
808.01 2.82 7216.50 0.29 
347.49 198.39 7272.07 0.36 
520.07 678.89 7001.12 0.28 
430.64 719.58 6245.22 0.45 
382.00 181.60 6063.92 0.37 
433.25 725.45 6529.87 0.37 
654.14 888.18 7548.32 0.30 
861.86 207.08 5049.80 0.31 
697.08 22.07 6350.66 0.32 
463.11 868.22 7759.30 0.32 
210.60 841.98 6959.46 0.44 
104.28 966.33 7292.86 0.29 
706.10 279.17 6705.53 0.53 
785.52 429.21 6596.65 0.36 
147.29 112.60 6284.61 0.50 
363.09 266.29 6460.56 0.33 
819.94 546.96 6471.03 0.24 
592.46 533.49 7341.62 0.45 
878.41 260.57 6541.15 0.44 
74.53 219.52 7557.31 0.40 
222.86 914.84 7405.12 0.59 
451.41 174.79 6887.07 0.42 
580.27 579.92 5571.91 0.59 
861.04 516.51 6265.29 0.46 
983.70 109.46 6599.35 0.29 
848.17 120.83 7040.82 0.49 
493.48 787.30 7230.89 0.42 
34.41 801.16 7470.35 0.34 
600.67 429.75 7670.76 0.27 
279.89 408.09 5937.34 0.41 
555.06 935.74 6575.84 0.49 
495.32 348.22 6912.29 0.31 
16.93 174.03 6690.10 0.51 
876.14 274.92 7433.49 0.41 
234.24 240.57 6405.26 0.42 
81.84 961.95 7857.60 0.46 
74.63 931.04 7222.66 0.27 
745.55 530.93 6146.68 0.32 
16.47 693.95 7858.20 0.42 
904.78 305.76 5703.78 0.42 
837.33 60.96 5358.64 0.41 
246.55 41.41 7378.47 0.27 
583.38 313.88 6710.96 0.56 
974.28 193.32 6172.58 0.50 
203.46 927.58 6300.29 0.46 
162.91 217.53 5369.93 0.44 
369.67 624.64 6315.29 0.11 
470.04 724.83 5923.18 0.50 
758.28 959.63 5704.33 0.53 
328.35 146.03 6868.23 0.39 
