406.17 674.55 0.30 5757.04
975.25 828.80 0.06 4812.03
25.43 438.64 0.13 6652.18
915.89 674.43 0.26 4152.01
945.06 827.90 0.08 7158.78
956.41 48.24 0.27 8469.07
51.29 827.02 0.06 5153.16
651.28 272.88 0.13 3379.66
137.83 843.64 0.29 2154.95
509.64 268.47 0.12 8901.79
963.33 349.80 0.27 6034.74
445.75 526.99 0.28 4428.38
36.53 639.79 0.17 3090.73
335.61 734.12 0.15 7088.13
753.72 889.74 0.23 763.84
400.97 262.50 0.29 4031.03
576.19 885.98 0.18 9870.26
713.93 678.51 0.20 7162.87
953.71 640.85 0.32 9166.02
257.52 937.40 0.27 7913.91
491.20 840.63 0.22 1601.49
667.82 869.43 0.22 5280.93
527.63 65.09 0.22 8812.95
186.38 35.18 0.26 5533.82
173.27 442.82 0.18 4255.96
584.04 561.11 0.18 1184.17
84.40 435.72 0.28 6849.12
662.66 304.53 0.29 1321.33
91.10 352.62 0.33 9499.93
71.87 464.07 0.40 4843.89
553.57 666.15 0.21 8686.55
365.54 937.69 0.26 5600.88
94.64 598.76 0.15 3386.10
901.00 438.99 0.16 4124.64
253.95 868.26 0.20 6147.21
436.68 158.18 0.14 9140.51
918.65 866.62 0.26 4869.39
723.66 321.47 0.08 3021.32
114.08 262.94 0.04 3073.57
984.89 830.77 0.23 5287.08
409.45 428.06 0.26 4780.54
473.45 903.98 0.17 3918.19
6.97 871.32 0.22 2508.58
281.23 222.60 0.15 9460.96
719.20 49.86 0.27 9498.88
892.77 530.96 0.26 7781.39
809.94 91.24 0.02 3656.57
561.16 912.61 0.02 707.31
409.02 386.11 0.19 9419.03
479.35 786.33 0.26 4619.90

22587.610599723525
