561.00 552.00 4178.61 0.22 
692.74 593.81 4241.77 0.50 
635.98 619.41 4306.73 0.45 
553.02 627.52 5128.52 0.52 
580.24 584.09 3515.46 0.37 
547.99 651.95 3968.73 0.36 
696.21 556.58 4955.20 0.49 
625.11 665.20 4156.09 0.38 
541.25 718.75 2671.14 0.38 
540.44 629.48 4860.59 0.27 
648.81 662.18 4218.15 0.45 
568.15 564.49 4135.96 0.37 
589.19 603.01 4380.80 0.39 
634.38 576.89 4070.92 0.32 
550.43 790.38 4235.48 0.43 
557.05 592.46 4093.50 0.55 
592.43 616.94 3499.29 0.30 
567.21 552.53 3907.01 0.24 
643.68 654.26 4619.85 0.46 
558.23 707.77 3600.51 0.57 
588.74 650.42 4334.28 0.45 
604.07 606.10 4094.95 0.41 
568.91 556.66 5347.44 0.47 
661.11 556.23 3902.67 0.46 
556.05 553.33 3365.43 0.51 
548.72 685.53 3992.64 0.12 
702.55 604.82 3940.66 0.29 
564.03 547.69 4089.72 0.49 
634.55 693.48 3790.51 0.47 
551.33 629.75 2962.94 0.49 
659.83 565.74 2803.41 0.56 
719.69 598.65 2849.03 0.37 
604.13 723.46 5037.34 0.46 
712.76 541.15 4023.37 0.45 
580.28 665.82 4310.20 0.26 
593.28 690.45 4060.89 0.46 
627.48 712.57 4776.32 0.49 
667.38 568.07 4199.41 0.38 
692.82 570.28 3789.73 0.48 
694.54 550.59 3149.21 0.28 
664.27 608.69 4170.66 0.37 
622.46 707.89 3204.30 0.47 
581.88 688.89 4966.37 0.41 
542.37 640.94 4152.09 0.62 
589.27 627.59 4049.33 0.65 
609.99 620.72 3931.02 0.38 
542.82 648.65 4703.65 0.49 
662.58 559.53 4478.59 0.35 
544.68 557.02 3152.13 0.45 
620.12 555.37 4962.63 0.38 
610.94 573.50 3715.15 0.67 
582.48 571.83 5035.20 0.45 
557.20 599.96 3269.98 0.43 
597.09 717.86 4515.32 0.29 
678.25 602.80 4399.07 0.33 
600.39 762.59 3644.55 0.41 
622.70 671.88 3443.69 0.50 
667.37 612.75 4455.12 0.55 
583.11 603.94 3918.38 0.42 
800.71 670.49 4179.55 0.53 
645.28 696.30 4863.85 0.42 
646.53 668.63 4927.99 0.43 
844.30 562.63 5070.14 0.52 
625.19 586.11 4622.30 0.37 
570.80 628.08 2963.56 0.19 
664.90 624.16 3357.12 0.35 
579.34 892.31 3199.77 0.39 
658.22 608.01 4048.94 0.34 
743.29 541.13 5596.25 0.26 
692.40 609.62 3383.49 0.31 
632.26 674.19 4058.85 0.35 
565.13 561.90 3906.31 0.43 
545.34 545.81 3652.08 0.26 
647.67 679.18 4195.40 0.67 
722.62 696.23 4499.56 0.22 
545.83 656.18 2971.66 0.31 
590.29 599.90 3557.41 0.54 
627.94 676.20 3395.31 0.34 
648.02 638.66 3400.05 0.31 
746.27 666.15 3696.27 0.36 
656.18 556.41 3454.15 0.49 
614.23 617.34 4830.30 0.28 
590.13 766.91 3296.24 0.33 
574.86 641.84 3732.62 0.30 
633.45 598.60 3426.66 0.42 
774.11 568.79 5167.01 0.44 
552.14 643.01 4126.97 0.44 
635.39 668.34 3419.91 0.32 
666.75 548.13 2828.82 0.27 
651.04 673.80 3834.52 0.16 
608.45 661.52 4118.51 0.42 
654.86 644.69 4375.15 0.32 
547.44 552.62 3539.67 0.29 
550.94 766.81 4312.82 0.35 
718.05 650.34 4291.33 0.42 
571.53 622.02 4632.05 0.43 
651.59 586.37 4465.18 0.27 
588.74 677.93 4663.83 0.17 
826.37 652.28 2809.82 0.47 
625.57 651.61 3065.04 0.36 
782.66 550.56 3951.59 0.50 
