554.30 546.78 5037.60 0.45 
560.62 557.05 4544.45 0.08 
607.54 729.87 3743.68 0.35 
617.39 736.02 4668.32 0.35 
604.26 598.10 3773.90 0.33 
551.93 664.08 4822.24 0.49 
583.86 577.93 3242.38 0.39 
550.84 628.50 4235.30 0.48 
679.56 586.56 1979.99 0.39 
589.11 650.74 4507.97 0.51 
616.80 587.25 5107.65 0.39 
545.12 561.15 4555.16 0.55 
554.13 702.87 4749.99 0.57 
560.69 673.81 2527.70 0.27 
587.22 560.56 2478.62 0.31 
634.58 654.34 3510.93 0.48 
657.63 658.13 3338.29 0.52 
615.71 617.64 4930.46 0.42 
591.65 563.08 4354.70 0.20 
739.37 691.51 4344.18 0.44 
546.61 567.26 3984.15 0.36 
590.38 770.99 3847.04 0.38 
544.30 598.21 4899.66 0.31 
588.58 569.02 3642.53 0.22 
627.03 748.44 2725.86 0.55 
756.11 660.65 5387.13 0.26 
558.15 674.47 4575.26 0.49 
758.57 585.76 4631.40 0.52 
656.90 595.61 3635.25 0.48 
550.73 553.28 4508.62 0.53 
658.92 544.09 4207.59 0.43 
591.50 561.87 4869.43 0.34 
548.82 674.62 4432.87 0.51 
670.76 636.45 4957.52 0.44 
638.63 564.04 3904.47 0.44 
572.97 663.70 4160.22 0.37 
545.73 599.48 2876.88 0.49 
838.16 594.95 3250.00 0.45 
564.09 559.45 4292.56 0.50 
560.01 605.94 4287.52 0.46 
652.59 792.20 3347.39 0.48 
621.71 654.59 4209.73 0.43 
546.16 575.00 4066.44 0.32 
649.17 708.00 3496.15 0.51 
550.66 578.09 5255.52 0.28 
587.04 549.49 3004.65 0.50 
601.00 676.64 4512.06 0.62 
827.64 596.95 3152.67 0.46 
630.57 620.39 2839.88 0.53 
627.80 563.47 3185.78 0.45 
746.47 560.92 4516.29 0.32 
589.81 595.65 2973.06 0.36 
591.63 545.68 4208.67 0.42 
555.84 670.14 4140.31 0.55 
553.14 606.79 3597.32 0.31 
599.19 658.38 2955.60 0.44 
578.43 747.85 3968.15 0.42 
599.24 647.59 4091.92 0.44 
758.02 646.22 4172.78 0.18 
816.19 587.52 5181.48 0.41 
580.24 763.19 2966.83 0.38 
584.23 697.29 2831.98 0.33 
548.63 700.43 4370.12 0.31 
942.55 551.42 5282.26 0.24 
594.68 629.39 4186.10 0.38 
588.49 573.58 4212.28 0.46 
684.19 597.90 3782.77 0.56 
687.86 549.46 4417.39 0.31 
648.90 655.15 5044.90 0.33 
558.32 551.90 4334.49 0.60 
614.58 709.32 4405.24 0.46 
635.30 765.20 4141.32 0.55 
560.54 600.78 2990.85 0.33 
547.02 584.91 3113.69 0.65 
560.22 858.81 4638.76 0.35 
648.90 580.47 3923.19 0.39 
562.42 580.57 3753.40 0.44 
614.00 619.61 3608.33 0.38 
565.69 607.02 3851.08 0.47 
609.57 716.13 3468.35 0.39 
651.94 699.22 4423.41 0.38 
665.67 593.61 4783.05 0.49 
694.57 541.39 3978.96 0.36 
584.82 562.48 4101.24 0.38 
629.61 556.21 4521.65 0.39 
641.00 590.61 4011.68 0.50 
600.83 542.37 3991.13 0.37 
623.49 730.64 3317.09 0.40 
745.50 679.15 3798.72 0.42 
662.80 649.38 3377.70 0.31 
609.20 635.98 4028.93 0.42 
824.39 549.64 4227.40 0.30 
773.84 615.42 4076.45 0.35 
570.82 556.57 3455.37 0.28 
566.45 595.32 4440.11 0.53 
540.99 560.69 5011.57 0.48 
556.50 605.63 4425.97 0.40 
787.77 734.02 4014.42 0.34 
562.47 550.22 3786.27 0.30 
563.22 608.11 3776.54 0.23 
646.60 844.43 2559.91 0.30 
731.26 643.33 5092.96 0.32 
572.56 547.41 4109.56 0.40 
591.71 602.72 4707.44 0.36 
557.76 770.40 3425.27 0.37 
567.52 620.11 3784.06 0.42 
559.80 593.88 3803.55 0.39 
565.38 547.65 4001.73 0.44 
621.87 566.51 3786.53 0.44 
669.71 652.23 3808.52 0.25 
688.24 583.28 2870.02 0.39 
602.32 540.19 4520.83 0.55 
540.99 567.78 4656.80 0.38 
668.16 625.57 4630.62 0.37 
697.35 566.06 4580.19 0.55 
653.82 627.14 3401.18 0.43 
726.23 550.64 3957.73 0.36 
559.72 541.38 4599.68 0.39 
541.07 565.06 3989.32 0.37 
679.64 653.94 4148.28 0.38 
663.50 594.95 5763.91 0.55 
641.63 598.44 5759.18 0.46 
637.23 601.38 4445.32 0.26 
589.07 712.89 3922.71 0.21 
733.98 753.02 3045.87 0.48 
644.85 706.85 4272.36 0.31 
643.38 739.89 4534.51 0.61 
623.30 552.08 3409.46 0.35 
792.14 645.69 4955.95 0.35 
641.42 570.78 4176.91 0.26 
580.95 608.27 4234.91 0.25 
622.99 595.95 3628.94 0.36 
740.27 615.99 4156.13 0.39 
649.44 704.08 4500.36 0.34 
569.32 545.14 3731.45 0.18 
607.45 555.96 4860.69 0.41 
679.56 655.45 3247.92 0.30 
636.07 622.57 3144.98 0.47 
670.11 584.56 4275.56 0.39 
588.43 566.92 3595.41 0.45 
571.63 564.54 4077.66 0.41 
618.22 553.67 5632.66 0.38 
745.56 657.96 4366.90 0.24 
762.57 555.62 3977.81 0.57 
646.94 695.72 4480.53 0.53 
577.76 660.92 4208.32 0.37 
645.57 640.72 2517.62 0.51 
729.90 625.34 5322.24 0.38 
612.85 590.33 4232.80 0.51 
552.29 605.32 3726.75 0.45 
628.76 619.49 2561.18 0.40 
659.54 621.47 4360.42 0.33 
540.88 613.20 3033.97 0.22 
575.51 692.31 2986.37 0.39 
547.77 790.87 4132.05 0.59 
562.54 728.66 3906.41 0.41 
587.82 588.02 3936.84 0.25 
697.96 813.51 4470.43 0.34 
546.11 753.02 3506.85 0.35 
560.71 604.55 5212.32 0.55 
592.72 626.92 4356.82 0.27 
615.93 558.25 3891.92 0.31 
592.17 756.50 4709.19 0.40 
595.39 647.59 4787.43 0.41 
679.89 738.60 3960.62 0.34 
547.79 710.76 4654.28 0.40 
628.02 548.05 3867.68 0.48 
548.97 618.57 5052.12 0.36 
714.63 568.89 3517.22 0.25 
776.98 715.61 4505.64 0.33 
673.26 703.24 3970.87 0.46 
558.15 687.45 4036.84 0.36 
682.05 698.24 4360.08 0.22 
555.11 586.57 3912.72 0.43 
649.29 548.80 4608.29 0.55 
693.38 627.26 4693.78 0.33 
565.26 690.95 3177.03 0.31 
714.57 745.22 4065.08 0.37 
658.42 589.33 3194.78 0.46 
579.67 566.47 4148.54 0.29 
606.55 671.75 3011.37 0.49 
700.12 561.71 4158.71 0.41 
549.03 576.22 4434.40 0.33 
827.05 611.35 3757.52 0.30 
556.95 616.55 4318.73 0.47 
580.50 573.23 5275.59 0.59 
561.09 586.12 3704.10 0.58 
572.46 553.07 4591.82 0.25 
704.71 642.53 3815.04 0.44 
662.15 559.59 3945.94 0.29 
616.15 586.78 4525.85 0.39 
658.46 542.65 5467.73 0.36 
709.86 560.26 3759.12 0.32 
673.38 695.26 4046.33 0.63 
683.28 663.90 4379.60 0.34 
557.61 540.67 5153.55 0.54 
706.20 691.96 3828.04 0.40 
543.51 650.49 3497.38 0.55 
541.32 653.59 3738.76 0.25 
629.21 632.07 4800.60 0.32 
645.06 580.59 4459.76 0.43 
