560.15 643.38 4088.19 0.36 
549.78 578.12 4412.17 0.22 
758.82 544.52 4770.46 0.45 
567.40 563.12 3366.16 0.29 
663.22 555.28 3706.72 0.47 
601.67 706.68 3363.93 0.47 
708.45 555.32 3505.24 0.53 
629.43 554.02 4047.18 0.31 
707.87 608.88 2830.02 0.31 
564.83 598.68 2280.31 0.45 
728.34 564.80 4107.69 0.31 
571.78 602.03 3838.65 0.59 
562.50 541.34 3621.02 0.39 
612.41 556.11 4046.87 0.33 
575.86 665.91 3937.78 0.39 
726.65 584.96 3981.37 0.40 
543.21 620.53 4780.65 0.39 
577.13 606.45 3603.39 0.55 
649.53 676.52 4293.44 0.35 
589.11 617.58 4066.22 0.34 
556.29 581.19 3991.76 0.35 
610.32 623.98 4281.85 0.46 
704.62 589.56 3722.94 0.47 
541.64 722.60 4181.48 0.42 
569.29 640.50 4686.32 0.38 
582.31 617.21 3264.16 0.30 
551.64 595.59 4035.17 0.54 
578.36 601.04 3688.81 0.42 
718.75 573.95 2812.30 0.34 
647.14 794.27 4722.54 0.24 
653.78 614.98 5372.96 0.41 
618.76 673.86 5096.87 0.49 
611.69 571.64 4122.16 0.32 
582.54 682.56 3657.50 0.42 
593.90 682.40 3884.17 0.37 
719.74 586.32 2715.22 0.35 
647.84 548.35 3972.18 0.37 
602.47 567.42 4070.61 0.42 
558.99 588.93 2999.71 0.34 
556.57 680.62 4377.81 0.37 
593.71 563.56 2586.87 0.38 
698.42 652.92 4352.61 0.29 
640.56 681.60 4204.87 0.58 
625.32 559.96 3884.46 0.42 
953.84 551.64 2788.90 0.32 
576.19 625.67 4413.68 0.38 
568.20 635.04 4541.29 0.28 
752.87 562.70 5177.62 0.48 
611.58 629.29 3733.51 0.37 
806.08 831.89 4533.36 0.43 
691.16 683.00 4194.19 0.35 
549.66 579.24 4524.65 0.30 
624.33 666.15 3137.55 0.59 
632.46 611.74 3534.99 0.50 
614.40 563.63 4266.89 0.34 
560.77 687.13 3335.07 0.60 
700.24 606.41 4253.86 0.47 
740.68 750.27 4126.60 0.27 
573.02 569.91 3513.58 0.62 
604.29 628.56 4765.14 0.47 
564.07 713.44 4008.22 0.55 
640.82 603.91 4812.09 0.39 
769.49 550.87 5242.08 0.50 
585.40 659.46 3281.29 0.59 
598.14 604.26 4962.02 0.35 
556.54 641.32 5027.54 0.42 
618.89 680.56 3976.11 0.43 
653.11 742.87 4685.30 0.51 
563.13 603.86 3909.01 0.40 
544.54 550.19 4196.00 0.40 
598.44 540.05 2638.01 0.52 
611.14 651.53 5455.43 0.57 
587.71 648.69 4001.81 0.59 
613.72 719.24 3832.02 0.28 
591.41 556.45 3597.11 0.40 
556.46 563.07 4933.18 0.41 
586.39 665.31 3558.43 0.40 
696.01 708.68 3676.90 0.60 
611.88 572.60 5529.36 0.48 
667.44 576.86 4594.70 0.31 
696.96 845.65 3537.36 0.36 
672.14 562.51 4168.55 0.37 
540.30 641.54 4435.46 0.57 
540.95 618.82 4073.87 0.12 
578.95 767.22 4055.94 0.37 
711.71 621.08 4160.10 0.38 
574.61 638.51 3093.64 0.46 
577.61 564.74 4205.51 0.36 
607.89 709.32 4152.76 0.39 
609.24 569.27 4459.56 0.61 
554.82 626.64 3514.69 0.32 
