765.82 599.31 3770.15 0.47 
548.99 574.28 3893.39 0.32 
611.62 575.11 4722.25 0.32 
621.92 734.95 3723.81 0.22 
615.91 559.28 4797.36 0.43 
581.55 562.24 3779.28 0.28 
702.40 548.25 3530.93 0.45 
597.11 679.92 4329.25 0.49 
627.43 676.68 2453.00 0.51 
643.75 549.99 4004.56 0.31 
547.24 581.41 4243.08 0.45 
633.11 589.29 4843.94 0.32 
656.89 704.48 3887.53 0.41 
610.86 569.62 3916.79 0.52 
626.40 540.41 4471.05 0.32 
627.38 594.40 3972.56 0.41 
597.56 751.54 3422.77 0.43 
685.64 587.43 3693.57 0.34 
694.84 542.08 4040.65 0.32 
584.26 598.30 4523.67 0.29 
742.57 576.12 4348.32 0.51 
603.24 603.02 4402.89 0.45 
635.19 746.97 4343.57 0.35 
540.49 638.63 4084.82 0.26 
580.78 695.16 4802.67 0.38 
571.54 547.65 3348.24 0.30 
670.61 591.88 2890.63 0.35 
631.13 586.66 4196.95 0.52 
712.49 661.40 3312.90 0.32 
601.05 632.75 4445.61 0.49 
708.27 691.89 4008.32 0.41 
577.41 582.98 4539.42 0.48 
645.45 673.89 4831.48 0.50 
669.08 554.77 3115.74 0.30 
541.02 637.85 5095.52 0.54 
663.96 610.80 3000.73 0.21 
568.29 555.04 4153.74 0.41 
588.32 559.73 5046.40 0.37 
580.65 541.37 3241.52 0.23 
713.68 572.29 3237.73 0.22 
589.80 543.08 3070.68 0.33 
