583.37 749.38 4186.16 0.43 
577.85 582.45 5283.93 0.41 
630.03 569.65 4813.03 0.37 
568.72 639.88 3480.41 0.45 
604.61 569.20 3329.63 0.51 
545.51 562.74 3352.17 0.31 
593.10 782.88 3948.44 0.32 
595.12 582.22 3373.24 0.54 
617.70 665.39 3615.93 0.53 
587.61 709.48 4220.17 0.38 
545.83 760.01 3727.40 0.43 
587.46 628.59 3419.76 0.29 
587.44 540.57 3877.82 0.46 
625.41 651.03 4394.67 0.36 
740.54 589.01 5159.20 0.51 
550.59 575.97 4895.02 0.30 
550.61 608.21 3956.14 0.57 
730.22 698.95 5188.43 0.45 
665.08 543.16 3585.24 0.38 
655.70 643.37 3167.90 0.47 
559.34 621.45 4039.51 0.34 
561.46 572.39 3560.55 0.42 
640.48 557.77 3389.99 0.40 
668.53 563.68 3369.34 0.34 
719.77 550.49 4179.96 0.47 
671.85 669.76 3669.19 0.38 
614.14 653.55 4555.62 0.48 
582.58 659.52 4208.69 0.37 
685.20 644.82 3972.23 0.43 
600.89 707.22 3169.15 0.43 
717.26 560.15 3811.87 0.37 
625.69 566.98 4112.83 0.60 
736.59 601.34 3396.46 0.50 
545.39 608.53 4618.89 0.39 
736.21 693.77 4213.17 0.38 
633.42 764.10 4043.39 0.58 
574.36 576.92 4247.47 0.20 
663.09 634.42 4084.54 0.45 
601.38 603.38 4495.78 0.26 
619.56 845.69 4806.48 0.39 
609.84 659.17 4583.55 0.43 
569.02 582.38 4492.07 0.35 
696.31 720.59 3953.57 0.47 
713.10 677.99 4388.41 0.57 
620.06 599.74 4933.37 0.53 
628.22 575.39 4872.33 0.37 
663.99 561.56 3522.42 0.44 
654.07 590.34 4024.64 0.48 
567.96 712.05 4406.47 0.48 
615.78 608.66 3791.44 0.42 
823.92 680.95 4242.34 0.22 
815.71 547.20 3427.17 0.45 
635.01 554.70 3625.37 0.12 
590.04 736.68 3453.19 0.43 
601.39 580.09 3995.47 0.28 
558.43 560.27 4341.27 0.29 
621.47 752.02 5675.46 0.42 
695.65 558.36 4437.79 0.41 
633.82 738.03 4161.86 0.19 
617.82 679.11 4442.23 0.34 
662.84 605.80 5734.04 0.38 
636.73 549.73 3788.83 0.59 
576.78 552.18 3826.03 0.41 
571.22 631.33 3439.52 0.22 
570.30 668.84 4124.31 0.32 
745.22 737.26 2797.24 0.33 
567.55 866.88 3782.01 0.29 
739.30 638.07 4021.11 0.32 
642.66 575.25 3360.34 0.28 
698.32 624.27 3688.69 0.42 
754.93 702.33 4086.78 0.46 
542.14 728.89 3620.85 0.47 
629.81 648.17 4148.99 0.34 
565.48 677.42 3400.15 0.39 
737.01 580.69 4655.98 0.41 
594.04 561.43 4266.35 0.32 
642.85 651.17 4935.44 0.31 
601.50 742.72 4922.48 0.43 
903.90 590.12 3587.15 0.49 
553.71 641.23 3740.14 0.36 
621.96 590.65 3510.10 0.29 
