719.83 757.27 4262.06 0.32 
575.68 616.23 4945.54 0.45 
562.34 626.35 4235.81 0.37 
711.20 569.00 4630.77 0.26 
593.54 628.59 4573.34 0.41 
543.63 668.19 4043.93 0.41 
690.41 582.12 3228.67 0.39 
610.44 540.28 4259.80 0.27 
587.59 553.42 4238.02 0.41 
642.73 552.61 3789.47 0.42 
545.67 567.05 4642.82 0.45 
590.80 547.90 3681.07 0.32 
557.06 575.83 5102.03 0.57 
614.17 552.16 4403.07 0.47 
619.00 703.35 4031.59 0.36 
545.43 643.56 3710.67 0.45 
567.73 627.53 3507.54 0.49 
624.48 659.29 5019.26 0.51 
648.18 575.87 4082.56 0.44 
581.18 569.21 3991.74 0.42 
600.47 620.31 3644.35 0.30 
760.19 561.57 4823.86 0.65 
631.39 563.55 4983.17 0.48 
575.89 698.90 5025.82 0.35 
659.56 731.98 3042.72 0.46 
557.67 597.17 4621.19 0.47 
609.11 716.26 4143.89 0.43 
641.39 717.95 4256.71 0.46 
809.80 641.61 3837.75 0.40 
541.07 555.82 3324.97 0.26 
595.15 598.01 4344.05 0.30 
664.68 709.86 3463.11 0.33 
566.89 713.18 3306.43 0.42 
688.99 694.86 3832.45 0.35 
678.33 828.25 3361.84 0.25 
579.26 618.35 3587.48 0.37 
778.59 681.02 3952.64 0.27 
687.52 736.97 4356.18 0.37 
574.93 625.72 3229.31 0.45 
603.19 580.87 4775.44 0.35 
607.98 580.55 4909.99 0.36 
561.59 631.90 2718.07 0.54 
584.89 638.60 3337.88 0.43 
678.07 598.09 4002.44 0.37 
656.79 638.93 3468.91 0.31 
675.65 853.23 3973.66 0.36 
820.28 610.89 3393.59 0.39 
620.17 619.66 3802.25 0.36 
770.96 665.41 3425.43 0.20 
723.35 553.08 3324.19 0.46 
599.01 703.03 2819.27 0.25 
744.60 549.78 3544.11 0.53 
544.94 615.26 4836.51 0.39 
650.72 693.78 3685.03 0.47 
649.84 622.19 4504.83 0.41 
682.39 728.80 4497.39 0.22 
570.93 632.15 3831.94 0.53 
547.40 640.24 4890.05 0.49 
554.36 573.51 4725.64 0.27 
624.50 820.58 4837.09 0.57 
562.56 543.00 3515.57 0.44 
572.90 542.40 4261.79 0.32 
570.14 691.87 5887.41 0.45 
607.08 566.11 4836.06 0.45 
689.94 581.08 2918.97 0.20 
828.49 554.06 3485.96 0.41 
558.92 541.55 4158.38 0.51 
542.76 710.92 4747.96 0.44 
603.56 637.88 3729.72 0.33 
652.18 575.95 3681.12 0.51 
620.51 698.58 4311.48 0.36 
