681.45 729.62 4207.13 0.35 
540.42 546.35 3742.16 0.40 
551.70 543.87 4409.97 0.38 
759.42 600.98 4403.51 0.40 
684.12 663.66 3377.38 0.31 
557.35 721.58 4848.49 0.39 
781.68 712.16 3762.24 0.41 
629.59 544.42 2638.81 0.38 
627.87 722.38 3322.70 0.37 
610.38 651.77 3797.09 0.49 
586.26 648.87 4593.73 0.21 
687.23 629.95 3746.99 0.59 
604.71 599.64 4339.75 0.46 
541.49 680.39 3901.95 0.44 
565.90 719.21 4330.27 0.44 
621.80 557.78 3516.61 0.35 
617.77 733.77 4141.67 0.34 
610.52 655.27 4389.21 0.30 
600.49 559.51 5840.53 0.42 
551.36 593.30 4202.60 0.44 
559.37 584.68 3611.31 0.38 
577.86 577.34 3414.89 0.46 
543.19 565.59 4564.77 0.45 
586.00 559.26 3281.36 0.34 
578.88 787.21 4600.25 0.36 
637.34 606.39 3734.07 0.54 
627.23 576.99 3741.91 0.25 
715.16 615.58 3712.93 0.32 
563.58 743.43 5415.06 0.28 
553.72 565.74 3969.04 0.45 
690.34 585.48 4284.58 0.48 
