557.96 627.30 4123.79 0.52 
644.09 541.84 3962.87 0.42 
543.18 663.64 4221.62 0.35 
640.32 588.13 3410.57 0.36 
567.61 687.55 3563.99 0.34 
611.04 699.65 3566.03 0.52 
581.53 597.00 4380.89 0.35 
575.59 572.12 4555.61 0.49 
679.93 603.48 4459.11 0.31 
573.13 597.06 3210.93 0.53 
655.36 561.43 4939.41 0.39 
619.05 613.64 3576.20 0.29 
580.66 565.26 4027.84 0.49 
644.27 545.54 3477.96 0.29 
626.75 624.38 3963.88 0.38 
780.53 566.50 4036.04 0.47 
596.76 545.65 4442.02 0.25 
621.77 614.93 4645.37 0.36 
607.19 560.85 3169.62 0.45 
830.02 673.63 3650.45 0.65 
559.72 559.25 4919.57 0.42 
719.64 676.78 4876.38 0.31 
813.06 552.16 3238.61 0.20 
616.92 609.46 3079.59 0.43 
615.02 580.88 4739.08 0.40 
619.63 588.65 4194.51 0.29 
671.70 894.14 3363.36 0.43 
662.25 677.33 4640.02 0.57 
694.54 586.45 2100.57 0.36 
547.79 557.56 3512.40 0.47 
615.05 559.16 4507.48 0.44 
545.39 545.85 4411.91 0.53 
630.75 691.97 4956.61 0.27 
755.07 679.92 3189.94 0.32 
569.54 734.91 4508.18 0.38 
560.38 588.31 3112.46 0.40 
550.44 716.78 5035.43 0.27 
656.28 662.55 4730.45 0.37 
547.25 575.10 4399.21 0.48 
701.64 661.29 3576.08 0.38 
696.70 593.08 3304.88 0.40 
622.63 661.52 2618.55 0.38 
654.44 555.02 3427.66 0.19 
555.31 608.38 4549.11 0.55 
548.73 575.23 4470.05 0.35 
566.25 588.98 4427.87 0.51 
589.56 728.67 3579.33 0.30 
541.72 763.27 4214.57 0.45 
545.50 573.36 4139.16 0.57 
555.63 656.69 4418.97 0.34 
592.69 652.05 3179.29 0.37 
615.96 583.55 4690.03 0.33 
714.81 633.27 4289.38 0.31 
596.17 614.11 3171.81 0.42 
592.94 653.81 4775.01 0.34 
606.65 628.96 4784.36 0.35 
717.66 653.11 4537.77 0.40 
705.18 666.18 3794.97 0.46 
581.72 645.47 3565.97 0.55 
616.42 554.22 3485.37 0.38 
547.57 637.69 3670.90 0.43 
564.44 555.91 3048.86 0.35 
667.85 770.36 4515.69 0.36 
773.79 639.17 4807.36 0.49 
662.75 693.87 4651.05 0.33 
555.36 871.94 4275.11 0.33 
894.54 634.38 4294.64 0.44 
668.17 545.00 3841.86 0.32 
549.07 737.27 3631.23 0.37 
581.79 619.02 3627.08 0.31 
679.03 625.48 4288.43 0.48 
579.68 683.28 4602.69 0.42 
737.83 550.70 3340.36 0.39 
542.10 569.05 3720.22 0.40 
586.43 541.25 4166.98 0.50 
663.97 545.12 4181.33 0.44 
547.87 594.68 5163.85 0.38 
610.71 603.49 2347.61 0.52 
555.65 578.81 3390.92 0.53 
576.87 647.69 4046.91 0.54 
637.02 639.81 3419.73 0.37 
552.94 629.99 3905.79 0.47 
559.34 683.18 4443.80 0.26 
651.62 648.60 3037.80 0.28 
624.32 567.28 3862.30 0.38 
540.16 700.15 2603.09 0.37 
563.94 588.24 4288.54 0.37 
653.40 690.98 4184.97 0.46 
678.11 559.51 5016.86 0.57 
547.44 574.45 3525.83 0.25 
663.66 561.16 3787.09 0.39 
627.85 591.75 3345.90 0.37 
695.75 641.18 4389.80 0.27 
598.39 577.44 4766.16 0.32 
847.88 550.74 4240.22 0.38 
699.65 747.30 2791.55 0.25 
550.03 678.02 3168.40 0.33 
592.79 698.75 3477.98 0.42 
687.74 636.56 4420.91 0.37 
584.18 599.22 3891.01 0.36 
640.96 551.38 3898.53 0.31 
616.26 592.73 3810.72 0.33 
567.56 626.66 3858.95 0.28 
570.17 785.94 4410.15 0.35 
545.38 576.01 3863.11 0.28 
599.40 562.67 3356.92 0.54 
570.26 657.05 3885.54 0.32 
596.12 712.24 3922.76 0.17 
629.58 701.82 4845.00 0.22 
654.24 747.34 4000.92 0.38 
721.26 845.68 3878.67 0.33 
638.30 822.61 3693.15 0.64 
560.16 543.68 3265.84 0.39 
595.95 678.47 3441.33 0.31 
573.43 638.29 4957.74 0.63 
593.08 560.54 4158.91 0.42 
622.93 550.00 4488.28 0.56 
639.08 632.19 4918.19 0.33 
554.65 559.99 4651.45 0.29 
594.04 657.36 3102.42 0.42 
566.53 588.94 5019.82 0.45 
590.66 636.04 4142.07 0.27 
633.20 614.13 4340.24 0.63 
612.84 652.81 3929.34 0.32 
573.84 583.83 4288.73 0.45 
629.39 583.82 3881.96 0.28 
819.40 651.92 2929.43 0.52 
571.00 609.69 4919.30 0.34 
551.37 645.41 4064.64 0.40 
554.62 588.94 3719.59 0.52 
596.16 550.96 4969.52 0.49 
621.68 587.93 2697.30 0.44 
569.92 653.18 4254.51 0.40 
684.00 619.81 3924.13 0.52 
722.17 570.92 2281.79 0.43 
590.84 586.96 4044.67 0.31 
541.93 643.04 4316.95 0.21 
587.64 570.89 4292.88 0.46 
540.28 556.39 4885.70 0.48 
584.02 547.31 4526.77 0.47 
647.73 549.82 3857.48 0.54 
663.59 549.84 3925.92 0.53 
607.96 555.52 3979.06 0.39 
753.97 657.20 4686.48 0.31 
599.41 587.70 4881.62 0.31 
712.54 572.14 3731.79 0.29 
588.64 689.87 3450.93 0.40 
577.35 572.61 3837.98 0.53 
736.02 603.11 4047.72 0.30 
547.17 599.09 4872.48 0.33 
621.02 601.73 3803.27 0.45 
