611.22 627.09 3085.03 0.62 
656.12 605.94 3776.85 0.43 
556.19 553.97 4399.09 0.31 
593.73 772.19 4767.98 0.22 
552.95 602.32 3432.87 0.38 
596.86 574.04 3717.69 0.40 
551.93 587.46 3790.86 0.47 
556.00 719.27 3673.55 0.18 
578.91 596.63 3556.48 0.55 
616.03 564.00 3556.24 0.29 
605.48 616.01 3932.34 0.32 
657.14 586.87 3583.46 0.25 
596.82 667.70 3612.25 0.29 
548.25 638.62 4116.90 0.39 
612.62 655.26 3171.25 0.28 
682.91 577.66 4911.09 0.34 
654.54 622.62 4398.34 0.43 
655.03 683.19 4153.97 0.41 
575.70 607.28 3740.31 0.33 
607.53 602.32 3591.30 0.42 
570.95 576.58 4822.56 0.47 
