786.78 183.09 0.47 8566.35
694.93 184.68 0.60 7188.40
490.36 76.41 0.55 3157.69
46.10 548.82 0.60 781.97
707.22 425.91 0.49 544.30
214.81 60.59 0.60 2061.27
901.74 100.62 0.46 1082.41
906.18 964.61 0.43 5153.63
482.85 783.45 0.52 10169.21
766.79 188.31 0.56 9928.92
968.05 564.95 0.60 550.32
643.25 594.14 0.53 3831.94
944.96 195.48 0.41 7283.80
58.70 697.60 0.60 519.98
646.38 873.63 0.51 4444.18
458.91 400.37 0.52 1568.87
331.81 128.36 0.59 679.52
905.03 240.26 0.60 7752.85
386.69 92.60 0.28 4869.73
600.58 939.96 0.60 5355.77
663.78 678.35 0.43 5466.88
931.66 147.42 0.44 3823.88
560.61 590.43 0.53 7437.13
555.87 618.14 0.53 920.22
857.17 343.60 0.32 3511.62
656.08 790.58 0.35 6931.54
74.98 176.16 0.56 5971.42
404.53 884.00 0.48 7399.37
696.25 994.99 0.60 3266.13
283.62 165.46 0.60 7533.58
550.20 473.29 0.55 816.18
615.17 261.13 0.45 4617.32
772.14 276.36 0.33 4218.11
606.41 699.37 0.51 2961.81
901.27 778.86 0.47 3831.10
425.09 667.91 0.38 3150.00
310.10 491.20 0.54 3033.66
640.26 79.44 0.54 9419.95
885.70 190.05 0.57 4783.19
589.35 66.21 0.48 4142.99
869.53 321.88 0.60 767.30
339.56 482.78 0.57 462.05
116.91 90.26 0.53 1818.65
942.37 263.97 0.55 3738.66
695.52 599.03 0.57 6791.95
989.46 67.83 0.52 4336.35
605.47 232.74 0.57 7553.27
137.52 824.76 0.60 1761.29
100.73 676.20 0.45 7730.83
717.28 611.14 0.58 343.64
506.73 801.76 0.60 9377.74
364.38 105.12 0.53 367.16
619.10 634.60 0.45 8455.19
475.04 922.81 0.32 4020.75
208.60 15.58 0.32 705.37
837.25 976.32 0.55 5717.73
251.33 893.48 0.55 6398.10
41.94 847.12 0.35 5540.67
923.58 785.90 0.60 8592.68
23.30 606.76 0.56 2749.59
152.23 268.89 0.37 3066.55
385.42 977.88 0.57 3276.15
500.70 847.19 0.60 6873.05
121.17 362.49 0.48 6528.48
168.85 281.47 0.40 2669.70
6.94 468.42 0.41 7106.74
741.45 532.36 0.54 3938.19
516.61 917.55 0.58 5120.57
668.12 575.13 0.50 8283.15
263.33 384.54 0.60 8350.17
681.90 151.77 0.58 9625.89
684.19 847.92 0.60 2121.98
719.12 300.28 0.60 4349.16
603.70 402.53 0.60 6402.15
510.05 947.86 0.56 6113.35
436.74 549.14 0.52 2584.06
992.10 930.09 0.41 1951.97
894.71 430.55 0.43 6752.27
479.25 604.13 0.49 1957.72
847.28 995.70 0.54 9270.53
448.68 866.40 0.52 7358.09
338.01 932.26 0.60 5378.34
289.60 826.37 0.38 5340.59
510.06 66.88 0.60 5390.09
147.50 408.17 0.40 6812.17
97.50 782.18 0.52 2073.12
270.53 279.17 0.57 3837.46
308.77 871.71 0.31 7591.68
4.85 965.23 0.41 6050.92
10.34 810.09 0.52 5459.30
75.06 506.44 0.55 770.01
134.08 111.29 0.60 5591.74
9.92 659.57 0.35 1380.73
118.52 498.66 0.46 10625.22
547.42 600.67 0.60 6581.22
804.17 860.00 0.36 4603.24
980.89 160.10 0.45 7300.57
682.12 69.21 0.35 5694.21
826.15 147.73 0.49 80.58
949.48 800.73 0.48 7810.16
679.87 655.92 0.60 4771.20
898.66 746.74 0.46 818.31
393.60 706.93 0.55 152.68
163.99 645.04 0.46 3146.18
735.94 287.17 0.41 8263.32
764.83 157.30 0.48 6479.32
782.17 851.04 0.56 4293.79
613.42 971.54 0.40 4317.21
65.24 183.96 0.32 2831.57
825.14 172.62 0.46 2678.88
38.95 269.73 0.60 5144.56
614.40 532.54 0.52 4830.64
999.40 327.85 0.49 4589.58
847.94 829.06 0.60 7598.35
126.28 984.54 0.42 6829.06
125.00 269.06 0.54 2448.57
669.29 204.11 0.41 4109.53
85.69 722.62 0.60 5195.58
725.76 118.37 0.50 9327.37
365.54 653.04 0.60 7703.97
704.99 941.01 0.46 10051.90
62.63 332.80 0.52 3921.57
715.34 619.27 0.40 616.68
190.02 677.49 0.59 4943.83
177.99 457.04 0.46 1479.44
