738.74 17.03 0.52 4570.27
703.14 983.49 0.55 4193.18
192.97 618.19 0.48 10730.23
540.49 514.33 0.44 5082.11
268.24 948.81 0.50 4805.05
8.95 899.06 0.40 2811.46
374.90 150.24 0.47 7531.85
846.43 576.98 0.56 1494.36
100.74 330.25 0.51 1890.90
200.54 616.09 0.28 395.03
342.68 2.25 0.51 6436.32
612.77 399.97 0.45 6733.03
970.69 169.64 0.28 3037.16
962.65 348.89 0.60 6298.99
357.00 586.18 0.58 416.75
575.29 357.25 0.60 925.28
305.70 138.15 0.33 910.24
644.21 563.14 0.43 2723.88
232.94 794.19 0.51 5656.25
307.13 874.38 0.53 5397.72
419.85 557.56 0.44 67.29
692.14 168.67 0.43 5738.20
174.86 583.50 0.42 3502.67
757.73 949.73 0.46 394.10
743.60 480.24 0.34 6772.19
418.01 375.70 0.57 4512.63
775.29 434.60 0.54 4923.77
300.97 945.25 0.51 5566.27
208.74 372.99 0.47 7774.93
912.28 752.06 0.54 1740.16
690.50 932.21 0.51 5866.47
386.68 74.50 0.52 10788.71
61.90 645.15 0.46 5085.30
743.24 191.97 0.60 10583.72
806.33 84.24 0.48 5665.43
331.93 868.74 0.49 94.78
210.20 372.66 0.40 1292.28
278.90 585.08 0.54 5848.25
849.54 880.13 0.51 1480.51
195.06 720.95 0.39 1860.54
329.86 216.89 0.60 5269.16
945.94 431.78 0.54 6196.18
851.82 161.25 0.60 394.14
72.74 649.89 0.54 294.81
142.91 42.49 0.45 4247.25
13.50 872.63 0.41 7695.03
452.26 12.37 0.39 3317.73
307.92 536.37 0.46 3472.25
879.08 149.64 0.60 5082.38
778.99 364.89 0.47 3412.93
3.15 55.33 0.49 309.82
439.85 936.94 0.48 4680.49
105.40 157.40 0.59 3355.64
839.53 560.82 0.49 5539.67
254.06 16.80 0.55 1561.38
940.54 753.92 0.36 847.32
644.85 504.96 0.60 2651.24
491.79 729.86 0.40 4846.71
232.61 720.97 0.59 -824.23
374.85 421.98 0.60 2724.21
973.65 47.46 0.40 4694.36
900.54 34.47 0.51 2022.05
920.79 805.76 0.54 2161.14
716.84 787.28 0.48 3175.88
936.72 773.86 0.50 -443.40
790.99 506.23 0.45 2691.97
586.20 782.39 0.56 1053.24
38.90 227.90 0.52 5349.99
472.76 403.33 0.38 9821.58
10.11 925.21 0.52 61.85
953.92 886.16 0.58 6507.13
616.01 675.70 0.47 1465.01
977.46 439.98 0.32 1646.15
21.47 785.28 0.60 4310.64
127.34 412.50 0.49 5484.88
487.32 266.35 0.47 4003.59
667.37 85.35 0.60 5843.74
114.91 412.88 0.48 4474.28
711.64 987.48 0.56 4649.23
157.31 403.09 0.60 3734.56
914.86 995.19 0.60 2571.41
499.59 301.09 0.53 10127.64
755.27 588.68 0.35 2338.80
979.92 347.33 0.55 4643.46
568.30 458.97 0.60 1759.59
491.71 429.53 0.60 2532.39
564.75 830.65 0.38 2265.52
525.87 4.66 0.55 1058.76
845.20 122.62 0.35 7782.79
43.93 105.30 0.60 7588.40
960.31 448.76 0.44 3260.13
484.85 302.36 0.60 1515.35
758.62 400.22 0.60 2562.18
658.75 139.25 0.30 7330.40
330.69 727.10 0.53 1786.66
587.45 3.44 0.59 4904.84
173.07 255.63 0.40 2570.52
738.02 337.02 0.60 6368.71
890.18 203.00 0.46 4004.63
775.23 469.51 0.56 1488.50
444.41 603.36 0.43 4433.23
14.82 162.50 0.56 4129.30
691.40 22.63 0.45 2356.72
269.23 482.57 0.46 4176.16
854.08 311.19 0.55 4109.47
746.18 943.18 0.36 4683.67
323.18 426.80 0.55 4408.39
604.44 22.66 0.32 388.33
884.30 217.31 0.38 6794.32
416.23 339.35 0.59 7661.73
942.30 522.18 0.32 3717.70
410.57 736.69 0.42 4499.02
501.25 713.32 0.37 1098.39
369.83 65.98 0.52 1794.51
134.31 4.46 0.49 3587.41
566.26 360.79 0.45 492.81
739.50 333.14 0.56 2226.47
716.65 259.85 0.54 753.42
961.79 254.57 0.56 5056.63
159.41 929.67 0.45 1681.21
290.40 821.05 0.52 1520.03
66.78 284.71 0.60 2279.60
526.76 209.46 0.59 3104.89
86.27 761.89 0.44 3648.91
254.26 981.33 0.57 -784.54
618.61 812.16 0.44 2136.08
644.66 875.96 0.60 4117.20
70.72 550.53 0.53 6515.56
949.02 105.55 0.31 7229.47
510.20 268.86 0.59 3522.96
734.13 993.87 0.60 946.10
536.97 851.75 0.53 3746.62
336.76 643.93 0.37 223.19
534.08 980.94 0.49 6084.26
345.30 814.78 0.52 4813.38
390.97 915.38 0.41 450.82
308.10 767.81 0.58 -581.16
904.69 526.71 0.50 687.55
280.66 951.73 0.51 1866.45
731.11 474.92 0.53 131.88
129.87 831.29 0.60 2017.55
250.13 560.91 0.40 6836.45
768.29 938.59 0.49 403.54
962.42 668.71 0.56 4207.41
746.32 66.65 0.53 3402.49
59.21 688.70 0.60 5535.20
622.43 799.67 0.38 3535.26
406.86 659.92 0.54 4923.98
338.20 850.47 0.43 6955.00
434.74 560.21 0.40 2237.83
634.26 647.65 0.59 6318.89
720.44 2.37 0.60 1455.89
143.03 665.53 0.43 916.86
851.77 223.84 0.48 4598.04
669.79 392.31 0.36 7838.38
419.91 189.32 0.60 8578.38
361.50 386.37 0.58 3603.04
881.49 478.67 0.54 1133.35
967.58 935.86 0.45 302.05
929.46 678.36 0.44 5883.47
96.88 869.79 0.45 2312.87
772.46 968.36 0.56 1427.84
34.70 920.10 0.38 1723.01
208.60 584.33 0.60 1007.96
705.76 608.13 0.49 1321.70
160.03 216.72 0.39 4720.90
90.91 908.83 0.31 733.96
186.11 530.01 0.60 42.25
651.20 913.96 0.40 4805.02
664.74 217.95 0.48 6363.83
115.40 997.38 0.60 1047.40
318.77 977.63 0.60 1285.97
142.13 829.67 0.38 3570.83
826.05 766.12 0.45 8223.63
840.45 801.81 0.33 679.43
