460.75 288.51 0.51 2288.92
903.52 808.86 0.49 1341.73
436.82 700.63 0.44 4104.99
134.88 366.29 0.41 1008.50
751.39 434.69 0.51 1202.48
201.22 680.12 0.19 5336.83
814.12 462.89 0.60 7544.45
246.38 177.55 0.47 3765.57
552.69 643.89 0.47 9487.45
958.18 619.03 0.59 7255.50
61.69 217.49 0.30 6127.30
293.47 957.17 0.36 2263.83
897.34 951.63 0.54 491.73
705.78 616.29 0.57 6209.24
887.02 349.33 0.44 6526.64
774.92 89.04 0.40 -10.60
800.61 386.04 0.60 2589.80
457.11 913.21 0.48 2992.46
349.52 882.32 0.48 4599.44
67.62 265.98 0.35 6527.48
631.99 988.56 0.54 9020.24
763.44 466.35 0.40 160.67
407.67 230.05 0.60 1928.17
218.49 314.89 0.43 4956.83
115.83 31.01 0.19 1250.53
827.72 518.37 0.50 6622.97
135.50 528.84 0.43 8873.05
582.71 383.98 0.60 6204.64
214.55 929.51 0.40 5350.65
767.85 284.31 0.57 3399.01
983.75 699.97 0.42 4141.50
561.42 544.95 0.47 6219.18
780.29 705.22 0.56 -774.44
115.13 354.42 0.51 6996.30
658.92 531.61 0.56 8751.64
405.00 926.90 0.34 2533.67
284.80 502.84 0.60 6961.69
117.14 586.74 0.48 811.16
550.50 439.48 0.44 4033.86
831.79 720.21 0.48 2653.47
440.33 790.82 0.43 2689.23
390.00 995.92 0.32 358.41
88.18 601.04 0.52 2771.45
401.99 392.14 0.47 2678.33
737.65 681.98 0.48 2818.49
661.05 885.48 0.38 2196.63
337.92 830.16 0.52 177.98
584.34 734.56 0.41 116.45
39.48 348.73 0.31 5723.38
149.63 110.13 0.53 1471.03
470.45 79.74 0.48 6040.09
36.69 919.50 0.47 1962.67
769.70 590.28 0.52 2539.77
367.14 192.08 0.55 813.03
666.08 1.68 0.43 6168.26
94.03 522.22 0.57 6441.43
976.10 666.82 0.40 2735.81
167.67 310.62 0.53 5737.19
641.64 469.24 0.42 6588.47
32.19 749.45 0.36 1703.82
577.97 808.44 0.60 3568.68
57.46 524.90 0.48 -261.92
264.35 567.05 0.60 7828.75
145.33 916.01 0.40 554.50
889.56 631.00 0.45 7209.94
947.56 817.72 0.60 9507.50
600.36 443.68 0.45 5918.31
266.03 395.59 0.52 3748.03
205.20 608.04 0.51 6679.93
624.85 673.81 0.55 6663.47
228.35 652.29 0.60 3849.89
927.24 163.53 0.38 6619.65
418.11 554.91 0.50 7773.97
212.33 690.71 0.60 3218.16
828.72 520.28 0.50 5391.41
178.75 747.54 0.50 7203.38
945.40 388.24 0.52 3171.70
358.66 614.07 0.45 4610.50
467.62 761.41 0.60 6641.93
3.17 165.48 0.48 2189.40
160.50 406.55 0.40 9586.72
623.35 429.91 0.60 3772.10
627.45 556.09 0.50 3154.16
727.41 78.55 0.32 2385.29
805.33 793.02 0.57 1968.14
887.16 156.48 0.44 5107.65
267.30 202.36 0.55 1200.08
672.52 74.89 0.44 2382.17
352.31 600.15 0.54 4086.70
668.85 373.33 0.60 1145.34
590.17 412.35 0.60 9471.50
615.88 673.43 0.60 1889.18
410.40 631.88 0.47 10539.19
999.72 980.25 0.55 2084.90
269.59 518.11 0.47 2044.61
435.14 563.12 0.51 4244.79
760.22 918.63 0.43 5891.10
188.97 100.51 0.60 1158.95
635.37 472.21 0.51 5254.57
964.56 659.39 0.56 6085.02
878.13 85.60 0.60 4989.97
530.74 260.56 0.40 1323.68
888.06 964.36 0.48 2764.83
995.28 873.46 0.52 2087.07
846.97 969.42 0.60 3642.43
622.17 417.66 0.40 5635.45
892.25 433.57 0.39 4132.29
193.45 334.51 0.41 1113.06
627.37 225.46 0.60 6675.80
203.42 724.50 0.40 6211.24
351.85 870.36 0.35 2668.15
127.67 17.36 0.58 6320.94
348.96 252.93 0.57 -411.04
79.54 275.30 0.49 1761.42
635.20 74.13 0.42 -653.15
643.82 237.58 0.52 5934.58
918.55 319.64 0.51 837.16
456.22 227.09 0.52 2581.68
770.01 511.43 0.50 891.67
617.65 144.62 0.39 3020.76
436.00 318.94 0.44 5069.60
258.73 176.27 0.59 4868.95
252.68 258.83 0.40 6219.33
400.76 601.23 0.35 823.09
758.58 415.64 0.45 5068.89
514.87 130.56 0.60 5983.51
916.92 754.99 0.41 -38.30
796.43 420.29 0.56 2887.79
967.48 856.78 0.60 2427.63
607.02 689.59 0.60 3750.72
952.82 122.17 0.40 4819.74
780.33 756.12 0.60 4445.84
961.32 989.49 0.58 6592.03
440.72 84.18 0.51 535.24
150.56 684.20 0.42 3653.76
652.92 316.71 0.47 2547.71
344.95 902.76 0.60 5491.05
31.20 907.02 0.48 1404.04
977.21 570.88 0.36 4077.86
606.04 308.77 0.60 3359.57
547.87 889.81 0.46 5401.60
483.41 54.24 0.29 7041.42
400.34 56.59 0.51 410.59
37.03 317.15 0.58 3601.89
393.04 934.63 0.45 921.21
213.29 852.76 0.36 1949.91
801.69 471.76 0.60 7119.58
366.28 164.12 0.47 5028.12
395.97 812.08 0.45 3563.38
380.00 517.18 0.60 5750.32
347.66 806.11 0.48 6960.70
463.25 24.83 0.43 2068.03
61.69 383.44 0.49 722.47
632.98 461.70 0.47 6065.59
267.65 513.56 0.56 7091.87
6.17 940.64 0.49 5228.87
266.53 291.29 0.32 4504.65
996.86 567.36 0.58 5015.25
127.57 928.23 0.40 3922.56
753.56 244.48 0.46 6794.12
404.97 957.76 0.45 3488.83
115.71 733.60 0.48 5630.38
919.64 478.63 0.49 1520.37
239.61 681.49 0.49 -19.46
907.65 811.55 0.43 7133.52
960.43 19.60 0.41 6127.64
872.41 819.47 0.60 638.71
292.76 977.52 0.38 2216.01
899.88 856.45 0.36 2277.03
714.74 417.06 0.58 740.61
519.68 869.27 0.42 1274.98
837.72 270.25 0.50 2149.60
43.59 266.05 0.60 7388.62
294.24 371.09 0.56 1532.88
265.83 722.63 0.50 8086.65
608.72 753.97 0.41 5234.10
793.99 673.56 0.44 4738.75
703.41 101.29 0.60 2817.55
611.11 17.80 0.57 5144.82
833.85 220.21 0.43 4345.53
282.52 355.83 0.53 5572.19
610.02 193.34 0.46 730.52
803.56 186.41 0.55 3191.59
137.38 787.60 0.60 8168.98
74.91 64.92 0.45 1920.05
222.19 434.44 0.60 1994.70
270.02 729.02 0.44 3106.74
280.71 560.90 0.52 4923.62
853.48 3.74 0.42 6423.12
298.80 903.39 0.54 1034.44
270.08 484.10 0.49 4686.87
262.59 226.15 0.60 1248.17
883.79 716.22 0.49 4590.68
904.20 322.06 0.57 1191.46
913.80 735.13 0.45 3569.38
966.72 814.86 0.53 4170.25
138.81 250.26 0.52 2150.41
329.53 320.96 0.60 1153.79
755.21 545.33 0.54 482.58
77.44 519.58 0.34 686.11
