929.20 239.15 0.54 500.29
631.89 267.53 0.33 3539.74
757.86 567.38 0.51 5263.60
418.75 643.84 0.52 5486.78
760.39 736.38 0.56 2528.79
457.06 461.24 0.58 6934.28
507.71 734.33 0.57 6818.57
194.88 236.84 0.57 3575.23
722.19 952.93 0.45 5591.07
736.92 118.93 0.47 5901.48
611.07 70.93 0.59 2943.53
12.29 912.51 0.60 1384.62
66.09 412.43 0.38 6752.39
351.72 49.60 0.22 1447.51
303.77 656.26 0.45 4405.56
374.55 587.42 0.60 5711.19
805.32 374.07 0.35 629.10
983.79 974.59 0.39 8103.88
310.42 826.32 0.46 4261.58
21.37 107.14 0.55 3642.16
96.41 466.77 0.37 6137.20
4.39 922.40 0.43 3403.09
856.16 268.48 0.53 8684.60
261.45 935.90 0.50 6582.67
557.84 905.07 0.51 2382.97
974.23 389.87 0.35 3969.34
496.21 752.40 0.60 692.89
369.23 141.73 0.60 5059.48
904.95 460.08 0.56 6230.92
512.49 793.97 0.48 3154.51
374.47 928.92 0.60 9332.38
456.75 581.54 0.56 4666.83
549.40 206.95 0.54 5466.09
584.83 847.53 0.45 4997.48
793.16 532.72 0.60 4575.65
392.66 88.32 0.42 6169.84
220.58 81.81 0.49 1747.95
890.75 358.31 0.48 2822.80
605.62 408.99 0.60 2424.14
385.38 51.65 0.41 2398.87
289.57 592.58 0.55 3429.97
216.24 112.53 0.39 3705.63
352.55 443.14 0.48 1938.87
208.43 60.98 0.42 8651.82
861.11 536.44 0.29 6413.54
91.84 299.54 0.60 8237.87
137.05 959.53 0.55 3109.42
827.94 6.99 0.37 6781.88
950.87 315.25 0.60 8372.10
542.86 737.41 0.42 318.93
358.53 934.73 0.60 5137.10
170.47 283.15 0.36 9987.07
475.96 40.59 0.42 7590.06
407.43 1.41 0.43 2782.69
975.28 453.15 0.42 6324.21
147.74 819.36 0.58 7813.31
443.42 359.03 0.60 6939.08
858.16 912.93 0.60 4402.48
267.10 279.10 0.28 5380.66
682.82 936.99 0.60 8561.54
858.61 125.32 0.58 4525.70
436.32 14.55 0.37 5197.94
860.54 344.35 0.51 8506.83
74.27 649.05 0.54 5539.95
963.29 861.40 0.60 2664.02
440.06 549.55 0.58 10301.07
290.69 464.31 0.48 3506.44
37.78 354.25 0.31 8724.51
877.92 551.14 0.54 4110.48
482.01 449.67 0.39 2009.00
240.79 572.98 0.60 4449.21
549.16 93.54 0.49 3435.85
263.41 35.12 0.60 2893.76
57.48 942.11 0.57 5254.91
332.23 979.20 0.57 2497.84
964.14 305.36 0.37 3232.76
464.02 298.58 0.60 1189.29
651.87 403.27 0.37 1353.40
808.24 907.62 0.54 6546.35
574.19 291.49 0.49 5372.12
182.24 105.96 0.57 4617.61
539.19 336.14 0.53 5142.59
230.62 343.53 0.56 4764.04
960.86 882.80 0.45 10662.06
394.66 410.03 0.41 7326.15
969.78 754.54 0.48 7620.95
434.83 160.11 0.41 6072.24
613.58 333.69 0.56 1653.28
570.34 83.18 0.58 6901.76
539.67 231.72 0.57 6972.68
922.35 614.72 0.39 1931.18
390.68 267.69 0.38 10107.07
168.89 290.27 0.25 7014.94
26.23 404.25 0.37 8152.47
392.15 850.59 0.54 8110.30
400.60 656.86 0.45 850.51
21.39 129.11 0.51 3653.11
504.90 518.94 0.34 3466.54
822.28 689.07 0.37 5339.82
259.54 478.60 0.60 6653.64
547.95 399.93 0.46 7102.34
351.54 851.91 0.60 6983.35
369.41 443.57 0.53 2336.41
85.17 567.35 0.50 2398.93
409.76 15.56 0.40 7494.95
317.23 71.19 0.38 5907.53
0.35 334.33 0.60 7621.60
198.03 760.47 0.38 7004.35
848.37 170.65 0.56 6335.74
958.37 288.25 0.60 2351.17
926.03 259.13 0.42 3029.07
529.42 927.42 0.56 3708.26
226.86 598.84 0.60 1278.54
331.44 840.65 0.35 4133.28
580.43 152.44 0.60 6362.89
293.42 393.28 0.49 2643.53
655.74 384.06 0.51 4985.93
612.31 974.32 0.52 1409.30
412.74 314.35 0.60 7000.75
128.70 351.01 0.34 5858.13
493.95 154.54 0.42 2692.36
730.19 949.29 0.43 7972.12
874.48 391.90 0.45 7687.39
647.52 497.24 0.40 3638.90
918.67 227.50 0.44 9311.11
581.23 261.81 0.56 4009.95
10.65 737.52 0.39 8863.64
291.94 772.28 0.36 2511.39
260.39 626.16 0.34 8172.71
33.70 892.50 0.60 1251.33
770.20 979.55 0.47 3163.30
855.56 771.35 0.60 122.38
215.03 285.58 0.57 2225.21
452.56 328.62 0.30 8207.57
828.37 304.82 0.46 491.09
638.89 604.25 0.42 5342.71
236.19 267.17 0.50 5922.00
867.40 750.14 0.60 4728.81
779.04 414.75 0.55 7335.83
189.97 856.78 0.60 4035.44
603.26 354.84 0.56 2663.48
111.08 650.38 0.57 4579.05
64.87 413.89 0.60 5458.77
568.80 120.26 0.53 5336.92
477.64 434.19 0.40 4005.98
730.40 440.21 0.44 8164.28
484.75 192.63 0.60 4596.05
201.07 230.27 0.37 4304.45
806.61 313.79 0.49 4947.97
926.97 261.89 0.40 5297.18
