158.16 73.62 0.22 3702.05
167.84 354.79 0.11 4957.68
120.24 557.02 0.23 7232.54
128.75 765.03 0.25 3780.37
139.78 853.60 0.12 9193.08
290.83 101.08 0.15 7976.92
340.30 283.85 0.14 10197.04
306.16 528.22 0.29 3517.69
239.92 697.32 0.48 1343.50
260.08 956.64 0.26 4314.29
573.37 117.91 0.22 9066.96
583.24 240.14 0.40 6849.88
471.59 527.79 0.20 6615.83
444.59 711.66 0.41 7175.55
538.15 999.00 0.22 4675.17
686.01 70.01 0.11 1684.95
766.71 276.58 0.22 9958.42
759.01 482.02 0.33 2655.88
732.15 660.45 0.41 7821.00
639.31 943.21 0.40 7644.22
825.55 40.42 0.11 10562.87
997.67 202.10 0.23 8450.78
845.78 494.07 0.16 9910.47
875.56 762.05 0.36 2650.73
904.54 909.06 0.12 5917.66

8894.826626179158
