424.27 548.01 0.13 9907.04
587.79 464.38 0.29 8700.07
503.51 361.17 0.29 6363.15
623.18 451.14 0.06 7282.05
530.75 566.81 0.17 6011.44
456.12 489.25 0.30 7934.69
534.84 519.26 0.17 7626.64
419.38 476.29 0.29 5938.67
503.61 465.25 0.28 9156.76
489.38 495.21 0.20 8083.56
429.01 491.22 0.03 8092.84
483.70 473.86 0.26 5842.38
476.52 533.88 0.29 7010.97
496.09 531.72 0.27 6258.77
509.46 503.17 0.26 8974.64
512.62 535.13 0.30 7637.63
456.41 586.49 0.16 9260.11
530.91 518.80 0.21 9845.01
513.06 473.77 0.18 8138.94
416.24 536.76 0.25 5832.31
476.13 516.72 0.09 7772.84
473.27 524.91 0.13 8765.48
601.51 468.03 0.40 7385.52
613.59 579.70 0.30 7344.10
411.68 491.01 0.23 10654.06
502.67 509.97 0.14 8735.91
513.93 412.62 0.24 7045.02
545.55 490.23 0.16 8566.74
539.22 420.39 0.16 7843.33
540.22 473.60 0.16 10305.81
523.54 457.24 0.15 9228.76
435.40 563.10 0.05 8114.42
452.33 460.90 0.21 10359.59
420.38 485.10 0.13 7959.56
424.84 562.62 0.20 9008.14
508.39 463.47 0.20 7348.48
519.04 479.78 0.29 5151.97
480.56 418.88 0.04 7693.63
561.23 528.10 0.13 8461.35
459.91 512.37 0.08 7660.84
498.21 511.34 0.20 6304.29
476.31 505.72 0.33 7661.88
408.58 487.17 0.40 7257.58
448.96 503.67 0.15 5458.98
515.11 453.50 0.29 6967.19
398.01 500.94 0.29 8596.39
445.85 519.92 0.31 7380.07
429.21 502.18 0.35 6016.97
585.95 466.02 0.14 8842.36
477.32 491.90 0.23 7172.69
524.49 578.45 0.24 7288.57
532.39 406.01 0.27 9857.80
440.23 471.62 0.19 8528.65
482.74 501.89 0.23 7904.93
521.30 530.66 0.30 6282.05
515.47 519.16 0.18 5863.77
538.61 644.09 0.38 7784.48
448.56 470.71 0.22 7294.72
487.21 463.26 0.38 6385.50
503.15 471.27 0.24 6731.54
493.18 490.98 0.20 9075.65
480.78 438.87 0.04 6511.66
440.71 550.41 0.17 10310.80
546.63 489.89 0.18 7561.87
486.49 420.88 0.29 9091.73
462.21 505.02 0.20 10576.37
444.53 436.69 0.27 6700.23
495.57 555.47 0.41 7351.21
494.35 485.24 0.12 8067.90
460.71 487.25 0.16 7233.08
512.82 434.72 0.16 6860.96
393.28 477.66 0.14 9525.60
439.95 486.80 0.17 6892.53
457.44 471.07 0.32 8339.52
517.82 480.24 0.17 5777.51
660.85 458.11 0.26 10334.01
502.80 582.80 0.18 9692.44
541.62 446.74 0.34 7671.69
510.85 480.20 0.28 5817.45
575.93 620.53 0.18 5773.14
477.69 507.15 0.12 6102.08
457.89 562.79 0.22 7067.47
519.66 538.03 0.33 5753.19
495.73 544.91 0.18 5784.33
576.34 541.95 0.22 8003.72
550.04 558.15 0.25 5195.92
556.90 526.36 0.37 7297.49
514.71 450.71 0.36 7999.60
562.28 525.91 0.12 9045.32
460.02 470.36 0.10 9481.39
503.39 391.17 0.05 10800.00
485.46 482.94 0.13 7139.84
514.10 541.22 0.11 6732.14
448.59 511.40 0.22 6919.82
488.23 558.17 0.16 6668.66
476.53 496.20 0.29 5410.10
511.14 429.21 0.30 7353.19
613.08 569.80 0.13 9235.41
557.15 457.48 0.18 6884.04
488.81 444.19 0.24 7988.63
