510.52 434.55 0.27 7626.20
544.08 495.92 0.09 6399.33
532.33 513.07 0.30 8235.53
477.42 493.26 0.21 6255.47
482.06 465.62 0.26 3331.73
553.44 431.27 0.05 8181.60
516.81 393.33 0.17 5263.25
515.94 535.65 0.17 7293.23
509.64 489.71 0.15 8083.27
440.96 485.20 0.26 8036.26
582.44 537.58 0.26 10281.99
507.66 531.02 0.28 6392.65
568.91 611.19 0.20 7711.23
520.60 482.90 0.09 10006.56
547.34 463.14 0.11 5737.17
530.96 504.84 0.08 6768.11
504.59 499.33 0.19 7373.97
445.95 404.16 0.18 8471.13
482.14 448.42 0.30 6420.14
529.30 537.08 0.18 6212.34
564.47 458.14 0.24 5057.78
479.44 549.76 0.11 8225.53
504.69 498.01 0.10 7058.81
497.13 603.70 0.03 7757.41
492.74 480.85 0.13 7093.64
457.25 502.17 0.19 7941.75
466.83 493.42 0.28 8545.58
490.10 466.45 0.22 5945.14
541.23 491.20 0.38 6627.45
437.19 516.60 0.17 10779.66
471.34 429.87 0.34 6211.68
561.35 571.00 0.11 8071.76
463.89 541.46 0.05 5120.39
464.36 454.97 0.21 4241.48
549.20 515.15 0.13 7038.34
508.72 535.25 0.10 10645.87
545.41 513.71 0.09 10097.59
427.59 481.98 0.12 6253.15
623.14 477.20 0.27 6909.13
471.03 472.36 0.19 7132.84
474.56 520.44 0.27 7293.19
513.52 557.67 0.26 6721.82
405.30 514.96 0.23 7769.61
477.25 447.48 0.17 7534.06
469.43 531.77 0.19 4164.42
466.70 507.49 0.09 8423.31
550.07 502.75 0.13 5873.60
469.63 440.15 0.14 7875.34
405.11 579.29 0.10 6370.60
526.97 472.03 0.08 5818.65
448.80 541.83 0.28 5112.98
369.08 475.77 0.25 8524.85
509.74 534.41 0.25 5521.97
547.75 489.40 0.30 6960.80
537.05 458.69 0.46 7118.81
446.64 502.69 0.25 6697.51
499.00 428.88 0.28 6391.45
552.33 505.01 0.29 5204.32
523.29 452.24 0.17 6032.57
543.90 555.89 0.25 5249.76
536.92 552.98 0.04 6453.96
542.49 572.57 0.24 7616.84
485.08 539.83 0.21 5156.51
521.23 482.26 0.28 7433.57
487.41 529.61 0.29 6382.56
472.08 506.22 0.16 7453.65
419.13 509.43 0.11 7283.66
525.86 473.04 0.28 8944.79
547.93 453.70 0.17 8253.48
468.15 510.60 0.22 6509.79
455.50 564.92 0.21 6074.43
487.50 444.36 0.20 9481.88
502.82 571.19 0.34 9137.34
479.52 495.62 0.32 7700.02
592.50 562.87 0.33 8345.98
439.28 628.39 0.37 7593.70
482.78 478.61 0.25 7733.95
469.51 601.41 0.06 7017.24
543.64 480.13 0.26 9671.90
501.80 495.57 0.25 6717.47
612.67 514.09 0.17 7278.34
462.92 514.36 0.08 7448.70
460.65 497.06 0.13 4002.56
464.24 533.66 0.38 8077.76
492.49 491.94 0.15 7528.64
507.47 408.24 0.20 5924.81
538.70 436.70 0.33 8289.95
541.94 472.10 0.08 7847.10
425.50 484.06 0.23 10388.45
527.16 505.96 0.09 7315.37
440.76 615.59 0.16 9372.71
516.10 462.31 0.01 5913.11
488.18 496.38 0.17 6517.65
536.63 502.03 0.28 5375.90
540.51 479.13 0.32 7753.07
514.44 429.20 0.32 6411.25
517.19 588.38 0.17 7401.47
602.91 471.24 0.23 7317.40
497.58 470.18 0.14 5626.95
504.82 514.10 0.27 6019.55
525.14 423.78 0.20 5892.90
474.74 462.58 0.03 6324.67
388.11 432.36 0.34 7174.38
519.80 424.54 0.25 4841.34
444.70 453.06 0.25 7427.18
506.17 560.25 0.15 5962.90
581.55 513.55 0.35 10083.86
486.19 479.49 0.39 7746.74
541.07 510.63 0.19 8439.08
461.39 538.54 0.33 7044.76
520.93 426.77 0.27 5791.58
429.06 519.55 0.14 5800.61
524.00 455.65 0.15 7323.90
543.68 496.96 0.14 8504.99
583.89 528.55 0.11 6572.06
462.59 483.36 0.12 5481.77
478.24 463.24 0.26 6484.76
497.01 497.65 0.28 9054.91
442.42 512.30 0.15 6629.70
473.48 522.12 0.11 7700.63
426.68 515.87 0.11 7433.46
490.14 528.41 0.25 9082.98
402.69 565.71 0.12 7391.25
501.83 437.87 0.15 6299.97
524.02 473.28 0.18 6137.57
502.21 490.14 0.11 8858.39
571.61 557.58 0.24 6221.66
467.84 444.34 0.06 6927.27
517.17 639.29 0.29 9980.71
516.47 529.65 0.13 7620.72
441.59 516.37 0.06 4965.60
526.71 464.98 0.15 8671.95
429.86 526.58 0.32 7537.50
508.71 468.47 0.08 6490.11
428.81 489.92 0.35 6675.47
489.63 547.20 0.28 7682.70
556.77 464.25 0.13 7370.93
530.24 488.62 0.24 10745.16
496.93 500.84 0.37 6123.46
443.82 498.33 0.47 6725.12
522.75 495.62 0.42 8044.99
525.51 499.97 0.31 7818.62
464.10 552.31 0.25 5991.01
495.19 472.76 0.21 8847.13
532.30 464.76 0.22 6915.91
487.73 622.98 0.11 9491.37
536.50 461.92 0.25 9707.89
519.86 537.33 0.28 5340.63
519.94 413.59 0.17 7683.05
584.72 569.43 0.12 10119.71
498.67 484.56 0.15 8106.77
471.99 586.05 0.40 8647.97
485.16 541.75 0.07 6183.00
588.01 431.92 0.06 6361.33
472.53 553.86 0.08 6776.45
527.75 481.78 0.28 6856.99
515.27 448.12 0.16 8227.50
452.54 469.75 0.08 9646.90
503.22 513.97 0.20 7071.88
478.88 494.72 0.19 7421.53
673.37 417.76 0.20 5794.93
470.91 504.05 0.40 7727.93
594.58 507.18 0.12 7837.78
602.99 456.32 0.17 9480.59
489.53 493.13 0.29 6916.80
526.37 435.64 0.24 6442.78
458.74 506.53 0.24 7665.50
540.04 487.71 0.19 7496.42
459.83 472.92 0.33 6309.45
495.42 515.16 0.13 5692.30
425.96 610.23 0.21 8102.99
495.06 537.32 0.22 6883.51
532.01 471.54 0.30 9438.67
509.21 462.81 0.23 8515.22
565.90 478.20 0.18 7713.86
