513.93 490.38 0.15 10745.66
562.82 530.96 0.25 6603.90
519.11 496.60 0.25 6629.64
583.24 546.85 0.28 8069.54
535.48 607.67 0.25 9483.99
511.22 544.19 0.15 8978.79
572.56 451.89 0.30 7474.78
473.19 394.85 0.27 6323.32
444.75 507.04 0.15 8084.04
498.47 472.64 0.36 6574.78
392.27 509.54 0.07 7929.49
473.62 491.10 0.17 9666.05
482.51 520.43 0.22 6432.78
522.31 463.36 0.36 7219.94
394.11 473.97 0.21 8523.85
519.29 424.11 0.05 9794.58
432.04 515.09 0.39 4970.16
581.68 479.30 0.45 5880.47
431.17 429.82 0.56 4907.44
550.04 463.70 0.19 10637.15
484.65 543.89 0.24 4911.38
417.06 464.60 0.23 7991.69
533.91 470.97 0.21 6051.79
479.00 468.61 0.34 7145.32
475.56 427.75 0.23 7878.41
519.59 528.06 0.25 5379.43
584.29 458.63 0.37 10556.21
535.78 547.95 0.06 6752.10
501.06 588.61 0.16 6135.02
522.95 429.08 0.10 8447.13
502.51 485.76 0.10 6997.95
581.59 521.65 0.25 10611.88
537.45 409.98 0.49 5040.01
491.20 512.14 0.15 8921.60
468.60 520.02 0.27 7905.19
441.92 426.89 0.30 6655.06
459.41 491.80 0.09 7907.78
569.26 494.90 0.41 10052.58
544.63 493.79 0.10 8120.17
443.40 516.00 0.19 9425.80
553.76 518.04 0.41 6822.89
588.40 412.31 0.21 7022.47
484.29 496.79 0.07 7641.80
519.80 551.26 0.21 7558.74
458.66 562.09 0.09 8418.12
491.81 580.79 0.05 6131.55
438.36 515.96 0.26 5887.57
506.37 544.38 0.40 6701.57
422.56 434.88 0.18 7673.90
413.35 474.56 0.04 6716.14
506.90 456.01 0.24 10619.80
397.77 531.31 0.14 6658.70
563.63 472.66 0.29 5334.49
528.04 480.95 0.16 5839.40
469.95 535.78 0.32 6145.66
505.76 493.81 0.35 4275.97
576.92 535.97 0.14 8317.23
469.51 489.55 0.17 5611.35
420.73 519.00 0.26 8604.80
527.65 534.68 0.16 8253.68
350.79 471.04 0.21 8279.19
524.00 388.43 0.28 5493.68
453.72 502.91 0.34 8997.12
466.27 473.50 0.18 7401.78
465.42 579.04 0.22 5797.55
463.73 544.27 0.25 8027.53
538.78 567.52 0.25 6572.77
536.68 601.21 0.23 6638.06
488.43 501.84 0.31 7537.36
602.78 524.09 0.05 10747.79
486.28 571.28 0.25 6953.72
547.07 507.74 0.13 7782.83
516.15 503.81 0.27 6531.98
443.09 484.11 0.27 6699.50
548.21 529.40 0.02 7165.80
461.04 543.42 0.30 9797.82
576.81 503.41 0.23 7805.39
489.15 565.75 0.24 7587.09
533.18 528.17 0.07 5733.09
542.99 516.59 0.25 6818.83
424.08 509.69 0.20 7204.27
630.21 480.04 0.27 6856.73
498.79 555.74 0.36 8210.55
437.40 512.03 0.31 6307.63
437.48 526.01 0.17 6287.67
543.33 530.71 0.22 8198.74
475.00 490.73 0.28 7554.38
507.04 485.73 0.08 7160.88
460.16 546.56 0.11 7434.22
398.24 508.35 0.23 5552.46
541.58 473.74 0.26 7340.76
456.70 556.15 0.26 8112.68
511.25 494.09 0.19 5492.40
569.35 495.65 0.12 7679.93
498.10 618.73 0.08 8175.08
452.07 528.15 0.02 5239.32
454.67 531.55 0.20 7636.38
491.03 543.36 0.20 5707.61
475.98 435.04 0.21 6389.65
534.71 508.25 0.10 6555.01
477.02 476.80 0.10 8118.68
532.27 536.70 0.18 6461.65
465.05 572.26 0.14 3270.29
588.00 460.25 0.14 8987.91
558.47 455.24 0.18 7415.16
518.83 596.94 0.28 6064.10
562.69 419.04 0.35 6414.03
569.31 499.09 0.10 10640.29
451.39 552.22 0.11 6853.92
520.37 456.78 0.03 6930.27
499.41 448.89 0.32 5709.77
483.24 515.12 0.42 6806.53
507.83 568.14 0.22 5770.20
527.39 555.56 0.13 9328.42
420.47 441.46 0.16 6410.56
463.69 529.93 0.23 8248.12
506.29 453.18 0.19 7584.77
458.39 512.19 0.22 7339.05
492.37 529.03 0.19 9495.61
606.43 551.32 0.17 8023.49
538.02 493.02 0.14 10694.23
523.85 585.11 0.15 6932.39
450.06 600.49 0.24 5991.47
399.90 537.63 0.30 7886.11
425.09 527.82 0.13 6970.20
