377.61 404.88 0.52 6572.34
621.21 643.92 0.11 7078.57
585.76 363.19 0.39 6980.20
787.04 529.54 0.10 8028.69
61.13 55.58 0.08 8869.02
463.24 283.90 0.44 5803.79
314.17 455.84 0.57 6356.20
53.79 215.93 0.55 8991.05
828.20 335.44 0.53 5749.79
759.19 409.49 0.58 4358.76
56.44 962.18 0.23 8833.27
899.96 66.14 0.23 7488.27
690.38 537.82 0.22 7871.03
898.99 583.75 0.34 7636.31
528.39 412.92 0.07 8309.11
120.53 142.19 0.37 4587.26
834.85 123.74 0.48 6517.06
979.87 333.84 0.55 5071.57
986.32 726.04 0.07 6474.05
666.92 237.68 0.21 5394.60
443.65 373.93 0.08 7347.17
462.75 989.44 0.07 8701.59
860.60 484.77 0.40 10277.60
712.91 879.98 0.52 5504.24
452.93 234.80 0.56 7453.26
904.37 115.83 0.02 6573.88
969.53 904.18 0.14 7251.93
563.62 106.80 0.30 3925.17
326.26 173.70 0.45 6255.60
917.56 844.63 0.20 9967.53
693.87 435.34 0.40 4886.55
580.04 9.77 0.41 6448.25
12.62 953.38 0.51 3857.09
943.36 362.82 0.36 7212.26
330.29 498.34 0.36 5357.90
61.28 526.38 0.13 7631.18
26.29 778.61 0.60 8150.96
57.90 779.13 0.03 7814.33
323.62 580.24 0.53 8215.12
443.03 730.70 0.28 5350.78
316.10 240.36 0.06 7662.54
236.10 526.13 0.27 6517.96
137.34 451.73 0.30 5664.32
534.29 55.64 0.45 9670.28
443.41 32.25 0.19 6251.12
951.20 633.60 0.57 5876.86
629.33 995.96 0.60 9988.44
600.36 843.78 0.15 7272.47
798.35 255.83 0.36 5630.20
466.38 131.61 0.39 4278.23
197.25 99.80 0.51 5087.24
996.58 871.47 0.23 4599.81
19.17 135.47 0.26 5651.72
559.10 834.70 0.54 6898.61
268.87 474.57 0.31 8411.72
292.16 829.53 0.23 4552.86
462.55 289.90 0.14 9837.96
38.46 886.30 0.29 4479.34
54.06 264.72 0.35 5033.27
414.94 840.16 0.12 5697.48
969.01 979.43 0.03 8751.83
80.20 983.75 0.19 3525.29
639.38 536.75 0.33 9678.51
685.46 25.04 0.35 7978.23
656.33 203.95 0.44 5841.51
618.82 20.52 0.37 8469.51
650.30 393.36 0.51 8668.59
672.13 553.69 0.58 6426.16
491.14 411.89 0.16 5818.74
50.84 665.14 0.20 5624.99
338.25 833.81 0.15 6188.36
254.75 472.70 0.18 7610.87
271.87 664.80 0.13 6190.74
94.70 330.41 0.40 6991.16
602.72 975.82 0.09 6129.80
89.36 831.68 0.54 5041.39
541.04 546.03 0.09 8543.19
928.16 48.96 0.29 6438.01
486.27 820.17 0.17 6259.49
923.69 980.91 0.53 6717.31
533.64 695.72 0.15 5685.53
467.36 452.14 0.27 8413.03
85.85 514.08 0.44 5225.98
620.41 461.09 0.03 8891.01
35.74 578.40 0.23 4691.50
385.95 169.91 0.22 6270.10
604.45 955.38 0.46 6737.37
52.95 443.40 0.54 7384.17
807.88 254.03 0.24 5611.84
232.62 641.84 0.11 6966.43
945.33 196.44 0.14 5543.15
497.83 392.13 0.15 6785.54
39.15 690.69 0.22 9010.32
409.84 50.27 0.24 5396.58
974.64 328.91 0.17 5093.36
833.23 644.95 0.31 5009.13
723.80 305.48 0.55 6277.89
656.36 62.37 0.34 4568.93
644.73 231.03 0.51 5192.24
495.79 863.81 0.14 8660.81
256.49 486.42 0.19 8652.29
48.35 693.54 0.53 4861.28
68.67 194.72 0.14 4426.26
55.22 878.50 0.22 5815.87
792.25 896.57 0.58 6230.44
33.03 722.12 0.47 8044.24
174.52 348.63 0.43 4690.71
146.03 890.65 0.25 5092.86
79.52 496.24 0.06 6531.82
295.57 144.10 0.47 5448.33
609.20 156.27 0.49 9331.69
327.15 780.10 0.53 5887.16
523.61 339.39 0.26 8059.64
191.89 102.02 0.12 6722.37
585.15 978.32 0.24 5964.39
713.09 87.35 0.02 6944.81
974.42 468.51 0.16 6691.07
583.10 12.83 0.22 5723.88
819.46 79.53 0.19 3579.06
848.30 782.10 0.08 6589.21
279.13 583.95 0.24 10110.46
341.91 797.54 0.22 5117.80
655.19 302.54 0.49 4666.28
823.56 566.95 0.27 7114.38
15.06 501.17 0.37 3902.25
86.25 232.28 0.32 7140.51
792.95 775.06 0.02 6239.44
634.79 457.63 0.26 9400.13
417.62 40.04 0.20 4735.79
395.24 38.99 0.07 8517.11
810.16 178.40 0.29 4185.80
464.11 740.30 0.48 7117.05
229.65 232.98 0.52 6024.15
117.67 452.14 0.07 6157.72
769.42 719.26 0.42 5565.37
122.71 646.64 0.38 5810.57
516.23 806.65 0.40 6158.23
274.01 652.84 0.30 6802.65
607.51 279.70 0.60 6661.58
995.25 476.37 0.54 10524.24
544.54 890.62 0.14 7307.26
363.30 151.95 0.39 6307.49
691.89 727.72 0.60 4457.05
387.38 440.98 0.23 5969.33
544.24 422.66 0.19 7400.96
145.22 744.91 0.39 5607.37
411.26 726.86 0.06 7366.26
117.38 590.15 0.44 5174.25
288.05 702.12 0.56 4750.30
949.76 679.16 0.57 9033.44
