448.46 224.19 0.46 10430.64
645.90 813.30 0.11 6474.12
348.21 501.42 0.42 5740.68
794.07 942.52 0.30 4648.40
744.23 161.59 0.20 3837.61
357.65 614.90 0.27 9369.66
637.89 489.50 0.16 6788.59
995.86 221.34 0.14 4816.37
974.43 835.60 0.07 7908.33
444.20 955.67 0.23 6671.22
871.77 759.36 0.22 4639.56
976.97 366.34 0.39 2936.02
475.04 489.20 0.49 3750.81
525.03 721.68 0.59 7330.22
968.01 146.83 0.58 4844.35
970.14 383.19 0.08 6362.63
8.50 576.82 0.24 6923.36
653.02 282.75 0.08 8292.60
925.78 351.21 0.40 6450.62
157.08 790.73 0.10 8071.32
696.23 847.11 0.49 8400.94
502.99 73.29 0.53 5938.32
255.17 991.80 0.36 8273.87
331.43 875.81 0.17 7295.69
586.12 483.02 0.39 7271.82
666.10 90.24 0.17 4816.45
35.16 991.74 0.30 4000.69
628.16 885.54 0.03 7258.51
959.66 193.17 0.55 4001.46
813.44 877.97 0.49 6188.07
170.65 157.94 0.24 3760.32
764.96 191.99 0.55 7966.91
491.23 599.08 0.28 4442.34
626.36 633.20 0.38 3008.15
510.64 300.34 0.08 8143.83
878.59 472.36 0.52 5340.56
239.27 819.75 0.21 5550.58
563.70 383.05 0.24 3937.33
526.21 506.13 0.09 6148.62
738.09 472.17 0.19 5422.71
55.74 623.16 0.25 4898.89
196.69 501.81 0.48 5673.32
488.81 984.69 0.49 6640.83
197.31 89.00 0.44 6120.27
682.13 131.53 0.24 6500.64
250.38 698.52 0.19 3858.46
466.22 860.03 0.47 6055.61
370.80 582.56 0.33 7580.75
215.99 363.75 0.29 8385.41
332.53 924.21 0.45 3994.03
472.21 607.93 0.15 4806.72
468.48 596.99 0.09 6481.75
824.12 537.51 0.01 6163.08
282.17 374.23 0.60 5006.73
792.80 365.65 0.36 4103.37
584.63 794.66 0.55 4521.10
334.39 904.28 0.42 8261.55
158.01 709.42 0.51 10426.11
864.10 853.40 0.59 6599.03
750.38 891.63 0.04 8526.62
779.03 816.86 0.20 4570.89
824.04 864.42 0.28 7953.20
546.90 521.90 0.50 5180.14
975.35 993.02 0.35 3873.62
857.40 296.55 0.56 5313.88
201.95 828.38 0.12 9871.53
652.69 176.31 0.32 6299.22
726.26 866.38 0.27 5550.99
540.99 687.06 0.05 5031.44
462.62 17.51 0.08 3728.70
101.18 64.59 0.33 5504.83
633.33 224.50 0.13 4024.31
317.23 27.25 0.03 4809.04
117.69 966.39 0.40 4987.64
266.83 456.17 0.09 6930.67
976.70 827.59 0.28 3930.48
285.40 471.82 0.07 6618.55
909.22 116.71 0.27 5338.22
865.18 777.19 0.55 5054.77
899.46 870.70 0.20 5584.27
527.89 828.71 0.58 6135.19
671.42 627.14 0.16 4984.20
969.91 579.34 0.52 4781.60
21.16 14.46 0.25 10542.80
152.66 395.93 0.24 4425.33
709.77 33.86 0.27 4173.34
655.31 76.75 0.11 5281.95
884.01 77.41 0.09 6546.59
193.03 696.46 0.02 7264.66
922.53 166.88 0.36 4742.32
809.23 718.19 0.05 7168.06
121.48 832.59 0.46 5070.89
367.60 369.77 0.04 7636.48
739.77 192.91 0.02 5859.31
784.48 573.88 0.42 6704.22
494.62 483.47 0.43 3996.06
648.08 544.95 0.42 5811.63
309.92 17.43 0.11 5554.54
266.52 920.76 0.60 5582.20
618.83 83.31 0.16 10559.59
618.63 924.37 0.29 3800.50
440.41 44.90 0.47 8113.63
135.90 324.81 0.42 7191.16
912.44 188.36 0.09 7519.09
634.35 73.37 0.31 9454.35
325.67 79.87 0.55 6056.31
302.90 155.75 0.10 7805.51
162.50 909.03 0.24 4709.65
526.53 408.15 0.31 6991.22
380.48 44.54 0.55 8445.02
871.67 367.75 0.22 6601.31
779.77 421.18 0.14 6162.66
511.32 490.43 0.34 8638.88
60.70 226.85 0.10 4267.53
796.28 817.19 0.45 6483.40
667.70 189.93 0.33 5846.46
723.83 191.69 0.60 6647.48
188.05 976.35 0.45 4535.82
402.87 171.96 0.27 3958.43
521.78 302.35 0.48 5701.99
21.04 420.73 0.38 5084.48
297.96 725.93 0.54 6026.44
904.48 784.25 0.01 6503.57
894.38 620.80 0.58 6422.81
791.36 864.61 0.35 5434.34
799.52 731.03 0.03 7736.62
643.13 319.41 0.50 8854.65
297.79 415.22 0.26 5723.81
430.13 425.72 0.43 6388.07
853.45 621.65 0.49 4086.75
892.54 273.73 0.23 5087.54
439.03 816.93 0.40 6652.64
171.87 919.80 0.42 9389.37
230.47 138.78 0.55 3455.03
273.46 846.53 0.57 4068.12
973.78 181.29 0.31 5660.29
893.13 8.15 0.07 7281.86
293.75 975.30 0.47 5868.32
848.04 194.11 0.55 3291.89
676.43 757.59 0.52 5389.46
281.50 330.65 0.22 4355.94
927.29 752.45 0.55 5262.67
542.81 304.86 0.14 7481.81
84.99 324.87 0.18 5669.41
622.32 301.15 0.24 4148.28
281.63 923.33 0.15 6386.34
795.62 795.18 0.47 6310.90
202.83 306.06 0.19 6432.84
834.07 286.83 0.03 8344.18
192.75 447.24 0.18 8678.27
645.75 589.44 0.20 4832.18
432.23 363.77 0.58 7939.34
221.71 711.42 0.15 7914.71
277.04 759.49 0.16 5586.10
21.04 302.64 0.44 5670.91
833.67 814.88 0.53 4468.87
465.96 501.13 0.41 5280.21
676.30 756.10 0.45 9589.08
386.95 684.12 0.00 7010.56
248.60 902.03 0.07 6767.61
730.60 604.97 0.19 6080.92
184.85 302.06 0.28 4506.73
555.65 696.57 0.44 9386.53
223.61 723.47 0.13 9337.15
42.40 794.47 0.55 8386.50
316.53 407.82 0.19 5493.38
203.12 509.36 0.19 3944.89
851.19 900.19 0.12 6700.19
210.71 986.89 0.23 4431.59
587.46 498.84 0.28 4873.47
578.60 419.57 0.18 6257.75
939.14 771.94 0.34 3011.89
672.26 681.06 0.39 4407.03
641.19 780.84 0.57 5779.05
504.03 123.65 0.13 7215.79
