588.96 979.02 0.51 3930.22
837.67 1.78 0.39 4760.64
8.27 732.20 0.24 6692.93
352.88 704.08 0.55 9415.10
815.59 993.00 0.34 3942.19
724.44 670.18 0.57 3282.05
16.07 262.72 0.60 5266.78
390.59 608.47 0.44 5874.24
584.34 913.41 0.15 4862.88
995.69 256.82 0.48 3493.74
731.23 762.31 0.59 9815.72
499.57 438.89 0.33 4061.89
99.98 162.89 0.10 5416.05
744.38 486.96 0.22 4233.05
62.83 486.92 0.47 9903.98
640.11 446.31 0.52 5621.07
489.97 808.87 0.18 5039.66
758.19 584.26 0.40 4161.32
256.21 807.74 0.28 3156.11
944.82 644.21 0.44 7415.98
384.09 381.70 0.56 3637.22
749.92 899.28 0.42 10077.70
198.58 25.45 0.51 5554.81
941.32 688.90 0.50 10556.16
418.35 222.58 0.48 7941.16
830.44 389.79 0.21 4549.19
946.76 540.73 0.15 5029.99
691.34 152.53 0.47 5027.75
269.10 748.05 0.54 2681.23
872.12 142.85 0.46 3685.04
399.87 893.34 0.05 8880.34
204.16 757.68 0.37 3358.18
205.14 495.82 0.09 6954.24
379.74 981.04 0.14 5149.12
294.33 727.99 0.31 4826.33
166.42 665.75 0.56 4487.32
728.47 363.31 0.39 5460.34
861.30 18.53 0.13 3600.67
55.58 969.49 0.53 3223.76
98.68 278.15 0.48 8069.01
395.94 124.99 0.29 4389.62
925.85 887.98 0.60 3486.98
3.11 528.34 0.13 3960.03
922.35 373.67 0.56 5935.91
339.75 934.12 0.31 3700.87
158.44 24.18 0.05 5878.32
220.85 631.34 0.51 6375.55
425.87 433.18 0.44 5340.64
109.65 495.52 0.51 4537.15
914.07 6.07 0.31 4144.13
361.88 888.14 0.31 5967.94
31.43 41.63 0.32 3310.89
183.24 476.98 0.58 6182.97
453.52 51.99 0.26 3100.21
410.63 399.47 0.54 2794.92
28.14 37.09 0.29 3861.73
535.55 39.83 0.53 10210.80
354.16 466.13 0.04 7367.39
296.04 218.13 0.10 3687.17
54.00 177.29 0.50 4144.20
375.88 621.21 0.09 5621.26
895.01 241.91 0.14 4521.06
852.25 593.51 0.54 9676.54
686.79 515.85 0.58 7652.97
727.06 187.72 0.04 5480.99
961.70 362.61 0.33 4357.03
704.88 382.76 0.04 5919.58
417.00 670.16 0.22 6412.34
731.81 211.37 0.49 4054.87
291.02 247.38 0.57 8426.20
522.46 550.39 0.47 8257.73
760.97 496.79 0.30 4364.15
720.80 494.21 0.28 4531.13
872.59 939.31 0.60 5604.48
3.97 90.41 0.06 9426.29
588.59 412.12 0.53 5409.94
918.26 597.00 0.06 6645.12
434.25 363.17 0.05 7980.77
267.35 485.17 0.52 5617.55
339.81 665.09 0.22 4465.51
256.97 927.39 0.53 4337.77
138.21 651.20 0.30 3160.14
103.50 46.45 0.09 3189.73
772.33 494.90 0.49 4569.39
95.75 56.11 0.31 7575.15
571.74 500.11 0.00 4525.52
730.66 912.66 0.40 2807.08
537.93 704.02 0.07 6317.82
536.56 577.11 0.02 6953.04
403.56 899.90 0.05 5047.99
212.76 248.57 0.25 5710.44
295.72 766.29 0.56 6275.07
310.08 8.77 0.07 6203.17
527.84 509.93 0.53 9379.74
996.41 997.71 0.51 4129.54
652.18 875.08 0.14 6536.09
731.45 609.76 0.22 4051.39
451.90 546.90 0.05 8147.80
358.91 963.51 0.55 9020.13
303.51 354.28 0.19 5306.16
525.28 57.00 0.38 2275.83
975.43 840.12 0.45 3023.46
882.22 627.05 0.18 4943.03
752.48 901.21 0.14 3090.23
131.03 842.42 0.21 6184.71
319.85 775.08 0.57 2194.11
556.34 490.29 0.21 1738.67
86.44 581.18 0.10 5447.83
506.79 900.10 0.49 3871.33
193.84 998.43 0.29 7099.88
977.84 840.57 0.47 4275.67
812.06 232.37 0.25 4645.08
122.22 510.84 0.35 4938.85
197.22 732.14 0.37 4060.90
285.94 602.26 0.11 3745.54
665.61 68.66 0.31 2326.72
259.81 733.89 0.10 3388.98
192.08 467.85 0.35 2420.56
650.05 22.27 0.15 3956.24
447.74 437.49 0.46 3967.16
365.49 269.98 0.54 3412.76
886.37 304.00 0.53 3818.38
419.52 148.59 0.07 4194.58
456.20 434.91 0.46 4701.95
540.74 540.60 0.55 4691.34
925.57 230.52 0.23 6473.70
600.68 449.63 0.05 6249.52
456.78 68.99 0.14 4927.31
244.03 16.94 0.53 4121.13
124.75 467.47 0.34 2359.57
387.95 344.03 0.15 3555.58
218.15 264.07 0.56 6089.16
717.18 263.99 0.31 4110.40
755.56 737.36 0.34 4801.26
345.71 393.33 0.53 5676.48
855.59 291.06 0.48 4372.59
151.77 979.25 0.32 1497.28
65.36 652.43 0.19 3577.53
87.45 484.14 0.26 3929.69
833.07 223.35 0.30 4266.76
189.12 735.06 0.46 5644.38
29.24 552.44 0.05 6082.81
208.41 316.92 0.50 3728.73
303.55 37.24 0.21 3629.19
452.70 15.25 0.54 5473.32
314.96 141.98 0.09 5836.85
1.05 280.53 0.33 9672.60
545.74 192.21 0.10 6138.39
20.61 541.29 0.27 3160.81
249.64 129.87 0.34 4749.28
632.07 257.03 0.08 3782.24
870.57 697.22 0.42 3095.45
616.09 444.89 0.02 7721.82
938.95 118.92 0.58 5247.54
393.49 770.91 0.50 5940.72
59.61 675.91 0.15 4644.31
499.45 439.15 0.05 6372.07
329.80 278.43 0.07 5199.41
986.51 407.36 0.45 779.36
615.95 793.85 0.19 4083.24
0.43 351.79 0.59 8456.41
880.86 814.47 0.11 5268.26
958.15 131.33 0.40 7120.37
809.68 22.29 0.51 1911.22
138.91 215.62 0.18 3514.00
227.32 460.66 0.22 3539.56
177.84 735.88 0.06 8117.31
379.61 590.25 0.35 5961.77
869.16 162.84 0.47 6488.08
819.99 677.88 0.12 3453.79
46.49 835.80 0.25 4456.50
881.04 367.83 0.57 3546.75
960.01 458.56 0.40 3120.64
577.66 745.80 0.22 5353.45
127.36 936.43 0.06 5303.53
840.97 142.30 0.33 3810.21
704.45 657.47 0.14 6192.18
428.91 171.71 0.49 3515.98
811.61 716.55 0.06 5360.11
813.40 884.81 0.47 3608.65
908.94 893.38 0.46 4190.21
205.41 985.70 0.11 4611.04
600.51 672.49 0.38 3695.80
552.95 80.36 0.47 3803.20
756.22 36.12 0.30 7838.13
160.38 679.48 0.35 6286.27
696.62 648.07 0.28 4364.01
403.23 31.04 0.17 5841.08
319.08 80.21 0.10 6094.49
62.58 481.03 0.21 4542.01
5.26 333.18 0.01 6397.39
357.58 143.99 0.40 7042.83
53.00 431.01 0.21 3182.82
415.27 765.23 0.12 9002.17
584.55 93.73 0.29 4510.00
227.68 75.92 0.05 8141.42
511.06 798.54 0.29 3944.35
591.07 5.04 0.50 4059.69
200.50 455.81 0.28 5179.24
600.84 338.05 0.56 4091.79
