487.81 605.62 0.39 2517.62
476.16 453.35 0.49 8567.73
479.97 447.60 0.45 9609.11
448.65 464.50 0.47 4090.86
548.68 565.29 0.44 8325.63
464.34 477.97 0.45 7806.24
475.33 394.97 0.54 3805.68
428.97 489.49 0.60 2876.74
546.63 464.62 0.51 8215.80
525.49 482.36 0.45 8121.63
550.73 538.41 0.46 5421.29
485.26 508.28 0.50 2974.81
453.18 428.42 0.41 10155.88
513.97 380.62 0.43 3529.29
541.78 628.26 0.59 5769.11
527.36 558.07 0.45 10086.51
480.87 451.47 0.54 6648.42
504.14 522.67 0.50 1000.74
526.41 466.05 0.60 1541.13
542.77 595.62 0.56 7464.38
450.16 480.53 0.60 4122.61
474.53 541.35 0.45 7361.61
519.41 423.54 0.60 4702.65
433.33 499.28 0.29 5372.07
411.61 580.17 0.60 7274.92
506.24 582.64 0.59 767.91
476.92 487.81 0.47 10695.12
494.52 536.40 0.34 3846.47
487.53 452.20 0.35 7394.68
509.02 519.81 0.48 6464.57
379.76 534.87 0.29 9556.22
475.71 533.09 0.53 1859.98
517.60 548.43 0.60 9221.71
482.77 437.52 0.39 1475.26
524.54 483.82 0.60 9798.48
390.22 509.59 0.45 3360.03
573.16 561.85 0.43 1769.42
483.55 529.93 0.60 5415.18
516.17 494.59 0.55 6764.04
460.84 539.88 0.35 1454.22
416.13 526.50 0.56 5808.50
387.19 475.19 0.51 4455.95
535.87 495.20 0.60 8666.56
525.77 504.84 0.49 6052.87
437.13 587.34 0.44 3877.12
595.95 423.84 0.38 3646.10
577.26 450.64 0.48 902.64
517.17 500.02 0.43 2710.77
468.99 391.03 0.42 5250.27
570.50 513.76 0.60 9407.52
546.10 491.77 0.60 5553.59
492.43 479.14 0.46 6617.21
526.31 475.38 0.32 2730.51
448.75 455.79 0.53 8594.08
553.89 553.41 0.54 1352.50
517.88 521.85 0.60 5550.75
380.66 583.55 0.52 8534.09
434.02 549.51 0.36 2232.18
407.17 448.75 0.55 8327.60
427.04 525.24 0.60 7633.91
578.64 443.02 0.60 9227.56
483.31 511.59 0.39 9809.67
555.79 383.14 0.48 8804.95
486.20 544.44 0.47 7534.03
531.93 494.63 0.39 6257.41
592.18 507.26 0.47 5852.86
491.33 530.53 0.40 4136.58
486.28 504.15 0.52 2134.11
580.20 558.45 0.50 5661.04
560.63 572.87 0.46 568.72
493.88 469.97 0.45 9231.81
504.81 488.02 0.49 9095.98
519.09 550.52 0.33 2352.17
586.29 493.23 0.41 3211.32
543.16 469.06 0.41 5831.16
486.76 581.82 0.49 445.79
516.08 553.56 0.58 8055.90
558.06 432.70 0.46 7803.07
504.51 527.77 0.45 4248.50
516.55 524.50 0.55 3790.17
465.11 505.55 0.54 9459.47
504.53 559.53 0.54 3764.57
489.20 431.86 0.60 7950.17
508.51 507.30 0.58 5461.70
490.77 484.83 0.48 7854.11
524.99 522.50 0.51 1490.34
538.56 486.46 0.49 1599.94
530.71 489.41 0.38 4746.51
491.10 464.12 0.39 7443.27
518.94 394.75 0.56 7897.24
527.94 543.65 0.52 1251.34
498.78 525.33 0.46 1397.40
561.46 435.12 0.42 5007.29
495.04 612.44 0.60 9146.64
458.04 335.11 0.60 8634.96
540.11 549.61 0.56 9248.83
515.72 493.25 0.52 8605.64
485.51 549.72 0.45 2160.65
427.09 518.93 0.40 8126.15
433.34 536.90 0.60 7183.47
497.82 485.17 0.38 7478.33
490.12 529.89 0.57 1998.07
542.30 438.95 0.40 10089.03
494.34 531.17 0.47 7462.40
634.56 480.81 0.57 8583.77
500.03 463.76 0.49 6990.86
545.20 391.70 0.60 9895.18
514.75 513.70 0.56 9654.54
519.03 536.83 0.54 8378.10
461.54 458.98 0.44 1235.76
528.19 465.06 0.25 10240.77
557.97 461.31 0.60 2778.51
473.93 494.71 0.53 5341.42
466.78 497.44 0.60 653.64
479.57 582.91 0.54 8966.96
418.71 548.28 0.52 7741.16
508.63 489.90 0.38 7283.40
504.84 470.29 0.40 2170.31
484.30 485.89 0.37 9006.22
529.03 613.40 0.52 3738.12
596.31 431.76 0.49 8729.39
569.91 575.65 0.59 2370.37
540.43 507.49 0.52 1959.15
473.55 475.18 0.60 2963.95
509.35 491.85 0.60 8027.55
482.68 518.02 0.44 6445.23
537.85 518.21 0.39 9522.83
491.83 497.53 0.58 6300.61
443.54 463.04 0.60 10358.06
532.15 486.96 0.56 9684.75
610.97 514.99 0.47 3283.85
465.62 444.42 0.57 5535.04
499.33 512.02 0.51 8392.47
493.47 476.12 0.60 9992.30
482.05 494.20 0.39 1368.09
537.82 457.59 0.57 6143.69
537.37 485.71 0.44 5834.18
484.62 517.22 0.45 7464.32
511.45 482.03 0.59 1889.38
425.46 468.51 0.54 2551.88
430.71 495.20 0.42 3542.87
478.07 453.02 0.59 7791.52
475.47 493.50 0.42 8991.66
441.37 495.50 0.49 4470.16
501.66 564.93 0.42 5897.81
373.61 506.63 0.52 6385.58
358.81 601.61 0.49 9071.65
549.14 415.75 0.52 5855.51
454.53 500.58 0.40 6824.52
500.89 506.80 0.42 4383.89
