569.81 76.47 0.44 5481.18
766.44 3.96 0.41 3570.45
207.81 162.22 0.60 4486.95
537.53 411.00 0.57 5526.31
161.18 704.60 0.60 4920.74
915.92 879.94 0.60 3276.43
749.39 381.59 0.53 5661.44
81.24 641.56 0.42 3970.13
453.02 82.91 0.40 4677.74
189.85 423.69 0.60 7320.03
815.51 157.94 0.60 8270.34
154.72 816.44 0.59 4063.25
211.99 748.15 0.52 6245.14
511.60 167.28 0.46 4628.52
609.08 553.89 0.60 6412.85
718.77 745.41 0.43 3422.33
706.64 967.77 0.45 3963.36
859.01 491.83 0.32 4379.29
278.10 470.03 0.60 8653.78
721.99 268.61 0.35 2953.70
285.53 993.02 0.56 4416.50
614.17 97.52 0.39 5558.33
142.18 848.89 0.42 4249.75
728.27 941.65 0.56 2876.93
132.54 644.98 0.60 4457.28
718.18 29.51 0.58 4252.66
679.72 731.70 0.46 4389.19
328.89 149.65 0.19 5723.92
524.54 556.77 0.60 5962.95
832.07 726.11 0.42 3742.29
490.38 548.89 0.57 4582.37
941.60 673.37 0.42 4396.57
506.73 316.31 0.37 6028.01
537.22 393.15 0.53 3814.85
337.67 977.48 0.40 4474.28
505.25 97.78 0.60 4861.59
321.41 747.83 0.43 3931.34
111.04 471.57 0.45 3561.41
883.56 805.27 0.60 5972.56
814.42 633.54 0.51 4197.65
587.65 589.81 0.47 4786.22
586.21 247.69 0.60 5620.78
941.11 726.30 0.48 4591.18
874.84 282.46 0.42 4241.43
94.78 432.01 0.46 3444.52
367.56 107.96 0.40 4434.11
329.95 605.48 0.51 4183.34
168.09 597.72 0.56 6620.99
979.19 967.41 0.36 3817.08
843.43 448.26 0.60 4772.01
982.10 295.83 0.52 7574.17
30.30 554.69 0.26 4037.69
561.52 960.22 0.46 10642.85
350.57 394.40 0.51 5112.60
274.75 21.25 0.35 5241.95
275.46 528.92 0.54 6070.28
749.50 564.44 0.33 4731.77
662.31 478.48 0.57 5326.62
852.91 457.44 0.35 7605.43
349.17 364.57 0.60 5093.93
411.07 910.69 0.52 6849.63
542.91 817.96 0.60 8039.72
536.22 579.58 0.60 4751.22
595.95 806.34 0.47 2879.02
620.75 356.79 0.60 4995.83
153.94 944.66 0.39 3141.81
108.54 743.76 0.42 4024.74
198.33 185.25 0.49 3465.24
4.94 682.44 0.22 6033.54
701.95 823.50 0.44 3875.57
711.20 693.42 0.48 5000.86
392.40 798.44 0.57 7371.23
308.58 564.87 0.37 9584.01
133.28 746.46 0.60 8930.93
305.88 192.57 0.44 4146.86
262.51 200.03 0.33 4652.83
925.05 162.14 0.60 4618.56
445.59 427.83 0.41 7882.85
670.73 580.56 0.53 3933.94
495.36 491.69 0.57 5325.49
935.77 858.41 0.46 3285.99
763.96 264.40 0.60 5599.12
403.21 768.37 0.58 7467.23
300.97 94.90 0.46 3497.80
408.73 160.53 0.57 10261.08
381.41 723.22 0.47 3494.97
875.43 233.97 0.44 6894.11
881.27 732.96 0.47 6929.21
873.54 463.19 0.44 9317.51
298.00 740.60 0.55 4330.91
104.16 983.14 0.48 3552.23
515.78 128.08 0.55 4228.02
622.31 311.65 0.49 7997.50
884.64 326.68 0.60 4723.69
960.47 620.82 0.50 5799.36
515.53 300.86 0.46 4032.12
770.21 57.04 0.44 4510.75
128.07 18.59 0.46 5611.09
773.82 877.61 0.57 4114.71
613.31 235.56 0.47 3331.00
171.73 196.86 0.60 3273.41
931.84 380.98 0.58 4777.61
85.24 653.46 0.49 7491.18
154.79 33.93 0.58 4162.09
774.92 689.33 0.60 3759.20
795.67 462.81 0.50 3653.33
538.07 375.77 0.49 7240.36
47.95 863.91 0.53 8288.77
775.29 89.55 0.36 5871.51
294.99 976.48 0.44 5173.02
985.67 339.61 0.51 4753.28
933.04 371.11 0.48 4706.17
863.96 56.29 0.50 3371.10
204.67 208.07 0.50 4000.07
3.97 731.62 0.47 7746.12
385.76 600.77 0.56 6257.23
888.28 201.06 0.59 4818.92
66.55 663.20 0.60 6047.16
63.12 410.13 0.37 9785.11
982.68 918.12 0.39 4035.76
187.11 950.16 0.54 4650.45
84.81 345.59 0.48 3577.29
594.59 991.31 0.35 7439.61
207.39 589.43 0.44 4133.41
996.71 254.54 0.56 5651.82
963.51 625.67 0.57 3132.06
821.39 546.33 0.46 4219.52
28.91 671.17 0.24 5748.83
953.09 964.07 0.54 2914.91
70.42 199.69 0.60 3247.08
183.04 733.89 0.60 7262.96
14.30 596.89 0.47 3927.25
893.58 334.36 0.48 4091.31
244.50 980.21 0.43 3510.33
512.54 603.05 0.60 7057.40
751.34 217.71 0.55 4670.34
669.84 842.04 0.56 4645.03
121.49 678.56 0.60 4108.37
194.88 804.18 0.56 8499.69
496.43 170.95 0.49 2257.76
649.35 70.31 0.42 3562.37
905.93 437.11 0.44 4936.90
636.16 666.16 0.51 4911.87
658.07 652.85 0.35 3641.41
50.45 783.56 0.56 9531.11
196.24 360.40 0.46 6608.53
818.04 308.12 0.12 7535.47
672.57 556.79 0.54 4602.37
550.27 717.23 0.50 3949.75
102.51 755.98 0.41 3473.98
