614.54 436.26 0.44 2488.38
826.33 985.75 0.49 2247.11
643.58 485.05 0.46 5325.26
523.80 872.24 0.52 -653.56
259.02 566.83 0.44 4038.18
495.68 971.71 0.54 2727.48
197.21 566.51 0.36 2642.27
803.32 173.39 0.52 10106.80
706.29 558.57 0.53 3813.25
876.94 126.03 0.48 4041.17
202.24 393.79 0.46 3139.27
89.12 711.69 0.58 5194.12
609.52 124.59 0.44 2923.15
375.70 398.19 0.53 3666.58
430.55 717.99 0.60 5101.50
223.83 937.36 0.40 3991.00
612.07 35.03 0.54 3302.37
535.50 437.42 0.58 3707.40
273.67 347.36 0.52 3513.49
285.78 502.03 0.58 5679.29
10.39 693.32 0.40 4998.98
481.09 586.36 0.60 1240.08
357.88 67.31 0.57 5110.92
994.60 697.54 0.54 773.19
789.06 450.08 0.44 4832.09
530.55 728.99 0.57 3971.15
431.02 47.24 0.38 2389.62
930.65 201.03 0.49 3032.69
284.76 203.49 0.46 3077.56
445.13 129.29 0.50 6866.78
809.41 217.38 0.48 6599.46
315.39 363.66 0.52 2231.06
579.37 58.03 0.34 3964.57
596.07 591.35 0.52 3048.14
79.43 202.90 0.49 3970.25
637.60 907.62 0.51 3955.61
653.27 704.14 0.44 5166.21
538.70 241.94 0.60 7310.15
240.83 898.32 0.57 2560.90
501.22 762.16 0.48 1880.18
18.09 28.76 0.54 1183.15
36.38 461.84 0.53 1098.66
117.42 723.79 0.44 1729.94
870.03 640.48 0.48 3188.81
418.07 863.50 0.52 2601.79
540.24 493.55 0.35 8016.68
999.29 439.35 0.34 1967.24
114.58 459.10 0.50 2293.50
75.27 359.54 0.45 1907.04
846.06 909.04 0.43 2604.30
905.32 885.76 0.40 1096.56
78.25 209.35 0.43 2126.81
975.53 237.85 0.48 242.58
276.74 884.51 0.60 2257.12
813.43 609.01 0.46 5682.31
935.50 229.91 0.50 3560.86
187.85 278.61 0.53 9252.96
463.19 919.66 0.47 2468.25
687.56 889.69 0.50 3786.80
719.41 879.45 0.60 3816.12
96.53 819.54 0.60 3761.41
880.86 389.65 0.59 9535.51
628.49 876.38 0.44 1776.58
972.61 104.01 0.49 2264.02
967.09 28.61 0.60 8330.56
392.23 53.83 0.41 1801.43
253.51 270.01 0.49 358.85
602.03 555.95 0.51 2146.40
338.10 44.54 0.43 3337.32
765.56 36.35 0.58 1535.33
402.97 440.78 0.47 3465.14
786.47 54.80 0.41 5261.46
935.60 83.96 0.53 8293.30
282.78 169.57 0.43 2003.01
110.28 404.08 0.55 6627.85
388.47 142.11 0.60 4155.86
30.27 695.37 0.54 2506.47
988.25 465.13 0.40 1604.78
96.06 331.48 0.52 3402.12
590.66 122.13 0.39 2797.39
546.66 177.48 0.34 4125.67
345.81 50.37 0.60 3626.52
87.49 38.35 0.58 617.75
191.65 733.02 0.44 2544.20
522.34 642.38 0.22 5028.34
317.10 142.19 0.43 2920.93
42.84 382.80 0.40 1200.68
78.40 142.63 0.41 1156.21
983.94 876.93 0.60 1706.31
809.34 40.44 0.55 4741.68
360.14 793.11 0.59 2572.05
22.36 964.16 0.49 3641.86
941.76 467.21 0.59 5393.59
67.28 26.83 0.36 7642.30
217.10 996.32 0.53 6259.40
555.25 740.51 0.45 458.58
878.45 17.47 0.60 3885.64
724.66 666.03 0.60 5281.04
189.48 27.46 0.38 2672.92
633.41 39.04 0.53 1099.11
707.86 15.62 0.54 5288.97
533.89 166.49 0.38 3697.27
544.11 621.80 0.48 3427.42
373.64 707.94 0.47 3799.24
579.33 40.39 0.60 4043.73
273.24 107.62 0.51 -481.31
611.68 699.32 0.58 1752.74
826.10 189.38 0.60 4057.23
265.32 275.37 0.51 3141.18
263.80 758.06 0.60 2786.97
491.96 915.10 0.38 9114.25
296.52 805.24 0.54 5531.36
852.75 923.01 0.44 1403.73
619.62 904.40 0.58 5351.45
343.77 559.33 0.56 2247.49
285.41 380.77 0.39 2392.59
797.35 233.58 0.56 1646.77
974.98 449.81 0.40 3426.22
334.90 864.45 0.44 366.92
261.24 236.70 0.60 2503.57
534.25 130.99 0.60 2326.04
537.76 346.46 0.32 2303.40
0.55 398.19 0.42 3120.43
692.40 950.62 0.53 3173.31
319.92 818.96 0.40 2517.32
52.42 686.53 0.47 7927.26
494.33 215.63 0.60 10467.47
83.68 127.20 0.51 3550.46
475.85 761.17 0.57 3899.93
661.18 625.79 0.60 5130.06
824.44 236.41 0.57 3438.75
150.90 249.39 0.49 7673.27
17.70 827.81 0.46 2450.52
240.25 41.33 0.56 4830.72
541.07 904.71 0.43 2542.41
745.77 484.04 0.40 2855.35
817.69 68.80 0.48 4737.71
709.66 832.97 0.60 690.44
334.23 375.21 0.59 1478.28
301.47 634.35 0.22 3573.58
83.77 684.38 0.53 1553.64
361.71 688.67 0.51 3452.70
891.08 430.34 0.56 1914.71
103.48 896.06 0.27 3728.89
431.70 362.35 0.60 2412.84
575.38 650.31 0.40 5121.33
701.29 281.92 0.41 2945.71
376.76 658.07 0.50 4623.26
504.19 219.12 0.45 4994.29
967.44 174.58 0.43 7550.55
818.72 52.42 0.54 1496.29
290.83 601.00 0.60 3486.97
201.67 416.16 0.60 8313.29
318.84 11.35 0.56 149.70
954.08 781.21 0.53 3282.99
680.55 672.11 0.56 5415.90
425.39 70.13 0.52 -154.31
478.28 365.03 0.40 2268.98
845.84 83.56 0.57 6825.23
953.21 148.15 0.40 4571.98
729.63 224.10 0.60 3564.81
622.48 996.71 0.60 4710.90
549.49 644.44 0.46 2466.98
572.52 994.12 0.56 4558.89
394.38 809.56 0.60 9263.10
577.48 59.02 0.52 4378.30
88.64 874.68 0.45 5357.26
412.72 392.21 0.47 2213.59
362.05 546.70 0.60 3823.85
474.48 689.62 0.52 3375.20
20.04 780.34 0.50 5385.46
897.81 544.98 0.49 3622.97
32.01 255.22 0.44 869.49
744.23 799.75 0.43 2730.78
254.08 727.53 0.41 7046.84
926.22 677.93 0.57 1151.10
218.45 306.53 0.60 58.45
765.44 201.26 0.54 4350.47
1.27 737.80 0.60 2612.67
493.56 962.28 0.36 1579.65
992.20 339.27 0.53 3172.57
288.90 885.00 0.47 1794.13
157.60 376.79 0.40 3627.93
174.81 79.71 0.53 2976.17
132.37 560.31 0.51 6803.55
419.24 950.38 0.35 6529.78
932.15 269.12 0.60 3729.82
999.13 674.51 0.28 3832.51
916.63 805.69 0.39 1659.12
74.01 695.32 0.37 3671.60
795.55 180.20 0.40 1902.60
197.62 102.73 0.43 2401.52
584.59 128.01 0.60 2050.84
239.04 448.29 0.58 3120.51
718.64 115.11 0.53 2527.51
28.47 860.99 0.49 4277.06
422.47 255.11 0.42 4858.87
748.74 956.85 0.59 1739.53
581.71 914.87 0.38 2803.03
742.50 588.10 0.48 3017.11
