64 18 56 11 21 49 45 13 4 72 48 36 5 43 61 69 39 16 34 32 17 40 14 15 26 46 73 30 65 28 19 74 9 10 29 41 42 8 62 71 37 53 66 54 25 7 70 3 2 27 55 1 57 33 60 20 52 23 63 31 22 67 24 68 50 58 59 75 35 6 38 44 47 51 12 
Best fitness: 0.14
55 27 61 74 71 53 40 13 45 49 21 36 16 26 65 28 9 57 37 30 14 17 15 39 5 29 43 10 32 24 23 54 60 66 73 48 11 2 62 8 69 4 52 68 72 41 25 75 20 19 22 42 7 18 64 56 35 51 46 34 44 3 33 63 31 67 1 59 70 6 47 12 58 38 50 
Worst fitness: 0.17

Mean: 0.16

Standard deviation: 0.00
18 56 7 11 69 2 61 43 29 32 14 40 17 53 28 10 36 21 45 13 49 72 16 4 46 26 73 15 39 48 5 71 74 27 62 8 42 19 22 67 23 54 65 30 25 9 57 37 60 20 66 52 35 64 55 1 63 41 24 34 33 75 3 59 68 44 51 38 70 58 31 50 47 12 6 
Best fitness: 0.14
55 53 54 66 23 28 40 16 13 56 61 74 71 19 9 29 39 21 11 10 17 14 34 26 73 15 65 30 63 32 46 49 48 44 36 69 8 37 57 62 3 64 18 7 42 43 5 68 72 4 45 2 41 25 52 24 60 75 20 22 1 27 67 33 47 12 51 31 58 35 70 59 6 50 38 
Worst fitness: 0.17

Mean: 0.16

Standard deviation: 0.00
