550.79 566.43 4014.11 0.37 
709.72 709.51 3443.45 0.45 
905.78 843.45 3750.46 0.35 
998.54 1021.28 3551.59 0.40 
697.89 712.79 5069.43 0.40 
748.28 809.55 4091.88 0.29 
655.17 805.93 4025.40 0.53 
553.41 1008.60 3891.27 0.42 
1120.99 681.21 3898.88 0.25 
601.40 782.29 4179.87 0.32 
565.77 563.99 3524.61 0.58 
762.31 921.02 3407.12 0.41 
883.09 590.69 4739.65 0.40 
956.51 857.98 3660.61 0.41 
583.30 588.39 4058.68 0.38 
638.04 797.97 3767.44 0.49 
801.78 925.48 4682.11 0.53 
575.92 659.83 3495.25 0.40 
650.75 781.92 4030.25 0.35 
663.76 883.15 4128.50 0.51 
564.64 736.72 3606.61 0.30 
618.66 769.63 3398.67 0.41 
669.58 769.42 2825.25 0.37 
1189.33 1046.51 3710.94 0.38 
753.27 641.59 3565.90 0.39 
607.08 710.01 4844.37 0.32 
584.23 788.42 4471.24 0.30 
633.99 568.77 4535.56 0.27 
830.63 897.56 4244.48 0.36 
774.30 1157.71 3208.08 0.38 
729.23 742.03 4125.68 0.48 
908.09 667.86 4066.73 0.45 
948.10 553.23 3661.70 0.58 
775.14 1020.44 4122.46 0.46 
880.16 565.18 4949.95 0.32 
629.02 568.76 2492.52 0.39 
593.35 704.81 3709.68 0.36 
574.39 1228.74 2708.68 0.32 
638.28 710.25 4950.67 0.42 
591.55 629.65 3539.80 0.25 
611.69 844.07 2647.18 0.56 
802.62 643.97 3891.60 0.40 
668.93 804.83 5012.48 0.58 
729.88 697.74 5371.93 0.38 
686.16 581.69 3777.45 0.31 
1192.29 782.26 3410.64 0.36 
1009.54 804.75 4829.95 0.53 
772.52 709.76 2675.50 0.33 
691.49 779.51 3367.73 0.37 
646.11 622.71 3323.83 0.52 
677.65 840.55 4515.40 0.38 
787.67 748.41 4206.42 0.35 
765.11 588.31 5205.46 0.26 
591.00 596.38 4638.54 0.55 
661.11 852.52 4185.41 0.36 
640.64 682.48 4464.62 0.43 
548.88 736.55 4680.88 0.30 
649.84 894.34 2865.64 0.24 
669.09 578.16 3274.96 0.41 
688.61 1332.91 3831.97 0.33 
942.59 590.36 3395.93 0.30 
618.78 551.30 4547.97 0.36 
676.17 620.42 4126.00 0.22 
795.36 786.22 5509.42 0.28 
709.01 694.52 3639.62 0.60 
980.89 644.37 3275.73 0.24 
770.29 700.08 4743.08 0.50 
570.78 551.98 4308.71 0.48 
569.93 663.02 3506.11 0.40 
731.35 721.72 3714.97 0.37 
544.71 735.91 3494.15 0.36 
597.22 858.82 4748.81 0.45 
706.81 626.51 4095.78 0.57 
792.77 654.48 4327.09 0.61 
801.45 587.06 3931.41 0.35 
694.59 737.09 4553.39 0.57 
617.30 916.42 3664.32 0.39 
564.77 628.06 1941.64 0.71 
673.97 645.09 4558.23 0.47 
661.20 633.63 3366.24 0.51 
576.49 709.31 4287.07 0.45 
650.79 588.38 3568.58 0.48 
769.84 645.05 3151.75 0.51 
677.11 552.46 2957.55 0.23 
664.33 952.55 4384.72 0.54 
734.41 560.70 6295.82 0.40 
990.98 717.17 5177.76 0.46 
662.76 809.52 4393.90 0.51 
1010.58 903.44 4139.42 0.38 
568.07 617.37 3126.64 0.33 
738.13 731.08 3916.69 0.43 
883.96 621.24 4114.58 0.53 
948.58 986.12 3717.67 0.43 
637.96 670.38 4439.06 0.51 
1003.58 671.84 3484.71 0.31 
609.76 765.18 3834.77 0.30 
717.73 559.76 3976.11 0.45 
674.84 683.62 4875.65 0.37 
738.83 663.52 4086.67 0.39 
864.07 838.79 3584.81 0.36 
574.49 687.74 3135.67 0.38 
