899.74 693.78 3949.71 0.45 
690.92 731.62 3606.78 0.59 
1136.89 1000.22 3943.12 0.43 
875.07 557.31 4305.78 0.34 
600.42 747.98 3464.88 0.37 
542.61 852.64 3693.93 0.39 
873.93 561.74 3836.45 0.46 
636.96 767.82 4434.14 0.30 
946.38 723.40 4122.55 0.32 
716.76 979.01 3085.06 0.35 
718.31 698.65 3677.00 0.37 
783.38 1060.73 4152.56 0.56 
553.16 661.38 3872.66 0.24 
921.07 616.80 3902.31 0.50 
565.51 853.08 3926.00 0.46 
754.29 634.97 3136.90 0.48 
822.92 737.07 3545.42 0.21 
662.22 548.66 3919.62 0.23 
775.87 576.06 4007.79 0.48 
783.70 782.10 4655.04 0.34 
859.52 895.44 3874.53 0.19 
848.98 552.83 3763.40 0.33 
596.66 788.02 4044.84 0.18 
735.79 831.09 3374.40 0.43 
578.48 687.94 4201.28 0.26 
669.85 861.63 3898.52 0.35 
708.52 773.20 3557.81 0.37 
631.13 720.69 4612.92 0.38 
784.50 918.98 3943.97 0.27 
613.55 904.75 3074.26 0.39 
603.16 709.90 2739.93 0.41 
694.08 731.31 3535.04 0.27 
821.84 725.86 3877.94 0.38 
1074.13 676.17 4092.17 0.38 
789.87 667.99 3131.06 0.38 
936.90 700.84 4762.43 0.38 
634.40 857.19 3860.48 0.36 
910.02 716.96 4915.83 0.34 
869.35 737.15 4613.16 0.44 
582.14 663.33 3738.11 0.42 
707.84 897.32 2147.25 0.22 
547.14 997.92 3522.70 0.28 
717.74 566.29 2943.69 0.51 
672.31 558.14 3703.42 0.34 
619.57 649.34 3073.21 0.42 
879.34 541.53 2453.50 0.44 
690.75 600.63 4331.43 0.30 
569.89 782.56 2769.80 0.45 
611.64 626.09 3376.62 0.40 
609.74 798.15 3013.86 0.52 
956.49 639.01 4277.62 0.40 
913.31 564.70 3332.43 0.20 
561.38 884.02 4247.63 0.33 
576.19 1129.18 4106.55 0.31 
640.88 867.42 3878.70 0.31 
892.70 696.52 4822.14 0.43 
653.44 824.74 3641.10 0.31 
657.31 580.85 4648.67 0.57 
981.05 567.09 3224.17 0.47 
710.22 828.24 4824.54 0.26 
581.60 994.63 4218.31 0.22 
954.21 698.94 5275.29 0.50 
646.95 541.77 3125.85 0.38 
540.99 785.53 3383.13 0.46 
705.38 804.45 4086.38 0.34 
727.85 626.14 4733.64 0.51 
1212.61 1051.90 4280.79 0.37 
571.82 566.68 4273.85 0.22 
718.37 899.09 3396.92 0.31 
916.64 617.88 4847.87 0.52 
584.02 629.64 3900.92 0.27 
713.03 999.41 3575.76 0.54 
881.38 667.38 5056.01 0.42 
706.57 598.27 3623.05 0.39 
642.91 686.75 4664.35 0.53 
1000.54 608.12 3678.89 0.37 
751.37 580.06 4634.84 0.36 
682.60 888.97 3940.75 0.63 
652.75 799.49 3686.70 0.43 
547.80 608.29 3988.24 0.31 
942.61 594.78 2628.78 0.49 
