674.84 658.05 3580.24 0.44 
670.71 820.12 4279.23 0.36 
783.65 726.71 4419.30 0.46 
1218.63 589.26 4797.53 0.23 
896.55 641.22 4078.92 0.32 
556.92 795.87 3656.20 0.39 
795.55 560.96 3459.16 0.47 
737.04 664.82 4964.79 0.55 
562.77 724.55 5895.08 0.46 
715.66 547.53 3087.34 0.32 
1038.05 1042.16 4592.04 0.48 
771.98 545.27 4056.45 0.26 
556.35 608.41 4382.23 0.47 
652.91 571.81 4357.90 0.36 
1092.02 567.92 3671.57 0.30 
718.75 874.04 4465.28 0.39 
798.16 600.51 4965.66 0.40 
777.16 565.75 4936.57 0.37 
886.37 929.68 4346.00 0.28 
761.83 737.53 3030.53 0.38 
768.18 546.70 4721.31 0.34 
