823.49 612.43 3213.28 0.37 
1309.53 652.61 3532.73 0.47 
618.82 905.07 3393.81 0.39 
968.87 821.17 3809.99 0.22 
837.72 636.57 2983.35 0.54 
684.54 826.65 3411.99 0.35 
710.98 798.14 3487.19 0.44 
900.62 573.82 3210.62 0.36 
718.13 549.33 4093.82 0.45 
593.67 570.48 4018.60 0.39 
541.52 730.88 4903.68 0.38 
664.94 1134.83 4147.84 0.31 
676.77 714.59 3107.21 0.37 
662.54 551.25 3887.69 0.39 
635.00 594.56 4354.18 0.42 
611.77 827.62 3636.93 0.46 
725.37 735.09 2866.18 0.37 
715.21 565.82 4855.67 0.37 
664.08 631.80 4197.80 0.58 
860.94 663.41 2772.98 0.40 
594.25 665.42 4539.04 0.43 
844.85 1042.83 3352.94 0.54 
991.33 854.68 5621.12 0.60 
684.70 912.60 3741.27 0.44 
914.24 549.51 4247.50 0.44 
658.93 787.75 3833.20 0.48 
749.14 540.54 3895.78 0.26 
1156.98 599.57 2805.00 0.46 
601.42 719.78 3638.42 0.61 
686.18 571.33 3854.13 0.47 
1068.10 853.61 3644.73 0.38 
629.36 764.65 3668.37 0.25 
668.94 593.96 4756.69 0.26 
586.19 1018.51 4109.03 0.54 
931.57 830.50 3947.57 0.39 
1120.42 731.11 4199.13 0.32 
581.87 544.07 3831.49 0.32 
995.95 653.23 4249.62 0.24 
674.01 706.54 3368.28 0.36 
805.79 699.39 4142.45 0.35 
664.97 658.87 4404.13 0.44 
708.85 699.49 5278.04 0.41 
770.16 646.41 3394.26 0.46 
819.34 1135.00 4418.40 0.22 
676.10 830.53 4006.44 0.21 
774.69 581.87 3939.59 0.50 
829.16 1034.15 4314.15 0.40 
695.29 674.52 4927.74 0.48 
657.79 575.21 3560.81 0.32 
879.48 639.01 2851.18 0.46 
542.14 562.62 4097.86 0.34 
796.55 971.60 4926.83 0.52 
778.50 582.98 3130.66 0.45 
588.67 703.64 4153.34 0.39 
927.38 556.24 2936.06 0.44 
622.78 833.08 3475.69 0.30 
570.80 563.32 4399.93 0.58 
751.81 614.05 3705.20 0.48 
873.06 610.03 3391.24 0.32 
994.77 598.99 3025.57 0.43 
553.46 559.27 5009.74 0.58 
767.80 814.45 4125.65 0.51 
541.51 799.22 3095.58 0.30 
725.35 652.56 4683.99 0.32 
549.13 861.28 4124.29 0.34 
827.42 767.92 2786.61 0.47 
646.17 768.07 3836.72 0.47 
664.57 851.35 4807.11 0.42 
780.22 599.28 4880.44 0.52 
680.70 744.41 3377.76 0.40 
730.53 797.58 3657.46 0.39 
634.07 923.23 2592.80 0.39 
734.17 597.78 4530.43 0.32 
763.20 975.10 4048.69 0.54 
624.37 594.10 4800.96 0.24 
984.46 569.37 4126.96 0.38 
562.18 759.24 4399.00 0.28 
656.84 800.49 4242.64 0.39 
612.75 642.63 3666.01 0.49 
938.37 664.83 5173.38 0.30 
553.70 561.25 3654.81 0.57 
731.76 646.35 3998.70 0.25 
808.25 568.74 3752.70 0.17 
591.46 755.36 2949.42 0.35 
785.78 818.48 5245.32 0.29 
727.43 775.79 4565.57 0.38 
643.65 814.53 4035.46 0.70 
714.99 918.08 3304.60 0.33 
715.12 997.47 3799.80 0.37 
569.22 706.80 4625.29 0.35 
578.54 1011.97 3874.01 0.23 
