644.98 578.11 4577.01 0.30 
693.11 576.70 3748.72 0.55 
708.95 675.13 4366.69 0.39 
550.90 574.04 4821.22 0.48 
631.83 746.85 4680.80 0.31 
568.27 639.64 3767.27 0.36 
795.99 806.72 2641.99 0.36 
945.10 735.87 4307.35 0.48 
831.55 823.01 4421.90 0.29 
806.83 959.98 4103.59 0.49 
645.31 580.16 3691.60 0.35 
587.69 766.53 2974.56 0.41 
639.81 599.25 4544.34 0.24 
562.99 572.52 3746.73 0.48 
567.56 910.20 4106.81 0.39 
554.50 574.72 4308.76 0.43 
725.69 1037.72 4429.29 0.41 
696.06 910.33 4175.56 0.49 
763.48 796.45 4087.88 0.39 
555.69 702.18 3434.91 0.52 
706.16 774.65 4877.16 0.30 
731.22 875.48 3455.27 0.50 
577.25 668.79 3485.24 0.39 
718.24 873.27 2744.23 0.51 
832.03 743.30 3071.29 0.27 
563.13 667.30 4557.32 0.36 
603.73 856.92 3883.72 0.46 
756.83 590.39 5020.94 0.67 
569.37 695.60 4205.10 0.28 
931.26 541.81 4318.88 0.34 
782.76 712.74 4130.13 0.33 
636.23 621.95 4230.51 0.50 
687.44 797.01 3110.36 0.35 
893.63 842.92 4035.87 0.41 
724.73 621.63 4697.77 0.43 
572.73 945.47 4553.93 0.41 
680.18 1057.06 5807.35 0.40 
951.30 900.36 4199.99 0.29 
763.60 586.21 3794.20 0.67 
541.19 697.26 3511.50 0.47 
772.83 610.29 3848.08 0.38 
628.74 824.76 4067.26 0.37 
553.92 639.92 4115.70 0.32 
571.94 583.98 4410.14 0.58 
694.01 852.64 4336.14 0.28 
762.98 621.35 3737.34 0.44 
600.22 778.55 3125.70 0.22 
679.35 821.62 4133.72 0.50 
687.76 550.76 4298.37 0.32 
680.72 775.28 3532.74 0.44 
666.80 930.45 4549.42 0.37 
1017.22 541.52 2779.14 0.25 
792.74 581.23 4038.94 0.40 
828.79 722.40 3525.40 0.50 
702.21 822.48 4435.82 0.45 
860.10 778.53 3867.53 0.42 
570.31 632.82 3685.02 0.47 
949.38 704.16 5051.27 0.46 
974.33 732.16 1851.70 0.24 
568.44 599.03 3578.19 0.43 
724.35 937.91 4113.24 0.35 
724.06 860.29 4419.10 0.29 
748.17 739.58 3423.23 0.33 
543.90 684.37 4802.98 0.30 
721.63 610.60 4316.38 0.63 
750.91 713.19 4935.93 0.50 
603.37 591.38 3910.65 0.45 
789.16 578.88 3602.32 0.34 
688.92 828.07 3377.54 0.62 
570.67 737.57 3671.78 0.48 
1013.44 959.49 4755.29 0.37 
982.84 573.75 4568.16 0.36 
715.55 794.89 3287.56 0.47 
664.93 794.08 3095.93 0.52 
781.62 817.28 4781.21 0.40 
756.51 1006.29 4342.43 0.28 
676.01 569.41 4744.11 0.30 
713.74 563.23 3486.21 0.41 
667.51 585.82 4639.82 0.31 
567.31 586.87 3386.20 0.58 
605.92 659.19 2978.62 0.47 
540.07 953.52 3369.27 0.45 
647.50 839.47 4406.28 0.30 
725.99 687.50 3149.72 0.51 
564.78 572.05 4365.56 0.51 
1169.05 542.45 3064.45 0.50 
625.41 578.20 5208.60 0.60 
737.47 670.12 4370.29 0.34 
847.22 567.13 4075.85 0.44 
872.76 548.53 4592.12 0.59 
913.83 838.52 5120.78 0.34 
557.49 702.91 2948.35 0.57 
864.31 758.88 3866.63 0.25 
714.90 548.56 3912.55 0.15 
607.14 684.45 2857.81 0.40 
715.62 949.69 4289.96 0.33 
975.43 897.73 4053.79 0.44 
905.19 690.11 4134.57 0.39 
732.25 862.60 3587.02 0.52 
726.72 698.25 2910.28 0.20 
603.99 756.75 4179.54 0.41 
903.00 594.41 4238.97 0.40 
682.78 578.44 4529.00 0.57 
544.26 564.35 4408.97 0.45 
685.45 735.57 3478.09 0.67 
1032.25 668.90 3455.27 0.33 
1087.83 940.47 5102.03 0.59 
574.01 714.31 3518.03 0.40 
760.05 548.69 4351.91 0.31 
653.41 698.69 2945.98 0.60 
586.30 654.28 4283.65 0.55 
968.60 579.76 4759.93 0.35 
885.31 643.49 5000.96 0.37 
670.65 694.97 3897.49 0.42 
765.14 744.20 4913.80 0.35 
598.08 883.80 4497.75 0.39 
574.62 707.39 4717.85 0.31 
831.20 605.18 4043.36 0.35 
1302.67 811.00 5748.07 0.27 
660.18 548.28 5768.25 0.23 
671.57 597.85 4594.06 0.48 
679.72 696.93 3310.62 0.43 
805.43 644.09 3713.79 0.56 
729.56 574.60 4402.51 0.25 
811.76 800.05 5187.80 0.30 
687.85 639.36 3492.25 0.44 
557.09 680.11 3733.28 0.38 
627.51 888.51 3053.57 0.23 
575.57 646.64 3712.92 0.45 
655.60 743.50 2898.85 0.44 
720.93 823.63 2999.65 0.34 
811.09 851.74 3452.83 0.55 
731.11 955.88 4726.11 0.23 
681.75 659.61 4207.52 0.53 
558.03 763.84 3929.35 0.59 
605.37 715.01 3148.52 0.27 
599.85 963.98 4143.41 0.38 
692.63 540.75 3072.76 0.44 
740.48 557.94 3762.22 0.45 
589.29 665.98 4039.56 0.27 
640.83 744.16 4366.92 0.25 
585.10 602.96 4618.33 0.61 
650.40 680.72 4081.84 0.40 
656.09 597.09 3848.33 0.41 
696.06 680.34 4384.91 0.35 
620.73 639.82 4181.98 0.49 
580.99 782.59 4120.88 0.22 
932.34 716.33 2927.83 0.30 
734.64 740.90 3078.51 0.43 
571.17 698.49 4442.32 0.27 
1011.60 635.54 3500.72 0.45 
951.52 660.58 3078.07 0.40 
702.41 751.93 3309.48 0.44 
577.59 667.80 4193.98 0.54 
693.28 578.75 3069.14 0.46 
796.26 895.75 3758.82 0.42 
632.24 578.26 3645.97 0.32 
574.07 698.33 4106.13 0.42 
675.55 554.25 3225.35 0.26 
781.78 616.84 3646.04 0.50 
731.35 819.89 3573.33 0.59 
854.26 737.79 3498.79 0.34 
738.40 956.67 3516.79 0.23 
594.00 704.90 5774.97 0.42 
876.36 839.69 3572.09 0.51 
685.57 654.64 4699.87 0.37 
764.32 612.51 4424.35 0.46 
813.97 800.81 4424.37 0.32 
714.87 692.48 3745.01 0.30 
684.34 565.36 4090.50 0.33 
719.74 722.50 3529.26 0.33 
925.00 682.64 3695.32 0.40 
688.39 893.44 2822.95 0.55 
1382.90 542.98 4645.55 0.33 
610.96 675.34 3829.96 0.32 
998.80 755.45 4248.98 0.45 
693.13 715.44 4794.05 0.40 
961.16 615.39 3144.76 0.34 
556.79 867.08 3574.73 0.31 
738.59 990.21 2909.99 0.21 
945.12 592.03 3388.67 0.46 
938.78 681.62 3481.64 0.29 
1029.27 555.46 3883.30 0.34 
902.57 919.21 4918.12 0.31 
725.47 608.28 3145.31 0.52 
545.41 1210.66 4318.24 0.50 
569.70 612.82 4002.99 0.37 
646.86 574.97 4647.31 0.50 
564.67 763.15 4013.99 0.40 
791.58 562.25 4775.47 0.54 
966.33 746.57 4120.22 0.36 
540.87 644.18 3526.73 0.53 
635.44 811.00 4193.83 0.26 
629.79 813.90 3997.26 0.39 
713.21 576.95 4969.04 0.43 
733.77 589.73 4386.27 0.56 
651.65 747.44 3778.51 0.44 
688.51 545.22 3104.19 0.22 
785.96 811.77 4367.98 0.51 
623.77 558.44 4463.96 0.41 
831.37 645.69 3667.94 0.47 
