737.06 652.36 4372.80 0.28 
567.08 673.84 4770.14 0.27 
738.12 734.02 3649.14 0.37 
664.46 846.69 4132.64 0.49 
832.38 587.78 4221.21 0.55 
903.99 630.45 4406.34 0.32 
663.00 574.06 4985.06 0.44 
769.52 628.08 3808.91 0.40 
728.07 705.26 4516.38 0.33 
958.14 719.89 3873.46 0.36 
553.05 709.30 3867.07 0.43 
775.87 618.94 3304.06 0.41 
548.98 543.82 4474.73 0.26 
1173.98 543.99 3425.91 0.50 
656.98 882.71 2975.48 0.32 
563.16 646.07 4429.67 0.36 
739.10 647.26 3166.99 0.33 
835.65 693.76 3257.08 0.50 
598.67 825.06 4089.60 0.44 
669.45 766.78 2954.41 0.46 
783.90 937.25 4336.49 0.36 
1493.70 596.56 3711.08 0.38 
551.85 745.41 4402.97 0.46 
736.62 693.01 4058.37 0.60 
640.09 647.20 3904.39 0.41 
813.43 619.88 4410.78 0.56 
711.39 956.76 4218.14 0.39 
562.21 595.42 4002.11 0.33 
575.91 548.95 5075.97 0.47 
575.30 649.01 3350.31 0.60 
629.85 966.36 4511.08 0.41 
656.31 1033.00 4081.42 0.25 
756.12 726.77 4107.48 0.52 
588.54 741.70 2561.08 0.26 
827.66 817.56 6134.72 0.65 
611.38 541.81 4229.18 0.49 
745.64 629.27 4488.84 0.58 
608.06 746.85 4216.59 0.33 
611.61 676.99 3696.17 0.39 
564.55 904.82 5235.66 0.40 
556.09 606.85 4002.04 0.29 
711.87 922.90 3570.19 0.51 
564.68 792.14 4822.93 0.45 
634.98 625.48 4647.11 0.52 
567.87 580.99 4504.82 0.36 
863.27 805.99 4622.11 0.40 
669.48 869.01 2765.04 0.54 
1072.55 794.22 3686.35 0.36 
1034.31 565.18 3368.34 0.42 
635.66 563.06 2850.41 0.32 
822.25 768.58 3873.53 0.35 
612.70 738.72 3506.69 0.44 
896.95 901.20 6009.16 0.46 
645.46 666.18 3388.31 0.15 
808.31 639.26 3917.10 0.30 
567.35 735.00 4372.56 0.52 
868.44 604.78 3648.67 0.28 
750.97 876.93 3986.73 0.37 
584.02 661.56 3423.72 0.30 
1023.99 975.45 4754.22 0.45 
706.23 563.68 4266.19 0.43 
916.40 750.49 4172.94 0.70 
729.02 605.41 4345.11 0.23 
563.82 636.07 4088.94 0.48 
616.86 694.02 5130.78 0.27 
707.48 873.69 3345.70 0.41 
560.98 552.08 2484.23 0.43 
834.56 677.43 3865.75 0.46 
594.13 934.17 4176.63 0.41 
787.01 557.29 3677.98 0.35 
552.53 857.24 4011.35 0.21 
