598.46 813.41 5425.37 0.27 
624.34 1065.71 4218.13 0.49 
540.89 825.02 4372.33 0.40 
815.22 608.42 5169.19 0.42 
682.02 797.89 2876.46 0.34 
585.93 876.07 3402.13 0.51 
1044.08 897.84 4555.87 0.52 
787.03 707.81 4110.81 0.39 
804.20 860.96 5374.29 0.34 
548.89 649.56 4450.00 0.25 
561.17 689.45 2882.49 0.26 
587.00 984.42 3066.65 0.49 
762.90 828.63 3442.13 0.42 
1013.15 1038.74 4081.74 0.34 
597.31 625.86 4663.70 0.36 
868.90 779.42 4775.83 0.31 
619.27 548.77 3887.33 0.52 
914.85 606.56 5191.33 0.42 
961.81 1126.91 3718.36 0.48 
601.72 645.83 4651.89 0.30 
687.47 707.17 4202.45 0.40 
613.86 1032.39 4350.41 0.23 
693.33 760.35 4576.90 0.41 
1106.74 565.56 3029.41 0.29 
607.31 540.85 5360.10 0.52 
607.22 1113.23 3839.04 0.61 
588.63 1082.05 4566.34 0.52 
700.35 776.65 5025.99 0.52 
675.66 761.38 3684.68 0.58 
582.01 762.43 3371.27 0.45 
581.62 642.80 4630.99 0.37 
800.25 620.14 4552.99 0.44 
703.95 544.17 3403.04 0.45 
614.42 773.80 3326.68 0.40 
686.44 929.04 4431.66 0.36 
762.72 896.87 2703.10 0.53 
698.45 755.42 4193.52 0.41 
834.92 838.83 2585.43 0.38 
648.49 673.21 4573.28 0.49 
785.08 602.84 2548.15 0.44 
652.90 621.44 4803.13 0.29 
