614.05 677.12 3662.94 0.47 
565.12 694.00 4348.80 0.44 
669.67 707.08 3500.88 0.41 
611.09 563.01 3928.64 0.43 
637.19 715.88 3667.31 0.46 
577.22 694.15 3277.61 0.46 
783.46 552.99 4370.38 0.26 
724.85 937.70 3434.84 0.31 
663.52 757.27 4175.33 0.40 
662.71 868.81 4521.38 0.37 
695.46 1020.82 4381.12 0.20 
900.13 1240.25 3788.09 0.45 
572.79 618.99 2877.78 0.25 
720.88 635.15 4515.62 0.50 
555.15 633.60 4958.04 0.45 
746.98 831.03 4274.47 0.32 
718.50 736.71 2768.21 0.43 
658.27 874.92 4031.78 0.24 
691.60 1000.39 3904.68 0.49 
679.53 698.78 3632.29 0.41 
963.64 1246.05 3755.88 0.35 
605.38 733.16 3744.24 0.49 
559.50 552.59 4631.92 0.35 
806.99 582.52 3624.03 0.37 
909.88 789.96 4727.04 0.48 
710.83 636.91 3552.67 0.55 
779.24 573.50 2786.96 0.18 
1136.37 853.67 3215.17 0.44 
640.65 565.11 3306.78 0.18 
639.90 833.02 3493.96 0.33 
572.51 684.72 3787.92 0.53 
