786.14 584.12 2881.00 0.41 
884.82 640.44 4122.13 0.37 
737.71 849.83 3415.67 0.29 
1048.11 668.04 5074.24 0.36 
584.88 646.73 4796.52 0.42 
990.15 612.45 3281.39 0.26 
549.92 1152.22 3340.32 0.38 
1076.94 656.75 3687.88 0.46 
822.50 901.51 4195.70 0.33 
929.63 614.98 4680.01 0.37 
917.19 575.71 4522.72 0.39 
670.27 960.30 4217.46 0.35 
978.31 612.62 4255.78 0.45 
790.21 830.67 3792.14 0.29 
731.81 661.67 3738.88 0.51 
959.11 954.02 3669.54 0.55 
926.72 990.13 4185.72 0.51 
752.99 891.85 4696.82 0.22 
542.55 678.93 3800.85 0.39 
584.36 781.08 4985.68 0.47 
574.07 783.30 3388.49 0.40 
553.46 724.76 4039.63 0.39 
674.99 839.32 4292.31 0.27 
687.01 776.26 3852.00 0.37 
552.06 584.76 3089.34 0.44 
827.69 633.97 3733.39 0.30 
869.15 806.05 5324.80 0.28 
774.89 917.41 2919.59 0.45 
750.10 655.97 4678.20 0.30 
555.77 676.04 4742.22 0.41 
1184.87 774.01 4114.07 0.36 
933.60 631.39 3934.72 0.31 
602.82 608.93 3958.79 0.47 
823.67 646.05 3072.86 0.23 
570.08 763.19 4726.15 0.39 
589.03 895.65 2927.38 0.55 
557.63 571.37 4680.37 0.37 
574.97 658.00 2883.59 0.32 
755.83 686.49 3849.71 0.45 
887.44 612.05 5013.33 0.30 
940.58 603.53 3898.22 0.45 
685.97 818.46 4061.35 0.45 
597.16 747.81 3167.61 0.43 
591.14 1191.19 3018.24 0.26 
703.49 1064.27 4608.44 0.43 
693.73 918.64 3166.34 0.61 
593.30 662.83 3684.72 0.44 
578.72 677.88 4851.25 0.23 
574.82 561.22 3827.20 0.44 
668.33 649.84 4520.41 0.51 
710.54 683.10 3820.98 0.57 
991.14 652.83 3024.63 0.44 
746.11 651.97 3338.72 0.40 
639.21 1036.77 3628.84 0.34 
591.00 643.37 4744.95 0.55 
554.72 747.37 3648.74 0.36 
567.82 548.81 4608.57 0.44 
681.61 690.45 3714.03 0.51 
1018.31 636.37 2931.91 0.45 
1010.11 586.55 4769.48 0.41 
1202.86 769.77 3066.91 0.42 
730.40 571.86 3908.85 0.21 
747.70 739.05 3304.40 0.24 
835.25 586.33 3669.15 0.45 
856.70 700.80 5366.82 0.46 
640.11 638.94 3850.35 0.42 
675.28 941.14 3910.45 0.44 
656.38 768.82 3740.57 0.45 
565.70 644.95 4833.52 0.29 
686.23 843.22 4410.76 0.41 
751.87 649.96 5171.20 0.26 
664.85 772.58 5294.60 0.50 
825.93 604.34 3905.27 0.53 
549.90 606.42 3476.71 0.46 
631.51 543.58 4104.37 0.33 
619.55 709.16 3419.19 0.43 
796.82 719.73 3429.55 0.47 
638.63 618.82 3501.02 0.37 
735.32 777.71 2132.01 0.50 
908.02 946.84 2303.94 0.32 
940.94 694.30 4427.81 0.29 
749.08 754.29 4806.54 0.28 
617.33 655.62 4023.24 0.37 
728.24 683.90 4345.25 0.42 
657.98 913.88 3655.78 0.41 
853.57 555.89 3625.33 0.35 
671.83 733.66 4510.12 0.40 
573.78 624.76 3118.94 0.48 
665.53 748.42 4342.21 0.48 
615.91 904.55 4399.92 0.64 
777.36 692.80 3802.58 0.37 
733.66 617.50 4509.41 0.27 
865.31 1026.89 3224.11 0.52 
574.32 837.83 2777.23 0.47 
661.11 748.63 4342.82 0.19 
616.03 739.05 4223.85 0.33 
811.90 613.14 2989.23 0.42 
727.83 777.27 4719.44 0.21 
557.48 677.73 3887.49 0.41 
693.28 815.04 4464.28 0.36 
903.68 776.38 3808.27 0.50 
1004.25 564.56 3733.16 0.43 
687.28 717.84 5016.50 0.18 
755.37 613.10 4564.88 0.54 
935.91 784.35 4180.32 0.37 
723.52 590.56 3609.62 0.32 
718.84 640.99 3849.27 0.29 
650.89 756.85 4503.21 0.43 
586.48 610.19 4351.76 0.24 
649.75 709.37 3731.63 0.24 
716.24 672.78 3380.48 0.50 
697.44 764.12 3084.60 0.38 
552.12 643.63 4588.12 0.37 
692.93 627.44 4629.93 0.28 
796.18 613.78 3248.63 0.44 
663.68 906.98 4897.65 0.18 
759.62 553.96 4003.65 0.54 
744.68 748.38 4081.26 0.46 
659.57 655.15 3506.60 0.51 
1261.25 548.38 3918.79 0.31 
595.22 639.66 3767.54 0.42 
627.72 697.21 3235.07 0.17 
590.88 743.66 4149.19 0.37 
601.02 790.81 3594.63 0.29 
628.15 544.84 4617.14 0.45 
609.98 581.77 4488.50 0.35 
552.50 651.26 2348.01 0.43 
676.42 709.04 3601.68 0.36 
988.36 611.02 3649.39 0.35 
659.36 1106.04 4300.57 0.47 
642.94 741.48 3422.25 0.28 
705.47 879.91 3956.30 0.31 
588.68 607.89 4532.27 0.02 
932.44 680.43 3964.47 0.21 
865.23 843.32 3811.18 0.41 
582.33 726.86 4116.61 0.37 
798.72 902.53 4655.33 0.41 
778.88 833.30 4580.42 0.35 
750.43 986.05 2775.12 0.25 
904.38 633.26 3626.54 0.36 
783.79 974.21 4551.61 0.26 
705.41 756.23 2888.73 0.68 
566.86 626.28 3391.16 0.53 
617.03 893.16 3749.27 0.42 
557.89 549.02 3173.42 0.28 
664.28 637.01 3969.12 0.42 
647.55 626.45 3441.01 0.32 
590.24 567.53 3772.70 0.40 
920.33 713.86 3525.79 0.38 
988.72 541.52 3638.51 0.30 
604.23 604.13 3351.22 0.33 
