69 26 71 46 67 57 55 54 68 23 27 75 14 47 43 17 78 74 3 36 48 56 32 62 40 13 52 25 44 63 30 24 1 61 18 39 65 6 20 64 41 33 50 66 16 76 60 9 73 28 29 53 42 15 79 51 10 45 4 5 34 21 58 72 31 11 2 49 7 35 38 70 59 12 19 80 77 37 8 22 
Moving time: 145.04 155.54 177.27 204.31 231.62 243.53 269.50 283.19 297.97 318.56 328.76 364.35 408.95 451.79 472.79 478.63 499.57 510.80 524.13 551.97 560.68 589.00 609.16 623.72 638.04 662.39 694.66 706.46 708.30 725.65 746.10 779.31 804.03 816.87 828.13 844.44 850.27 858.34 866.41 882.61 900.88 910.80 927.06 953.33 971.54 993.53 1009.78 1028.89 1061.30 1071.66 1102.87 1144.76 1165.17 1180.31 1193.76 1203.11 1221.79 1267.06 1296.26 1300.77 1304.66 1317.39 1341.23 1345.92 1360.13 1370.84 1399.50 1411.95 1429.60 1439.87 1457.42 1462.52 1488.10 1504.62 1512.26 1535.61 1563.06 1599.45 1611.02 1623.26 1767.78 
Best fitness: 0.00
Worst fitness: 0.0
Average fitness: 0.00
Alpha: 0.50
K: 0.02
Crossover probability: 0.50
Mutation probability: 0.10
Change mutation operator probability 1: 0.15
Change mutation operator probability 2: 0.15