10 23 18 7 9 11 1 20 21 16 27 2 24 19 8 29 17 3 14 15 5 6 22 25 30 12 26 4 28 13 
Moving time: 139.32 241.62 289.97 342.03 401.71 481.33 572.90 672.49 715.31 792.86 798.02 868.89 917.93 946.74 968.01 1031.38 1053.54 1082.46 1129.37 1156.91 1214.81 1356.47 1434.36 1474.03 1529.90 1576.85 1632.14 1687.50 1729.31 1755.06 1907.70 
Best fitness: 0.00
Worst fitness: 0.0
Average fitness: 0.00
Alpha: 0.50
K: 0.02
Crossover probability: 0.50
Mutation probability: 0.10
Change mutation operator probability 1: 0.15
Change mutation operator probability 2: 0.15