20 51 19 12 61 3 7 27 14 68 11 43 9 40 38 52 28 33 58 17 15 46 24 13 16 8 70 57 44 45 41 63 50 42 65 62 69 49 39 4 53 67 22 26 18 25 2 1 30 48 6 66 55 34 31 29 35 32 47 23 37 36 54 5 56 59 10 21 60 64 
Moving time: 111.72 215.15 255.97 323.11 332.93 396.65 432.03 466.07 543.47 588.93 596.22 626.41 643.92 692.13 723.07 773.12 826.01 883.06 928.46 977.70 1014.92 1077.73 1105.48 1154.81 1232.24 1310.97 1370.23 1397.21 1439.72 1481.34 1552.53 1638.46 1662.21 1716.97 1822.50 1869.95 1890.97 1927.86 1974.30 2098.09 2237.74 2327.29 2386.38 2496.19 2568.29 2628.66 2657.89 2676.00 2724.70 2785.59 2796.99 2850.26 2875.77 2939.44 3035.38 3078.45 3158.33 3263.32 3342.88 3449.09 3526.66 3561.04 3620.68 3708.90 3771.66 3854.04 3895.07 4007.82 4076.30 4135.99 4238.35 
Best fitness: 0.00
Worst fitness: 0.0
Average fitness: 0.00
Alpha: 0.50
K: 0.02
Crossover probability: 0.50
Mutation probability: 0.10
Change mutation operator probability 1: 0.15
Change mutation operator probability 2: 0.15