55.66 964.65 0.54 4115.92
553.52 568.53 0.14 6008.47
681.25 319.98 0.39 9127.09
792.24 250.85 0.18 8280.32
755.71 610.62 0.48 1967.31
606.30 98.21 0.18 7437.75
839.46 343.23 0.22 3455.27
17.69 67.85 0.26 5265.75
153.69 986.86 0.34 9292.39
441.84 201.91 0.43 2996.93
233.04 517.43 0.37 1610.25
965.03 615.07 0.07 4273.41
84.91 347.37 0.09 6780.15
369.35 942.41 0.41 6269.04
63.25 158.24 0.58 9729.46
34.15 978.47 0.36 5009.44
201.42 885.22 0.41 3546.47
454.36 827.50 0.56 8638.52
805.05 378.35 0.58 1377.00
189.73 511.03 0.12 1890.52
640.94 947.30 0.56 4034.93
341.38 4.26 0.47 10215.50
400.09 398.85 0.38 1633.79
330.92 197.45 0.43 7192.76
814.96 415.33 0.38 4913.21

22874.950589744098
