124.81 27.34 0.50 1035.32
39.22 180.86 0.59 5050.85
149.44 31.93 0.49 9551.79
140.71 120.77 0.50 5465.20
91.20 153.45 0.55 2040.53
16.94 27.42 0.53 4547.57
179.42 113.45 0.38 2490.09
86.46 11.22 0.47 9679.45
172.66 290.46 0.52 6691.11
154.94 352.86 0.39 2752.74
144.19 303.44 0.60 7032.14
141.55 217.66 0.52 2144.27
14.87 251.79 0.58 4955.86
18.46 377.97 0.56 2946.09
88.22 259.32 0.55 6027.67
80.42 249.62 0.49 6986.93
10.59 581.78 0.43 7008.04
170.66 510.47 0.60 2098.97
128.91 564.49 0.36 7435.57
174.97 549.37 0.54 5584.91
64.40 415.53 0.36 5154.59
52.48 419.58 0.54 3711.03
5.78 559.04 0.36 5523.92
150.76 546.47 0.46 2877.77
195.11 648.86 0.60 4056.95
131.69 764.14 0.58 6717.68
68.24 774.35 0.50 7903.77
196.57 615.19 0.56 4878.90
98.20 769.04 0.55 2870.65
197.56 733.75 0.60 6412.96
185.74 671.36 0.49 2970.61
88.93 621.05 0.46 9597.84
83.96 882.88 0.26 5169.29
157.48 960.94 0.48 6065.62
20.74 839.18 0.58 4418.15
108.04 803.44 0.53 6651.62
171.92 836.65 0.29 6016.84
48.52 810.54 0.41 -33480.59
51.28 871.92 0.43 2511.40
190.24 988.21 0.41 1914.04
386.31 149.71 0.41 4816.62
354.13 183.85 0.60 1057.53
363.43 142.71 0.48 5590.87
390.61 103.81 0.60 3663.71
322.30 3.85 0.54 3080.88
344.22 172.23 0.60 2945.59
297.08 156.76 0.38 5269.82
293.92 146.13 0.49 6006.05
334.90 335.66 0.59 2665.06
354.48 362.04 0.58 9218.20
243.88 221.47 0.59 7169.93
264.31 359.11 0.45 2808.75
225.38 369.92 0.60 2958.52
247.24 366.96 0.56 5382.50
344.60 252.10 0.44 1552.13
394.14 256.54 0.37 2996.77
380.28 511.22 0.48 3378.79
397.02 544.13 0.39 3300.09
317.27 594.14 0.60 7956.76
334.34 520.54 0.52 7177.38
223.03 515.64 0.26 2952.08
306.53 428.27 0.32 5841.83
350.64 490.39 0.48 7259.07
338.09 557.82 0.49 2584.17
288.76 701.37 0.51 2644.64
399.92 781.86 0.56 5378.42
277.65 617.59 0.37 2429.44
296.80 723.74 0.32 4168.30
263.12 671.22 0.34 3641.78
303.83 798.70 0.54 4393.92
206.62 724.83 0.42 1486.58
209.43 770.60 0.58 6361.32
388.29 945.66 0.60 3613.29
238.41 930.71 0.57 2154.63
222.67 835.81 0.36 2935.65
291.32 818.40 0.37 4196.96
254.47 904.14 0.42 4707.47
364.86 899.04 0.46 3385.49
359.37 838.76 0.30 4175.87
381.79 958.96 0.58 3756.61
443.06 9.23 0.58 2265.82
548.08 148.41 0.48 5400.89
504.34 79.03 0.55 4897.50
571.87 79.35 0.50 3594.82
454.31 4.32 0.53 2852.24
518.28 80.00 0.40 1853.82
476.38 108.76 0.47 3076.12
470.86 156.39 0.57 2513.08
451.03 339.01 0.59 6746.04
529.33 350.11 0.31 3377.03
429.97 236.81 0.38 4745.15
502.45 292.03 0.60 3415.09
409.02 382.45 0.55 4536.37
428.86 290.85 0.52 5690.31
410.09 375.62 0.60 4304.47
581.07 290.87 0.60 1306.19
473.87 532.16 0.42 2771.22
502.34 438.81 0.56 3604.10
461.62 442.19 0.48 919.13
476.64 565.42 0.39 5160.25
475.83 581.50 0.52 2720.65
506.03 544.12 0.31 3715.36
467.98 433.31 0.30 3085.63
444.90 590.06 0.46 3074.15
499.96 659.26 0.57 4382.56
504.93 640.07 0.47 3397.61
498.79 640.78 0.60 2583.86
575.74 642.57 0.60 7271.87
585.57 601.93 0.52 8601.62
406.49 629.14 0.60 2278.32
594.14 688.36 0.43 5013.78
445.77 735.09 0.45 6243.62
518.09 963.27 0.47 5406.03
482.92 817.73 0.39 2864.12
501.93 972.82 0.60 4127.93
502.68 873.03 0.32 3901.77
473.19 954.66 0.53 1980.90
505.52 926.02 0.55 5289.90
469.79 917.17 0.55 -483.33
458.71 951.53 0.57 2582.52
670.18 84.13 0.41 3728.30
746.79 130.79 0.45 9980.57
797.07 53.25 0.60 2091.38
652.83 40.30 0.58 3488.68
712.20 74.13 0.42 5285.92
682.68 68.63 0.60 2838.33
788.21 191.33 0.21 3895.92
600.05 50.32 0.32 3247.19
725.10 301.49 0.50 1747.90
674.10 263.63 0.33 2652.71
793.33 221.14 0.55 3019.18
754.66 374.90 0.51 7202.89
697.66 306.44 0.44 3153.57
607.03 253.37 0.45 8454.44
635.53 264.85 0.43 3541.16
608.79 256.91 0.23 4360.49
605.44 521.12 0.36 4372.10
751.56 519.51 0.47 5423.62
717.11 431.43 0.36 2939.51
612.26 506.18 0.46 1463.07
711.88 448.95 0.56 3822.51
674.05 481.66 0.50 7775.63
686.53 509.87 0.54 4525.89
697.94 421.24 0.60 3232.76
738.37 621.41 0.41 3824.41
770.02 627.23 0.60 2212.18
764.63 746.78 0.60 2122.55
640.83 691.87 0.60 3227.76
774.23 641.23 0.47 6745.79
749.64 722.69 0.54 792.12
621.79 655.87 0.60 7066.83
713.77 679.32 0.60 6114.50
768.59 862.26 0.47 2183.44
700.23 835.17 0.48 4161.38
654.75 966.74 0.49 581.31
675.09 986.08 0.60 1918.09
640.13 875.23 0.49 2252.51
757.08 877.46 0.37 2083.09
652.46 833.97 0.53 5738.68
781.53 876.88 0.52 5367.82
825.70 56.45 0.51 4311.27
996.99 7.77 0.46 1715.94
836.90 61.61 0.60 296.34
843.06 29.14 0.57 1522.34
812.19 31.25 0.41 2183.37
839.87 158.14 0.39 4480.37
869.21 29.55 0.56 563.22
927.83 82.20 0.53 1074.89
816.28 275.28 0.60 3549.78
883.86 282.13 0.39 4722.74
922.85 357.33 0.42 6310.24
831.75 364.58 0.23 4456.65
828.13 262.22 0.36 4958.50
802.90 287.52 0.60 3887.23
982.62 279.26 0.60 6629.06
916.07 271.81 0.42 1098.49
976.96 407.44 0.60 2439.55
874.39 430.78 0.47 1329.77
929.26 444.05 0.60 5129.06
839.47 584.59 0.60 6029.94
872.70 577.15 0.60 2601.07
856.56 424.56 0.59 7385.87
926.50 529.61 0.39 4004.92
960.08 419.91 0.41 2139.03
933.17 723.28 0.52 4004.79
952.77 739.71 0.60 2353.20
971.99 707.12 0.43 2156.39
992.88 784.17 0.60 5197.54
992.67 657.24 0.50 2254.53
836.69 673.33 0.39 3254.90
974.56 646.45 0.27 2603.39
908.47 612.20 0.41 3474.03
999.05 836.30 0.47 3565.58
879.80 934.44 0.53 1372.15
837.94 924.51 0.38 1257.99
804.84 945.62 0.34 4312.93
865.10 984.83 0.41 1667.26
820.60 843.24 0.40 3186.10
872.07 997.19 0.54 2620.53
863.62 856.08 0.44 3201.03
