84.99 108.10 0.44 6145.62
79.69 131.89 0.32 4243.33
196.71 140.89 0.59 3670.06
47.99 65.53 0.37 2440.28
94.75 100.80 0.60 3441.06
134.48 34.68 0.48 5759.96
68.99 359.22 0.50 5920.72
130.27 391.03 0.49 4849.64
48.69 394.47 0.53 3327.33
25.72 318.57 0.47 5801.05
189.95 272.75 0.48 3071.52
28.67 270.41 0.36 3334.96
75.06 414.91 0.46 4893.40
160.15 491.43 0.60 2915.70
43.30 593.88 0.38 2776.89
15.65 420.30 0.58 4513.87
13.73 414.62 0.48 4664.39
81.79 401.92 0.60 8508.80
82.01 760.70 0.31 3085.00
118.58 768.32 0.42 3692.41
42.01 756.09 0.50 6176.16
33.52 777.24 0.52 4314.30
45.26 739.83 0.60 4702.80
152.24 738.08 0.49 2907.63
140.84 967.26 0.50 6396.98
95.13 810.96 0.38 4599.12
111.58 889.83 0.38 2188.62
8.05 806.24 0.41 2830.15
168.43 917.56 0.58 8491.34
189.50 854.54 0.37 1898.67
265.88 50.54 0.54 6188.31
276.95 175.80 0.47 4511.83
315.97 149.02 0.47 5544.75
278.71 172.84 0.44 9724.06
282.12 71.08 0.42 8857.38
213.13 118.53 0.48 3958.75
358.51 208.34 0.53 4955.47
244.81 231.60 0.49 5126.14
340.39 255.71 0.44 5718.18
284.22 371.00 0.54 4989.88
303.39 332.36 0.37 4976.49
293.23 307.94 0.60 2687.21
359.23 580.20 0.60 4698.94
311.03 540.17 0.39 5009.74
249.64 551.83 0.60 4886.94
232.94 568.76 0.60 2455.21
212.07 412.87 0.48 4773.83
357.16 474.59 0.43 4334.68
318.67 668.95 0.60 3416.51
380.73 795.70 0.45 7468.79
238.54 793.13 0.36 3133.67
345.85 771.38 0.29 3984.06
288.41 651.82 0.56 4431.75
320.86 694.73 0.42 3926.65
252.29 997.61 0.52 4291.29
291.77 937.47 0.43 4414.47
287.15 824.39 0.60 8255.10
266.06 949.79 0.60 5831.12
207.30 814.90 0.50 5322.75
291.12 948.90 0.56 5916.61
534.42 120.06 0.53 5828.58
425.39 186.01 0.60 4608.73
532.20 136.49 0.51 4686.41
422.68 194.94 0.58 3908.81
406.68 9.39 0.39 10081.21
550.82 96.44 0.54 6713.62
487.57 250.58 0.55 4210.96
429.71 260.47 0.49 2475.32
587.10 232.64 0.56 8382.96
520.21 329.92 0.51 7897.63
505.07 316.05 0.52 5059.29
515.98 321.32 0.43 3008.74
415.65 525.35 0.44 5423.12
526.72 590.14 0.55 3695.69
469.27 496.59 0.51 6658.34
533.34 490.68 0.40 4960.07
422.73 521.57 0.49 4158.22
523.14 450.39 0.36 4499.07
416.64 678.30 0.60 6179.44
500.94 758.05 0.60 3868.93
541.56 700.58 0.53 4505.22
593.94 722.52 0.35 5139.34
494.35 718.45 0.56 5765.36
552.97 625.66 0.46 7130.90
530.26 944.31 0.51 4573.42
593.26 888.29 0.60 5146.68
512.06 933.73 0.43 4346.94
515.87 870.26 0.45 4670.26
412.15 842.81 0.47 5617.36
451.85 881.75 0.60 3471.69
720.78 181.78 0.33 6185.56
636.95 165.39 0.60 5537.61
684.43 133.39 0.52 5422.96
614.35 106.43 0.37 4770.66
747.08 63.54 0.32 5534.73
661.70 93.05 0.55 4644.92
654.70 273.61 0.47 3432.13
790.37 303.39 0.28 5683.21
688.90 380.38 0.60 5815.37
622.94 281.24 0.60 5841.27
755.02 346.47 0.54 9281.62
755.85 231.19 0.55 5976.50
678.01 446.58 0.42 3741.74
713.10 569.20 0.45 3901.26
705.77 508.52 0.40 4571.13
727.07 444.15 0.49 2892.93
720.82 585.77 0.53 3976.99
783.57 418.04 0.40 9553.02
625.09 752.72 0.51 3042.61
757.11 686.12 0.36 5074.12
746.56 682.09 0.48 6389.23
763.87 754.66 0.60 3624.12
664.83 661.13 0.60 3840.55
743.10 622.65 0.46 3355.42
748.95 823.50 0.53 5211.75
701.60 977.28 0.60 3847.25
725.23 870.47 0.56 3928.19
728.58 861.65 0.57 4711.90
752.75 873.22 0.49 3121.55
782.65 891.97 0.41 2200.73
923.97 144.32 0.48 4999.35
962.27 72.61 0.37 8870.40
840.53 86.77 0.38 4276.71
876.13 138.38 0.60 2924.56
859.51 135.83 0.59 3796.92
953.57 160.65 0.48 4984.77
880.97 347.74 0.49 6763.87
982.77 360.14 0.60 7353.43
926.18 342.81 0.55 6654.47
974.97 310.53 0.42 4886.66
815.50 346.37 0.60 3669.74
897.63 366.99 0.60 4078.86
938.30 427.61 0.60 5782.37
831.97 421.74 0.55 10668.96
853.13 501.12 0.51 8253.76
953.05 501.63 0.52 4698.19
804.21 518.92 0.60 4725.35
971.60 575.74 0.49 3069.51
874.05 783.72 0.57 6984.67
915.90 654.56 0.48 4269.88
878.80 750.17 0.31 10753.75
858.13 615.25 0.60 5555.56
802.96 611.02 0.58 5388.08
826.88 634.49 0.28 4107.55
905.95 998.49 0.42 3701.35
800.13 924.83 0.55 3802.64
838.19 999.34 0.43 4263.37
912.13 952.84 0.50 4049.52
943.64 898.01 0.32 2963.71
943.28 823.63 0.39 3912.24
