104.36 50.87 0.33 2361.42
22.22 182.60 0.55 6398.35
137.02 185.17 0.60 5879.64
48.65 63.35 0.39 2122.99
183.11 137.85 0.50 4239.92
136.10 15.20 0.48 2669.28
157.74 17.57 0.36 3002.47
179.13 247.35 0.41 3054.59
137.52 211.81 0.53 2659.12
167.67 308.64 0.42 2236.86
88.10 386.15 0.60 5704.28
104.02 374.45 0.51 2473.28
198.11 304.62 0.53 3452.59
112.71 271.67 0.28 3330.46
75.92 481.16 0.54 5401.11
175.26 595.81 0.50 3262.94
165.42 483.40 0.32 4591.07
123.60 418.03 0.30 8234.38
86.97 501.03 0.54 7159.08
94.02 573.39 0.60 1234.34
47.21 597.15 0.60 3657.00
81.20 762.52 0.50 7907.48
55.09 718.52 0.48 4447.06
148.13 729.37 0.52 3446.10
32.83 793.38 0.50 4871.56
38.82 747.65 0.37 3954.53
73.73 639.80 0.50 9694.75
63.04 665.19 0.56 5448.66
24.71 986.41 0.45 1027.64
45.88 995.95 0.38 2083.42
64.32 817.27 0.50 3130.18
193.11 930.79 0.60 3247.58
126.79 977.08 0.47 1219.55
129.76 911.98 0.48 6388.94
7.37 899.35 0.60 1523.47
235.73 189.63 0.38 4919.25
212.09 84.80 0.46 9662.85
349.11 16.89 0.60 8635.42
393.64 17.82 0.50 4593.93
277.75 58.16 0.44 2102.20
322.16 180.65 0.43 2181.29
223.43 99.54 0.60 7252.46
252.23 251.59 0.58 2650.74
206.39 290.35 0.53 4720.10
397.34 323.93 0.47 1942.10
255.11 249.21 0.25 5455.40
314.42 267.88 0.42 3584.32
335.80 302.61 0.52 3934.86
282.04 227.13 0.44 4224.54
298.37 543.23 0.59 3448.34
213.21 571.48 0.53 2412.29
325.64 400.38 0.60 5027.28
374.72 554.22 0.48 4450.04
284.39 485.69 0.54 4861.77
309.97 522.47 0.58 6219.17
393.34 525.23 0.49 2234.16
268.95 647.58 0.33 3193.26
226.81 700.43 0.57 3559.58
317.46 750.06 0.52 2205.06
206.04 700.66 0.43 2588.96
254.13 644.42 0.60 8205.28
347.27 667.81 0.31 4200.47
306.00 677.47 0.38 4696.62
289.14 977.99 0.45 5126.58
298.24 996.49 0.60 294.09
231.89 950.38 0.57 3911.50
334.48 827.87 0.52 6478.49
322.74 946.19 0.60 5581.11
200.49 977.92 0.51 2984.96
386.75 817.04 0.60 9691.99
421.61 94.43 0.28 4791.59
460.86 91.88 0.48 3620.29
554.68 109.95 0.42 2707.24
441.05 46.46 0.47 4767.45
548.11 91.02 0.44 5671.44
588.85 14.01 0.50 4878.93
484.18 99.31 0.47 5726.16
521.51 316.95 0.49 5094.73
431.38 203.82 0.40 3987.76
564.60 276.80 0.54 3309.00
477.91 208.61 0.49 3246.43
449.41 386.97 0.60 4341.77
540.89 394.80 0.37 3807.74
420.83 380.19 0.60 6604.21
416.72 429.76 0.60 4613.37
443.68 412.81 0.24 3326.10
513.82 453.80 0.51 4235.68
597.10 536.97 0.54 6614.55
549.88 450.88 0.60 4575.50
553.61 443.21 0.54 6459.17
433.10 469.20 0.60 3998.07
426.92 667.09 0.28 5041.70
556.25 795.60 0.60 2099.78
589.02 785.26 0.45 4460.03
415.15 689.90 0.59 5052.33
578.57 728.35 0.49 2109.76
481.40 746.03 0.47 3948.47
421.18 686.95 0.36 3786.24
498.36 937.56 0.53 3459.28
475.16 900.01 0.43 2052.97
578.02 873.60 0.60 3026.12
455.91 827.40 0.38 6237.47
471.01 922.20 0.57 3979.17
418.48 952.59 0.36 1668.76
457.37 928.47 0.45 3967.38
782.54 145.01 0.49 5996.46
662.73 77.05 0.45 3416.51
695.51 28.48 0.40 2542.52
623.32 51.89 0.44 10519.00
768.86 135.50 0.43 3118.82
678.56 199.66 0.49 5284.05
691.22 150.39 0.47 3080.75
719.04 327.09 0.46 3105.50
786.27 282.62 0.50 6213.21
745.26 306.21 0.37 2875.86
610.58 246.25 0.37 2262.58
734.60 310.13 0.47 3836.45
759.19 249.88 0.60 3412.91
601.51 385.31 0.54 5195.96
613.29 488.07 0.47 4948.78
685.84 490.06 0.42 2814.67
733.67 470.72 0.46 10330.60
666.90 547.86 0.40 4578.32
635.43 422.44 0.55 9069.97
716.04 488.35 0.42 6346.52
706.87 561.24 0.60 3572.84
658.62 714.21 0.50 3176.31
682.12 651.61 0.50 4889.74
696.38 759.63 0.41 3522.06
679.36 718.57 0.35 4046.38
722.85 681.75 0.49 3990.07
718.74 676.98 0.47 2798.24
650.03 781.53 0.60 7289.20
639.99 949.86 0.48 3943.78
775.13 909.41 0.32 4911.18
607.73 841.53 0.52 4569.20
793.32 831.18 0.37 6487.43
726.87 827.11 0.50 3625.46
716.37 930.14 0.30 2425.13
617.52 893.45 0.36 4096.78
961.07 191.96 0.34 1992.20
905.19 159.00 0.53 6456.68
904.41 29.49 0.56 8006.77
879.88 38.12 0.42 2339.90
863.00 140.85 0.51 2794.95
842.00 155.77 0.51 4528.77
877.62 147.93 0.31 4275.07
995.97 391.48 0.51 7109.78
994.82 317.72 0.44 3355.46
923.02 315.71 0.60 3203.87
830.36 380.11 0.41 4361.82
888.35 218.20 0.42 2708.02
963.40 236.89 0.60 8300.74
960.45 366.66 0.60 3848.45
971.74 523.37 0.51 10457.98
956.75 577.05 0.40 3205.57
964.42 595.35 0.41 4528.62
918.24 444.94 0.59 2794.77
946.67 493.06 0.60 3480.26
899.37 524.16 0.54 3563.87
830.40 540.02 0.32 3654.61
812.42 669.53 0.59 2697.40
858.87 740.60 0.48 3541.28
818.57 675.32 0.49 4069.35
948.85 784.92 0.26 2751.75
979.97 735.73 0.50 9902.18
930.06 653.98 0.60 4132.01
860.51 733.03 0.51 4916.70
978.45 811.93 0.35 3333.67
926.86 908.07 0.60 2504.84
833.70 976.48 0.34 3494.83
810.28 872.52 0.45 3976.54
821.86 953.88 0.38 1601.49
859.55 850.07 0.44 2903.26
809.29 901.84 0.47 6360.08
