599.08 660.54 6625.27 0.43 
655.62 596.61 6951.33 0.41 
1021.19 552.47 6411.39 0.27 
852.03 982.79 6373.37 0.22 
1211.14 564.22 6698.34 0.45 
562.30 1214.09 6944.32 0.37 
967.37 682.09 5876.91 0.42 
787.81 945.75 6296.57 0.29 
646.04 574.09 5832.12 0.45 
560.12 832.07 7145.76 0.45 
1380.07 666.61 6952.43 0.32 
765.81 923.25 6886.12 0.51 
962.29 716.89 5601.55 0.45 
771.74 571.83 6192.71 0.61 
788.34 617.20 6680.90 0.33 
623.62 698.40 7215.17 0.42 
701.88 599.94 6352.81 0.35 
672.28 938.67 7092.09 0.42 
748.84 931.17 6840.31 0.27 
644.51 728.82 7207.93 0.40 
720.29 720.99 6159.80 0.46 
846.93 813.84 7129.77 0.54 
547.04 634.32 6680.36 0.37 
807.20 679.27 6394.07 0.46 
1132.53 745.65 6231.81 0.45 
1215.60 801.37 6661.98 0.61 
1118.70 995.34 7454.92 0.36 
1135.44 985.90 6250.07 0.36 
603.50 879.70 7760.97 0.55 
877.56 766.58 7396.95 0.29 
781.25 893.57 7439.00 0.27 
668.86 794.94 6026.62 0.47 
1063.46 935.10 6450.25 0.53 
985.73 1065.13 6186.23 0.30 
591.58 809.13 5766.52 0.29 
1174.90 549.63 7058.95 0.33 
669.66 667.62 5884.00 0.40 
616.93 691.92 6027.00 0.52 
876.00 807.00 6991.77 0.34 
987.76 738.63 6500.32 0.49 
694.07 1035.68 6175.02 0.35 
729.50 1376.13 6863.17 0.39 
820.89 714.75 5627.60 0.41 
607.96 689.52 6311.82 0.63 
1024.51 1187.05 7816.77 0.27 
616.66 832.00 6660.27 0.37 
1081.13 1131.22 7557.30 0.41 
1217.68 543.32 7052.00 0.36 
548.47 715.01 4451.08 0.52 
650.92 588.66 5278.88 0.54 
936.44 1253.57 7340.81 0.55 
627.17 1082.94 6171.76 0.49 
589.07 1154.23 7062.76 0.41 
990.41 994.64 6665.80 0.49 
924.77 1013.70 7049.62 0.33 
668.62 644.05 7160.63 0.40 
564.37 1079.12 7171.46 0.54 
801.70 1161.35 6326.71 0.31 
1269.40 556.72 6676.49 0.67 
903.55 940.49 6337.93 0.39 
989.64 1269.25 6802.15 0.41 
862.70 544.55 6495.64 0.48 
569.99 565.83 7257.13 0.41 
1098.45 927.51 6833.15 0.45 
1045.78 698.13 7543.46 0.31 
621.78 568.94 6589.19 0.47 
774.19 995.91 6859.83 0.27 
849.69 677.16 5678.76 0.24 
727.20 783.20 5995.46 0.32 
654.68 593.99 6391.75 0.58 
606.91 730.00 5972.87 0.41 
972.72 725.94 6250.12 0.38 
671.80 567.98 6132.83 0.47 
1122.79 767.95 7313.94 0.37 
913.57 834.04 6405.85 0.20 
602.55 543.76 6159.89 0.28 
838.52 757.86 7006.74 0.44 
656.53 725.07 7151.41 0.28 
689.92 599.18 6951.92 0.45 
918.10 543.08 6597.22 0.48 
1066.33 964.15 6798.30 0.31 
624.49 684.04 6921.94 0.23 
701.17 702.66 6704.07 0.46 
977.41 1088.53 6334.40 0.43 
812.48 660.21 7120.93 0.46 
760.98 935.22 5486.84 0.26 
719.32 749.82 5979.66 0.32 
784.70 1133.83 7885.62 0.36 
748.59 608.04 5761.86 0.35 
778.46 1288.58 5757.43 0.41 
766.00 586.33 7512.04 0.48 
