64 41 71 3 38 42 8 56 66 6 75 15 28 46 39 7 40 1 43 74 63 70 27 23 2 58 48 54 35 59 45 47 10 5 21 69 36 19 53 51 50 57 61 52 32 34 65 22 29 67 68 26 60 4 24 18 62 44 13 49 31 17 25 16 33 12 11 37 30 14 72 9 55 20 73 
Best fitness: 0.60
62 75 15 56 8 2 58 42 38 43 71 3 22 41 13 47 10 21 66 23 54 64 12 35 46 39 60 40 65 70 59 45 69 53 51 50 27 25 73 49 33 57 61 36 1 14 72 37 52 67 63 28 30 5 44 48 17 29 18 11 74 19 7 68 31 26 4 9 55 32 34 24 6 16 20 
Worst fitness: 0.69

Mean: 0.64

Standard deviation: 0.00
3 65 71 33 38 56 15 75 40 7 39 30 66 46 10 42 8 23 44 2 58 41 13 35 21 69 67 57 52 50 43 74 59 63 53 51 36 22 70 27 54 64 62 29 32 11 37 72 1 28 45 47 49 12 19 4 60 68 20 31 73 17 18 34 16 26 6 14 9 61 55 24 25 48 5 
Best fitness: 0.58
3 38 56 40 43 57 67 42 35 13 41 45 33 65 22 70 71 36 69 47 66 10 8 49 23 2 58 44 15 75 21 28 5 54 64 62 29 52 50 51 53 19 39 46 27 25 12 16 24 55 32 34 11 37 7 4 68 60 74 59 63 72 9 61 18 48 17 31 20 26 1 30 6 14 73 
Worst fitness: 0.70

Mean: 0.63

Standard deviation: 0.00
