22 13 19 24 2 40 41 38 43 25 39 4 49 10 7 12 5 36 26 8 37 21 33 20 23 11 34 47 15 9 1 30 46 48 32 6 16 17 35 14 28 31 50 42 29 27 3 44 45 18 
Best fitness: 0.35
13 2 1 24 32 12 10 49 46 43 40 41 38 25 39 19 36 6 23 5 11 26 22 8 37 21 20 4 9 15 47 34 31 35 30 27 33 29 50 16 28 7 42 17 18 44 3 45 48 14 
Worst fitness: 0.38

Mean: 0.37

Standard deviation: 0.00
36 13 19 2 24 32 1 41 40 43 39 25 27 46 4 48 49 20 7 10 12 5 15 23 11 6 38 30 33 37 42 8 50 26 22 18 14 35 28 34 47 21 29 9 3 17 44 45 16 31 
Best fitness: 0.35
19 2 24 43 4 46 12 10 21 33 27 40 41 39 25 44 26 17 13 36 22 18 11 5 20 49 23 31 34 47 37 8 3 38 6 30 32 1 50 45 29 48 35 14 28 15 9 7 42 16 
Worst fitness: 0.39

Mean: 0.36

Standard deviation: 0.00
