755.60 443.04 5970.98 0.30 
218.65 865.36 6508.80 0.61 
743.05 371.10 6782.55 0.28 
517.87 346.93 7643.20 0.30 
835.04 399.27 6657.42 0.43 
966.97 534.09 6354.96 0.34 
23.21 447.95 6458.76 0.56 
840.44 929.21 6926.50 0.42 
971.00 74.99 7015.99 0.09 
737.73 533.67 5397.90 0.32 
458.94 103.90 6013.56 0.56 
34.13 960.58 7311.97 0.40 
625.33 325.40 5577.86 0.42 
342.63 184.43 5945.89 0.49 
883.89 209.64 6495.52 0.55 
545.55 477.41 5465.52 0.48 
756.71 958.85 4782.26 0.44 
745.94 783.53 6789.79 0.16 
561.23 669.20 6267.62 0.50 
186.58 918.39 6301.91 0.33 
862.33 150.49 5675.45 0.49 
598.85 916.43 6457.13 0.25 
347.13 819.40 6475.69 0.40 
87.72 522.47 7258.18 0.29 
636.93 487.91 6359.75 0.51 
998.00 10.07 7481.57 0.54 
925.91 214.33 6901.71 0.39 
910.11 54.93 5229.98 0.23 
971.72 279.27 6560.92 0.40 
102.83 473.52 6079.90 0.47 
174.07 849.88 6780.01 0.33 
320.80 10.28 7581.52 0.37 
411.33 767.21 6953.34 0.45 
275.26 604.66 6924.03 0.35 
183.72 848.85 6478.20 0.29 
967.15 352.03 6289.94 0.52 
988.52 60.55 7439.08 0.40 
89.29 680.69 6701.18 0.36 
856.08 249.36 5555.23 0.39 
574.22 666.68 5369.53 0.46 
564.58 921.35 7658.29 0.25 
899.27 296.07 6078.41 0.38 
261.71 817.74 6246.27 0.40 
332.60 332.87 7279.30 0.27 
417.48 26.01 5071.51 0.26 
652.48 62.69 7264.52 0.47 
156.47 741.36 7150.55 0.56 
444.62 936.61 6731.87 0.36 
840.32 956.82 6383.29 0.24 
285.13 245.83 5711.65 0.39 
141.03 647.95 7292.57 0.40 
553.21 699.55 5181.42 0.53 
939.55 974.67 7370.88 0.54 
350.20 772.99 6511.70 0.22 
956.34 644.93 6452.10 0.36 
790.33 129.65 6462.08 0.21 
655.23 573.32 6682.57 0.33 
491.77 323.62 6340.90 0.31 
319.03 975.46 6366.44 0.35 
350.89 452.37 6552.92 0.53 
265.03 922.34 5548.55 0.34 
2.04 884.49 6093.20 0.44 
517.57 447.76 6426.68 0.47 
823.38 635.14 6585.56 0.29 
279.06 568.74 6973.25 0.28 
976.12 238.32 6805.15 0.33 
714.11 9.85 7707.08 0.10 
989.53 979.21 7420.31 0.46 
684.41 185.63 6342.01 0.36 
513.77 342.54 6708.77 0.35 
526.53 713.99 5361.99 0.22 
443.53 320.32 5204.92 0.11 
956.38 732.18 6806.73 0.38 
8.29 450.79 6355.24 0.42 
1.49 843.46 7472.95 0.50 
174.80 853.14 6692.81 0.49 
117.44 120.08 6802.52 0.32 
809.99 131.21 6792.64 0.35 
531.57 158.87 6867.12 0.53 
208.79 474.56 6578.26 0.59 
395.74 369.56 6471.46 0.17 
454.62 43.84 5368.55 0.50 
618.30 62.01 6082.69 0.36 
506.60 326.68 6616.72 0.46 
711.42 282.01 7155.76 0.21 
206.99 453.52 6359.16 0.42 
637.69 972.24 6484.43 0.44 
587.03 913.17 5495.55 0.50 
302.27 856.47 5839.61 0.41 
885.85 975.36 7687.81 0.37 
926.11 363.95 6871.27 0.39 
753.45 760.91 6859.23 0.34 
289.40 33.46 7222.50 0.25 
807.87 976.42 7443.48 0.23 
571.59 722.91 6481.78 0.41 
383.18 103.93 7147.39 0.48 
879.14 862.70 7275.39 0.62 
217.29 390.40 6252.53 0.40 
269.37 145.40 6918.92 0.38 
468.60 477.77 6289.19 0.43 
199.02 859.86 7641.42 0.35 
752.03 441.36 6855.86 0.34 
480.46 425.92 7071.44 0.37 
486.58 429.67 7301.51 0.50 
473.99 142.91 6976.52 0.24 
338.07 917.88 6246.20 0.49 
917.86 257.71 6474.52 0.32 
717.27 773.76 7244.56 0.39 
362.87 919.94 7634.60 0.30 
400.95 191.10 6821.64 0.41 
77.77 604.73 7223.85 0.24 
332.95 950.20 7102.67 0.44 
795.95 38.15 7381.73 0.35 
436.47 127.73 6966.83 0.52 
131.57 394.80 6918.78 0.62 
934.53 83.38 6699.95 0.44 
581.11 597.46 7238.50 0.33 
792.36 413.70 6838.85 0.30 
999.26 430.40 6146.64 0.32 
725.61 276.79 6558.59 0.59 
379.02 82.65 6090.43 0.60 
978.42 574.38 7047.77 0.50 
836.22 817.19 6888.47 0.28 
183.39 530.53 6958.85 0.26 
387.12 74.15 6246.02 0.43 
944.79 154.32 6425.78 0.43 
482.54 269.73 6768.28 0.40 
910.36 422.64 6680.17 0.39 
217.68 360.37 7561.87 0.41 
546.17 102.13 6922.13 0.44 
647.71 369.77 5442.01 0.40 
332.70 356.29 7276.70 0.41 
6.94 193.54 7463.56 0.41 
844.62 395.75 6906.23 0.32 
733.49 224.47 7866.36 0.36 
48.66 742.45 6368.72 0.28 
750.40 505.95 7431.53 0.30 
994.15 338.49 6783.53 0.50 
233.79 0.42 5561.33 0.47 
924.21 961.15 5923.17 0.64 
223.40 135.18 7044.45 0.41 
197.52 758.37 6982.88 0.34 
592.80 493.58 6788.79 0.35 
483.57 324.44 6096.34 0.56 
616.99 494.53 6260.85 0.45 
629.03 550.95 6856.98 0.64 
251.27 236.43 6333.88 0.31 
748.50 550.15 7111.52 0.58 
195.50 668.66 5697.28 0.46 
276.41 620.29 7567.62 0.32 
365.82 640.51 5725.66 0.47 
