1241.33 650.49 6874.45 0.42 
720.97 1031.11 7782.14 0.41 
804.69 1231.06 5821.62 0.47 
701.35 672.45 6908.04 0.15 
611.61 643.27 6145.04 0.34 
849.83 549.60 6663.37 0.65 
728.57 839.33 6211.15 0.46 
946.05 657.74 7269.15 0.17 
791.23 914.54 6801.70 0.47 
556.04 987.27 6426.40 0.32 
615.58 609.39 6147.40 0.30 
550.63 1108.52 6002.78 0.43 
1131.08 894.11 6781.74 0.40 
671.53 558.41 7356.54 0.46 
1079.09 781.69 6169.28 0.40 
1336.38 555.68 6388.28 0.36 
783.31 687.00 6126.21 0.34 
732.20 782.39 6615.21 0.37 
703.50 1181.70 7347.73 0.27 
1118.02 659.18 5765.62 0.35 
766.50 772.37 6467.84 0.33 
589.45 849.92 6916.23 0.27 
717.69 555.18 5958.39 0.31 
907.16 1066.20 6997.75 0.45 
699.77 649.92 7089.66 0.36 
546.28 855.42 7171.02 0.24 
745.55 798.77 6426.30 0.51 
831.46 605.57 7085.92 0.54 
731.31 582.69 6521.39 0.47 
1430.30 621.28 7076.25 0.33 
1111.36 1062.18 6482.11 0.42 
620.64 630.07 6027.72 0.43 
548.07 722.97 6037.99 0.16 
623.40 969.56 7252.57 0.27 
864.04 871.67 6557.85 0.33 
626.54 1383.01 5613.94 0.51 
1357.71 1112.21 7132.06 0.27 
640.51 734.34 7191.79 0.50 
721.18 993.57 6702.29 0.45 
967.65 891.47 7310.40 0.46 
981.57 673.39 6359.68 0.45 
807.21 588.94 7065.61 0.49 
971.29 911.06 6549.98 0.32 
587.11 582.43 7028.85 0.54 
1126.21 893.31 7087.59 0.48 
624.32 548.11 6495.62 0.44 
837.80 1011.00 7554.88 0.46 
1182.32 1021.34 6673.34 0.41 
717.49 1125.48 6713.88 0.43 
836.59 543.10 6053.39 0.35 
951.76 880.73 6636.82 0.50 
573.33 650.06 6648.60 0.59 
777.26 812.26 6176.12 0.25 
1139.91 840.39 6813.12 0.59 
697.18 692.55 6545.41 0.44 
634.03 543.93 6652.70 0.33 
1122.07 605.73 6295.53 0.34 
1287.77 809.20 7134.22 0.55 
888.00 909.05 6696.55 0.35 
683.14 1325.82 7721.38 0.35 
611.06 775.58 6195.01 0.31 
1237.01 763.88 5816.74 0.20 
555.96 610.95 7164.91 0.53 
750.77 876.70 7848.35 0.35 
1098.10 682.63 7020.48 0.27 
744.80 739.48 5839.87 0.52 
857.55 861.59 6140.44 0.49 
658.03 1149.51 6335.10 0.47 
729.54 710.87 6511.36 0.43 
993.63 1102.48 6418.04 0.28 
906.39 673.52 6651.82 0.47 
755.22 1642.00 6769.91 0.24 
734.49 1055.85 6125.02 0.49 
698.43 736.31 6475.64 0.37 
561.31 784.54 6705.27 0.46 
917.76 1263.30 6896.36 0.24 
819.20 768.08 5014.88 0.52 
628.62 1005.00 6483.97 0.38 
903.82 832.96 6050.80 0.36 
1013.63 1011.80 7519.55 0.60 
997.68 577.51 5676.84 0.34 
542.12 558.95 6515.55 0.37 
1169.81 1157.92 5980.67 0.50 
592.15 645.20 6418.97 0.41 
709.29 855.47 6416.51 0.47 
648.23 540.96 7563.00 0.43 
1551.28 1169.74 6385.96 0.30 
1058.15 904.27 6802.64 0.18 
763.81 623.60 6012.44 0.32 
668.42 743.59 6508.49 0.02 
827.55 859.77 7208.33 0.51 
