1161.40 715.79 6757.73 0.38 
540.52 921.36 7018.41 0.27 
694.03 1130.31 5879.10 0.27 
590.04 725.32 7155.15 0.23 
662.79 850.72 7126.32 0.43 
558.87 752.79 6957.88 0.31 
627.73 1123.98 6534.72 0.26 
552.14 1574.76 6789.47 0.30 
928.28 962.99 6242.77 0.42 
900.38 603.15 6922.74 0.36 
552.21 1314.47 7073.53 0.36 
588.19 936.68 6600.67 0.49 
1115.97 940.71 7600.08 0.39 
544.30 752.08 6234.88 0.33 
1069.52 1001.92 7017.36 0.61 
686.91 567.59 5285.55 0.52 
605.45 692.79 6481.46 0.60 
991.64 565.09 6940.42 0.26 
971.63 1111.58 7010.94 0.30 
1153.87 678.75 6828.65 0.36 
786.30 597.95 5710.11 0.36 
