604.14 884.27 5943.88 0.55 
573.73 1042.77 7755.54 0.42 
895.18 643.88 7561.85 0.37 
638.73 853.31 6832.03 0.32 
976.05 756.67 6349.62 0.42 
673.58 575.62 6596.18 0.39 
758.99 895.17 7056.02 0.48 
1082.97 927.11 6357.20 0.42 
545.46 833.72 5056.52 0.38 
1128.43 929.06 6051.85 0.19 
990.74 813.60 5795.00 0.41 
605.74 637.53 7682.43 0.47 
1003.93 1010.58 6789.04 0.46 
648.35 548.96 7391.56 0.44 
596.38 772.60 6942.10 0.38 
644.82 902.27 7231.74 0.46 
702.07 697.52 6528.62 0.42 
1077.36 920.00 7093.76 0.34 
735.31 710.45 6287.38 0.39 
886.89 769.23 6730.86 0.39 
649.95 993.77 7266.52 0.32 
803.72 952.72 7445.81 0.54 
965.30 1078.55 7312.44 0.37 
810.33 1225.01 6917.12 0.50 
712.80 676.06 6203.04 0.41 
968.27 619.43 5763.94 0.48 
647.20 1583.68 6415.28 0.31 
1085.70 650.57 6812.27 0.48 
850.87 709.18 6938.19 0.36 
1102.68 653.63 7654.17 0.42 
956.19 710.96 7953.45 0.46 
749.41 620.64 7494.77 0.29 
857.79 724.91 6374.25 0.27 
682.77 630.89 7407.99 0.38 
939.27 716.78 6446.48 0.40 
625.28 617.24 7799.44 0.52 
1000.84 637.68 5782.91 0.46 
1000.10 984.80 7360.28 0.51 
1288.85 581.41 5589.96 0.37 
603.89 658.52 7405.32 0.29 
821.82 737.98 6730.97 0.30 
826.15 693.46 5607.01 0.42 
904.20 543.69 6012.53 0.19 
1517.44 771.19 7392.63 0.36 
698.59 576.56 6823.70 0.19 
755.02 712.40 5447.50 0.35 
587.56 620.04 7256.40 0.27 
813.39 827.84 6497.28 0.67 
712.04 702.52 7329.49 0.26 
949.86 689.94 6000.32 0.38 
830.24 963.47 6387.57 0.42 
1001.47 774.93 7404.02 0.31 
704.86 685.87 6216.34 0.42 
580.10 620.42 6924.01 0.39 
929.08 602.46 5400.09 0.26 
964.05 547.07 6739.83 0.31 
1228.82 691.15 6916.60 0.32 
797.27 912.42 6038.51 0.63 
1165.01 833.34 6123.77 0.48 
1189.52 779.11 4990.98 0.55 
940.84 722.08 6302.84 0.40 
773.65 655.23 7046.86 0.64 
741.40 625.49 6317.04 0.45 
1015.92 730.82 7732.31 0.46 
726.20 1265.90 6581.01 0.41 
596.05 607.11 7014.98 0.47 
738.46 611.51 7849.84 0.49 
675.74 761.40 6767.80 0.38 
1076.54 864.26 6821.18 0.44 
1151.22 574.22 7027.70 0.32 
681.46 1504.44 6840.37 0.30 
