904.84 906.16 6065.25 0.41 
612.23 886.20 6563.54 0.18 
861.95 732.10 5946.33 0.43 
735.64 1325.32 6122.11 0.57 
800.79 728.79 6898.29 0.38 
658.35 772.18 7409.07 0.45 
662.51 705.15 5527.97 0.53 
802.65 685.95 5849.08 0.41 
1091.74 576.31 7561.04 0.36 
1034.87 631.21 6442.75 0.31 
756.22 568.30 7530.54 0.36 
657.37 557.20 6778.31 0.43 
952.66 996.29 6755.60 0.24 
948.14 715.14 7427.67 0.60 
692.41 902.51 7326.20 0.41 
1221.15 555.22 7200.71 0.37 
547.03 897.01 6248.37 0.31 
819.17 904.24 6373.81 0.39 
806.58 771.81 6686.46 0.42 
663.11 617.93 7234.31 0.47 
605.48 609.53 6301.01 0.49 
861.59 794.33 6987.33 0.42 
789.43 866.08 7268.81 0.26 
980.65 670.81 7794.50 0.38 
726.85 641.38 6890.61 0.58 
898.67 627.12 6370.24 0.51 
1223.49 950.24 5932.24 0.24 
969.93 579.65 6800.30 0.25 
616.13 861.58 6750.35 0.50 
894.41 636.53 6268.79 0.40 
563.15 907.09 6230.17 0.38 
816.68 787.67 7433.39 0.43 
643.38 1055.30 5507.47 0.40 
1508.88 649.68 6223.03 0.42 
569.62 634.59 7274.00 0.54 
572.26 561.77 7839.78 0.38 
912.91 678.05 6992.36 0.34 
764.81 1088.25 6798.51 0.57 
677.62 823.95 6737.60 0.27 
876.25 661.88 6141.37 0.45 
769.51 644.89 7239.25 0.60 
1228.40 725.09 7787.82 0.33 
1032.87 893.81 6413.90 0.57 
546.45 630.01 5792.80 0.44 
584.17 903.81 6261.03 0.50 
1004.95 1241.12 6576.11 0.45 
728.92 721.79 6648.36 0.28 
602.38 754.31 6753.66 0.31 
822.23 613.92 6381.10 0.40 
960.41 676.07 6159.77 0.34 
1064.85 842.67 6247.32 0.34 
559.64 698.49 6266.66 0.28 
734.04 1065.95 6990.80 0.31 
752.22 820.46 7702.10 0.43 
860.03 803.95 5918.98 0.41 
780.77 737.39 6430.09 0.38 
1203.86 671.37 5424.25 0.36 
572.71 903.57 6515.65 0.48 
904.39 1099.35 5952.53 0.36 
706.01 547.74 6921.75 0.41 
1168.42 849.10 5498.41 0.60 
741.62 617.04 6613.67 0.40 
656.45 634.53 7288.26 0.44 
822.10 676.65 5568.65 0.25 
734.49 1263.07 6551.22 0.37 
745.50 615.61 6924.58 0.41 
859.55 1233.69 7347.20 0.23 
873.90 576.86 6304.50 0.27 
551.80 674.61 7144.16 0.31 
746.21 626.40 5733.78 0.49 
633.18 653.48 7604.65 0.31 
554.62 1071.54 6612.67 0.42 
669.42 744.35 6700.90 0.43 
794.13 678.84 7001.99 0.19 
613.08 773.02 7915.49 0.49 
888.03 1028.06 6642.77 0.49 
1059.79 557.64 6823.86 0.55 
798.99 873.04 6687.83 0.43 
541.09 632.63 7535.41 0.42 
576.77 723.82 7343.13 0.47 
1259.07 854.98 6273.35 0.43 
