725.73 737.96 6534.73 0.38 
856.54 571.85 7191.89 0.21 
918.85 582.54 6027.88 0.42 
722.80 572.76 6670.46 0.41 
762.43 935.38 6817.88 0.29 
843.94 658.24 6065.39 0.35 
1199.44 1075.02 6889.13 0.42 
731.33 1065.51 5729.88 0.34 
848.67 650.94 7030.70 0.42 
953.63 570.55 7411.41 0.49 
1029.48 864.04 6187.99 0.46 
666.42 633.72 7708.38 0.22 
553.35 800.56 7627.14 0.44 
883.33 1089.60 6294.20 0.34 
660.43 562.36 7932.54 0.39 
790.79 801.15 7815.45 0.41 
665.45 890.26 6493.85 0.40 
1010.46 774.70 6230.13 0.49 
901.68 1618.01 7313.26 0.51 
929.57 941.94 7045.27 0.26 
653.21 663.84 6742.43 0.28 
1061.98 888.26 7314.04 0.31 
906.67 1036.51 7973.18 0.49 
869.42 1006.09 6861.70 0.35 
811.93 1085.77 7089.03 0.41 
795.15 1182.41 5767.82 0.47 
857.26 1131.40 6599.96 0.40 
687.99 935.12 5435.47 0.46 
808.45 544.41 5954.12 0.33 
548.69 1121.41 5998.96 0.22 
632.49 584.42 7401.00 0.33 
