791.08 925.33 6495.57 0.46 
769.75 606.70 6821.21 0.43 
879.70 697.88 7489.50 0.40 
738.95 793.87 6386.27 0.37 
1159.13 984.37 6090.76 0.22 
901.07 593.61 7583.02 0.44 
896.32 860.83 6597.73 0.41 
1423.25 917.76 6416.77 0.32 
884.02 569.33 7230.80 0.46 
839.44 1289.00 6787.59 0.31 
634.63 562.88 7130.12 0.45 
1562.10 829.48 7594.51 0.40 
586.00 808.57 6253.83 0.44 
551.85 623.57 7516.64 0.30 
1369.24 1158.26 6266.79 0.54 
706.53 573.12 6280.28 0.35 
715.53 1409.77 6764.00 0.32 
1435.56 959.86 6482.34 0.55 
656.06 1170.36 6607.68 0.35 
721.95 600.03 6749.37 0.47 
574.82 661.09 7865.59 0.41 
1336.86 673.99 7326.82 0.29 
832.68 782.44 7569.53 0.43 
849.68 917.54 7357.55 0.39 
759.60 1001.20 5810.42 0.53 
571.24 741.42 6018.21 0.41 
540.97 927.26 6490.48 0.35 
641.32 837.92 6644.38 0.45 
576.88 1072.78 7179.55 0.42 
881.70 685.87 7107.88 0.38 
642.24 1149.02 5551.82 0.32 
805.61 623.75 7207.16 0.25 
770.65 1071.07 6367.35 0.36 
588.88 972.91 6356.14 0.31 
1056.17 671.97 7953.34 0.48 
949.18 748.82 7040.07 0.26 
692.09 792.40 6520.18 0.48 
859.59 1031.22 6749.68 0.54 
1269.61 747.27 6694.60 0.30 
1351.64 1224.51 6249.44 0.14 
620.47 575.99 5643.14 0.45 
914.25 692.12 5920.14 0.33 
606.16 1376.88 6974.98 0.36 
787.98 862.09 6103.96 0.43 
586.35 550.99 6201.80 0.36 
615.12 642.64 6864.97 0.35 
541.57 778.34 6410.81 0.37 
850.64 695.04 6207.13 0.32 
1028.83 1057.94 5912.97 0.28 
751.80 1192.84 7165.30 0.33 
609.90 702.34 6949.60 0.49 
859.96 844.91 6349.03 0.47 
1216.55 881.80 6585.31 0.32 
1057.12 1101.40 6717.20 0.58 
856.42 561.32 6882.81 0.36 
1203.99 719.59 6737.84 0.46 
721.88 1115.62 5879.64 0.43 
740.68 594.73 6454.53 0.41 
894.14 829.82 5822.08 0.37 
703.24 662.35 7081.25 0.33 
561.12 708.55 7588.91 0.36 
979.89 718.02 6523.29 0.34 
753.11 1130.90 7281.29 0.43 
636.77 1470.95 6480.81 0.27 
760.30 790.18 7279.03 0.31 
968.07 852.27 6074.86 0.38 
691.22 847.15 7392.14 0.40 
601.58 779.99 6536.56 0.40 
934.03 622.64 6683.83 0.48 
565.72 775.65 7151.07 0.24 
614.78 550.74 6986.99 0.43 
805.33 746.67 6493.33 0.37 
883.72 878.95 7672.90 0.33 
541.63 1048.59 6786.59 0.48 
1088.02 1020.17 6749.57 0.48 
1098.46 955.28 6661.98 0.49 
1169.73 736.04 6407.12 0.54 
622.94 848.91 6926.00 0.46 
604.85 693.81 7104.06 0.35 
569.37 928.23 7087.84 0.35 
584.47 789.05 6328.69 0.50 
582.64 696.00 6311.30 0.59 
778.56 722.10 7731.45 0.36 
749.94 1046.42 6298.59 0.38 
1066.18 799.05 7990.31 0.43 
831.60 686.50 5787.79 0.59 
607.52 1523.31 6984.79 0.23 
604.66 1356.70 6054.77 0.42 
731.16 831.45 7084.06 0.33 
861.57 606.98 6757.25 0.17 
947.63 618.75 7118.93 0.42 
1014.82 918.20 6713.51 0.37 
809.89 834.44 5078.82 0.29 
1100.10 671.16 6628.12 0.26 
892.38 695.92 7000.95 0.51 
806.43 1401.84 7186.26 0.57 
1070.66 576.75 5903.94 0.51 
894.72 773.46 7271.75 0.40 
658.69 566.21 6495.79 0.33 
784.03 1064.98 6484.99 0.50 
713.22 954.21 5608.69 0.33 
