1295.15 1286.21 5859.65 0.33 
1077.99 890.59 7383.74 0.48 
1350.03 807.62 7801.59 0.23 
1577.05 862.83 5731.67 0.39 
587.77 834.64 6769.26 0.49 
948.43 818.70 6129.46 0.33 
727.20 923.38 7327.56 0.41 
664.07 688.53 6388.54 0.38 
739.68 655.11 7019.90 0.34 
647.11 866.20 6548.26 0.48 
763.41 701.22 6980.64 0.59 
771.82 691.53 6740.78 0.47 
609.53 769.62 5978.08 0.54 
947.27 868.69 6543.78 0.37 
659.22 678.39 7675.27 0.29 
1112.92 637.06 6145.76 0.16 
1108.61 1351.52 7442.95 0.38 
1217.79 711.03 5901.92 0.24 
835.02 1212.21 6936.25 0.45 
709.41 1003.75 5957.75 0.26 
740.18 982.09 6534.17 0.59 
782.54 639.54 7050.31 0.30 
659.14 1087.94 7111.39 0.54 
564.70 599.17 6215.55 0.47 
826.07 637.51 6126.53 0.42 
676.28 1371.36 6316.19 0.34 
937.80 1102.77 6783.14 0.19 
900.72 732.94 5889.91 0.39 
946.30 653.51 6069.72 0.34 
1095.43 606.44 5126.97 0.49 
857.57 1212.19 5909.84 0.39 
859.24 1149.24 7276.42 0.26 
750.26 577.87 7192.88 0.37 
1179.43 656.54 6088.80 0.53 
1191.21 592.24 5904.62 0.35 
774.10 1219.25 6691.28 0.48 
1042.65 683.30 6206.22 0.35 
1187.56 1406.00 6406.04 0.24 
1191.25 1148.59 6447.65 0.44 
769.03 697.84 6134.90 0.33 
947.87 678.50 7493.52 0.40 
906.33 591.08 6948.41 0.35 
896.66 846.43 7946.72 0.25 
824.38 872.36 6425.20 0.37 
685.14 1210.13 6856.07 0.39 
1082.14 798.03 6448.71 0.14 
766.82 1117.37 5878.93 0.55 
642.94 671.04 6798.25 0.34 
562.64 989.75 7053.85 0.46 
1162.78 1256.49 7941.80 0.42 
813.58 1088.92 4926.39 0.32 
632.77 885.04 7323.00 0.35 
642.78 667.52 7238.41 0.31 
691.48 833.55 6284.74 0.48 
787.34 989.91 6743.89 0.24 
709.19 1289.44 7551.15 0.44 
549.90 925.63 6711.75 0.50 
768.99 1058.64 6498.38 0.15 
629.86 919.42 6431.33 0.52 
1090.12 683.26 6202.57 0.38 
1028.67 1240.03 7934.68 0.56 
545.24 739.18 6578.47 0.32 
807.40 941.20 6454.81 0.35 
1678.50 785.56 7203.55 0.42 
739.43 719.87 6381.56 0.37 
862.97 926.59 6793.51 0.42 
1102.98 632.24 5409.77 0.25 
648.19 935.14 6231.14 0.34 
1250.97 666.99 7343.17 0.28 
700.37 1034.67 7142.69 0.30 
1110.11 857.54 6887.35 0.49 
1165.52 572.10 6839.10 0.33 
724.01 707.70 6520.21 0.55 
728.35 1016.25 6448.13 0.36 
904.03 825.18 6600.00 0.32 
839.92 984.37 6247.89 0.47 
852.97 995.04 7140.67 0.45 
577.77 658.88 7119.78 0.36 
773.69 772.22 7346.34 0.31 
631.15 759.21 6268.74 0.35 
825.74 765.60 7057.33 0.36 
629.33 778.74 6881.16 0.47 
1052.10 573.27 7505.42 0.43 
830.86 876.52 6266.09 0.32 
715.69 578.75 6160.39 0.29 
1163.12 651.95 6788.97 0.39 
717.89 1026.56 7332.12 0.47 
652.56 749.20 7718.35 0.30 
987.01 775.92 7598.26 0.45 
657.33 630.36 6213.12 0.43 
672.29 821.21 7444.54 0.31 
677.84 894.60 6645.11 0.34 
794.81 1066.73 6727.33 0.36 
1613.63 1125.04 6781.44 0.37 
859.40 853.48 6420.28 0.45 
621.89 744.30 6891.75 0.23 
602.11 595.43 6622.56 0.32 
768.86 604.08 6333.46 0.32 
1173.42 808.96 7254.10 0.49 
826.58 837.11 6804.51 0.24 
613.80 998.89 7199.10 0.52 
807.54 891.27 6823.49 0.39 
620.56 737.98 6940.79 0.50 
604.69 582.70 6444.48 0.31 
896.03 1234.34 7237.70 0.24 
1213.24 687.52 6111.96 0.37 
872.11 866.96 6935.92 0.50 
819.69 1096.79 5825.08 0.32 
751.43 866.58 6777.58 0.36 
700.18 1293.91 5777.06 0.49 
983.37 716.00 5832.58 0.38 
688.10 635.62 7714.15 0.37 
577.96 556.92 6135.47 0.26 
1495.39 542.36 6607.24 0.36 
592.17 805.32 6975.47 0.37 
1059.85 616.01 6470.46 0.26 
853.47 721.01 6522.16 0.44 
1171.74 917.81 6439.08 0.42 
1011.04 1092.42 7118.91 0.29 
543.28 720.36 5773.66 0.53 
811.25 747.29 6703.02 0.39 
925.87 1061.52 5749.88 0.44 
856.45 916.83 5740.99 0.27 
929.79 1169.55 6936.19 0.46 
817.35 600.92 6341.32 0.47 
579.97 820.41 5392.43 0.34 
625.44 726.22 6708.71 0.60 
891.85 737.20 6421.17 0.44 
1282.54 945.36 6429.30 0.31 
652.89 680.36 6806.99 0.24 
1338.81 750.85 5889.76 0.37 
1421.69 551.93 6413.19 0.13 
920.59 749.39 6891.06 0.37 
653.60 894.94 6639.04 0.32 
700.33 591.03 6624.81 0.31 
795.73 566.05 6227.70 0.31 
576.49 1251.85 7128.46 0.38 
584.85 742.36 6695.75 0.48 
737.53 659.01 7051.02 0.22 
916.44 592.69 6417.61 0.32 
858.30 968.65 6386.07 0.70 
716.03 739.13 7376.46 0.35 
621.96 705.46 7159.32 0.41 
615.22 1209.56 6572.84 0.41 
886.09 791.68 6116.77 0.42 
639.03 600.48 7671.05 0.55 
560.79 653.04 5748.58 0.44 
874.08 689.90 6496.87 0.34 
541.83 554.95 6630.71 0.45 
729.34 755.84 6270.26 0.12 
776.56 1080.21 6524.48 0.20 
