1063.66 594.06 7233.59 0.17 
1026.77 614.52 6776.97 0.48 
732.09 1395.87 5497.19 0.54 
723.83 819.15 6044.21 0.55 
633.30 557.72 6692.50 0.38 
918.05 1259.77 7690.39 0.36 
794.56 860.42 7585.83 0.51 
1044.20 721.01 6535.90 0.55 
729.04 1086.28 6168.91 0.30 
959.96 770.85 6686.82 0.58 
576.63 635.03 6553.00 0.44 
1140.61 564.15 5659.72 0.37 
1419.25 704.83 6988.68 0.33 
610.12 782.31 7021.26 0.41 
702.36 903.14 7894.02 0.40 
678.14 582.20 6808.92 0.51 
706.26 756.86 5565.53 0.32 
888.46 1333.83 6747.94 0.39 
603.63 874.53 7888.38 0.38 
677.08 1670.55 6459.09 0.47 
872.97 1248.56 7177.11 0.65 
763.56 728.83 7084.46 0.31 
899.84 817.77 7168.15 0.37 
886.23 554.97 6152.44 0.44 
943.21 856.83 6747.79 0.29 
607.64 984.81 6243.32 0.27 
938.28 1015.73 6797.27 0.40 
704.61 554.29 7728.94 0.47 
962.22 548.61 7392.61 0.51 
977.67 789.54 6666.74 0.44 
988.06 752.86 7090.38 0.28 
551.37 1183.36 6590.82 0.37 
594.94 822.52 6706.68 0.40 
1093.44 705.09 7048.14 0.40 
680.25 731.18 6369.15 0.38 
1077.33 1247.96 7773.14 0.51 
769.41 891.42 7612.39 0.39 
1178.49 976.57 6916.29 0.46 
869.77 643.12 7204.04 0.29 
900.40 613.11 7814.58 0.54 
886.05 938.39 5954.50 0.24 
