899.79 570.60 5658.91 0.47 
1172.02 564.14 7940.13 0.40 
706.14 589.86 5850.34 0.31 
863.43 546.07 5682.82 0.44 
878.52 902.80 5494.54 0.38 
1322.82 629.02 7438.24 0.39 
711.57 739.39 7323.90 0.29 
958.37 903.61 6451.37 0.48 
887.60 585.38 6459.41 0.63 
695.01 968.01 6806.26 0.37 
653.76 1018.30 5552.02 0.39 
1023.60 1208.28 7002.60 0.46 
772.28 712.72 5021.39 0.41 
590.22 739.24 6849.31 0.29 
655.99 587.50 5449.68 0.39 
566.62 700.32 6788.08 0.45 
606.65 829.90 6681.70 0.50 
1103.85 825.02 6486.34 0.43 
555.01 793.19 6027.00 0.43 
602.19 587.64 5993.94 0.45 
939.23 785.10 6999.06 0.25 
659.10 753.61 6106.68 0.40 
1087.39 820.47 6823.48 0.41 
558.14 996.77 6621.72 0.52 
924.09 789.95 6046.48 0.44 
800.22 862.35 5434.59 0.47 
870.79 1048.53 6347.49 0.34 
590.96 845.20 6623.86 0.41 
879.86 831.87 6018.64 0.53 
939.02 842.77 5828.79 0.30 
852.77 647.69 7377.11 0.40 
919.35 580.99 6882.70 0.69 
837.54 869.94 6150.00 0.49 
694.08 852.67 7378.14 0.56 
725.02 566.51 6953.79 0.27 
885.48 1102.17 6914.41 0.40 
917.00 916.93 6546.36 0.49 
711.68 844.48 7373.47 0.51 
698.20 596.87 6933.42 0.31 
606.91 786.20 6961.60 0.39 
562.63 544.15 5846.60 0.44 
1099.33 621.14 6379.62 0.49 
781.84 816.45 6018.86 0.37 
630.06 864.44 7004.79 0.46 
749.11 884.40 6606.96 0.51 
752.85 780.59 7790.44 0.36 
1100.04 720.82 6152.39 0.43 
647.32 794.69 7234.99 0.41 
619.30 560.77 6269.95 0.50 
843.50 613.07 6854.64 0.36 
540.42 866.13 5272.22 0.45 
688.49 904.86 7363.93 0.38 
559.00 1244.26 7115.06 0.50 
554.13 916.69 6709.06 0.21 
687.20 1015.70 6921.31 0.30 
1067.15 1104.83 6938.89 0.22 
916.26 594.82 7215.69 0.45 
1036.82 836.52 7349.21 0.26 
892.13 600.03 6130.88 0.53 
951.23 993.98 6246.06 0.32 
662.75 806.15 5281.56 0.49 
582.17 541.22 7238.28 0.49 
579.65 886.15 6768.75 0.41 
857.02 890.74 6404.82 0.37 
693.25 676.33 6663.58 0.56 
681.07 1101.18 7093.71 0.64 
941.43 1249.22 6924.09 0.38 
540.72 615.00 6031.13 0.38 
616.53 675.86 7564.45 0.44 
633.07 674.81 6903.31 0.64 
667.27 554.27 6193.52 0.45 
670.85 1008.28 6191.14 0.42 
605.19 639.27 7697.47 0.30 
970.61 698.51 7050.12 0.47 
832.48 552.67 7245.44 0.52 
645.25 848.22 6217.04 0.45 
721.64 907.28 6250.08 0.46 
713.33 791.40 6722.52 0.37 
558.55 1485.29 7431.43 0.36 
607.14 584.67 6629.31 0.34 
565.01 930.77 6897.99 0.41 
583.36 659.60 6881.93 0.47 
861.36 790.86 7572.90 0.36 
749.60 612.66 6722.38 0.39 
999.63 877.88 6605.54 0.40 
618.41 948.95 6251.41 0.36 
901.58 691.86 5638.87 0.48 
788.20 731.66 6166.55 0.44 
806.54 548.92 7845.86 0.39 
1133.39 650.16 7262.53 0.48 
689.87 719.19 6818.04 0.40 
696.82 603.75 6092.93 0.25 
784.16 1234.81 5383.56 0.44 
1400.75 925.81 5813.43 0.46 
700.92 626.85 6882.19 0.37 
1063.78 928.37 7361.85 0.41 
624.14 1410.63 6316.82 0.28 
749.29 743.62 7762.19 0.39 
678.73 958.08 6678.16 0.43 
610.27 627.72 7396.26 0.47 
874.94 738.08 6568.40 0.44 
868.75 1166.29 6856.87 0.54 
745.27 691.28 5317.72 0.41 
676.08 723.48 7512.57 0.23 
1222.54 910.88 6451.69 0.26 
1061.91 891.56 6427.09 0.36 
605.43 705.97 6621.74 0.48 
683.88 891.66 6557.08 0.27 
1042.39 882.91 7571.61 0.49 
623.71 663.51 5700.28 0.24 
789.29 676.40 6822.78 0.39 
673.86 1442.91 7317.99 0.44 
807.53 738.53 6061.48 0.16 
997.09 1181.77 6768.18 0.34 
736.72 587.13 6981.00 0.33 
626.45 547.45 5661.04 0.21 
939.91 912.04 7280.16 0.48 
627.41 932.04 6711.23 0.39 
841.53 1124.43 6723.67 0.47 
631.43 1095.73 7232.26 0.64 
714.10 755.67 6854.67 0.37 
848.71 1347.66 5722.35 0.17 
627.95 712.73 5893.34 0.31 
572.21 1172.40 7332.11 0.50 
995.82 548.60 6644.92 0.45 
651.05 603.17 6994.45 0.34 
801.75 1533.26 7215.20 0.30 
734.76 779.42 5974.99 0.28 
958.79 562.57 7143.78 0.51 
659.27 729.40 6597.06 0.49 
1268.89 666.28 6913.04 0.21 
931.29 1055.16 6524.04 0.42 
668.95 839.85 7484.50 0.36 
590.74 564.43 6143.72 0.41 
593.22 726.28 6997.81 0.30 
560.58 738.06 6357.21 0.36 
773.10 559.71 5483.12 0.43 
1088.42 883.39 7013.10 0.35 
1010.66 1159.12 7608.57 0.27 
815.75 995.65 6568.37 0.43 
601.85 787.30 6893.01 0.47 
856.77 1272.09 6129.99 0.43 
716.85 826.71 7064.29 0.41 
980.43 674.75 6281.56 0.28 
680.41 722.04 5588.63 0.49 
802.87 1258.05 6463.46 0.40 
1215.36 1000.78 6164.61 0.48 
813.02 927.77 5853.21 0.48 
553.96 1425.20 5599.84 0.51 
1115.91 751.90 6435.00 0.38 
727.23 1078.16 5656.05 0.48 
661.52 958.05 5782.63 0.36 
822.60 951.52 6842.90 0.32 
696.55 555.13 5984.11 0.50 
583.58 1044.82 7889.10 0.26 
655.71 762.32 6780.98 0.39 
734.36 1187.39 6048.36 0.45 
770.44 1470.38 7242.36 0.31 
588.09 1134.60 6270.00 0.25 
902.23 1042.04 5904.30 0.42 
1362.78 765.56 7082.01 0.40 
819.16 651.63 5935.29 0.37 
692.32 739.12 6296.60 0.31 
777.37 646.69 7173.09 0.58 
947.74 806.44 6448.81 0.44 
859.98 1080.92 6161.96 0.36 
618.46 714.03 6683.25 0.58 
647.63 622.47 6439.44 0.42 
1059.07 667.53 6689.65 0.48 
902.40 614.97 6277.31 0.31 
793.18 600.71 6602.32 0.40 
831.73 632.15 6558.97 0.42 
1094.52 762.86 6019.71 0.69 
686.08 640.00 7895.38 0.36 
589.29 672.16 6954.09 0.57 
1108.38 605.13 7194.61 0.43 
655.46 1129.12 7585.42 0.35 
802.13 625.70 6637.66 0.21 
1376.99 1005.44 6839.72 0.42 
904.04 995.70 6641.21 0.34 
803.88 790.84 6713.02 0.35 
638.49 657.74 7697.96 0.30 
1112.06 1358.12 5938.18 0.42 
747.61 582.01 7546.10 0.45 
1388.32 904.38 6024.08 0.56 
1161.48 809.79 6966.55 0.39 
748.17 1294.12 5943.48 0.48 
554.67 1229.05 7016.16 0.34 
891.75 655.96 6267.99 0.41 
1126.11 1142.83 5943.93 0.44 
744.26 971.11 5678.17 0.44 
968.08 604.47 7042.51 0.30 
722.49 715.40 5396.95 0.24 
1231.93 593.38 7285.37 0.45 
816.88 694.85 7808.65 0.40 
748.98 744.04 7155.29 0.42 
826.20 780.63 6134.51 0.36 
1268.96 1333.19 6785.00 0.53 
910.15 761.40 7097.23 0.35 
1010.08 1158.08 6927.76 0.22 
874.83 927.31 7184.56 0.28 
