32 6 1 21 12 2 34 31 46 24 44 19 45 3 48 14 20 17 37 30 11 25 9 40 43 38 26 27 10 47 23 18 42 39 22 36 35 7 41 4 8 13 5 15 16 33 50 29 28 49 
Best fitness: 0.21
11 44 24 12 2 9 5 32 6 1 35 37 30 22 14 17 19 47 13 34 31 46 8 7 43 38 20 48 3 45 18 42 36 25 27 10 21 50 26 41 40 39 15 33 23 49 29 16 4 28 
Worst fitness: 0.25

Mean: 0.23

Standard deviation: 0.00
32 6 12 26 2 44 24 13 34 31 46 19 45 17 48 14 11 35 37 38 43 39 30 1 50 27 9 10 25 21 36 20 3 18 47 4 8 41 42 49 22 15 5 40 7 23 33 28 29 16 
Best fitness: 0.21
44 19 2 12 50 27 9 46 31 34 45 17 30 32 6 1 37 38 7 43 14 48 18 3 35 11 25 24 10 8 47 4 40 41 21 22 36 29 23 42 20 39 15 16 33 5 13 26 49 28 
Worst fitness: 0.25

Mean: 0.23

Standard deviation: 0.00
