547.87 513.73 0.41 7787.41
498.41 602.45 0.41 6672.15
513.50 465.46 0.18 7340.19
494.00 553.50 0.51 7314.69
450.90 552.48 0.42 8204.97
555.31 511.98 0.35 5447.29
488.58 453.31 0.13 5977.59
533.94 423.96 0.54 7699.64
551.38 434.05 0.08 7188.56
612.05 484.97 0.37 8309.15
540.33 532.97 0.08 7085.90
513.14 514.02 0.48 5844.51
406.27 515.69 0.19 5268.92
532.23 446.98 0.60 6438.46
520.26 509.14 0.35 5741.04
500.79 526.65 0.42 8296.10
473.90 479.65 0.60 6737.45
483.09 495.65 0.46 7158.02
577.41 498.46 0.18 5483.52
517.51 542.28 0.39 5875.12
531.92 486.18 0.05 7081.15
466.57 528.04 0.37 6890.27
500.57 517.34 0.57 5303.93
473.71 476.20 0.08 7951.89
472.38 475.92 0.59 6829.77
525.77 512.89 0.09 6447.52
540.18 488.92 0.24 6234.08
413.74 536.19 0.07 7840.42
523.62 569.12 0.25 8105.30
439.46 587.69 0.04 6968.10
559.44 462.56 0.43 9999.00
466.92 445.62 0.09 6112.56
530.92 516.06 0.23 5634.13
451.56 511.24 0.37 7047.34
483.48 467.71 0.34 6684.02
454.31 550.35 0.47 6694.74
505.48 524.75 0.34 7366.20
523.43 511.20 0.03 4820.25
439.49 465.16 0.24 7293.31
537.97 541.15 0.25 5802.30
536.85 502.70 0.45 6900.47
488.38 463.77 0.27 6119.87
460.78 458.38 0.35 6482.31
580.56 426.37 0.41 5580.06
591.04 423.93 0.34 7182.39
564.33 580.26 0.30 7034.20
606.42 470.33 0.51 6524.58
395.83 450.35 0.24 7160.26
472.53 522.13 0.44 6710.25
568.46 445.76 0.45 6249.42
494.64 445.47 0.17 7674.72
489.41 521.83 0.11 7131.10
489.24 507.13 0.47 6069.96
506.10 499.97 0.48 7670.89
527.02 416.41 0.14 6646.76
529.32 490.56 0.48 5084.56
524.62 440.39 0.38 8103.49
432.26 505.56 0.31 7182.40
435.94 490.92 0.60 5949.00
513.70 495.64 0.29 6151.57
584.71 493.10 0.09 7132.30
584.78 602.16 0.27 7701.09
516.06 444.10 0.32 5670.65
435.71 500.69 0.43 7012.61
453.37 565.23 0.09 5174.31
492.76 480.12 0.18 6409.16
581.78 412.47 0.11 7978.72
505.85 522.31 0.35 7129.60
533.64 526.32 0.43 7565.87
540.43 444.84 0.43 6738.25
606.81 513.36 0.17 7631.51
443.50 507.31 0.41 6963.11
515.29 434.22 0.07 4140.56
424.90 517.85 0.52 6415.95
459.93 556.75 0.58 6911.62
447.23 494.72 0.33 7244.42
533.17 510.30 0.37 7092.65
442.63 515.86 0.51 7447.00
462.79 466.90 0.58 8182.08
452.65 402.91 0.42 7374.16
615.57 479.79 0.57 5826.75
410.55 562.96 0.53 7157.48
516.36 521.03 0.08 8198.06
450.98 393.24 0.44 7328.36
540.77 544.56 0.51 7605.45
496.00 536.45 0.26 6970.62
488.05 526.53 0.04 8842.44
523.52 575.49 0.06 7648.51
583.01 524.54 0.58 5888.26
488.90 567.27 0.08 6680.64
504.37 492.35 0.33 6356.85
522.05 563.16 0.58 5674.90
453.52 568.76 0.60 9699.46
526.83 537.47 0.12 6806.85
461.54 564.15 0.45 5999.82
472.88 499.20 0.16 6533.73
382.10 401.77 0.13 5671.45
451.09 461.40 0.48 6557.89
443.12 440.04 0.55 7296.40
522.75 480.20 0.58 5970.02
466.16 556.26 0.58 6151.92
526.84 542.93 0.54 5430.04
441.49 481.44 0.09 6772.39
415.01 455.86 0.52 5344.04
620.22 514.74 0.45 7452.03
492.72 495.99 0.22 8040.83
447.38 500.37 0.45 7499.30
451.91 438.12 0.26 7215.17
553.06 536.76 0.47 8265.04
519.74 569.47 0.32 6947.97
541.99 517.28 0.50 6623.32
407.83 462.67 0.60 7249.25
491.48 527.92 0.44 6683.15
435.10 466.05 0.60 7994.21
519.46 517.77 0.06 6507.53
474.56 449.76 0.47 7676.80
495.36 472.84 0.30 9431.12
503.21 506.99 0.10 5391.44
549.02 506.15 0.30 6618.84
550.88 498.04 0.33 7192.25
445.92 526.91 0.52 7356.29
429.11 591.09 0.28 8212.46
508.18 448.27 0.38 7191.34
513.18 439.11 0.57 7521.99
524.70 563.43 0.42 7379.09
453.55 408.41 0.46 6736.35
423.27 489.19 0.53 6099.95
538.24 555.12 0.18 6740.71
510.72 471.82 0.19 7854.74
571.79 498.17 0.43 5796.75
559.77 533.83 0.34 7042.10
579.52 529.14 0.34 6420.12
524.95 492.28 0.41 6638.43
498.39 434.69 0.34 8881.33
487.99 625.99 0.09 8114.08
460.21 418.79 0.29 6445.42
481.59 530.61 0.33 8938.64
509.58 434.26 0.15 6552.68
522.68 590.14 0.25 6396.60
526.99 590.55 0.17 8221.40
559.44 480.45 0.32 6670.22
469.37 431.26 0.24 6847.49
515.89 576.34 0.52 7949.24
520.52 457.00 0.07 6911.48
461.58 502.41 0.59 5168.15
540.10 456.56 0.53 6005.62
417.66 423.38 0.50 8259.11
526.41 526.63 0.58 6452.87
432.21 504.84 0.60 6827.16
464.39 553.65 0.48 7211.55
526.50 545.11 0.26 6290.97
463.12 529.89 0.05 8264.93
523.65 602.76 0.18 5884.89
544.01 562.80 0.47 5813.08
571.01 561.17 0.05 8034.79
586.66 465.36 0.13 6566.40
439.62 511.19 0.40 7530.14
516.23 421.90 0.31 7451.30
538.14 563.05 0.18 7414.82
492.63 420.61 0.07 8192.73
536.71 573.44 0.59 7071.24
423.69 437.44 0.23 6965.33
519.92 502.85 0.36 7488.77
505.83 486.55 0.03 7762.15
468.60 568.54 0.21 8027.71
522.46 472.90 0.37 5965.51
487.05 493.90 0.18 7042.60
387.26 582.70 0.56 4166.03
432.21 479.39 0.04 5876.77
554.70 530.10 0.18 6804.61
420.89 503.97 0.32 7651.44
482.97 521.78 0.55 5676.61
396.06 497.66 0.19 6154.04
527.65 486.37 0.50 5788.00
503.95 525.61 0.21 6502.63

7359.47
