452.810000 516.570000 0.250000 6239.680000
941.390000 383.240000 0.170000 5446.650000
553.890000 395.510000 0.120000 6526.060000
327.300000 173.270000 0.270000 5222.900000
23.640000 99.500000 0.260000 4012.990000
333.480000 629.520000 0.320000 5619.040000
944.040000 711.520000 0.110000 5548.010000
221.370000 166.530000 0.380000 7479.520000
383.630000 603.420000 0.020000 6497.510000
789.520000 755.870000 0.050000 7591.150000
75.110000 184.380000 0.250000 4125.870000
891.850000 938.620000 0.290000 5310.240000
725.150000 748.070000 0.220000 5800.450000
373.950000 803.440000 0.150000 5104.260000
405.060000 913.010000 0.230000 7418.540000
282.950000 579.630000 0.140000 8051.840000
13.080000 575.450000 0.130000 6082.750000
936.410000 450.720000 0.100000 6264.520000
160.260000 624.450000 0.080000 6836.990000
784.690000 395.970000 0.310000 4627.420000
279.810000 365.430000 0.250000 6349.600000
7.320000 317.630000 0.150000 6311.360000
372.260000 288.240000 0.090000 5177.610000
731.720000 713.380000 0.220000 4239.380000
771.430000 957.260000 0.230000 6781.640000
592.010000 984.450000 0.010000 6526.400000
278.470000 902.720000 0.180000 7429.640000
282.750000 954.830000 0.390000 6297.130000
271.170000 661.770000 0.250000 6803.020000
459.550000 822.880000 0.170000 6355.010000
746.070000 111.200000 0.280000 5258.100000
192.660000 443.240000 0.180000 6045.650000
593.000000 580.740000 0.300000 4379.280000
708.210000 221.980000 0.140000 8258.740000
577.320000 474.220000 0.190000 5989.470000
818.450000 782.800000 0.220000 3817.340000
485.100000 568.310000 0.290000 6163.080000
440.090000 400.370000 0.200000 6939.630000
409.020000 60.900000 0.230000 4338.870000
780.180000 312.350000 0.190000 5196.480000
406.210000 864.760000 0.130000 5735.850000
530.440000 527.930000 0.280000 6269.060000
520.530000 895.800000 0.080000 4565.090000
309.480000 834.040000 0.190000 5849.060000
432.080000 255.520000 0.010000 5489.420000
76.490000 819.350000 0.170000 5805.630000
865.500000 362.480000 0.040000 7049.820000
549.340000 884.110000 0.160000 6492.140000
471.360000 559.400000 0.200000 4442.240000
683.440000 487.170000 0.160000 4569.850000
270.640000 851.240000 0.200000 6659.160000
796.880000 425.980000 0.200000 8245.470000
56.510000 438.630000 0.150000 5761.340000
312.100000 464.220000 0.160000 6933.970000
983.930000 864.120000 0.220000 8308.600000
260.710000 434.780000 0.210000 6339.080000
590.000000 580.370000 0.170000 6545.260000
707.880000 518.120000 0.200000 6865.740000
241.350000 479.430000 0.370000 6260.610000
516.660000 940.140000 0.250000 6379.420000
41.370000 807.640000 0.170000 5858.970000
177.610000 310.620000 0.130000 4359.120000
915.410000 720.040000 0.330000 7062.190000
166.770000 867.680000 0.240000 6478.310000
433.740000 186.600000 0.340000 4500.040000
750.230000 376.680000 0.230000 5710.880000
786.620000 397.730000 0.160000 6213.620000
277.210000 310.360000 0.300000 5114.900000
323.920000 628.360000 0.060000 4762.060000
597.610000 460.150000 0.370000 6980.960000
639.240000 591.300000 0.240000 6994.900000
329.980000 952.440000 0.300000 5275.390000
998.650000 666.540000 0.330000 5584.440000
27.290000 760.680000 0.300000 4634.190000
121.660000 87.700000 0.150000 5585.310000
855.660000 690.910000 0.200000 5431.590000
556.990000 419.920000 0.140000 6430.520000
448.180000 487.820000 0.360000 5268.670000
796.370000 137.470000 0.240000 6751.230000
550.980000 259.480000 0.270000 4174.650000
806.990000 716.650000 0.200000 5836.840000
184.250000 554.150000 0.190000 7227.210000
996.540000 882.960000 0.440000 5950.520000
851.090000 692.200000 0.110000 7197.330000
227.950000 307.680000 0.250000 5974.630000
565.510000 296.120000 0.150000 6871.750000
631.040000 335.970000 0.160000 6079.050000
634.320000 891.350000 0.120000 7082.190000
764.930000 57.710000 0.090000 5214.130000
849.390000 375.110000 0.170000 5676.510000
582.740000 549.720000 0.110000 5955.970000
430.420000 93.310000 0.110000 6413.260000
28.020000 798.420000 0.160000 6300.180000
494.030000 590.630000 0.250000 5563.380000
894.760000 214.570000 0.170000 5579.250000
387.420000 395.860000 0.340000 6457.750000
572.920000 716.220000 0.220000 5888.780000
29.740000 93.230000 0.230000 6366.810000
84.140000 91.900000 0.320000 5629.440000
141.970000 724.460000 0.160000 6644.900000
