192.250000 169.390000 0.180000 5470.400000
398.950000 946.300000 0.170000 5797.400000
413.430000 172.740000 0.270000 5017.470000
750.520000 832.800000 0.210000 7392.110000
849.520000 377.450000 0.020000 6673.880000
592.810000 445.030000 0.290000 7307.200000
342.750000 965.130000 0.150000 5819.850000
670.110000 175.420000 0.110000 6341.840000
279.630000 122.090000 0.120000 6230.070000
186.480000 167.410000 0.240000 6613.990000
880.880000 941.940000 0.290000 5817.060000
422.030000 309.240000 0.160000 6271.830000
834.720000 167.330000 0.130000 6530.500000
143.070000 688.010000 0.080000 5506.960000
791.660000 671.440000 0.180000 5518.600000
454.320000 123.060000 0.110000 8294.320000
691.600000 942.160000 0.150000 6209.660000
737.790000 641.750000 0.140000 5853.520000
325.770000 448.680000 0.160000 4617.250000
560.580000 243.750000 0.380000 4667.150000
687.580000 145.480000 0.270000 5221.560000
594.700000 515.050000 0.260000 4525.190000
351.150000 90.990000 0.190000 6774.760000
490.370000 418.830000 0.120000 6722.930000
608.890000 912.770000 0.280000 7390.220000
451.170000 555.250000 0.170000 4087.410000
448.310000 859.430000 0.340000 5582.520000
256.460000 419.890000 0.220000 6106.330000
835.830000 878.200000 0.240000 7456.070000
552.200000 230.920000 0.410000 5693.290000
394.210000 354.510000 0.110000 5200.960000
972.070000 57.310000 0.170000 5863.390000
967.760000 950.880000 0.130000 7207.390000
601.680000 394.390000 0.230000 6075.410000
181.130000 641.870000 0.500000 6665.150000
748.880000 645.510000 0.200000 7633.930000
974.140000 626.580000 0.240000 5793.820000
800.740000 420.270000 0.360000 7589.250000
536.310000 554.660000 0.410000 5885.060000
882.240000 209.270000 0.320000 8057.340000
246.060000 401.810000 0.330000 5966.140000
115.050000 800.790000 0.010000 4436.750000
736.130000 57.600000 0.240000 6223.160000
911.200000 148.410000 0.120000 5588.780000
978.290000 408.800000 0.340000 5009.340000
390.990000 190.540000 0.140000 5633.150000
144.230000 395.370000 0.170000 4791.240000
810.920000 542.040000 0.110000 5278.570000
695.430000 752.040000 0.350000 3581.180000
306.390000 382.520000 0.360000 6344.900000
760.700000 148.050000 0.300000 6364.360000
695.800000 510.280000 0.290000 6747.630000
861.400000 440.070000 0.270000 6786.730000
630.190000 964.390000 0.330000 5835.570000
539.750000 224.500000 0.190000 5334.140000
837.840000 209.810000 0.220000 6901.530000
712.950000 416.900000 0.040000 5190.490000
365.850000 484.690000 0.070000 6756.390000
480.880000 903.750000 0.200000 3950.020000
865.390000 242.310000 0.300000 5102.700000
39.710000 536.110000 0.450000 5523.020000
320.850000 166.810000 0.270000 5637.170000
361.780000 445.750000 0.260000 7057.810000
509.480000 453.500000 0.180000 5129.620000
431.050000 199.960000 0.100000 5621.030000
457.690000 992.670000 0.140000 4746.300000
713.850000 282.010000 0.190000 4832.580000
665.380000 783.740000 0.200000 4272.690000
952.310000 125.860000 0.210000 7161.310000
509.720000 757.740000 0.110000 7014.670000
