642.760000 21.220000 0.080000 5836.480000
152.560000 596.190000 0.270000 5943.420000
209.490000 786.960000 0.270000 6345.210000
986.420000 503.240000 0.360000 5825.110000
154.320000 431.250000 0.020000 6161.490000
414.360000 349.440000 0.120000 6788.060000
935.470000 381.710000 0.050000 4465.140000
531.460000 368.700000 0.010000 6381.170000
287.100000 354.230000 0.210000 7357.660000
747.990000 818.100000 0.080000 7073.010000
873.760000 713.310000 0.260000 7791.100000
333.740000 384.880000 0.020000 5708.790000
129.360000 91.610000 0.220000 6885.660000
244.030000 425.860000 0.200000 6119.410000
72.960000 28.910000 0.370000 6354.690000
188.910000 76.300000 0.150000 6153.570000
128.550000 544.870000 0.320000 7017.050000
929.550000 623.400000 0.350000 5316.780000
876.130000 585.650000 0.130000 6840.450000
880.110000 95.010000 0.110000 6961.010000
194.090000 583.930000 0.330000 7127.110000
873.830000 615.870000 0.280000 4222.360000
54.040000 196.430000 0.070000 7190.750000
500.970000 611.200000 0.310000 4642.540000
520.760000 45.650000 0.180000 7107.260000
251.530000 304.780000 0.200000 6471.670000
186.530000 597.260000 0.270000 5004.850000
726.890000 691.690000 0.030000 6163.620000
694.420000 514.190000 0.230000 6026.470000
700.950000 944.760000 0.130000 4451.980000
148.010000 292.330000 0.140000 5784.620000
60.870000 705.490000 0.190000 5191.230000
578.870000 726.060000 0.110000 6747.090000
266.210000 252.610000 0.200000 5893.440000
818.660000 141.430000 0.350000 6143.180000
624.850000 26.880000 0.270000 4541.740000
354.340000 636.270000 0.230000 5584.870000
20.600000 747.240000 0.270000 6281.850000
50.850000 239.870000 0.170000 4064.420000
989.070000 925.400000 0.160000 6564.620000
114.960000 7.750000 0.180000 5787.890000
957.800000 795.020000 0.170000 6833.040000
588.090000 978.920000 0.370000 5946.320000
501.370000 334.040000 0.170000 6081.210000
871.340000 748.350000 0.170000 5898.050000
947.970000 133.160000 0.140000 4957.220000
39.910000 626.670000 0.100000 3903.350000
451.620000 363.530000 0.150000 6668.500000
509.720000 555.880000 0.200000 5197.510000
622.320000 115.370000 0.150000 6750.780000
995.630000 282.780000 0.320000 6787.000000
668.370000 734.460000 0.190000 6674.010000
6.120000 392.650000 0.060000 5466.780000
816.640000 703.370000 0.000000 5315.640000
968.060000 97.060000 0.040000 5514.800000
844.480000 403.970000 0.020000 6976.180000
923.070000 290.170000 0.070000 6164.910000
848.830000 610.930000 0.260000 6728.530000
445.760000 539.610000 0.180000 6002.380000
601.720000 604.320000 0.210000 6031.780000
597.540000 783.290000 0.210000 5267.630000
339.800000 821.300000 0.250000 6568.400000
36.350000 440.040000 0.230000 5784.210000
74.220000 595.930000 0.230000 4882.520000
713.000000 202.500000 0.150000 6347.660000
42.840000 813.780000 0.130000 4965.610000
141.380000 723.940000 0.000000 5596.650000
708.030000 575.540000 0.170000 6275.900000
248.690000 948.870000 0.330000 5281.050000
710.220000 292.210000 0.190000 4587.510000
216.540000 647.210000 0.260000 6020.870000
685.220000 518.740000 0.220000 5389.050000
319.550000 678.530000 0.380000 5693.360000
264.510000 875.450000 0.170000 3907.460000
676.300000 571.340000 0.280000 5617.590000
344.760000 10.400000 0.220000 5707.170000
618.260000 789.120000 0.370000 6580.780000
856.680000 942.100000 0.210000 6392.630000
981.380000 278.250000 0.210000 4771.120000
766.410000 436.570000 0.330000 7498.590000
