42.000000 11.700000 0.190000 4834.210000
423.590000 220.730000 0.200000 6844.270000
303.240000 921.020000 0.150000 3712.020000
33.460000 781.770000 0.180000 5550.660000
394.070000 882.960000 0.280000 5774.260000
726.000000 30.520000 0.170000 6690.340000
67.140000 842.930000 0.170000 7932.870000
313.570000 586.460000 0.400000 6259.260000
436.950000 828.430000 0.100000 4391.660000
659.780000 68.480000 0.120000 5834.910000
70.260000 585.820000 0.240000 6484.170000
398.360000 727.220000 0.310000 6650.350000
919.610000 543.940000 0.020000 6661.410000
715.560000 447.870000 0.240000 5757.580000
613.190000 345.250000 0.210000 5712.060000
313.110000 716.450000 0.260000 5585.790000
661.570000 597.870000 0.220000 5114.890000
528.120000 299.750000 0.160000 6124.660000
828.580000 132.990000 0.200000 8394.810000
614.690000 895.570000 0.140000 5028.820000
585.150000 495.910000 0.050000 6131.660000
851.200000 277.860000 0.310000 5620.270000
938.490000 131.140000 0.100000 4416.880000
79.920000 897.110000 0.320000 6645.330000
80.630000 81.940000 0.240000 4805.510000
268.770000 675.230000 0.220000 4204.860000
326.710000 247.100000 0.200000 6293.530000
328.100000 675.060000 0.130000 5416.180000
20.460000 26.320000 0.150000 7352.230000
251.400000 698.890000 0.130000 6547.270000
445.570000 531.600000 0.130000 6775.110000
932.100000 81.740000 0.090000 7541.270000
777.060000 529.120000 0.020000 6842.930000
659.330000 48.720000 0.250000 6756.880000
936.170000 561.360000 0.200000 6212.810000
963.390000 789.950000 0.120000 6163.110000
828.820000 387.520000 0.220000 7288.330000
881.480000 822.080000 0.220000 4825.820000
787.740000 605.570000 0.160000 7087.250000
7.320000 249.830000 0.070000 6416.470000
471.360000 790.950000 0.130000 6774.920000
566.740000 579.890000 0.260000 6493.930000
450.950000 769.270000 0.130000 5958.450000
599.400000 191.500000 0.250000 4971.230000
291.220000 574.480000 0.290000 5046.530000
486.800000 588.880000 0.140000 7232.720000
770.060000 196.250000 0.200000 5771.600000
111.340000 247.060000 0.140000 6673.620000
656.980000 728.510000 0.030000 7442.210000
179.800000 235.290000 0.270000 7031.060000
653.450000 214.190000 0.210000 7076.390000
798.930000 532.590000 0.320000 6628.260000
250.420000 882.020000 0.370000 6692.490000
655.290000 806.780000 0.120000 6635.060000
773.220000 617.270000 0.030000 7153.130000
739.910000 913.880000 0.140000 5600.790000
162.410000 836.270000 0.260000 6773.300000
497.460000 607.130000 0.280000 6667.710000
820.710000 558.190000 0.090000 8258.750000
471.650000 706.440000 0.210000 4737.740000
724.630000 840.070000 0.100000 4062.250000
790.130000 958.590000 0.210000 5023.060000
913.100000 535.630000 0.260000 7288.160000
249.500000 811.310000 0.180000 7149.190000
86.470000 283.610000 0.280000 6486.500000
925.100000 944.660000 0.230000 7412.740000
482.200000 498.540000 0.200000 6182.950000
765.670000 543.120000 0.280000 6774.100000
660.050000 704.770000 0.130000 4287.550000
616.960000 354.230000 0.110000 5100.380000
820.220000 881.470000 0.170000 3633.230000
144.200000 597.930000 0.070000 6528.350000
739.620000 561.420000 0.320000 5267.100000
208.130000 909.390000 0.230000 6295.180000
839.400000 93.370000 0.070000 5092.250000
206.790000 110.080000 0.180000 5173.180000
750.590000 745.320000 0.280000 5034.050000
294.610000 15.390000 0.130000 5733.860000
537.370000 691.850000 0.140000 4395.500000
297.830000 418.200000 0.190000 5169.890000
323.380000 386.340000 0.340000 6273.240000
430.160000 22.390000 0.330000 5472.530000
737.150000 367.460000 0.020000 7754.570000
988.460000 711.710000 0.140000 3455.840000
638.610000 19.030000 0.400000 7883.810000
106.840000 362.010000 0.350000 5844.800000
827.420000 490.310000 0.330000 6342.840000
249.150000 396.530000 0.440000 4532.510000
209.790000 518.780000 0.070000 6533.950000
741.020000 908.730000 0.130000 5746.770000
