738.74 17.03 0.52 2919.87
703.14 983.49 0.55 7882.12
192.97 618.19 0.48 10721.80
540.49 514.33 0.44 7613.35
268.24 948.81 0.50 4513.47
8.95 899.06 0.40 4212.01
374.90 150.24 0.47 9515.51
846.43 576.98 0.56 1817.17
100.74 330.25 0.51 3056.48
200.54 616.09 0.28 762.42
342.68 2.25 0.51 9695.34
612.77 399.97 0.45 817.06
970.69 169.64 0.28 5418.76
962.65 348.89 0.69 10795.41
357.00 586.18 0.58 3776.42
575.29 357.25 0.62 2413.44
305.70 138.15 0.33 3009.73
644.21 563.14 0.43 3882.13
232.94 794.19 0.51 9774.39
307.13 874.38 0.53 6415.01
419.85 557.56 0.44 1514.60
692.14 168.67 0.43 4612.82
174.86 583.50 0.42 6403.75
757.73 949.73 0.46 808.78
743.60 480.24 0.34 663.31
418.01 375.70 0.57 9163.72
775.29 434.60 0.54 7528.72
300.97 945.25 0.51 4595.71
208.74 372.99 0.47 8753.56
912.28 752.06 0.54 839.29
690.50 932.21 0.51 9233.00
386.68 74.50 0.52 8329.65
61.90 645.15 0.46 6786.38
743.24 191.97 0.69 10048.25
806.33 84.24 0.48 8162.56
331.93 868.74 0.49 1032.80
210.20 372.66 0.40 1331.78
278.90 585.08 0.54 3326.16
849.54 880.13 0.51 2940.40
195.06 720.95 0.39 3257.20
329.86 216.89 0.72 10711.77
945.94 431.78 0.54 6526.48
851.82 161.25 0.61 795.51
72.74 649.89 0.54 2213.37
142.91 42.49 0.45 7091.50
13.50 872.63 0.41 8163.34
452.26 12.37 0.39 7679.41
307.92 536.37 0.46 7056.44
879.08 149.64 0.63 6761.49
778.99 364.89 0.47 3662.94
3.15 55.33 0.49 1095.38
439.85 936.94 0.48 4516.03
105.40 157.40 0.59 5864.72
839.53 560.82 0.49 5726.62
254.06 16.80 0.55 3808.73
940.54 753.92 0.36 3028.97
644.85 504.96 0.60 3735.66
491.79 729.86 0.40 7112.36
232.61 720.97 0.59 2226.79
374.85 421.98 0.67 6455.35
973.65 47.46 0.40 7661.00
900.54 34.47 0.51 4788.26
920.79 805.76 0.54 6718.70
716.84 787.28 0.48 5704.98
936.72 773.86 0.50 867.35
790.99 506.23 0.45 4138.46
586.20 782.39 0.56 3206.33
38.90 227.90 0.52 7940.36
472.76 403.33 0.38 10772.62
10.11 925.21 0.52 661.28
953.92 886.16 0.58 10626.65
616.01 675.70 0.47 3261.66
977.46 439.98 0.32 3941.29
21.47 785.28 0.60 9118.68
127.34 412.50 0.49 9526.63
487.32 266.35 0.47 7954.15
667.37 85.35 0.61 10297.76
114.91 412.88 0.48 6535.63
711.64 987.48 0.56 10640.77
157.31 403.09 0.64 3786.48
914.86 995.19 0.65 3147.06
499.59 301.09 0.53 9011.58
755.27 588.68 0.35 4830.35
979.92 347.33 0.55 8598.42
568.30 458.97 0.61 2038.52
491.71 429.53 0.61 4330.31
564.75 830.65 0.38 5596.70
525.87 4.66 0.55 1865.41
845.20 122.62 0.35 10769.10
43.93 105.30 0.64 3506.92
960.31 448.76 0.44 6393.04
484.85 302.36 0.60 3328.53
758.62 400.22 0.62 2876.45
658.75 139.25 0.30 8530.86
330.69 727.10 0.53 2449.13
587.45 3.44 0.59 9622.95
173.07 255.63 0.40 8992.90
738.02 337.02 0.65 8014.25
890.18 203.00 0.46 10056.54
775.23 469.51 0.56 3044.65
444.41 603.36 0.43 4772.96
14.82 162.50 0.56 5039.16
691.40 22.63 0.45 7367.34
269.23 482.57 0.46 7919.20
854.08 311.19 0.55 8220.46
746.18 943.18 0.36 5007.25
323.18 426.80 0.55 8681.57
604.44 22.66 0.32 1890.85
884.30 217.31 0.38 8608.96
416.23 339.35 0.59 5904.53
942.30 522.18 0.32 6613.55
410.57 736.69 0.42 6945.30
501.25 713.32 0.37 2185.06
369.83 65.98 0.52 2913.31
134.31 4.46 0.49 4402.95
566.26 360.79 0.45 710.84
739.50 333.14 0.56 5546.70
716.65 259.85 0.54 1132.72
961.79 254.57 0.56 8119.63
159.41 929.67 0.45 3223.86
290.40 821.05 0.52 1792.51
66.78 284.71 0.62 5260.89
526.76 209.46 0.59 4899.91
86.27 761.89 0.44 3997.50
254.26 981.33 0.57 1181.79
618.61 812.16 0.44 2507.64
644.66 875.96 0.61 8849.65
70.72 550.53 0.53 10152.72
949.02 105.55 0.31 3217.16
510.20 268.86 0.59 5976.16
734.13 993.87 0.60 4915.76
536.97 851.75 0.53 7278.94
336.76 643.93 0.37 698.38
534.08 980.94 0.49 9925.37
345.30 814.78 0.52 8330.61
390.97 915.38 0.41 954.69
308.10 767.81 0.58 800.57
904.69 526.71 0.50 885.67
280.66 951.73 0.51 4133.74
731.11 474.92 0.53 1600.07
129.87 831.29 0.65 4211.90
250.13 560.91 0.40 10492.40
768.29 938.59 0.49 841.76
962.42 668.71 0.56 9407.41
746.32 66.65 0.53 7874.17
59.21 688.70 0.73 10355.67
622.43 799.67 0.38 5698.88
406.86 659.92 0.54 8446.08
338.20 850.47 0.43 8876.65
434.74 560.21 0.40 4070.89
634.26 647.65 0.59 9856.12
720.44 2.37 0.67 6418.07
143.03 665.53 0.43 3879.45
851.77 223.84 0.48 8664.66
669.79 392.31 0.36 9966.23
419.91 189.32 0.60 6272.75
361.50 386.37 0.58 3677.93
881.49 478.67 0.54 5183.71
967.58 935.86 0.45 726.65
929.46 678.36 0.44 9076.91
96.88 869.79 0.45 3681.98
772.46 968.36 0.56 1925.29
34.70 920.10 0.38 3103.29
208.60 584.33 0.60 1799.16
705.76 608.13 0.49 4331.59
160.03 216.72 0.39 6673.16
90.91 908.83 0.31 1082.75
186.11 530.01 0.70 2281.37
651.20 913.96 0.40 7050.99
664.74 217.95 0.48 10411.79
115.40 997.38 0.63 3694.22
318.77 977.63 0.60 3322.86
142.13 829.67 0.38 5525.14
826.05 766.12 0.45 10122.71
840.45 801.81 0.33 2614.94
