460.75 288.51 0.51 4368.21
903.52 808.86 0.49 1607.77
436.82 700.63 0.44 4873.48
134.88 366.29 0.41 4103.74
751.39 434.69 0.51 2429.05
201.22 680.12 0.19 5236.18
814.12 462.89 0.77 4566.58
246.38 177.55 0.47 8178.42
552.69 643.89 0.47 4082.11
958.18 619.03 0.59 7894.10
61.69 217.49 0.30 9262.59
293.47 957.17 0.36 5219.61
897.34 951.63 0.54 2342.65
705.78 616.29 0.57 6689.11
887.02 349.33 0.44 8672.26
774.92 89.04 0.40 1818.53
800.61 386.04 0.72 8340.06
457.11 913.21 0.48 5648.02
349.52 882.32 0.48 5140.66
67.62 265.98 0.35 9688.40
631.99 988.56 0.54 9806.47
763.44 466.35 0.40 1307.15
407.67 230.05 0.66 3555.09
218.49 314.89 0.43 5811.30
115.83 31.01 0.19 3042.05
827.72 518.37 0.50 9769.78
135.50 528.84 0.43 9702.90
582.71 383.98 0.72 10788.04
214.55 929.51 0.40 9607.71
767.85 284.31 0.57 7014.08
983.75 699.97 0.42 6918.12
561.42 544.95 0.47 3390.10
780.29 705.22 0.56 2250.07
115.13 354.42 0.51 7998.46
658.92 531.61 0.56 10447.61
405.00 926.90 0.34 4411.03
284.80 502.84 0.69 7105.75
117.14 586.74 0.48 1731.68
550.50 439.48 0.44 7414.45
831.79 720.21 0.48 5655.03
440.33 790.82 0.43 3448.02
390.00 995.92 0.32 659.41
88.18 601.04 0.52 6672.12
401.99 392.14 0.47 4964.69
737.65 681.98 0.48 4493.84
661.05 885.48 0.38 2454.55
337.92 830.16 0.52 2233.74
584.34 734.56 0.41 2579.96
39.48 348.73 0.31 6350.69
149.63 110.13 0.53 4283.39
470.45 79.74 0.48 7324.38
36.69 919.50 0.47 5458.05
769.70 590.28 0.52 4345.58
367.14 192.08 0.55 2009.64
666.08 1.68 0.43 10346.60
94.03 522.22 0.57 8263.22
976.10 666.82 0.40 5171.04
167.67 310.62 0.53 10129.73
641.64 469.24 0.42 8984.77
32.19 749.45 0.36 3573.90
577.97 808.44 0.61 5717.01
57.46 524.90 0.48 3085.84
264.35 567.05 0.67 9711.02
145.33 916.01 0.40 3517.60
889.56 631.00 0.45 10105.93
947.56 817.72 0.68 9827.87
600.36 443.68 0.45 9690.34
266.03 395.59 0.52 5442.90
205.20 608.04 0.51 10123.51
624.85 673.81 0.55 9281.40
228.35 652.29 0.70 4645.96
927.24 163.53 0.38 10180.78
418.11 554.91 0.50 8899.65
212.33 690.71 0.74 6318.57
828.72 520.28 0.50 8702.90
178.75 747.54 0.50 7969.04
945.40 388.24 0.52 4401.57
358.66 614.07 0.45 7206.59
467.62 761.41 0.63 7625.26
3.17 165.48 0.48 5479.33
160.50 406.55 0.40 10336.35
623.35 429.91 0.61 7190.21
627.45 556.09 0.50 4300.77
727.41 78.55 0.32 3692.42
805.33 793.02 0.57 5523.64
887.16 156.48 0.44 7017.29
267.30 202.36 0.55 2628.89
672.52 74.89 0.44 6274.06
352.31 600.15 0.54 8263.16
668.85 373.33 0.71 1615.17
590.17 412.35 0.61 10598.14
615.88 673.43 0.70 2322.44
410.40 631.88 0.47 4843.72
999.72 980.25 0.55 6437.22
269.59 518.11 0.47 3932.73
435.14 563.12 0.51 803.49
760.22 918.63 0.43 9549.43
188.97 100.51 0.67 1234.10
635.37 472.21 0.51 10153.10
964.56 659.39 0.56 5602.88
878.13 85.60 0.75 10185.56
530.74 260.56 0.40 2418.44
888.06 964.36 0.48 5716.90
995.28 873.46 0.52 5817.86
846.97 969.42 0.62 3988.89
622.17 417.66 0.40 8991.51
892.25 433.57 0.39 6655.88
193.45 334.51 0.41 1830.72
627.37 225.46 0.64 9628.20
203.42 724.50 0.40 10411.73
351.85 870.36 0.35 4502.39
127.67 17.36 0.58 8735.29
348.96 252.93 0.57 1669.71
79.54 275.30 0.49 3313.25
635.20 74.13 0.42 1156.19
643.82 237.58 0.52 7369.77
918.55 319.64 0.51 2084.43
456.22 227.09 0.52 3957.60
770.01 511.43 0.50 1300.31
617.65 144.62 0.39 6793.03
436.00 318.94 0.44 3522.23
258.73 176.27 0.59 8332.17
252.68 258.83 0.40 7344.62
400.76 601.23 0.35 1426.99
758.58 415.64 0.45 7992.86
514.87 130.56 0.71 4392.20
916.92 754.99 0.41 1534.71
796.43 420.29 0.56 6378.38
967.48 856.78 0.70 7528.27
607.02 689.59 0.62 6609.50
952.82 122.17 0.40 6663.35
780.33 756.12 0.61 6520.08
961.32 989.49 0.58 5790.51
440.72 84.18 0.51 1902.87
150.56 684.20 0.42 4203.94
652.92 316.71 0.47 4234.22
344.95 902.76 0.61 6558.24
31.20 907.02 0.48 6254.06
977.21 570.88 0.36 2516.68
606.04 308.77 0.63 7952.39
547.87 889.81 0.46 4903.60
483.41 54.24 0.29 7775.77
400.34 56.59 0.51 2561.78
37.03 317.15 0.58 3705.09
393.04 934.63 0.45 1350.02
213.29 852.76 0.36 3791.80
801.69 471.76 0.65 5749.28
366.28 164.12 0.47 9201.05
395.97 812.08 0.45 5848.90
380.00 517.18 0.60 7201.57
347.66 806.11 0.48 2927.44
463.25 24.83 0.43 2988.01
61.69 383.44 0.49 1718.06
632.98 461.70 0.47 8400.52
267.65 513.56 0.56 9423.08
6.17 940.64 0.49 10569.08
266.53 291.29 0.32 4531.55
996.86 567.36 0.58 9977.16
127.57 928.23 0.40 7194.40
753.56 244.48 0.46 9749.09
404.97 957.76 0.45 6001.00
115.71 733.60 0.48 9599.60
919.64 478.63 0.49 3720.27
239.61 681.49 0.49 2504.54
907.65 811.55 0.43 10492.06
960.43 19.60 0.41 9709.03
872.41 819.47 0.61 2931.25
292.76 977.52 0.38 6034.80
899.88 856.45 0.36 2475.92
714.74 417.06 0.58 2394.96
519.68 869.27 0.42 1548.10
837.72 270.25 0.50 4340.96
43.59 266.05 0.60 9739.75
294.24 371.09 0.56 4797.55
265.83 722.63 0.50 8813.04
608.72 753.97 0.41 5424.75
793.99 673.56 0.44 8275.00
703.41 101.29 0.60 6645.16
611.11 17.80 0.57 7593.37
833.85 220.21 0.43 8081.22
282.52 355.83 0.53 8664.02
610.02 193.34 0.46 1870.77
803.56 186.41 0.55 6477.81
137.38 787.60 0.71 1431.95
74.91 64.92 0.45 5970.52
222.19 434.44 0.64 3111.03
270.02 729.02 0.44 3899.12
280.71 560.90 0.52 5054.53
853.48 3.74 0.42 9185.36
298.80 903.39 0.54 1779.06
270.08 484.10 0.49 9797.31
262.59 226.15 0.67 2812.45
883.79 716.22 0.49 5906.95
904.20 322.06 0.57 1842.82
913.80 735.13 0.45 6764.01
966.72 814.86 0.53 7661.76
138.81 250.26 0.52 2180.17
329.53 320.96 0.60 810.99
755.21 545.33 0.54 2008.31
77.44 519.58 0.34 1332.84
