929.20 239.15 0.54 1492.94
631.89 267.53 0.33 5390.62
757.86 567.38 0.51 8498.42
418.75 643.84 0.52 8237.20
760.39 736.38 0.56 4098.08
457.06 461.24 0.58 8344.68
507.71 734.33 0.57 10297.16
194.88 236.84 0.57 4833.60
722.19 952.93 0.45 7524.63
736.92 118.93 0.47 7150.35
611.07 70.93 0.59 4495.58
12.29 912.51 0.64 1520.75
66.09 412.43 0.38 9217.71
351.72 49.60 0.22 2639.87
303.77 656.26 0.45 6766.52
374.55 587.42 0.68 3020.77
805.32 374.07 0.35 1247.81
983.79 974.59 0.39 9588.47
310.42 826.32 0.46 6469.23
21.37 107.14 0.55 5386.69
96.41 466.77 0.37 8330.12
4.39 922.40 0.43 6585.35
856.16 268.48 0.53 9594.73
261.45 935.90 0.50 10308.72
557.84 905.07 0.51 2919.28
974.23 389.87 0.35 5527.34
496.21 752.40 0.64 1291.13
369.23 141.73 0.67 5816.17
904.95 460.08 0.56 7869.88
512.49 793.97 0.48 4933.24
374.47 928.92 0.61 9881.60
456.75 581.54 0.56 8102.43
549.40 206.95 0.54 6869.97
584.83 847.53 0.45 2300.85
793.16 532.72 0.71 7274.20
392.66 88.32 0.42 9185.13
220.58 81.81 0.49 2474.85
890.75 358.31 0.48 4257.05
605.62 408.99 0.60 3588.22
385.38 51.65 0.41 4764.70
289.57 592.58 0.55 6664.35
216.24 112.53 0.39 4332.56
352.55 443.14 0.48 3492.04
208.43 60.98 0.42 5040.66
861.11 536.44 0.29 2807.59
91.84 299.54 0.66 9175.44
137.05 959.53 0.55 3248.88
827.94 6.99 0.37 3594.67
950.87 315.25 0.61 4809.75
542.86 737.41 0.42 774.74
358.53 934.73 0.60 7045.56
170.47 283.15 0.36 10778.06
475.96 40.59 0.42 7800.17
407.43 1.41 0.43 3004.79
975.28 453.15 0.42 9529.18
147.74 819.36 0.58 7976.68
443.42 359.03 0.73 10146.95
858.16 912.93 0.69 8046.14
267.10 279.10 0.28 6977.54
682.82 936.99 0.66 8850.66
858.61 125.32 0.58 7747.72
436.32 14.55 0.37 7860.61
860.54 344.35 0.51 9989.90
74.27 649.05 0.54 1359.72
963.29 861.40 0.60 5431.45
440.06 549.55 0.58 5396.93
290.69 464.31 0.48 5230.57
37.78 354.25 0.31 9072.86
877.92 551.14 0.54 5600.03
482.01 449.67 0.39 2959.52
240.79 572.98 0.62 6618.72
549.16 93.54 0.49 6111.38
263.41 35.12 0.65 3776.23
57.48 942.11 0.57 8202.03
332.23 979.20 0.57 6267.20
964.14 305.36 0.37 3920.74
464.02 298.58 0.65 3107.26
651.87 403.27 0.37 1848.52
808.24 907.62 0.54 3598.77
574.19 291.49 0.49 9153.63
182.24 105.96 0.57 6504.75
539.19 336.14 0.53 6402.11
230.62 343.53 0.56 4810.38
960.86 882.80 0.45 4081.10
394.66 410.03 0.41 9954.86
969.78 754.54 0.48 9860.97
434.83 160.11 0.41 9034.71
613.58 333.69 0.56 2992.43
570.34 83.18 0.58 6772.81
539.67 231.72 0.57 10100.82
922.35 614.72 0.39 4978.01
390.68 267.69 0.38 1820.28
168.89 290.27 0.25 7569.73
26.23 404.25 0.37 8987.21
392.15 850.59 0.54 10097.01
400.60 656.86 0.45 1287.02
21.39 129.11 0.51 7212.37
504.90 518.94 0.34 3715.04
822.28 689.07 0.37 8142.44
259.54 478.60 0.60 8166.40
547.95 399.93 0.46 8189.59
351.54 851.91 0.60 4936.33
369.41 443.57 0.53 2688.58
85.17 567.35 0.50 4103.81
409.76 15.56 0.40 5274.98
317.23 71.19 0.38 1836.02
0.35 334.33 0.65 10647.66
198.03 760.47 0.38 10029.05
848.37 170.65 0.56 7837.72
958.37 288.25 0.74 4132.44
926.03 259.13 0.42 4292.98
529.42 927.42 0.56 4982.65
226.86 598.84 0.63 2774.76
331.44 840.65 0.35 5963.36
580.43 152.44 0.64 7591.40
293.42 393.28 0.49 4236.48
655.74 384.06 0.51 1560.77
612.31 974.32 0.52 1860.11
412.74 314.35 0.61 8924.56
128.70 351.01 0.34 6633.04
493.95 154.54 0.42 3287.08
730.19 949.29 0.43 10666.59
874.48 391.90 0.45 10395.23
647.52 497.24 0.40 5225.51
918.67 227.50 0.44 10121.32
581.23 261.81 0.56 5168.81
10.65 737.52 0.39 10761.90
291.94 772.28 0.36 3386.57
260.39 626.16 0.34 10203.32
33.70 892.50 0.60 1436.59
770.20 979.55 0.47 5164.30
855.56 771.35 0.62 1815.93
215.03 285.58 0.57 2920.03
452.56 328.62 0.30 8375.81
828.37 304.82 0.46 1406.17
638.89 604.25 0.42 8191.81
236.19 267.17 0.50 8778.44
867.40 750.14 0.69 8766.42
779.04 414.75 0.55 9534.50
189.97 856.78 0.60 6921.05
603.26 354.84 0.56 6021.63
111.08 650.38 0.57 7492.36
64.87 413.89 0.67 7482.70
568.80 120.26 0.53 1877.13
477.64 434.19 0.40 6261.36
730.40 440.21 0.44 10152.70
484.75 192.63 0.73 7824.49
201.07 230.27 0.37 4751.25
806.61 313.79 0.49 6917.04
926.97 261.89 0.40 8044.09
