80.44 677.29 4605.88 0.34 
282.02 513.23 4029.72 0.33 
122.03 829.90 4612.15 0.60 
605.12 109.83 3763.60 0.33 
727.64 374.87 3470.52 0.36 
224.09 131.87 3816.82 0.33 
672.27 154.62 4101.69 0.40 
769.35 680.90 2953.87 0.24 
324.83 295.95 4546.02 0.31 
854.34 162.21 4460.56 0.36 
28.81 56.54 2930.45 0.43 
679.82 262.08 4210.54 0.38 
820.47 20.80 3862.42 0.37 
919.36 136.18 3781.64 0.52 
23.15 253.33 4181.33 0.48 
219.44 635.67 4898.26 0.37 
420.91 685.56 3397.45 0.37 
649.29 186.09 3137.52 0.25 
849.21 920.80 4046.86 0.27 
318.93 615.65 3696.88 0.39 
127.96 38.72 4789.58 0.37 
110.83 837.63 4506.41 0.32 
805.66 745.74 4056.44 0.47 
142.71 123.13 3248.06 0.45 
448.40 127.19 3517.92 0.34 
690.86 568.77 4529.52 0.51 
476.15 225.94 4884.88 0.35 
987.56 849.06 2600.03 0.50 
369.88 5.52 4043.04 0.30 
587.86 39.29 4162.43 0.21 
508.68 900.42 4864.93 0.33 
44.78 61.49 3390.03 0.23 
776.86 948.75 4197.01 0.37 
993.72 521.31 3582.90 0.54 
250.32 420.63 3524.99 0.34 
623.15 506.60 3029.56 0.53 
840.58 267.54 4153.35 0.40 
985.39 468.64 4173.44 0.49 
369.41 632.03 3769.15 0.40 
907.43 25.20 4137.56 0.41 
558.53 973.75 3889.19 0.36 
14.33 351.27 4696.91 0.56 
254.48 125.59 4563.65 0.52 
835.87 460.67 3837.38 0.51 
542.01 225.03 4430.13 0.52 
280.69 850.93 4695.63 0.53 
417.76 39.95 4232.75 0.50 
220.36 669.78 3301.18 0.40 
354.07 689.33 5287.66 0.50 
210.08 264.61 4722.19 0.33 
350.91 247.66 2906.52 0.43 
803.97 964.10 3502.02 0.26 
185.95 712.85 3975.47 0.12 
712.72 495.34 3959.13 0.18 
281.33 442.53 5097.26 0.36 
553.49 107.92 4001.09 0.56 
426.29 449.97 2556.90 0.41 
897.76 322.87 4272.17 0.29 
59.83 60.28 4310.64 0.23 
117.83 77.50 4969.28 0.34 
725.56 918.82 4883.53 0.52 
440.12 741.49 3122.02 0.42 
974.04 410.98 4439.55 0.37 
48.84 146.86 4172.90 0.41 
487.10 283.39 4125.92 0.50 
852.81 28.53 4237.97 0.35 
626.25 879.20 3826.27 0.61 
76.79 506.86 3669.90 0.25 
326.50 531.20 3620.69 0.55 
504.57 864.07 4165.40 0.28 
140.78 556.70 3652.88 0.47 
460.75 547.44 3668.98 0.44 
932.81 114.86 3273.71 0.46 
340.86 260.81 3967.26 0.36 
873.07 212.43 5071.71 0.44 
192.57 136.50 3994.66 0.34 
937.68 56.55 4238.34 0.35 
915.75 283.16 3736.96 0.43 
480.83 76.01 4196.09 0.50 
623.44 714.81 4070.82 0.02 
852.90 476.50 2716.20 0.35 
522.70 534.91 3338.87 0.40 
688.06 513.23 3654.43 0.36 
903.14 792.52 4043.53 0.37 
871.87 499.50 3749.93 0.46 
924.35 177.97 3727.96 0.42 
322.75 306.15 3239.63 0.39 
474.73 480.91 3831.37 0.38 
347.46 17.95 3044.44 0.34 
424.44 807.14 3762.89 0.35 
242.30 915.11 5517.95 0.35 
751.08 22.00 4377.77 0.36 
56.24 845.87 3911.86 0.41 
799.54 851.57 3442.10 0.53 
573.32 796.53 5556.66 0.34 
14.96 889.12 3210.87 0.35 
938.43 384.67 3057.15 0.37 
913.88 298.71 4436.12 0.39 
287.79 577.74 2933.02 0.51 
530.25 923.01 4459.69 0.34 
863.10 40.36 4278.94 0.43 
