472.03 158.73 3402.66 0.47 
384.22 568.30 5271.34 0.55 
573.45 535.60 4793.80 0.21 
710.77 182.28 3486.64 0.20 
238.07 260.67 3783.25 0.43 
897.01 511.37 3830.79 0.50 
172.56 609.72 4522.68 0.12 
86.22 301.81 4699.95 0.38 
986.36 232.40 3939.43 0.46 
27.32 146.57 2953.93 0.27 
500.78 237.38 3945.10 0.35 
637.30 64.73 4004.48 0.53 
234.82 73.23 3634.04 0.42 
352.44 743.85 5145.34 0.48 
112.75 168.46 4761.08 0.55 
200.91 162.82 2793.44 0.48 
750.68 558.91 2896.53 0.40 
840.35 342.79 4039.01 0.47 
541.45 256.87 3753.11 0.31 
903.99 345.64 4649.23 0.49 
933.77 694.13 4454.65 0.52 
882.04 807.86 5143.86 0.55 
576.72 380.26 2459.19 0.44 
64.66 731.06 4104.45 0.29 
420.76 780.68 3828.67 0.48 
313.45 685.41 3828.36 0.35 
995.98 46.86 2944.59 0.50 
274.74 268.78 2934.41 0.52 
255.87 476.78 4485.78 0.37 
156.67 620.03 4603.29 0.55 
925.15 690.51 3416.47 0.47 
57.81 40.85 4306.62 0.20 
834.03 357.04 4273.79 0.48 
646.66 635.73 3729.58 0.39 
383.94 679.13 4265.53 0.32 
474.44 146.50 3662.04 0.51 
963.70 647.16 4556.41 0.40 
478.29 416.46 3436.71 0.34 
726.35 617.89 3863.13 0.41 
54.91 763.33 4165.51 0.46 
819.85 4.14 4695.24 0.29 
107.56 830.95 2789.12 0.34 
626.49 614.97 4245.07 0.22 
479.97 602.94 2725.62 0.37 
261.37 440.27 3423.64 0.56 
371.78 338.18 4713.88 0.41 
978.82 796.09 5071.62 0.35 
501.23 386.25 3471.33 0.57 
972.72 747.60 4637.84 0.26 
655.17 583.17 3932.74 0.42 
583.36 503.48 4729.57 0.19 
695.60 152.26 4581.80 0.31 
156.13 70.15 4064.27 0.47 
319.89 446.19 4172.11 0.46 
768.45 295.36 3673.38 0.40 
781.73 183.79 3170.08 0.44 
48.60 592.03 3440.02 0.44 
146.32 44.45 3708.73 0.51 
167.12 74.24 4226.32 0.48 
391.58 84.54 4255.37 0.50 
366.93 662.29 4349.78 0.46 
82.75 701.57 3711.18 0.36 
707.96 415.31 3799.73 0.32 
386.54 74.22 4130.12 0.29 
894.52 61.19 4430.71 0.36 
691.06 698.10 4316.66 0.50 
507.24 440.61 4243.69 0.36 
34.93 881.99 5476.00 0.37 
815.08 527.48 3914.87 0.48 
293.28 695.54 4392.38 0.50 
756.30 390.43 2719.33 0.39 
626.75 712.87 4022.89 0.48 
71.54 112.69 3678.54 0.32 
973.50 86.38 3220.38 0.28 
886.75 380.24 2312.86 0.41 
391.25 638.23 4461.03 0.36 
982.13 405.88 4428.43 0.41 
269.96 164.77 4321.79 0.44 
265.67 699.60 5798.85 0.46 
904.49 418.26 4318.99 0.45 
581.40 181.16 4775.49 0.54 
604.38 934.68 3977.86 0.25 
424.04 409.00 3855.56 0.55 
526.48 203.12 5569.08 0.50 
670.22 560.30 3607.67 0.38 
238.40 577.08 3154.01 0.45 
353.79 921.11 3681.68 0.41 
791.14 778.93 4472.28 0.48 
356.81 353.91 4374.55 0.45 
821.89 82.54 3753.65 0.37 
722.46 714.93 3797.04 0.45 
87.62 25.98 4750.93 0.26 
949.92 847.59 4442.63 0.43 
402.97 322.68 5033.55 0.41 
949.03 324.55 4666.76 0.27 
417.65 38.60 3814.13 0.40 
425.63 932.72 3328.08 0.33 
107.07 881.37 4254.83 0.48 
960.51 268.41 3927.44 0.41 
491.10 919.68 3944.88 0.29 
330.81 147.00 3989.11 0.34 
560.08 296.00 4467.28 0.58 
106.23 640.97 3869.66 0.48 
930.84 607.46 3987.80 0.46 
909.18 885.98 3425.90 0.48 
530.28 969.26 4051.33 0.36 
145.04 675.19 3272.52 0.34 
897.94 218.43 3873.41 0.23 
439.99 774.40 3460.89 0.25 
194.42 903.52 2382.08 0.40 
440.57 702.78 3689.98 0.54 
19.54 297.04 3701.67 0.49 
264.67 944.82 4280.70 0.17 
895.03 582.99 4841.83 0.46 
500.39 588.43 4996.74 0.53 
104.39 51.79 2948.63 0.41 
743.49 761.38 2668.34 0.39 
249.52 782.45 3079.88 0.28 
777.52 894.67 3891.91 0.47 
764.56 126.58 4001.44 0.41 
431.97 347.34 3944.33 0.44 
995.68 817.30 3981.10 0.49 
215.87 746.43 2742.09 0.60 
727.21 707.65 4341.72 0.46 
96.02 128.06 3431.81 0.27 
14.18 765.66 5093.68 0.25 
366.15 607.07 4131.32 0.48 
316.36 798.22 4851.63 0.46 
795.03 484.66 4526.02 0.18 
555.37 491.69 3765.52 0.38 
24.49 952.21 4412.61 0.42 
312.20 306.72 4619.20 0.36 
153.94 528.44 5131.53 0.24 
815.99 877.88 2964.84 0.58 
253.75 133.56 4162.44 0.26 
154.31 189.04 3036.41 0.20 
117.79 952.90 4736.32 0.22 
660.60 534.83 4597.74 0.52 
335.29 561.48 3593.23 0.38 
245.15 261.36 4166.68 0.43 
936.81 897.33 4749.44 0.13 
463.55 398.37 4237.14 0.40 
669.27 703.52 4634.90 0.48 
931.46 457.26 3984.29 0.48 
865.06 764.82 4310.58 0.38 
758.84 46.81 4247.98 0.25 
892.27 295.40 4187.80 0.54 
593.91 241.21 3977.58 0.52 
72.54 977.77 4840.36 0.47 
628.63 275.25 4436.68 0.24 
513.22 591.56 4595.44 0.26 
