511.96 296.62 5418.56 0.39 
912.59 883.40 3763.64 0.41 
319.56 774.73 4434.98 0.50 
556.93 337.67 4887.76 0.27 
376.48 652.13 4179.78 0.36 
63.83 733.29 3312.68 0.28 
864.07 107.30 4296.81 0.30 
308.08 124.72 3612.55 0.47 
754.52 430.18 4098.96 0.43 
123.89 43.16 3246.05 0.47 
562.36 48.60 4892.09 0.31 
516.39 977.03 4523.30 0.39 
166.03 898.45 3324.89 0.51 
638.03 963.11 4234.47 0.55 
119.41 355.86 3926.28 0.34 
112.30 207.38 3879.61 0.39 
692.45 485.50 3673.70 0.52 
501.96 214.84 4091.94 0.32 
180.74 88.42 3710.02 0.44 
148.93 631.53 5103.67 0.38 
744.68 150.52 3950.52 0.38 
