662.53 893.07 3163.42 0.32 
877.24 282.05 3409.23 0.40 
299.16 163.09 4218.21 0.50 
843.30 75.64 4325.16 0.30 
85.04 236.69 3975.72 0.43 
52.80 505.77 2639.71 0.41 
643.38 670.77 4131.06 0.45 
383.28 316.55 4581.83 0.43 
441.42 415.63 3133.67 0.47 
626.30 114.62 5141.26 0.35 
31.77 611.77 5030.36 0.32 
420.25 746.42 3677.16 0.41 
576.24 184.16 4926.49 0.45 
124.83 111.54 4187.81 0.28 
982.72 283.35 3879.57 0.40 
128.03 746.31 3496.54 0.41 
621.61 548.84 4767.10 0.22 
664.33 762.25 3347.29 0.45 
709.50 569.15 4035.80 0.35 
436.39 464.63 2860.85 0.47 
55.41 949.19 3469.29 0.31 
772.22 36.53 4044.99 0.23 
725.87 624.26 3655.54 0.48 
710.27 898.14 4635.03 0.53 
80.52 678.28 3803.46 0.35 
919.40 849.64 3708.75 0.36 
609.27 18.40 3485.55 0.38 
253.65 505.22 2950.25 0.48 
627.34 55.72 3895.71 0.36 
677.89 217.04 4025.18 0.31 
485.72 662.22 4023.62 0.29 
336.37 78.43 4846.94 0.51 
876.03 373.97 4404.83 0.57 
367.18 358.22 2846.80 0.50 
661.10 241.54 4963.60 0.41 
278.92 41.48 4984.14 0.30 
571.46 179.07 3726.78 0.43 
29.54 989.70 3510.52 0.35 
965.07 814.63 3454.38 0.38 
498.74 555.91 3919.24 0.40 
560.75 18.10 4892.05 0.43 
583.40 532.66 3943.31 0.51 
796.43 689.96 3981.27 0.59 
320.73 823.17 3846.78 0.56 
921.76 388.29 2529.14 0.43 
44.11 726.99 3799.02 0.33 
563.38 694.66 5148.48 0.31 
785.33 750.64 4051.91 0.32 
770.83 256.53 3491.49 0.23 
772.45 191.78 4465.64 0.45 
196.92 468.57 4067.76 0.40 
649.63 713.12 4375.54 0.44 
338.81 182.86 3136.14 0.45 
813.99 801.02 4290.50 0.55 
682.67 474.24 4819.69 0.46 
269.93 486.37 4089.01 0.53 
186.79 778.06 4557.78 0.49 
526.05 353.91 3903.69 0.51 
103.89 0.38 4427.67 0.51 
78.67 554.95 4229.78 0.34 
496.41 952.88 3031.05 0.34 
854.10 910.58 4785.75 0.41 
517.95 554.19 4639.37 0.29 
924.41 904.24 5296.52 0.55 
214.21 175.21 4674.00 0.37 
815.83 336.97 3417.40 0.30 
98.46 687.58 4604.43 0.38 
630.26 94.55 3917.33 0.31 
455.70 741.54 3246.37 0.40 
978.47 56.75 4679.21 0.30 
367.21 482.93 4094.21 0.33 
744.42 885.28 4736.40 0.21 
981.84 890.56 3900.83 0.48 
973.82 743.36 4102.74 0.39 
12.69 635.75 4946.64 0.24 
606.04 928.00 4037.61 0.31 
749.21 438.78 3821.75 0.33 
385.57 702.10 3315.63 0.26 
746.16 315.23 4400.59 0.44 
529.93 79.37 3402.90 0.41 
504.83 502.53 4631.02 0.28 
664.63 989.78 4947.50 0.35 
881.69 757.47 3325.77 0.25 
126.00 698.58 3396.54 0.31 
147.64 785.10 3730.34 0.40 
80.88 898.75 3868.65 0.33 
842.86 852.38 4916.40 0.39 
512.06 888.43 3120.04 0.38 
110.71 854.44 4061.32 0.28 
103.35 292.32 3021.52 0.49 
597.10 821.86 3754.62 0.33 
453.32 15.47 3680.24 0.57 
331.97 814.38 4092.08 0.33 
16.05 420.39 3752.36 0.37 
97.43 455.10 2713.68 0.42 
267.50 1.40 4779.47 0.24 
475.74 780.81 3851.80 0.51 
22.98 266.70 3643.08 0.40 
171.81 266.31 4867.18 0.42 
671.28 816.95 3746.21 0.55 
943.50 614.68 3911.54 0.36 
573.13 183.42 3392.45 0.41 
941.98 370.75 4996.45 0.47 
612.09 328.69 4293.81 0.33 
869.40 434.79 3517.61 0.48 
145.40 554.06 4060.28 0.46 
776.37 836.95 3834.64 0.39 
528.75 150.54 4365.21 0.41 
734.65 535.76 5324.28 0.21 
273.17 492.32 3914.66 0.36 
985.93 766.13 3053.32 0.34 
414.76 433.77 3814.28 0.59 
454.56 470.66 4182.22 0.39 
159.67 132.29 4552.81 0.41 
956.97 374.17 2820.93 0.40 
520.55 592.90 4178.38 0.40 
792.94 222.49 4818.01 0.33 
837.77 894.57 3870.21 0.51 
181.76 907.32 4170.24 0.25 
523.43 809.54 3292.81 0.16 
741.01 585.27 4110.05 0.47 
461.62 223.22 4759.18 0.40 
695.38 309.59 4752.09 0.33 
519.19 782.15 3304.60 0.43 
61.02 102.82 4748.77 0.42 
982.67 680.05 3365.62 0.28 
756.61 177.96 3770.51 0.48 
244.18 597.16 3759.08 0.43 
540.11 172.28 3188.92 0.40 
158.70 955.60 4269.18 0.29 
220.84 691.04 4090.52 0.47 
524.31 785.08 3977.09 0.49 
625.28 209.30 3541.66 0.37 
572.30 310.24 4696.76 0.56 
944.58 877.40 4603.03 0.44 
65.06 594.99 4508.97 0.35 
18.07 93.23 3556.26 0.46 
93.85 194.27 4185.57 0.52 
734.17 801.70 4509.03 0.33 
346.27 272.18 3703.96 0.22 
495.73 463.14 3613.97 0.40 
14.02 312.33 4948.08 0.48 
805.10 990.03 3167.91 0.31 
566.08 655.21 3085.47 0.46 
695.54 819.27 3200.16 0.31 
892.44 195.49 4095.16 0.42 
454.14 690.03 3398.38 0.44 
290.30 722.91 4471.62 0.52 
849.79 799.57 3951.08 0.47 
21.18 423.34 4518.68 0.51 
662.44 367.37 3142.44 0.32 
706.62 815.95 2879.52 0.43 
491.32 447.38 4548.91 0.33 
286.11 998.72 4842.74 0.44 
646.41 176.77 3874.40 0.33 
157.59 134.00 3544.21 0.42 
962.76 763.50 3755.77 0.56 
123.71 19.56 3930.21 0.26 
951.51 14.13 3893.66 0.51 
931.79 766.44 3737.49 0.18 
157.66 345.20 3746.47 0.31 
217.44 714.88 2944.44 0.63 
545.02 155.53 4041.05 0.54 
129.76 953.37 4175.12 0.46 
297.37 454.34 2574.56 0.57 
555.36 116.25 3831.28 0.58 
505.16 419.83 3730.08 0.50 
789.13 492.90 4977.05 0.37 
704.87 428.14 3214.45 0.44 
479.32 121.36 3472.65 0.33 
326.77 253.20 3541.73 0.27 
353.11 212.40 3240.93 0.46 
475.37 948.96 3669.11 0.45 
396.22 472.92 3135.52 0.33 
568.12 127.22 4583.73 0.41 
996.96 202.78 4024.34 0.26 
662.93 322.81 4297.46 0.44 
892.98 223.89 3337.06 0.24 
548.43 166.75 4764.38 0.35 
288.98 79.12 3213.10 0.20 
103.61 581.63 4702.43 0.61 
99.66 589.33 4048.38 0.40 
72.61 979.01 4220.68 0.44 
155.92 875.08 3849.42 0.29 
277.73 920.69 5511.29 0.39 
278.56 695.35 3892.73 0.44 
707.19 242.78 4125.81 0.51 
146.76 305.01 3070.63 0.32 
677.33 709.77 4829.97 0.46 
782.58 627.26 4227.99 0.45 
961.05 734.31 5061.09 0.40 
545.01 34.36 3899.16 0.48 
989.62 75.83 4430.91 0.27 
722.14 351.89 5229.49 0.47 
834.28 116.20 3732.66 0.48 
965.87 288.11 3971.53 0.33 
33.32 844.66 4010.24 0.32 
907.63 543.33 3917.94 0.59 
590.72 996.17 3658.12 0.56 
693.60 596.03 4268.54 0.40 
791.82 450.63 3595.80 0.28 
