455.53 567.84 3404.59 0.34 
809.40 98.79 3331.94 0.40 
614.49 763.66 1822.28 0.56 
676.35 974.65 3008.45 0.39 
520.20 39.08 3015.23 0.28 
968.73 440.09 4458.03 0.31 
377.98 509.67 2765.89 0.31 
949.24 929.88 3923.07 0.36 
138.02 170.20 3775.94 0.52 
685.66 205.80 3782.11 0.41 
223.35 644.56 3981.89 0.46 
732.51 572.46 3118.82 0.26 
260.91 422.69 5017.55 0.44 
468.93 8.31 3531.02 0.34 
919.98 454.08 3683.81 0.40 
739.69 759.91 4039.88 0.41 
606.85 761.43 3791.83 0.23 
969.77 554.40 4076.54 0.45 
329.10 762.42 3793.22 0.39 
200.32 251.55 4225.42 0.32 
231.12 531.84 3328.44 0.50 
957.20 438.99 4793.09 0.56 
835.39 981.48 5187.07 0.22 
581.92 139.99 4509.22 0.39 
884.88 202.24 4649.23 0.20 
593.04 689.34 2931.55 0.38 
374.21 213.96 4103.06 0.40 
904.07 689.26 4498.50 0.32 
145.21 456.27 4012.32 0.37 
796.61 301.83 3305.79 0.42 
589.98 270.54 3931.03 0.44 
