120.32 644.08 3388.24 0.51 
252.23 305.99 3397.81 0.55 
331.25 79.08 2699.55 0.43 
945.21 739.00 3706.31 0.33 
483.76 455.16 4187.83 0.53 
509.47 692.84 4820.43 0.27 
915.17 232.82 4922.32 0.38 
654.94 923.32 3494.77 0.49 
140.40 806.36 3026.86 0.55 
823.59 840.64 3896.37 0.44 
456.83 810.09 3603.44 0.44 
542.53 746.19 3903.06 0.57 
166.14 297.83 2111.83 0.33 
976.72 958.14 4078.60 0.34 
448.99 452.54 4182.78 0.61 
18.25 240.72 4112.52 0.42 
772.52 511.29 4581.95 0.37 
178.71 866.32 4100.56 0.37 
117.72 715.94 3114.73 0.52 
307.76 669.30 5350.77 0.41 
536.02 487.73 3579.76 0.50 
598.42 424.87 3298.58 0.40 
597.19 229.20 3522.59 0.36 
700.05 649.31 3849.62 0.34 
207.33 376.95 4106.05 0.36 
927.81 581.02 4690.76 0.40 
352.89 649.40 4094.52 0.48 
306.69 289.69 4263.83 0.31 
379.43 83.45 3862.71 0.37 
434.31 966.49 4018.13 0.52 
19.35 50.27 4673.36 0.43 
194.84 877.71 3529.00 0.56 
137.69 242.38 4459.31 0.32 
153.48 890.72 4235.58 0.53 
928.37 781.55 4160.33 0.41 
843.24 93.81 3669.96 0.51 
441.29 398.94 3491.11 0.44 
101.25 783.19 3861.16 0.48 
995.61 766.81 4222.89 0.34 
488.58 952.00 4474.56 0.36 
392.54 836.31 4714.41 0.35 
