706.45 117.56 3767.62 0.32 
854.06 348.20 4266.74 0.29 
339.04 991.84 3902.16 0.39 
413.47 33.20 3219.64 0.27 
198.99 614.77 2094.59 0.32 
765.90 353.78 5287.22 0.11 
374.32 988.53 2621.71 0.40 
962.50 510.45 4607.47 0.32 
696.28 370.70 4724.64 0.23 
559.71 971.15 5152.41 0.47 
550.17 661.18 4089.40 0.39 
61.87 605.92 4496.60 0.23 
301.54 236.19 2926.38 0.45 
152.57 421.42 3102.94 0.29 
469.97 380.14 4268.88 0.35 
72.82 635.63 4880.86 0.39 
667.95 794.92 4679.24 0.43 
65.53 190.84 4148.61 0.53 
897.88 506.55 3892.75 0.35 
524.47 355.68 4603.99 0.56 
848.09 398.16 3451.48 0.61 
996.73 658.06 4578.31 0.30 
398.02 770.93 4989.04 0.14 
13.90 131.87 3108.82 0.36 
195.30 858.59 4099.18 0.49 
535.02 376.87 3768.13 0.42 
233.37 324.05 4817.68 0.46 
628.20 614.29 4197.88 0.26 
182.36 65.99 4007.15 0.35 
595.54 178.59 3659.96 0.41 
417.94 418.50 4219.78 0.38 
642.28 390.49 4855.77 0.34 
378.95 187.08 2669.92 0.28 
136.45 697.07 3355.95 0.49 
957.10 219.64 4576.28 0.41 
614.67 294.50 4487.92 0.34 
986.71 42.00 4164.33 0.34 
724.65 138.85 4147.21 0.20 
733.81 815.68 4950.56 0.26 
902.89 534.78 3990.55 0.39 
269.01 712.52 3234.23 0.49 
558.50 121.79 3304.69 0.50 
202.66 99.42 4402.28 0.53 
50.28 570.47 4720.38 0.30 
932.37 429.52 4407.81 0.41 
626.72 188.23 5021.78 0.40 
39.07 827.62 4722.31 0.47 
458.78 713.29 3490.05 0.35 
17.38 312.31 4642.83 0.44 
785.25 161.63 3821.13 0.35 
157.35 829.47 3570.68 0.46 
254.57 761.49 4244.20 0.48 
139.36 587.60 2948.71 0.45 
667.59 860.77 4031.04 0.43 
59.36 31.50 3804.85 0.24 
278.41 582.68 4398.07 0.17 
982.17 502.96 4086.25 0.41 
509.37 811.40 4323.38 0.35 
304.72 694.03 4700.87 0.37 
688.06 453.90 3970.75 0.35 
793.68 267.98 3019.61 0.53 
163.78 502.50 4698.23 0.41 
3.50 12.99 4052.96 0.51 
746.86 140.14 4132.10 0.38 
257.07 5.44 3974.06 0.40 
812.54 422.74 2786.32 0.36 
624.25 31.03 4846.68 0.32 
991.06 146.66 5404.39 0.24 
519.49 875.59 3175.28 0.40 
135.44 582.57 4101.80 0.47 
83.07 623.05 4484.62 0.41 
