646.59 546.10 5097.96 0.38 
962.00 360.39 3043.40 0.49 
902.60 812.83 2953.63 0.40 
988.04 636.43 4337.80 0.50 
461.29 508.61 3799.60 0.19 
518.80 718.48 4175.85 0.50 
616.35 834.14 4187.05 0.25 
708.75 34.01 3836.36 0.37 
154.00 409.35 4351.79 0.49 
93.17 831.87 4864.11 0.47 
258.36 296.77 4469.44 0.35 
528.27 393.45 4045.58 0.51 
134.95 732.50 4292.53 0.42 
364.60 832.04 3104.54 0.31 
257.78 143.38 3957.46 0.57 
776.06 919.37 3522.59 0.62 
365.89 751.63 4262.11 0.33 
675.83 348.72 4250.69 0.55 
651.12 188.91 4585.35 0.30 
769.06 511.70 3823.27 0.42 
740.12 38.08 5533.65 0.43 
371.87 372.35 3558.05 0.35 
597.40 460.79 4061.94 0.37 
410.43 525.16 4059.54 0.42 
894.60 61.68 4827.66 0.50 
887.02 445.44 3289.00 0.35 
501.78 784.02 3918.74 0.31 
335.33 219.54 3303.33 0.41 
873.51 968.44 4071.64 0.24 
801.17 383.66 3653.16 0.43 
304.03 164.88 3024.16 0.39 
481.66 621.87 3625.55 0.29 
407.18 941.00 3781.58 0.38 
782.98 962.98 3938.76 0.49 
98.79 739.04 4205.43 0.33 
550.74 272.41 3579.58 0.39 
696.21 900.02 4650.35 0.20 
64.78 525.81 4788.07 0.26 
145.70 792.70 4628.93 0.54 
940.83 858.60 4254.98 0.41 
498.04 688.91 4045.61 0.34 
853.32 256.88 4326.80 0.32 
500.99 640.12 3071.58 0.38 
386.01 54.67 4114.94 0.41 
1.62 298.76 3275.10 0.32 
869.98 958.66 2809.09 0.42 
955.53 946.48 4546.08 0.35 
713.62 979.23 4550.72 0.42 
445.36 137.17 4504.01 0.41 
35.73 516.72 3666.36 0.50 
700.24 421.70 4149.10 0.37 
845.11 559.33 3734.97 0.43 
684.91 821.72 3244.39 0.29 
168.60 886.62 2796.83 0.51 
156.14 679.39 3576.88 0.36 
408.67 746.45 3797.18 0.36 
949.14 488.12 3401.87 0.35 
445.03 357.17 3427.91 0.52 
703.98 454.20 3369.67 0.35 
106.11 968.50 5046.11 0.24 
836.48 142.68 4342.41 0.45 
291.71 48.72 3418.84 0.39 
627.97 301.68 4422.57 0.40 
282.35 421.71 4648.99 0.40 
198.32 160.19 3083.73 0.44 
320.70 90.71 4390.02 0.37 
447.99 366.57 3794.78 0.46 
982.71 807.09 4136.27 0.42 
932.19 631.02 3231.35 0.55 
898.26 689.07 3126.34 0.43 
956.52 798.74 4234.15 0.27 
151.27 898.45 4915.11 0.33 
864.74 894.67 3805.54 0.50 
946.45 342.22 3548.81 0.37 
699.44 920.20 3424.10 0.34 
523.17 892.53 3190.74 0.37 
842.94 262.43 3914.11 0.30 
616.74 793.09 4658.62 0.22 
343.69 302.49 4053.04 0.38 
194.14 836.36 4016.18 0.41 
871.60 627.74 3849.07 0.37 
