430.34 827.19 2817.52 0.39 
835.66 776.22 5153.80 0.32 
288.80 365.13 3599.50 0.33 
847.78 948.13 4190.84 0.44 
930.69 673.79 3496.39 0.35 
586.19 681.79 4401.01 0.57 
817.63 573.38 5062.86 0.43 
47.28 576.01 3488.20 0.52 
711.16 384.09 5014.72 0.45 
351.70 207.25 5000.22 0.34 
887.44 478.84 5613.15 0.49 
508.26 642.57 3769.76 0.31 
367.86 573.17 3735.92 0.59 
550.18 597.92 2760.35 0.61 
284.17 129.21 3226.73 0.57 
864.68 632.72 4662.36 0.35 
734.77 806.87 4859.91 0.47 
590.51 520.84 4283.82 0.28 
720.02 354.29 3793.53 0.49 
956.88 897.93 3856.87 0.44 
94.44 496.81 4692.89 0.30 
108.06 549.27 4427.06 0.25 
835.33 706.30 4208.03 0.50 
419.83 631.43 4935.56 0.41 
206.03 546.68 3864.08 0.46 
324.66 591.99 4752.57 0.39 
762.37 74.54 3483.47 0.42 
872.60 204.21 4305.19 0.35 
300.31 395.20 3375.71 0.39 
453.44 626.89 4199.04 0.37 
225.43 440.83 4386.19 0.38 
473.55 655.43 4466.10 0.40 
911.12 750.78 3823.47 0.47 
140.30 787.02 4866.16 0.40 
137.09 32.13 4139.76 0.52 
567.92 585.24 4237.10 0.38 
913.53 493.54 4773.77 0.38 
36.14 317.11 4377.15 0.36 
916.90 948.02 3977.45 0.52 
647.61 432.97 4174.51 0.57 
421.59 932.07 4394.33 0.44 
728.11 169.17 4828.30 0.39 
306.69 193.05 3145.20 0.58 
867.19 140.74 4192.89 0.48 
261.40 845.79 3128.59 0.29 
422.75 38.35 2735.91 0.34 
285.82 928.29 3060.70 0.44 
916.11 499.90 3225.99 0.47 
580.70 517.97 3579.46 0.25 
970.60 453.55 4087.28 0.33 
800.09 670.81 3476.27 0.39 
133.85 57.18 3070.65 0.30 
781.45 270.07 3154.79 0.45 
49.17 132.09 4225.48 0.28 
409.39 116.60 3399.34 0.51 
372.77 317.56 5853.80 0.34 
369.70 845.30 2647.87 0.37 
579.79 183.58 4526.57 0.36 
632.47 239.67 5057.83 0.34 
263.18 122.60 4599.98 0.51 
504.97 357.00 3699.96 0.40 
744.41 905.62 2887.20 0.33 
720.72 329.10 4389.11 0.32 
215.56 505.80 3945.08 0.31 
1.69 417.34 4584.83 0.44 
289.13 852.01 5775.02 0.31 
828.79 665.62 3215.33 0.40 
706.72 30.54 2867.04 0.37 
285.62 492.12 3537.64 0.42 
154.17 574.39 4504.07 0.34 
66.03 610.82 3709.84 0.40 
140.17 601.65 4615.43 0.35 
340.81 489.56 3603.58 0.41 
853.64 938.87 3539.85 0.37 
710.90 984.34 3897.95 0.38 
844.98 8.29 4208.81 0.26 
996.02 84.08 4418.42 0.44 
443.44 201.36 3240.29 0.33 
949.35 738.54 4625.38 0.29 
583.48 3.43 3778.75 0.40 
994.21 300.49 4221.90 0.34 
362.09 89.24 4551.75 0.28 
858.70 104.84 3326.40 0.44 
274.70 554.57 3498.85 0.43 
164.69 439.74 5652.95 0.46 
906.73 981.18 4276.45 0.47 
0.05 582.48 5493.42 0.47 
508.78 10.69 3254.04 0.43 
674.75 514.05 4535.61 0.37 
615.14 903.29 4333.82 0.49 
905.23 367.77 3510.23 0.34 
