859.08 87.84 0.01 6265.26
550.73 587.56 0.14 6582.23
727.32 470.90 0.07 7585.13
203.85 85.89 0.19 7954.82
169.35 438.95 0.16 6937.26
850.19 898.68 0.26 6546.22
47.20 157.77 0.14 6700.71
628.02 606.11 0.02 6503.17
680.01 68.82 0.20 7559.39
874.18 656.81 0.27 6054.66
590.95 897.69 0.24 9125.43
668.18 926.13 0.27 8080.41
255.09 233.33 0.36 7425.34
488.56 609.41 0.20 6491.75
373.60 393.39 0.12 6035.48
629.15 4.29 0.08 7538.11
645.20 133.09 0.38 7557.62
862.71 653.73 0.05 5850.34
772.90 335.34 0.12 7964.16
170.27 711.63 0.12 7750.78
366.63 649.66 0.13 6179.71
76.25 327.48 0.21 8049.74
664.24 373.93 0.14 7736.45
801.36 659.29 0.24 7388.35
517.04 799.39 0.20 7641.44
825.04 836.71 0.43 5310.79
810.96 874.67 0.22 7037.00
393.33 811.01 0.30 5792.62
961.40 93.70 0.16 8270.27
778.32 535.55 0.14 5001.98
998.02 804.74 0.24 7226.12
104.05 33.72 0.28 5329.83
572.63 155.86 0.26 5525.09
356.30 207.54 0.11 8131.92
203.40 593.15 0.20 7538.05
214.47 533.35 0.34 7823.45
331.97 3.97 0.22 7392.86
894.35 971.35 0.26 5570.01
297.79 927.84 0.35 6856.44
805.38 901.09 0.27 6688.28
38.08 583.12 0.26 7219.25
514.93 312.62 0.28 7465.11
334.25 201.53 0.21 5788.76
607.47 529.47 0.24 6429.86
738.71 115.46 0.26 6036.62
535.88 430.87 0.01 6800.10
727.55 310.58 0.31 8211.92
971.85 875.72 0.20 7858.47
226.71 480.70 0.24 5295.39
344.31 805.66 0.12 7762.91
302.10 394.33 0.07 8741.19
7.66 293.84 0.36 6310.82
696.22 986.41 0.18 8204.19
748.93 741.37 0.18 5125.82
853.28 47.70 0.27 4890.83
720.10 679.12 0.25 6432.16
670.39 631.35 0.33 7924.06
199.29 532.37 0.22 6507.75
635.99 529.29 0.22 7202.31
860.36 91.34 0.06 7511.08
127.13 528.17 0.25 6015.79
747.97 530.80 0.20 9190.98
877.98 828.01 0.01 8311.23
77.55 345.95 0.23 7425.85
494.23 67.94 0.07 8220.92
946.06 601.45 0.07 8717.25
570.09 356.80 0.19 7741.55
714.40 178.44 0.18 6739.60
849.81 603.99 0.15 7506.91
636.82 3.80 0.01 6325.27
846.14 359.96 0.25 6189.91
283.86 174.50 0.28 7057.77
599.29 380.35 0.10 6458.54
2.22 790.37 0.33 7335.90
718.69 723.95 0.15 5649.73
895.57 922.73 0.25 7955.93
177.65 101.25 0.31 6129.11
858.14 203.48 0.01 5518.80
640.88 718.13 0.15 7176.78
714.26 780.31 0.22 7283.84
767.83 125.75 0.25 7793.49
424.89 806.08 0.16 7615.81
243.45 574.13 0.28 6109.97
258.78 235.11 0.03 6414.01
745.37 436.66 0.22 5956.65
509.62 890.53 0.38 6830.89
372.73 687.51 0.31 7141.39
308.50 989.90 0.21 6693.45
999.14 717.79 0.13 6364.31
956.96 495.60 0.27 7575.78
732.92 216.98 0.06 6304.21
571.12 503.77 0.27 7991.56
160.58 195.25 0.38 7505.55
977.21 344.07 0.45 6696.45
29.11 335.89 0.23 4553.20
430.01 619.22 0.21 6463.65
231.59 632.56 0.22 5922.46
819.46 240.54 0.34 6436.06
781.46 365.45 0.13 7177.84
792.44 659.17 0.49 6870.50
615.54 180.78 0.15 7190.69
459.51 829.14 0.35 6655.01
597.93 784.13 0.20 7819.44
171.35 691.29 0.26 7059.72
308.51 547.55 0.26 8846.34
729.76 815.44 0.25 7937.65
239.26 830.04 0.22 7092.04
193.51 123.33 0.17 6507.90
669.19 5.80 0.05 5354.74
513.89 157.04 0.04 6054.70
164.48 36.81 0.10 7199.79
97.71 672.12 0.21 6572.43
279.42 604.25 0.04 7099.70
535.88 706.07 0.15 7722.41
327.49 54.42 0.36 8067.47
318.80 956.38 0.24 8058.43
7.44 300.46 0.08 6520.28
381.89 624.98 0.25 7226.15
148.77 683.49 0.23 6308.71
97.79 621.46 0.14 7523.31
70.64 145.41 0.18 6909.86
734.85 998.52 0.31 7046.19
381.86 784.68 0.17 7828.25
912.65 926.73 0.10 6252.50
485.71 797.50 0.19 7683.06
914.88 228.74 0.31 7285.73
740.33 791.87 0.25 7177.02
210.95 561.57 0.22 5558.33
884.38 300.17 0.13 6790.77
837.09 348.11 0.30 8019.09
283.59 74.56 0.22 6511.84
564.44 1.11 0.19 7170.84
708.18 728.62 0.15 6357.32
55.78 508.25 0.04 7380.12
706.46 453.59 0.14 7028.20
790.08 442.74 0.09 7759.82
810.72 280.61 0.19 6679.43
799.33 423.39 0.32 7455.58
689.96 987.01 0.21 8796.21
84.89 143.75 0.05 7497.96
496.22 503.98 0.14 7496.15
643.40 783.76 0.12 7766.82
368.17 321.52 0.13 7114.05
558.89 581.95 0.06 6729.73
825.10 126.10 0.21 7511.27
567.22 914.38 0.20 5749.29
867.21 779.29 0.21 5539.06
104.97 270.76 0.29 6491.19
585.89 459.12 0.23 6873.08
633.81 137.88 0.15 7897.99
543.84 673.00 0.16 8485.98
545.27 654.75 0.28 6919.31
995.67 198.10 0.40 8433.21
991.34 747.39 0.33 7496.27
868.80 599.84 0.15 8577.99
847.56 423.78 0.27 6031.90
263.72 165.25 0.14 7040.12
308.99 321.73 0.16 6949.97
765.68 343.37 0.14 7169.38
751.76 430.72 0.27 6933.91
495.32 387.20 0.10 6651.11
273.11 294.10 0.14 6540.98
431.65 726.53 0.25 6247.16
668.34 344.43 0.20 5268.41
725.62 236.64 0.26 5871.75
760.35 276.69 0.12 6342.33
198.45 6.79 0.09 4740.23
419.70 513.03 0.24 7793.08
705.60 754.63 0.27 6756.24
986.63 143.58 0.14 7605.67
986.32 487.79 0.27 6878.44
700.85 955.29 0.09 6440.09
727.28 331.19 0.25 9027.27
703.11 619.85 0.10 8124.16
11.81 30.00 0.36 7952.77
262.83 158.86 0.05 6591.52
353.07 320.71 0.05 7773.08
290.60 680.69 0.18 5303.33
934.88 969.32 0.11 7095.54
293.80 841.05 0.18 6935.95
14.17 576.34 0.18 6406.32
119.02 17.46 0.13 7275.53
962.72 679.85 0.02 9155.01
738.81 457.36 0.32 6326.26
371.08 252.38 0.09 5856.88
177.33 713.69 0.17 6402.36
909.22 768.43 0.27 6249.77
184.01 435.57 0.24 5973.80
939.82 256.86 0.08 6496.88
564.79 947.00 0.31 8467.03
866.40 199.07 0.28 7148.62
396.78 501.92 0.33 6961.51
567.47 321.62 0.20 6721.97
911.96 308.06 0.29 7043.31
763.47 510.20 0.23 6671.65
244.94 184.11 0.11 6802.36
822.96 550.55 0.15 7013.01
341.63 983.79 0.14 7551.94
156.40 691.30 0.12 7594.56
429.32 597.78 0.04 7538.10

32738.34
