757.07 670.38 703.50 0.41 
595.07 543.36 6157.89 0.40 
677.85 734.92 3855.17 0.58 
571.49 559.35 1182.39 0.47 
551.35 560.02 4970.17 0.27 
572.36 711.51 7742.95 0.31 
627.99 644.26 6092.91 0.42 
569.73 633.30 2171.75 0.31 
562.40 550.16 3696.88 0.32 
652.24 634.10 3388.78 0.35 
556.21 616.35 7047.34 0.52 
656.21 610.30 6554.52 0.49 
735.06 685.15 2507.21 0.30 
567.46 616.57 1058.30 0.49 
602.54 556.03 1386.36 0.35 
807.03 610.99 2568.21 0.26 
626.75 576.12 5846.56 0.41 
707.66 593.47 1392.52 0.39 
671.80 658.21 828.69 0.47 
574.13 690.18 1462.37 0.45 
604.69 661.43 6593.99 0.36 
550.08 709.36 7961.60 0.37 
615.36 556.79 4342.48 0.34 
680.89 544.24 1944.36 0.51 
742.31 589.37 5519.16 0.26 
587.46 558.08 6501.83 0.41 
622.82 707.77 2487.92 0.46 
652.88 559.78 3443.33 0.48 
590.53 624.92 6334.86 0.38 
796.49 722.59 2277.14 0.43 
635.60 576.33 6752.95 0.20 
561.50 743.21 805.75 0.37 
542.10 629.51 670.68 0.35 
629.42 571.61 1047.46 0.33 
689.34 608.79 5364.25 0.38 
559.83 544.99 2349.84 0.28 
544.81 655.81 2789.17 0.50 
568.23 673.81 4554.92 0.43 
630.42 682.37 3879.30 0.35 
670.80 551.15 3615.27 0.37 
582.09 750.77 7402.36 0.39 
