614.54 436.26 0.44 6013.16
826.33 985.75 0.49 7930.09
643.58 485.05 0.46 6029.16
523.80 872.24 0.52 5984.89
259.02 566.83 0.44 5556.19
495.68 971.71 0.54 9077.23
197.21 566.51 0.36 5670.14
803.32 173.39 0.52 7606.87
706.29 558.57 0.53 6934.12
876.94 126.03 0.48 7215.65
202.24 393.79 0.46 6925.17
89.12 711.69 0.58 6505.97
609.52 124.59 0.44 6740.05
375.70 398.19 0.53 6168.69
430.55 717.99 0.60 6910.17
223.83 937.36 0.40 7699.51
612.07 35.03 0.54 8530.93
535.50 437.42 0.58 6930.61
273.67 347.36 0.52 7178.46
285.78 502.03 0.58 6265.98
10.39 693.32 0.40 7196.52
481.09 586.36 0.60 5850.82
357.88 67.31 0.57 6871.09
994.60 697.54 0.54 9096.86
789.06 450.08 0.44 6708.29
530.55 728.99 0.57 7531.70
431.02 47.24 0.38 9376.06
930.65 201.03 0.49 7444.01
284.76 203.49 0.46 8073.93
445.13 129.29 0.50 7785.30
809.41 217.38 0.48 6581.08
315.39 363.66 0.52 8162.45
579.37 58.03 0.34 7876.96
596.07 591.35 0.52 7945.35
79.43 202.90 0.49 7876.23
637.60 907.62 0.51 7751.50
653.27 704.14 0.44 5809.79
538.70 241.94 0.60 5831.04
240.83 898.32 0.57 6295.54
501.22 762.16 0.48 6115.65
18.09 28.76 0.54 7472.78
36.38 461.84 0.53 7370.65
117.42 723.79 0.44 8148.14
870.03 640.48 0.48 8600.41
418.07 863.50 0.52 6759.06
540.24 493.55 0.35 7800.81
999.29 439.35 0.34 5299.97
114.58 459.10 0.50 7505.71
75.27 359.54 0.45 7673.59
846.06 909.04 0.43 6914.11
905.32 885.76 0.40 7306.48
78.25 209.35 0.43 5198.58
975.53 237.85 0.48 6928.43
276.74 884.51 0.60 7203.04
813.43 609.01 0.46 7753.00
935.50 229.91 0.50 8125.12
187.85 278.61 0.53 6622.08
463.19 919.66 0.47 6670.35
687.56 889.69 0.50 8334.51
719.41 879.45 0.60 7486.92
96.53 819.54 0.60 7661.09
880.86 389.65 0.59 8208.28
628.49 876.38 0.44 6761.38
972.61 104.01 0.49 5164.18
967.09 28.61 0.60 6279.22
392.23 53.83 0.41 6631.08
253.51 270.01 0.49 5296.30
602.03 555.95 0.51 7010.69
338.10 44.54 0.43 6937.73
765.56 36.35 0.58 5676.49
402.97 440.78 0.47 7223.62
786.47 54.80 0.41 8941.83
935.60 83.96 0.53 8917.58
282.78 169.57 0.43 5870.05
110.28 404.08 0.55 5579.86
388.47 142.11 0.60 6175.34
30.27 695.37 0.54 8367.85
988.25 465.13 0.40 7384.98
96.06 331.48 0.52 8870.72
590.66 122.13 0.39 8380.02
546.66 177.48 0.34 7851.49
345.81 50.37 0.60 5871.69
87.49 38.35 0.58 7690.38
191.65 733.02 0.44 6901.73
522.34 642.38 0.22 7922.44
317.10 142.19 0.43 7174.13
42.84 382.80 0.40 6582.08
78.40 142.63 0.41 7545.63
983.94 876.93 0.60 6910.43
809.34 40.44 0.55 5966.64
360.14 793.11 0.59 6434.67
22.36 964.16 0.49 7589.99
941.76 467.21 0.59 6621.11
67.28 26.83 0.36 5138.80
217.10 996.32 0.53 6147.42
555.25 740.51 0.45 6340.55
878.45 17.47 0.60 7073.52
724.66 666.03 0.60 7230.80
189.48 27.46 0.38 6353.31
633.41 39.04 0.53 5845.31
707.86 15.62 0.54 7644.81
533.89 166.49 0.38 6250.07
544.11 621.80 0.48 6063.81
373.64 707.94 0.47 6289.90
579.33 40.39 0.60 5530.22
273.24 107.62 0.51 5845.23
611.68 699.32 0.58 5854.81
826.10 189.38 0.60 7198.14
265.32 275.37 0.51 5113.71
263.80 758.06 0.60 8192.04
491.96 915.10 0.38 5694.13
296.52 805.24 0.54 7785.67
852.75 923.01 0.44 5294.18
619.62 904.40 0.58 6109.49
343.77 559.33 0.56 7660.04
285.41 380.77 0.39 6841.31
797.35 233.58 0.56 6418.02
974.98 449.81 0.40 7120.56
334.90 864.45 0.44 5926.77
261.24 236.70 0.60 6679.27
534.25 130.99 0.60 7833.65
537.76 346.46 0.32 7374.33
0.55 398.19 0.42 6913.69
692.40 950.62 0.53 7238.10
319.92 818.96 0.40 6332.41
52.42 686.53 0.47 6657.53
494.33 215.63 0.60 7783.78
83.68 127.20 0.51 8643.58
475.85 761.17 0.57 6610.70
661.18 625.79 0.60 5885.52
824.44 236.41 0.57 6740.60
150.90 249.39 0.49 7658.91
17.70 827.81 0.46 7133.49
240.25 41.33 0.56 6780.68
541.07 904.71 0.43 6996.58
745.77 484.04 0.40 7170.30
817.69 68.80 0.48 6616.41
709.66 832.97 0.60 5758.14
334.23 375.21 0.59 5102.07
301.47 634.35 0.22 6498.98
83.77 684.38 0.53 6794.42
361.71 688.67 0.51 7622.84
891.08 430.34 0.56 5594.11
103.48 896.06 0.27 6992.80
431.70 362.35 0.60 7414.99
575.38 650.31 0.40 7757.49
701.29 281.92 0.41 6828.41
376.76 658.07 0.50 7276.15
504.19 219.12 0.45 8023.52
967.44 174.58 0.43 6896.72
818.72 52.42 0.54 6377.70
290.83 601.00 0.60 7454.59
201.67 416.16 0.60 6466.51
318.84 11.35 0.56 7049.85
954.08 781.21 0.53 5204.08
680.55 672.11 0.56 8047.32
425.39 70.13 0.52 7150.69
478.28 365.03 0.40 7872.30
845.84 83.56 0.57 8193.99
953.21 148.15 0.40 8716.49
729.63 224.10 0.60 7541.58
622.48 996.71 0.60 7493.13
549.49 644.44 0.46 7491.90
572.52 994.12 0.56 5957.65
394.38 809.56 0.60 4653.95
577.48 59.02 0.52 6608.27
88.64 874.68 0.45 8135.48
412.72 392.21 0.47 6976.30
362.05 546.70 0.60 7433.30
474.48 689.62 0.52 6962.05
20.04 780.34 0.50 6567.81
897.81 544.98 0.49 8364.20
32.01 255.22 0.44 5837.89
744.23 799.75 0.43 6982.98
254.08 727.53 0.41 8025.98
926.22 677.93 0.57 8168.45
218.45 306.53 0.60 8056.30
765.44 201.26 0.54 7903.59
1.27 737.80 0.60 7879.96
493.56 962.28 0.36 5849.33
992.20 339.27 0.53 7998.34
288.90 885.00 0.47 5929.98
157.60 376.79 0.40 5997.59
174.81 79.71 0.53 7482.01
132.37 560.31 0.51 8659.27
419.24 950.38 0.35 7073.09
932.15 269.12 0.60 5820.39
999.13 674.51 0.28 8765.04
916.63 805.69 0.39 6009.12
74.01 695.32 0.37 7486.92
795.55 180.20 0.40 7529.90
197.62 102.73 0.43 7304.54
584.59 128.01 0.60 6136.13
239.04 448.29 0.58 7271.46
718.64 115.11 0.53 7960.26
28.47 860.99 0.49 8578.68
422.47 255.11 0.42 8045.97
748.74 956.85 0.59 6968.10
581.71 914.87 0.38 8190.83
742.50 588.10 0.48 4276.85

9787.055099800738
