527.24 491.36 0.32 2737.25
559.27 480.20 0.25 5695.69
513.97 541.80 0.14 6774.13
456.89 491.21 0.15 6733.08
504.89 524.09 0.13 1286.27
515.07 457.53 0.17 6537.98
619.36 380.80 0.08 10441.43
602.41 627.11 0.05 7867.39
483.50 489.52 0.40 5275.06
589.07 459.06 0.04 6932.03
508.72 492.86 0.35 3961.14
499.31 438.33 0.28 3564.62
421.19 491.68 0.11 5954.72
593.81 461.48 0.22 8228.23
451.60 522.92 0.20 6182.98
545.72 441.26 0.28 8946.56
462.31 510.76 0.41 8240.26
486.13 488.53 0.27 5379.02
478.93 485.70 0.01 2159.62
517.30 553.98 0.27 3482.99
524.27 453.38 0.22 8046.94
475.00 595.02 0.46 5979.86
569.10 622.10 0.26 1800.45
490.52 518.75 0.19 10535.23
518.47 514.70 0.17 10463.17
499.40 531.14 0.16 6496.23
539.14 501.88 0.01 2157.38
396.70 483.91 0.22 10329.56
614.54 500.15 0.26 6824.98
454.50 449.12 0.13 8873.56
593.05 646.76 0.07 10727.39
459.54 492.19 0.27 1182.29
520.49 415.59 0.40 9972.92
447.98 396.40 0.20 8707.49
562.24 503.86 0.30 10078.15
423.78 538.16 0.11 9979.92
527.49 509.06 0.28 5193.54
526.85 541.68 0.05 6802.85
526.90 591.97 0.22 10170.89
493.71 423.73 0.27 8395.76
527.51 532.10 0.27 5453.27
539.10 462.97 0.26 1351.18
537.13 560.82 0.07 6721.00
570.40 459.91 0.12 9787.41
593.10 488.85 0.20 3833.96
531.79 464.10 0.35 8789.41
425.90 555.87 0.26 5154.71
569.68 511.02 0.18 4046.27
500.36 523.03 0.09 7466.44
425.21 385.42 0.25 1872.27
426.54 458.11 0.07 10588.93
498.03 520.52 0.03 4725.15
511.71 501.62 0.23 3674.73
448.88 522.07 0.01 6786.89
608.30 527.14 0.33 1874.64
480.97 542.73 0.22 7551.25
465.94 493.99 0.24 3355.12
414.10 485.63 0.05 9244.70
446.74 436.02 0.43 7295.84
522.43 522.50 0.22 9998.90
503.44 477.15 0.26 10264.99
550.20 469.32 0.18 10010.26
484.71 517.67 0.39 8733.99
458.51 477.06 0.27 8394.54
485.00 458.53 0.31 9359.64
551.25 477.60 0.19 10538.56
463.88 528.14 0.17 5675.61
479.93 433.00 0.20 3703.11
412.94 543.76 0.24 8910.27
461.90 584.52 0.07 2584.24
449.88 537.77 0.11 9492.08
503.70 468.76 0.26 6856.39
510.98 506.19 0.17 3954.72
491.05 438.20 0.22 3051.13
576.73 509.53 0.08 9671.71
430.90 538.28 0.11 10564.93
544.84 606.69 0.04 8416.01
531.91 468.68 0.23 9060.55
533.89 582.49 0.17 7976.06
527.24 527.26 0.22 6418.57
563.58 409.71 0.37 3537.48
505.14 572.62 0.32 8239.89
543.48 499.05 0.26 9134.19
490.65 469.18 0.32 2341.96
556.54 469.16 0.15 10572.96
534.27 465.96 0.25 2872.09
456.53 504.30 0.15 5924.65
502.38 493.78 0.39 5268.10
544.42 446.04 0.17 4596.81
499.08 526.10 0.29 2016.47
461.02 486.79 0.19 6443.23
426.04 468.81 0.24 10216.23
462.26 486.50 0.31 3704.70
550.29 490.71 0.13 5148.14
535.18 552.72 0.11 10004.32
482.77 539.52 0.14 2453.55
454.71 611.99 0.24 9798.55
503.52 454.12 0.17 10622.18
488.30 534.99 0.04 5114.62
533.39 580.23 0.30 8868.48
571.41 529.58 0.23 3076.03
520.14 608.44 0.17 10311.00
480.33 487.42 0.37 2751.02
469.89 535.39 0.22 4232.94
406.98 442.92 0.02 4652.15
516.36 553.68 0.17 5242.09
540.05 508.43 0.19 4129.06
446.62 541.93 0.17 10462.72
444.02 505.30 0.13 10033.94
446.14 566.45 0.03 9962.37
477.57 575.22 0.38 10148.22
374.60 382.38 0.13 6842.39
479.69 568.04 0.09 6233.77
504.34 417.68 0.24 1787.18
448.26 538.10 0.19 3342.73
576.32 533.81 0.36 5674.62
528.63 522.45 0.39 9691.66
555.92 462.29 0.32 7369.54
478.70 515.55 0.22 6083.87
486.51 509.65 0.05 6428.48
451.58 455.83 0.22 1857.02
499.33 535.70 0.17 5131.59
518.74 541.23 0.15 3814.72
441.16 460.81 0.21 1113.11
515.50 532.51 0.03 5375.28
549.53 489.35 0.15 6860.86
533.81 474.88 0.26 7257.70
451.26 482.34 0.33 7223.93
482.62 524.05 0.10 867.76
492.93 511.72 0.25 8057.38
593.62 573.53 0.19 10571.65
454.96 595.12 0.30 7057.63
504.71 501.20 0.49 3115.63
515.25 548.54 0.07 1032.75
512.22 504.99 0.25 6214.43
502.02 512.01 0.26 9918.21
578.76 356.46 0.22 10728.77
504.73 496.03 0.02 9948.49
453.56 428.99 0.05 10450.86
598.78 533.29 0.23 4945.86
467.33 530.20 0.22 8452.42
519.17 436.64 0.17 7975.47
507.25 487.38 0.13 1718.45
484.27 494.13 0.22 4255.12
566.21 497.01 0.17 3171.83
418.20 493.06 0.18 7852.48
470.39 456.74 0.24 5400.79
378.63 486.30 0.29 6208.10
559.79 569.81 0.20 5475.79
439.98 488.89 0.26 9305.32
518.02 562.68 0.11 9537.77
533.61 483.17 0.32 7858.40
519.72 524.57 0.01 5613.11
516.87 548.55 0.14 5960.79
537.91 510.01 0.04 5743.13
482.53 595.64 0.21 1019.89
503.23 422.61 0.32 7419.44
487.84 532.27 0.27 7588.52
495.51 489.99 0.30 6573.57
526.84 487.23 0.13 5551.42
490.63 592.77 0.36 2767.94
526.67 493.23 0.27 3096.19
481.39 527.79 0.16 6966.89
532.09 554.15 0.13 4623.84
496.57 499.46 0.31 10078.65
507.89 576.12 0.05 6623.39
536.55 679.28 0.20 8491.26
517.59 503.87 0.28 4253.94
506.66 484.61 0.29 9955.24
435.94 418.61 0.27 6479.75
457.81 482.11 0.12 6394.28
532.46 364.99 0.19 9533.18
464.25 516.89 0.23 1884.45
527.83 490.54 0.13 10249.87
565.48 502.58 0.25 4380.19
