538.55 547.65 0.18 5602.98
475.71 416.20 0.17 3886.86
555.68 524.57 0.28 8543.10
454.49 511.58 0.06 8058.73
461.15 445.16 0.39 5485.17
532.93 493.49 0.18 3362.64
472.72 526.12 0.28 2359.87
443.82 460.00 0.15 9741.98
551.06 480.02 0.25 1476.43
501.84 508.71 0.11 1856.30
500.00 516.76 0.21 1850.27
427.96 454.43 0.30 3189.23
475.26 559.11 0.38 6690.16
560.41 513.66 0.30 9354.11
551.85 581.20 0.14 9613.40
565.36 491.15 0.05 4080.24
445.72 432.72 0.29 8523.47
555.37 505.05 0.29 3290.34
491.16 510.10 0.16 8169.29
490.56 504.68 0.18 9632.73
473.29 437.65 0.24 7075.62
545.18 518.11 0.07 7543.02
511.62 550.33 0.26 6508.98
416.35 498.29 0.17 1663.30
546.67 450.49 0.14 8654.65
494.58 428.25 0.20 4353.03
479.79 533.30 0.24 10564.41
529.87 551.24 0.13 2168.39
525.60 450.47 0.31 4713.86
527.68 549.06 0.15 4587.44
452.91 591.62 0.24 9217.67
527.01 511.56 0.15 7362.45
363.03 557.24 0.20 995.39
528.40 556.39 0.17 9360.32
456.36 563.92 0.32 2422.94
533.70 530.01 0.20 9253.60
454.79 507.52 0.30 5223.25
459.97 489.83 0.15 4189.34
412.47 533.51 0.18 1841.45
585.39 514.65 0.22 8375.22
476.24 550.96 0.11 2455.89
441.84 429.05 0.37 8309.36
484.94 597.06 0.24 5777.49
493.22 483.49 0.34 3134.51
548.48 491.53 0.27 5104.88
536.18 498.34 0.25 8715.74
484.75 526.02 0.13 10454.51
515.94 488.36 0.37 3116.02
489.07 505.44 0.18 5228.80
521.65 535.08 0.25 2395.03
562.58 429.20 0.06 10783.48
523.11 589.17 0.18 4254.57
494.11 437.58 0.22 10434.91
493.87 557.09 0.12 1977.70
539.80 535.06 0.18 10702.93
549.62 518.43 0.11 5024.46
543.60 509.61 0.21 9201.04
441.40 525.83 0.09 10286.17
510.99 484.74 0.18 4656.85
530.72 628.74 0.10 10733.13
556.30 536.93 0.08 4753.27
639.41 521.83 0.31 3390.42
653.27 559.49 0.21 2495.59
535.01 488.23 0.12 5878.74
523.60 565.01 0.22 6636.05
430.48 508.73 0.21 9849.19
526.82 573.92 0.22 8107.95
462.40 443.72 0.21 3933.68
456.95 497.98 0.20 9940.41
491.64 485.60 0.07 5945.34
429.93 527.51 0.07 1494.56
469.74 574.91 0.01 1355.05
499.74 664.63 0.17 6017.81
568.34 510.21 0.28 9831.93
585.00 497.83 0.19 6367.89
512.35 488.82 0.26 6232.43
484.19 495.96 0.36 5672.94
551.88 583.77 0.29 10279.84
456.27 582.24 0.34 9721.25
512.79 458.83 0.30 10765.07
597.68 514.88 0.17 9855.97
425.72 571.20 0.26 4408.43
473.27 511.63 0.01 10702.09
473.46 439.85 0.21 4035.80
545.37 525.19 0.14 9202.06
515.43 538.22 0.21 7037.32
479.85 506.54 0.19 10512.35
461.87 504.06 0.05 2596.83
573.21 474.25 0.09 2508.84
460.91 562.27 0.20 5383.12
516.98 568.82 0.14 944.81
445.39 507.54 0.23 10503.36
545.50 528.78 0.26 1605.00
524.27 565.54 0.02 4245.06
531.38 490.43 0.25 3441.35
554.96 471.98 0.31 7075.40
487.12 570.97 0.23 8899.04
396.61 444.30 0.36 8991.29
519.89 581.86 0.27 6949.61
520.72 579.39 0.24 8924.05
516.96 498.13 0.21 8382.84
536.92 473.71 0.30 5791.97
469.97 512.79 0.26 10210.73
472.12 477.09 0.27 8440.80
478.24 499.17 0.23 5320.25
575.04 543.33 0.16 1595.11
570.71 529.60 0.13 5463.73
527.46 450.87 0.31 10357.55
455.98 434.09 0.20 7843.89
567.53 552.21 0.34 10019.53
467.07 444.05 0.29 8740.53
511.02 469.79 0.42 4865.60
466.42 598.55 0.26 6194.13
491.85 517.56 0.35 1719.74
543.07 554.51 0.32 5279.56
503.73 532.90 0.01 1049.65
531.76 523.51 0.19 7390.33
475.96 516.78 0.20 8694.09
491.57 596.43 0.17 1063.38
501.21 474.21 0.31 7935.39
454.60 481.56 0.22 10201.96
518.69 520.78 0.04 5670.28
463.53 464.98 0.26 10546.50
515.93 457.72 0.11 10794.53
476.84 466.82 0.20 7143.99
525.09 510.82 0.23 3197.25
575.69 472.74 0.05 1388.51
488.05 407.87 0.40 9877.15
458.37 602.50 0.17 9720.51
488.37 486.11 0.09 10614.42
565.66 568.66 0.18 7517.79
548.13 530.67 0.22 7395.86
466.99 536.92 0.30 7337.01
502.22 505.64 0.02 9875.11
550.90 486.03 0.28 9613.18
481.62 570.29 0.24 6312.13
505.05 584.61 0.27 5213.15
537.91 534.51 0.11 4747.98
607.14 493.65 0.21 10237.45
548.61 470.85 0.30 4193.51
395.57 577.12 0.17 5886.30
518.69 519.70 0.31 7515.65
560.28 593.09 0.32 9373.28
472.58 454.08 0.31 9047.96
501.11 470.19 0.28 6182.56
531.11 495.90 0.07 6580.02
505.85 563.16 0.32 8233.17
482.14 498.06 0.18 8199.36
536.32 573.82 0.31 8498.89
566.29 504.95 0.28 5651.68
