607.19 992.37 0.21 7709.08
722.09 984.79 0.25 6618.67
665.87 80.69 0.29 6353.59
333.90 131.63 0.27 7931.44
192.79 790.45 0.17 6539.49
567.82 763.24 0.05 7041.79
728.78 640.14 0.28 5117.19
845.08 127.18 0.11 7124.19
22.42 197.55 0.15 6811.94
169.29 908.21 0.18 8063.61
54.42 710.97 0.16 6527.64
475.47 690.51 0.13 7251.77
355.12 900.24 0.21 6632.40
760.61 683.21 0.24 8082.86
354.92 914.40 0.12 8985.51
817.53 666.37 0.15 6845.05
752.64 947.81 0.15 6670.45
930.46 425.57 0.33 5415.72
870.35 556.79 0.19 5727.59
730.14 592.57 0.24 5788.09
591.16 110.11 0.11 5474.77
813.91 766.55 0.17 6312.44
422.67 244.52 0.17 6705.63
866.87 817.99 0.13 6532.59
295.77 400.93 0.28 8721.41
882.20 735.30 0.16 6532.89
624.93 314.72 0.25 7469.71
907.62 175.95 0.41 6999.01
775.95 940.24 0.25 7047.61
247.66 43.98 0.21 7000.32
919.27 759.57 0.09 6028.06
687.51 936.87 0.23 6025.33
143.90 111.56 0.27 8624.06
238.27 345.11 0.22 5498.16
278.70 556.29 0.19 5953.94
474.65 490.11 0.31 5378.07
735.53 539.98 0.12 8444.80
738.55 897.83 0.33 7239.86
215.39 110.34 0.24 7921.58
525.88 780.48 0.09 7888.52
353.67 687.98 0.15 8716.18
15.31 326.27 0.21 8224.90
622.93 597.36 0.14 6405.44
385.07 629.16 0.22 6156.68
778.92 833.92 0.32 7355.67
941.97 951.55 0.18 8922.82
905.09 391.16 0.42 6547.53
599.74 112.55 0.24 6251.56
459.91 513.63 0.18 8195.34
270.72 202.11 0.03 5866.15
444.50 542.64 0.14 8247.96
526.12 581.49 0.13 6384.59
759.83 183.36 0.14 7002.59
47.94 506.14 0.21 7050.70
790.90 944.74 0.33 5615.92
460.39 377.46 0.01 6968.32
684.18 945.80 0.12 8104.25
649.03 103.81 0.35 7378.42
140.54 354.48 0.15 7359.87
989.21 318.24 0.31 6922.64
184.28 605.70 0.16 6561.09
820.06 391.18 0.10 8939.14
433.05 413.54 0.17 4410.33
827.02 321.25 0.20 7331.34
276.35 339.60 0.14 5842.11
256.66 312.43 0.16 8559.38
772.87 564.92 0.18 8570.12
419.06 609.99 0.17 7910.49
119.28 628.98 0.27 7548.28
392.47 138.80 0.41 6575.98
735.26 192.15 0.30 7516.56
235.13 154.03 0.40 5922.96
144.21 561.75 0.15 8346.73
79.71 873.15 0.10 6227.71
393.83 769.29 0.09 6463.77
601.04 654.96 0.14 5899.10
203.73 678.70 0.37 6749.94
627.59 621.97 0.04 5989.04
204.16 963.96 0.18 5185.88
918.53 451.16 0.14 6200.26
535.53 930.44 0.26 8183.77
380.96 669.04 0.24 7010.19
359.90 119.93 0.12 7512.96
196.76 391.13 0.22 7783.95
92.65 486.71 0.30 6551.02
233.18 679.18 0.16 5119.96
503.85 31.41 0.28 7343.15
908.21 840.46 0.14 8128.45
689.03 654.96 0.18 6896.61
192.65 98.79 0.09 8182.87
765.08 671.05 0.09 8407.32
693.49 551.17 0.03 4043.40
202.46 404.07 0.18 8130.18
21.74 524.82 0.10 6401.15
752.02 434.50 0.20 5047.99
612.51 470.35 0.14 7497.95
575.29 312.32 0.37 7251.96
688.69 563.67 0.25 5963.14
191.52 714.58 0.26 6747.15
720.39 729.62 0.21 6552.23
325.09 801.97 0.29 8357.01
792.71 490.04 0.16 8651.51
259.35 18.87 0.21 6884.46
99.22 676.28 0.17 6261.29
475.20 40.29 0.03 6595.35
813.16 464.72 0.12 5975.69
841.96 16.80 0.06 6640.06
185.73 145.93 0.22 7196.22
576.09 850.99 0.01 6868.17
610.88 106.00 0.18 8015.17
595.25 741.09 0.35 7144.95
710.48 976.43 0.20 7698.94
913.23 425.23 0.31 8277.58
933.41 108.75 0.26 7254.95
429.11 652.16 0.16 8633.17
466.78 310.09 0.05 6409.15
813.60 796.17 0.29 7673.25
297.78 949.62 0.12 6126.58
391.15 607.03 0.15 7299.89
254.72 239.02 0.03 7813.86
730.68 689.91 0.41 6122.65
735.11 545.62 0.11 4998.79
698.44 300.71 0.17 7915.22
669.74 238.80 0.16 6559.40
0.22 337.58 0.16 7729.63

17982.44
