533.650000 524.010000 0.270000 6834.840000
441.220000 542.720000 0.050000 7011.680000
500.270000 497.400000 0.470000 4527.400000
464.520000 521.840000 0.370000 6017.780000
461.900000 443.360000 0.110000 5013.890000
545.740000 578.960000 0.080000 4396.490000
384.440000 554.570000 0.350000 5770.510000
537.130000 516.610000 0.120000 5469.790000
473.130000 473.850000 0.200000 4322.900000
471.800000 472.820000 0.200000 4885.130000
546.230000 478.860000 0.340000 6132.670000
508.340000 423.890000 0.170000 4738.330000
470.400000 530.200000 0.220000 6169.510000
507.260000 488.350000 0.100000 4791.030000
477.790000 481.290000 0.240000 5299.230000
486.780000 486.640000 0.120000 6976.550000
534.470000 432.900000 0.250000 5788.290000
532.180000 509.460000 0.150000 6252.090000
516.740000 499.870000 0.280000 6798.180000
500.870000 529.100000 0.050000 6638.420000
532.000000 526.560000 0.370000 6146.700000
555.260000 431.860000 0.290000 5695.810000
514.060000 389.650000 0.030000 7019.680000
578.410000 487.580000 0.190000 4653.300000
449.970000 416.850000 0.290000 6043.350000
492.760000 584.390000 0.170000 6501.540000
376.060000 506.210000 0.190000 4333.290000
441.000000 598.800000 0.230000 4801.860000
517.020000 504.860000 0.220000 4578.480000
500.510000 529.610000 0.270000 6050.950000
587.350000 484.560000 0.430000 6683.690000
517.570000 507.730000 0.470000 6352.170000
472.650000 510.430000 0.230000 6351.520000
438.290000 469.160000 0.160000 4849.030000
531.260000 524.740000 0.100000 6959.380000
534.650000 503.460000 0.080000 4423.880000
490.790000 502.520000 0.340000 6141.650000
512.460000 480.140000 0.340000 5312.620000
545.450000 524.300000 0.400000 6212.350000
475.200000 465.520000 0.320000 6502.680000
470.030000 448.920000 0.110000 6349.050000
438.760000 477.630000 0.310000 5508.450000
504.520000 492.320000 0.320000 4235.900000
517.350000 449.860000 0.470000 6152.370000
475.190000 451.810000 0.310000 4633.030000
588.780000 406.170000 0.220000 7029.560000
509.770000 532.470000 0.140000 6458.730000
419.060000 450.750000 0.100000 7955.840000
524.330000 539.460000 0.240000 7770.380000
547.010000 589.480000 0.160000 7942.450000
455.460000 483.730000 0.320000 5036.790000
579.240000 461.970000 0.170000 5613.890000
482.130000 407.710000 0.070000 6534.750000
452.800000 459.900000 0.280000 5686.570000
525.100000 529.010000 0.220000 5422.640000
469.170000 495.080000 0.030000 6257.750000
528.750000 423.770000 0.180000 5085.390000
489.620000 476.560000 0.210000 4866.480000
516.140000 438.700000 0.070000 7372.630000
528.180000 489.980000 0.300000 5428.950000
471.260000 560.450000 0.180000 5519.300000
541.250000 488.150000 0.170000 6954.340000
575.150000 483.880000 0.170000 5490.750000
524.660000 438.500000 0.290000 6470.160000
453.190000 504.740000 0.080000 6016.500000
437.280000 486.460000 0.210000 6331.250000
518.420000 493.160000 0.270000 5944.760000
430.820000 527.360000 0.270000 7227.390000
454.390000 414.790000 0.170000 6258.300000
519.930000 593.010000 0.130000 6206.510000
Schedule:43 14 5 57 51 15 17 
Number of Deaths: 12
Execution time: 0.032037Schedule:43 3 28 51 38 61 42 67 
Number of Deaths: 10
Execution time: 0.030541Schedule:43 36 10 5 51 42 61 7 
Number of Deaths: 9
Execution time: 0.033243Schedule:9 24 34 51 15 55 67 
Number of Deaths: 9
Execution time: 0.03293842 37 3 43 19 67 44 12 69 25 54 40 45 38 60 31 24 63 39 29 32 35 1 21 55 16 58 15 51 10 9 62 11 22 17 64 57 33 4 13 61 30 49 47 65 34 66 68 28 27 7 18 8 52 46 5 14 50 70 26 36 41 6 48 2 20 59 56 53 23 
Best fitness: 0.50
48 51 42 66 4 30 29 67 43 38 40 45 44 62 60 32 3 7 68 13 33 37 16 15 9 54 25 11 39 31 24 22 58 56 10 34 27 65 21 1 20 61 55 35 8 19 14 12 57 64 17 46 52 63 18 49 47 36 69 41 26 28 53 59 70 50 6 5 23 2 
Worst fitness: 0.59

Mean: 0.53

Standard deviation: 0.00
