954.36 708.88 2292.11 0.42 
666.45 597.18 874.23 0.37 
929.61 800.49 2953.18 0.35 
411.12 469.69 2807.21 0.37 
140.99 156.76 4798.78 0.16 
60.89 183.48 2550.31 0.40 
805.07 729.09 3423.26 0.53 
194.88 649.53 7533.72 0.36 
188.92 113.77 810.83 0.42 
248.43 990.84 3478.16 0.40 
922.03 220.95 3517.82 0.19 
699.68 460.98 2697.81 0.47 
683.45 912.72 5333.44 0.27 
239.88 512.80 5700.25 0.20 
386.09 615.22 2479.54 0.51 
361.78 904.43 6551.23 0.57 
622.06 92.83 781.39 0.53 
532.53 675.06 5501.16 0.47 
681.32 532.04 1431.59 0.26 
819.56 298.97 2037.70 0.41 
837.89 33.40 1355.84 0.34 
318.66 494.67 6762.93 0.37 
317.58 972.77 6880.59 0.62 
506.35 514.24 6363.74 0.29 
752.63 337.77 7064.13 0.30 
169.08 335.53 6290.74 0.30 
402.18 649.15 2467.27 0.30 
518.48 920.85 5293.97 0.52 
712.33 966.83 4877.89 0.46 
607.88 564.27 6293.39 0.34 
224.11 488.01 785.92 0.36 
44.41 627.42 4159.82 0.53 
555.75 555.71 4205.19 0.53 
22.81 540.68 6547.80 0.53 
412.82 396.50 794.22 0.37 
872.19 530.73 6068.96 0.24 
866.06 438.35 6758.20 0.39 
40.42 912.60 732.24 0.20 
613.23 666.11 6651.33 0.29 
880.09 69.43 1760.20 0.31 
565.22 651.39 989.60 0.42 
835.82 127.89 1799.09 0.45 
905.08 844.40 2234.10 0.43 
959.46 342.27 568.37 0.35 
124.16 592.63 1428.06 0.43 
843.96 924.67 5314.91 0.46 
386.85 509.65 3788.80 0.38 
518.70 428.82 1682.70 0.28 
682.82 68.24 2505.93 0.32 
992.84 315.64 7562.39 0.36 
443.13 146.28 1698.67 0.45 
574.01 333.33 2142.47 0.40 
800.51 179.41 7040.98 0.47 
888.24 243.94 3257.51 0.35 
219.37 237.89 4466.66 0.38 
445.06 961.91 6334.85 0.37 
390.27 870.56 6847.74 0.39 
345.94 654.80 4683.21 0.50 
739.05 770.09 6807.00 0.33 
242.81 938.48 3660.68 0.29 
630.12 990.07 3793.96 0.31 
288.91 201.32 5300.38 0.29 
915.37 566.41 3749.19 0.45 
661.76 866.98 1596.64 0.50 
289.56 398.73 6082.99 0.44 
305.63 182.40 1046.93 0.34 
433.70 268.64 7583.79 0.41 
70.49 855.02 7924.41 0.24 
961.48 2.03 5973.75 0.23 
100.15 596.98 2715.89 0.46 
110.54 316.67 6040.45 0.54 
531.98 728.66 4901.03 0.33 
147.59 579.55 2826.70 0.55 
655.37 391.14 4895.01 0.20 
870.95 983.20 2885.87 0.31 
179.17 388.42 2008.44 0.21 
9.83 937.94 7706.24 0.55 
177.91 73.36 1591.64 0.47 
928.93 374.99 4921.41 0.40 
321.31 183.33 6144.86 0.42 
870.69 223.60 3397.90 0.48 
796.63 877.87 5239.33 0.48 
103.71 325.25 2108.75 0.56 
763.39 12.92 6925.70 0.43 
221.99 196.87 6772.25 0.40 
545.97 567.50 7285.54 0.51 
459.81 270.48 3615.20 0.47 
83.14 106.31 4627.61 0.28 
85.01 891.90 2626.28 0.44 
381.46 784.42 4513.29 0.44 
619.99 530.48 4650.28 0.59 
29.63 72.98 7635.68 0.36 
53.66 364.30 6857.91 0.40 
846.73 581.16 1394.00 0.57 
167.45 891.44 1159.64 0.36 
782.16 871.62 3920.72 0.32 
248.41 163.61 7079.57 0.42 
539.51 393.98 1263.64 0.42 
527.28 29.98 6233.31 0.38 
539.93 801.54 2961.51 0.30 
709.89 758.15 4912.74 0.27 
