36 21 8 14 31 7 3 23 44 48 20 5 2 38 10 29 6 9 46 40 49 1 41 33 43 15 45 22 39 25 18 47 50 42 32 34 35 17 19 4 13 30 27 24 37 26 11 16 12 28 
Best fitness: 0.12
36 14 31 7 23 44 26 5 11 10 29 20 41 48 49 40 16 9 6 1 27 21 8 39 19 25 33 43 2 38 3 50 30 13 18 47 42 15 45 22 17 35 32 46 12 28 24 37 34 4 
Worst fitness: 0.14

Mean: 0.13

Standard deviation: 0.00
36 15 45 14 31 21 44 48 41 5 3 23 7 38 2 10 29 6 16 20 40 46 49 1 8 33 11 47 18 39 19 25 43 32 34 35 42 50 13 17 22 30 27 24 37 9 26 28 12 4 
Best fitness: 0.13
22 45 14 1 24 48 44 21 8 33 23 5 20 40 49 39 31 7 43 3 11 29 10 2 38 32 6 46 16 18 47 41 26 42 15 35 17 30 13 50 25 36 4 19 28 12 37 27 9 34 
Worst fitness: 0.14

Mean: 0.13

Standard deviation: 0.00
