36 13 23 21 66 48 55 38 32 20 25 52 5 72 15 6 26 57 75 68 39 1 11 22 27 41 67 40 73 24 4 53 58 70 59 8 56 10 74 28 50 65 46 34 62 19 35 9 12 43 49 30 44 2 7 60 31 3 71 33 63 69 14 42 18 37 16 47 54 61 17 64 51 45 29 
Best fitness: 0.24
36 74 23 68 66 57 52 25 72 65 28 10 26 21 59 58 7 9 32 38 39 67 41 61 46 5 15 6 11 27 22 62 1 12 53 16 44 40 73 24 31 29 20 35 4 43 48 55 34 8 75 3 51 49 70 47 30 2 19 60 71 13 56 14 63 69 42 50 54 64 33 45 17 37 18 
Worst fitness: 0.29

Mean: 0.27

Standard deviation: 0.00
36 63 69 74 23 21 60 62 1 39 15 65 26 10 25 52 6 8 5 38 32 55 66 37 68 59 53 12 20 22 11 27 24 4 72 48 75 3 57 45 49 70 30 44 16 17 58 73 9 35 46 43 2 40 41 67 19 28 56 50 71 34 7 61 18 13 54 64 51 47 33 14 42 29 31 
Best fitness: 0.25
22 27 11 33 36 42 10 28 21 68 3 75 66 58 44 32 15 5 25 52 6 23 69 56 62 19 40 24 12 34 38 72 55 57 37 53 4 73 35 39 1 8 20 60 65 26 45 71 13 74 31 48 43 46 9 59 30 70 41 67 7 16 17 63 18 14 50 54 61 47 29 2 51 49 64 
Worst fitness: 0.30

Mean: 0.28

Standard deviation: 0.00
