38 82 77 60 62 8 54 45 86 15 81 39 71 18 37 66 46 28 31 41 69 90 36 92 49 34 91 73 9 35 7 16 72 20 65 97 87 33 43 85 1 11 55 23 40 83 79 93 63 6 48 78 88 44 5 22 64 58 17 95 74 76 59 32 42 98 2 30 3 94 52 25 14 21 100 51 29 70 27 75 56 84 26 99 53 13 12 50 96 68 4 47 80 57 10 61 67 89 19 24 
Moving time: 126.65 141.00 161.73 168.37 179.65 194.66 205.19 223.67 228.89 243.15 249.58 257.16 282.40 301.78 329.46 345.27 356.69 362.58 380.34 394.79 400.44 408.79 425.37 438.01 455.12 484.18 500.13 514.36 537.37 552.08 558.52 564.50 576.92 607.85 618.70 624.39 631.99 646.41 661.45 678.30 710.20 742.94 754.39 766.36 770.01 774.61 799.12 802.80 815.85 831.46 844.82 852.81 854.48 871.14 891.41 901.79 906.19 910.87 930.27 960.16 966.55 987.46 1006.24 1022.97 1039.64 1043.82 1051.62 1059.89 1076.30 1098.15 1112.04 1122.32 1136.33 1149.10 1160.03 1177.17 1190.39 1202.46 1218.99 1241.34 1244.97 1249.10 1266.97 1275.52 1283.24 1292.45 1293.52 1298.94 1301.72 1313.62 1321.73 1327.01 1334.50 1344.82 1353.73 1362.67 1374.19 1380.16 1410.59 1417.26 1542.04 
Best fitness: 21.00
Worst fitness: 24.0
Average fitness: 23.23
Alpha: 0.50
K: 0.02
Crossover probability: 0.50
Mutation probability: 0.10
Change mutation operator probability 1: 0.15
Change mutation operator probability 2: 0.15