28 15 16 37 9 14 7 3 8 25 35 11 33 19 27 36 32 13 5 29 39 22 24 31 21 2 23 1 26 40 20 18 10 38 12 34 6 4 17 30 
Moving time: 150.39 189.89 212.31 235.69 247.42 285.74 313.39 334.92 342.97 361.26 374.07 406.41 414.97 425.23 446.87 461.71 495.28 512.48 528.01 532.98 538.57 546.80 607.21 661.11 710.21 713.15 725.92 790.77 813.37 824.62 867.71 911.66 946.67 969.65 1019.47 1071.94 1128.72 1166.59 1209.03 1218.47 1363.62 
Best fitness: 4.00
Worst fitness: 5.0
Average fitness: 4.90
Alpha: 0.50
K: 0.02
Crossover probability: 0.50
Mutation probability: 0.10
Change mutation operator probability 1: 0.15
Change mutation operator probability 2: 0.15