589.70 717.51 1398.22 0.46 
568.86 597.27 1155.27 0.31 
650.05 559.32 989.54 0.48 
560.36 646.43 1189.82 0.52 
711.53 615.69 1908.77 0.31 
561.76 641.91 1528.48 0.35 
547.86 714.38 1705.73 0.32 
571.21 542.50 2029.73 0.51 
684.42 581.84 1942.91 0.46 
558.90 567.98 821.50 0.34 
677.59 585.11 1107.34 0.38 
636.65 637.01 2364.41 0.75 
629.68 587.89 1060.98 0.26 
606.77 689.36 969.11 0.47 
719.65 567.79 1541.86 0.30 
559.82 685.31 901.33 0.55 
756.25 550.59 1609.73 0.40 
554.58 604.79 1386.62 0.36 
682.52 578.95 1498.57 0.32 
623.67 686.80 2820.48 0.55 
789.46 545.38 1495.72 0.43 
609.77 678.08 1467.46 0.44 
563.78 553.42 1380.80 0.42 
587.04 560.17 1587.77 0.47 
557.64 614.43 691.49 0.43 
576.94 584.01 2746.19 0.27 
620.51 569.15 1517.13 0.51 
581.55 672.65 1567.24 0.28 
762.14 558.31 802.29 0.48 
624.78 542.65 1598.23 0.37 
640.46 611.21 2182.59 0.26 
615.18 620.15 1380.04 0.46 
552.56 716.89 857.07 0.39 
608.72 624.02 637.54 0.30 
561.83 606.03 1940.75 0.48 
545.11 567.16 1773.16 0.49 
543.56 554.60 653.04 0.34 
699.89 555.65 2221.21 0.41 
587.17 595.33 1219.69 0.37 
554.60 568.56 2015.82 0.34 
586.30 598.89 647.77 0.44 
603.36 557.11 1303.92 0.53 
684.90 574.23 1415.08 0.55 
587.91 674.20 1201.49 0.45 
543.21 585.63 2484.32 0.31 
783.57 599.52 1302.04 0.33 
675.97 629.84 1934.91 0.33 
600.23 554.68 1839.74 0.32 
612.38 686.81 1132.12 0.41 
618.65 688.81 1280.18 0.32 
740.66 547.10 1478.39 0.27 
625.72 667.39 1028.86 0.48 
701.21 578.03 1259.42 0.22 
602.77 619.54 1461.53 0.35 
579.55 682.71 1352.05 0.40 
547.83 761.64 1285.17 0.48 
629.94 656.78 1577.29 0.51 
579.37 657.20 1673.39 0.49 
776.91 784.09 1741.34 0.41 
687.86 666.57 1713.07 0.31 
596.85 652.12 1995.50 0.48 
554.38 556.21 732.36 0.40 
669.05 578.37 1179.76 0.50 
703.18 575.61 696.33 0.40 
548.14 587.84 1170.71 0.43 
561.81 570.89 1919.67 0.28 
636.12 557.82 1652.07 0.65 
788.76 562.58 2226.51 0.37 
560.17 691.43 896.70 0.38 
627.78 845.15 1695.58 0.44 
693.73 825.42 647.88 0.31 
656.65 616.16 1124.33 0.36 
629.17 660.97 986.27 0.37 
569.66 729.02 2020.62 0.19 
604.39 730.14 1679.66 0.35 
662.49 669.57 1251.16 0.52 
618.49 591.73 1882.60 0.38 
573.66 587.85 2075.96 0.32 
674.63 583.13 866.53 0.33 
562.46 643.43 1121.11 0.29 
597.94 558.56 1001.69 0.42 
809.45 597.83 1694.84 0.29 
628.78 771.44 2009.26 0.39 
600.54 603.22 1472.84 0.39 
775.83 593.62 1904.77 0.41 
677.36 593.68 2240.71 0.39 
664.74 554.88 1484.41 0.59 
541.30 547.02 1659.19 0.51 
566.22 567.01 2395.51 0.43 
540.59 562.33 863.09 0.54 
558.77 694.42 2245.10 0.48 
605.15 671.26 1423.04 0.27 
592.68 748.68 1132.40 0.37 
605.00 608.91 1393.20 0.55 
549.88 743.63 1433.89 0.51 
804.43 696.99 1085.44 0.34 
627.81 566.18 1043.84 0.38 
591.22 558.99 2022.79 0.40 
697.40 585.56 2566.03 0.36 
564.53 741.33 2502.83 0.45 
584.49 642.35 592.10 0.32 
614.01 638.00 1529.92 0.42 
762.00 663.22 1527.58 0.59 
624.80 570.00 1683.57 0.23 
793.53 653.36 1532.15 0.42 
662.70 678.10 1035.77 0.39 
639.78 553.36 1151.95 0.43 
651.14 671.73 1071.58 0.48 
745.17 595.29 1399.30 0.41 
652.11 587.64 803.61 0.51 
571.24 652.18 1224.92 0.32 
576.72 556.99 2415.49 0.44 
583.65 600.78 697.96 0.42 
575.32 643.36 1725.22 0.47 
599.47 672.55 888.72 0.34 
689.71 561.57 1633.73 0.47 
652.05 642.22 1883.97 0.33 
810.87 584.04 1029.27 0.48 
583.63 608.01 1018.56 0.43 
555.71 772.56 1972.59 0.50 
640.03 665.52 823.33 0.50 
660.04 642.76 1751.80 0.26 
562.18 593.74 1058.39 0.21 
545.05 763.49 1652.39 0.29 
715.30 634.44 1947.86 0.37 
649.08 609.93 946.20 0.36 
587.40 612.13 1281.93 0.57 
732.69 625.59 1989.73 0.33 
626.60 665.19 1284.16 0.24 
614.07 585.95 814.73 0.61 
816.32 633.40 583.72 0.37 
677.20 635.49 888.37 0.28 
647.56 625.62 1515.22 0.27 
558.56 686.16 1143.35 0.40 
605.02 628.28 1035.21 0.57 
614.04 561.34 1472.41 0.37 
551.95 673.00 594.92 0.32 
580.35 547.83 1417.55 0.42 
682.58 581.93 1999.35 0.39 
610.22 649.01 2117.01 0.28 
578.52 546.05 1129.82 0.37 
664.40 737.06 799.87 0.35 
657.35 695.09 2369.55 0.42 
554.40 558.61 2554.66 0.25 
540.78 596.75 1641.34 0.46 
555.74 582.90 570.37 0.40 
564.97 581.50 1010.81 0.35 
819.89 702.87 1805.21 0.52 
556.69 613.77 2271.77 0.29 
660.85 683.01 639.50 0.41 
734.90 650.46 2203.64 0.53 
