91.61 138.47 0.24 1184.31
85.52 89.36 0.26 1018.12
86.88 65.39 0.28 2688.81
99.88 105.40 0.12 1650.59
113.99 101.27 0.24 1627.33
90.00 92.06 0.23 3907.46
125.10 63.55 0.20 1762.32
143.87 87.68 0.15 650.75
70.74 303.25 0.22 2259.52
132.65 294.79 0.11 1120.71
101.81 271.87 0.24 2789.71
55.19 333.43 0.23 2631.14
78.59 320.16 0.36 1314.90
137.11 328.65 0.08 2495.64
104.96 309.13 0.39 3583.98
96.51 279.09 0.06 1132.57
110.00 532.56 0.02 847.10
117.12 509.11 0.11 1277.07
89.07 481.25 0.14 2594.26
94.15 535.68 0.09 1197.41
48.77 462.39 0.22 850.08
92.87 496.31 0.36 2064.98
80.35 468.80 0.30 1422.88
66.97 501.88 0.19 750.00
129.64 692.74 0.05 1544.67
114.11 712.83 0.04 1520.36
70.69 722.96 0.27 686.42
82.67 682.41 0.08 1745.36
105.76 692.33 0.23 1467.21
80.04 699.68 0.28 1989.79
89.26 679.45 0.15 1114.53
80.75 697.77 0.34 1656.59
95.60 878.03 0.17 706.71
120.89 884.89 0.18 1208.40
85.93 897.23 0.18 854.35
66.69 917.87 0.34 1366.04
89.14 895.70 0.18 1117.68
90.12 950.75 0.22 1419.98
72.70 875.25 0.14 1623.24
83.90 928.17 0.12 1468.56
266.48 68.48 0.27 2419.86
276.05 80.90 0.26 874.40
271.49 45.03 0.15 1465.94
312.01 124.42 0.21 1813.81
316.70 115.43 0.22 167.71
333.39 112.07 0.08 3121.96
310.94 55.92 0.09 1859.89
324.97 94.40 0.15 1163.82
310.47 289.06 0.13 665.38
350.65 292.65 0.21 2239.05
306.68 307.44 0.27 953.41
309.08 330.20 0.28 3058.14
315.18 300.71 0.21 2510.54
311.91 337.61 0.02 1258.46
291.18 290.72 0.17 1068.52
308.54 389.25 0.33 1616.52
259.31 488.44 0.17 2326.58
327.06 502.52 0.25 3525.68
330.67 503.86 0.05 3393.22
271.04 500.73 0.30 2358.03
288.92 483.32 0.25 1401.75
326.19 487.25 0.33 1972.31
280.65 509.85 0.24 1556.74
287.42 512.54 0.19 1074.79
315.03 688.71 0.24 1372.90
272.21 691.94 0.21 1063.30
294.16 740.71 0.22 3326.66
320.22 723.59 0.26 2584.23
276.75 722.40 0.26 1224.88
300.37 723.83 0.25 1309.92
279.83 694.37 0.12 2203.05
286.41 696.57 0.22 1303.67
294.21 907.01 0.15 1000.89
287.59 953.33 0.13 3468.84
268.30 872.82 0.17 1345.47
297.67 945.76 0.26 2483.84
314.88 925.20 0.17 1532.97
301.19 840.67 0.25 2907.19
315.64 956.09 0.17 1086.50
321.02 906.64 0.28 1167.71
560.73 104.40 0.18 738.18
495.14 178.99 0.01 598.32
530.34 82.84 0.21 2767.27
499.71 69.37 0.44 1312.86
564.53 93.96 0.29 1383.56
520.77 102.96 0.26 884.13
514.67 66.48 0.30 1783.17
522.67 86.78 0.06 1118.63
467.46 291.69 0.08 1879.82
475.41 278.20 0.13 1748.01
530.09 290.30 0.11 1439.31
474.63 283.30 0.16 1888.76
504.59 314.79 0.27 2073.15
483.65 310.36 0.31 1319.90
478.06 284.82 0.11 1696.95
461.08 293.01 0.18 1409.29
496.34 485.24 0.18 1622.76
512.68 521.43 0.22 2694.55
554.95 476.66 0.10 1189.70
460.52 508.05 0.04 2724.22
497.89 530.78 0.04 1538.00
466.38 533.17 0.32 2116.58
491.20 495.25 0.27 861.19
497.09 487.79 0.26 1778.17
489.88 685.18 0.27 1865.24
501.52 700.35 0.20 706.19
530.03 664.85 0.36 1082.78
490.50 689.40 0.20 3052.97
486.03 710.16 0.28 1087.30
511.08 693.52 0.01 1152.20
491.55 695.97 0.11 2822.51
544.15 732.26 0.36 1081.56
476.13 905.68 0.04 1959.08
484.60 901.82 0.21 1554.35
481.47 943.96 0.15 1120.97
529.01 910.57 0.37 597.31
477.38 881.98 0.02 2487.30
494.38 881.49 0.29 1393.86
503.95 862.83 0.22 3081.64
515.93 844.96 0.26 1155.74
715.15 95.91 0.16 2820.17
672.38 125.41 0.16 1122.47
666.02 142.81 0.27 1386.20
719.28 80.37 0.30 2479.55
705.60 69.64 0.29 996.32
677.52 95.81 0.04 1998.28
706.72 105.68 0.35 941.79
688.17 107.81 0.04 2575.11
685.43 288.97 0.18 1184.46
664.56 327.84 0.10 1148.62
715.38 304.42 0.25 1148.13
671.23 302.66 0.33 732.60
691.19 307.53 0.09 1002.09
726.31 324.44 0.32 1539.34
700.23 300.63 0.17 1615.97
677.71 317.73 0.21 506.86
705.98 475.09 0.07 1798.28
711.32 518.15 0.30 2731.30
722.04 500.28 0.29 947.71
716.20 507.84 0.14 1751.15
675.56 521.27 0.28 1197.26
704.51 573.44 0.33 2861.86
705.66 484.40 0.30 1176.53
681.62 480.50 0.17 1831.29
688.34 707.02 0.21 4513.22
718.85 747.86 0.37 1135.13
641.95 692.07 0.22 2089.71
693.93 692.91 0.35 863.16
715.51 709.49 0.23 1531.93
748.47 685.81 0.27 1565.64
667.53 715.35 0.32 2596.22
667.00 713.37 0.21 1563.74
724.28 903.44 0.33 988.67
727.43 934.00 0.30 1129.60
733.24 888.47 0.21 1122.15
668.65 878.51 0.30 2556.22
716.18 927.33 0.20 1414.71
727.21 916.94 0.13 1316.75
714.16 945.09 0.30 1726.21
721.09 876.32 0.19 3323.04
924.01 120.09 0.10 1687.16
908.69 106.35 0.31 1251.80
942.14 91.04 0.09 1447.18
915.88 115.88 0.23 1922.98
886.99 72.23 0.01 601.77
914.39 102.09 0.33 1726.13
943.15 125.29 0.22 972.15
885.69 136.10 0.25 2110.81
919.04 318.64 0.25 2001.57
870.30 282.04 0.24 1188.88
910.54 282.49 0.05 2749.08
907.29 290.13 0.06 2831.68
896.29 253.92 0.02 1546.33
889.40 306.83 0.21 2833.19
898.10 287.43 0.30 2506.89
915.20 306.67 0.23 1854.63
888.60 517.05 0.13 2444.60
879.07 463.24 0.27 3187.74
870.85 497.84 0.14 754.89
922.99 513.57 0.36 959.97
943.20 495.07 0.26 1323.73
901.51 450.45 0.23 1518.25
887.70 526.90 0.09 1126.18
922.41 548.62 0.32 646.98
960.24 714.90 0.18 1500.23
902.61 691.29 0.04 917.11
908.80 719.08 0.02 1142.33
912.79 708.92 0.33 1921.64
878.78 713.01 0.29 1230.12
894.48 712.62 0.24 1488.29
912.25 675.48 0.24 1984.07
886.44 713.75 0.15 1230.65
908.53 903.06 0.10 1197.53
893.78 915.20 0.10 1365.66
933.73 930.49 0.06 1538.10
843.84 899.83 0.21 2101.60
861.20 919.32 0.22 1153.98
925.96 902.32 0.06 4033.34
914.40 901.91 0.18 1500.05
915.79 883.20 0.18 1237.21
41 45 1 60 63 64 162 125 134 112 117 39 33 35 22 23 24 21 13 109 151 148 150 107 146 36 38 71 72 27 29 65 70 120 106 105 132 139 103 155 118 30 61 141 184 180 179 181 121 127 170 87 85 82 102 143 55 49 53 56 66 7 5 2 95 129 131 191 189 154 114 116 69 31 14 48 167 171 164 93 51 62 96 136 166 83 97 68 34 32 86 84 175 173 81 42 4 8 80 73 156 190 152 57 20 92 135 89 94 130 122 168 169 192 185 159 157 153 76 78 115 197 196 182 140 138 160 52 50 147 145 187 158 198 193 199 188 177 133 123 104 142 111 98 101 75 77 79 28 11 43 47 178 149 67 9 12 10 40 25 18 108 99 119 144 165 176 110 183 186 88 3 59 58 37 113 200 126 6 16 124 174 161 15 26 100 91 128 46 44 19 74 90 163 194 137 17 195 54 172 
Best fitness: 79.80
45 116 197 181 49 12 55 46 150 155 141 139 84 162 163 161 179 59 64 103 136 85 42 27 35 36 132 172 171 192 200 184 170 123 93 13 22 50 107 153 154 156 119 29 28 32 25 21 129 133 106 148 177 169 143 140 112 120 118 70 30 24 109 56 131 122 94 82 134 130 180 151 57 61 62 175 174 176 63 20 23 31 66 72 69 115 114 37 73 33 39 97 124 121 178 188 146 99 4 5 87 83 137 167 128 86 127 81 125 168 164 53 3 8 48 44 80 159 160 65 102 51 182 185 189 135 144 104 60 187 145 157 158 149 147 105 92 89 96 166 165 173 193 194 67 75 34 26 38 79 138 2 1 41 52 10 58 68 111 77 78 191 199 183 100 11 9 54 190 186 142 98 90 43 126 101 110 76 152 15 95 71 18 19 40 108 7 91 113 17 14 6 16 47 88 198 196 195 74 117 
Worst fitness: 97.51

Mean: 85.47

Standard deviation: 15.93
