907.19 562.05 3334.04 0.28 
734.84 1120.63 2582.59 0.16 
626.38 913.32 4295.15 0.40 
1438.54 710.74 6797.46 0.25 
978.78 1299.91 6491.88 0.38 
1035.00 754.47 5770.47 0.47 
845.98 865.80 7771.01 0.42 
698.43 796.92 7866.66 0.46 
997.69 1545.03 957.79 0.62 
558.26 651.55 6767.10 0.54 
777.84 810.54 4570.23 0.36 
779.80 716.93 1836.00 0.62 
829.01 614.70 4682.98 0.27 
589.27 663.03 5833.74 0.37 
850.28 726.47 3306.75 0.44 
643.79 831.97 1038.18 0.48 
746.60 704.87 5840.53 0.47 
626.56 543.25 3549.05 0.34 
637.75 815.31 951.55 0.36 
712.77 1290.56 4656.46 0.27 
819.29 566.07 6884.40 0.49 
1244.72 814.20 2814.38 0.37 
552.38 691.61 1887.41 0.41 
589.42 1053.05 4366.00 0.43 
746.52 985.60 5801.17 0.30 
1165.22 830.69 2071.04 0.35 
905.52 1064.43 4051.04 0.47 
922.36 597.96 7742.63 0.39 
660.26 1108.01 1300.95 0.52 
773.98 873.04 3337.39 0.33 
569.31 813.92 1467.10 0.64 
1210.25 579.14 7935.40 0.30 
758.32 1036.09 764.27 0.39 
774.61 767.66 1856.57 0.37 
600.28 705.34 6210.38 0.56 
988.57 659.43 1726.57 0.40 
821.59 716.31 4640.18 0.46 
790.58 582.05 1841.76 0.53 
611.09 680.57 3902.51 0.52 
862.18 828.95 7452.79 0.56 
604.86 935.44 1377.80 0.40 
832.61 546.05 1695.63 0.42 
851.84 780.01 5717.93 0.49 
592.28 540.18 6934.63 0.20 
1460.33 1247.10 6047.89 0.47 
641.68 743.98 7542.45 0.49 
973.69 855.84 6579.99 0.46 
1245.64 920.53 3138.18 0.44 
1215.73 581.79 1674.27 0.69 
689.51 919.35 3427.40 0.29 
976.18 729.77 1812.70 0.45 
835.20 555.73 7812.01 0.31 
1096.96 627.95 3645.79 0.38 
789.66 694.21 4526.12 0.30 
686.24 818.00 7156.25 0.28 
836.73 765.96 4085.58 0.34 
600.77 626.80 6698.81 0.51 
581.56 710.19 3189.28 0.48 
649.44 721.40 834.94 0.41 
628.50 1413.93 7061.02 0.43 
729.35 571.10 6647.22 0.43 
800.74 563.53 2602.06 0.46 
930.67 945.47 3025.20 0.34 
606.68 855.69 2219.25 0.37 
1150.23 600.70 3932.80 0.36 
777.36 1235.34 1866.43 0.45 
640.52 631.97 1148.39 0.21 
543.56 668.19 7893.52 0.32 
707.55 931.95 4711.93 0.29 
653.71 579.47 2695.11 0.34 
561.67 1175.93 6287.93 0.24 
605.07 1219.01 1198.68 0.48 
661.03 548.81 7926.42 0.48 
600.20 874.88 1200.95 0.41 
945.31 900.22 923.73 0.29 
966.72 606.29 3222.95 0.37 
708.97 1037.03 5046.11 0.38 
582.27 907.46 832.11 0.63 
978.82 862.34 7348.29 0.12 
933.77 955.05 990.28 0.40 
594.80 1355.42 3558.72 0.50 
542.85 626.97 6104.82 0.40 
782.98 692.75 7598.03 0.22 
554.21 894.77 7726.32 0.22 
553.25 771.78 898.40 0.44 
928.50 812.52 7438.58 0.37 
1525.21 744.62 1161.29 0.39 
1141.40 592.11 4808.48 0.23 
747.86 827.21 3128.74 0.50 
611.82 556.90 3365.72 0.49 
950.00 732.71 7310.10 0.28 
