687.56 996.80 3666.61 0.22 
581.66 1134.22 7380.60 0.30 
1243.26 571.34 6249.07 0.60 
662.14 930.10 6738.28 0.31 
650.41 668.71 7082.89 0.29 
1036.29 733.90 2572.89 0.32 
940.95 604.13 1295.12 0.39 
1228.60 875.80 1688.13 0.37 
580.65 846.61 1370.75 0.34 
741.62 1161.23 1540.05 0.32 
559.51 698.78 4738.66 0.42 
1214.99 808.19 5370.45 0.36 
617.15 1125.52 7892.00 0.27 
733.71 685.89 3463.03 0.47 
545.63 569.98 6436.38 0.38 
614.11 879.10 6694.32 0.45 
1044.41 845.91 6696.44 0.47 
639.06 701.91 2795.74 0.37 
759.52 608.38 5748.98 0.43 
582.84 836.78 1307.63 0.18 
797.18 559.36 1587.95 0.30 
566.77 704.60 2622.78 0.40 
803.87 568.37 4764.81 0.41 
1052.55 652.80 5647.24 0.33 
1023.64 975.74 843.69 0.44 
659.37 917.67 6004.73 0.17 
956.67 979.21 3675.11 0.32 
1364.18 546.20 1512.91 0.47 
1099.59 780.00 1378.23 0.25 
688.85 847.62 4922.72 0.43 
708.81 847.49 6630.07 0.35 
626.35 832.35 903.74 0.44 
895.72 552.85 5520.90 0.34 
787.51 675.41 4100.92 0.60 
767.56 825.22 2817.53 0.48 
995.02 543.62 3160.94 0.49 
711.17 990.68 5748.89 0.46 
744.87 801.94 4334.59 0.36 
645.63 736.90 6407.14 0.37 
1146.75 639.15 4679.91 0.47 
701.42 834.08 4791.40 0.44 
