692.87 615.88 7970.32 0.20 
1097.72 681.75 908.81 0.33 
982.60 795.93 3940.71 0.51 
768.20 770.16 4238.80 0.50 
774.48 645.01 5992.73 0.30 
548.66 689.32 3813.23 0.38 
902.06 932.56 4064.17 0.46 
1164.22 625.27 682.00 0.34 
1077.94 634.91 2850.73 0.43 
1434.64 721.22 1703.50 0.28 
627.79 767.36 846.89 0.39 
573.88 977.90 3428.81 0.28 
673.51 1217.17 2667.86 0.22 
676.40 1109.85 4948.48 0.44 
653.31 700.70 1128.08 0.46 
1064.94 935.93 5628.27 0.43 
910.12 587.38 782.06 0.44 
956.29 720.89 6912.05 0.53 
944.10 877.61 6544.44 0.30 
713.00 728.35 6764.78 0.39 
1063.61 607.95 1712.69 0.64 
613.19 550.30 7940.14 0.38 
967.77 693.51 850.64 0.36 
651.82 1247.97 5620.81 0.41 
611.76 865.78 5625.68 0.50 
557.20 732.72 4273.32 0.43 
865.30 701.49 4508.22 0.46 
859.12 742.44 7510.20 0.39 
1266.92 790.78 2489.29 0.38 
540.08 568.19 2242.52 0.27 
906.90 805.84 3459.35 0.51 
657.97 1306.73 1295.66 0.60 
897.74 961.13 1347.57 0.45 
598.41 822.24 5455.31 0.34 
948.13 1108.93 6142.71 0.19 
608.46 903.96 3742.30 0.45 
791.13 679.77 570.98 0.41 
1066.43 806.26 7952.95 0.49 
1360.05 859.90 3277.81 0.38 
639.38 628.69 731.42 0.53 
1340.40 887.52 6254.73 0.51 
876.10 771.46 3654.13 0.48 
939.83 996.45 4061.75 0.48 
880.69 728.49 3543.26 0.31 
882.90 738.52 6503.83 0.35 
769.59 947.03 3700.36 0.36 
995.27 829.03 3747.34 0.38 
1345.80 867.73 6735.60 0.38 
779.70 544.37 7391.14 0.30 
689.98 801.16 1280.37 0.47 
1037.74 739.93 6605.41 0.36 
632.17 657.11 916.55 0.25 
574.75 593.87 3839.58 0.23 
1028.07 994.73 6695.65 0.40 
856.14 984.73 3315.67 0.30 
973.26 709.82 1213.74 0.50 
898.56 565.61 5683.12 0.45 
782.77 1232.40 7518.11 0.41 
618.22 580.95 7920.15 0.71 
607.10 975.43 1719.94 0.33 
622.04 718.06 3362.17 0.28 
779.18 696.17 4241.99 0.37 
1184.40 910.37 1411.34 0.42 
619.73 614.06 6845.50 0.32 
795.97 1229.91 1448.90 0.55 
625.76 661.43 4387.04 0.42 
682.89 685.20 3433.23 0.28 
608.03 690.15 1731.79 0.34 
795.88 919.71 1675.23 0.36 
749.24 741.27 4827.60 0.30 
575.33 758.24 987.15 0.55 
882.32 679.88 2296.62 0.26 
562.93 664.42 5392.12 0.57 
563.04 966.19 1163.03 0.15 
605.16 708.26 5757.43 0.41 
910.48 827.96 7332.41 0.47 
542.32 847.61 4802.76 0.35 
1316.98 663.12 1349.20 0.40 
865.89 1113.84 901.32 0.43 
541.74 587.33 6181.26 0.44 
911.19 777.93 5403.94 0.31 
954.99 1345.70 7937.56 0.40 
1305.00 663.79 3007.04 0.39 
1028.67 930.98 4646.96 0.54 
834.22 974.37 3300.24 0.54 
1127.40 544.34 6418.81 0.36 
586.96 1394.68 3109.84 0.47 
1042.56 1302.84 5293.45 0.42 
793.47 645.86 7863.75 0.58 
879.74 951.06 7141.44 0.38 
1111.13 1116.82 4791.15 0.38 
795.50 1096.25 1201.66 0.41 
846.24 620.20 3578.47 0.39 
554.86 1227.49 791.94 0.29 
740.80 918.55 1828.51 0.32 
1032.53 721.92 1292.15 0.55 
683.71 748.35 5432.98 0.32 
830.11 755.24 3723.15 0.36 
1084.74 977.31 2235.28 0.44 
940.67 882.73 4909.86 0.42 
551.13 934.64 5667.44 0.39 
561.81 715.93 3359.93 0.49 
557.68 669.78 5748.12 0.52 
1077.19 862.28 4288.79 0.28 
948.94 562.94 1222.01 0.26 
838.04 587.39 5277.20 0.37 
1101.64 756.27 5947.38 0.40 
541.98 1080.38 1029.68 0.55 
554.93 929.06 6012.34 0.37 
1016.57 1055.51 3034.45 0.30 
869.72 1231.44 4511.48 0.58 
877.97 816.98 5071.62 0.40 
1098.92 911.65 4734.77 0.40 
1218.91 595.47 1622.94 0.23 
560.96 762.57 6929.13 0.31 
1098.86 878.01 4519.81 0.43 
903.54 779.75 1319.26 0.49 
1026.14 591.83 1996.97 0.43 
570.03 711.95 1405.60 0.29 
811.46 635.82 4325.93 0.33 
919.34 1381.77 6380.89 0.51 
616.65 684.13 7739.20 0.36 
834.76 733.61 5698.64 0.41 
797.12 998.03 5985.15 0.37 
1190.12 601.56 1172.48 0.35 
602.04 726.61 3891.14 0.44 
677.54 696.43 4827.62 0.27 
862.14 896.86 7494.22 0.36 
682.47 768.40 6350.11 0.45 
778.04 979.31 4565.08 0.57 
1266.48 1015.49 3115.59 0.49 
1145.98 556.38 4268.88 0.22 
670.45 982.51 6790.98 0.32 
875.16 670.70 6200.89 0.40 
745.68 793.88 7228.08 0.42 
840.83 1201.97 7685.61 0.41 
728.49 853.92 3928.85 0.40 
890.83 807.77 1962.43 0.28 
686.38 874.78 4924.68 0.56 
1038.29 787.13 7292.67 0.50 
724.91 1175.88 4676.13 0.47 
734.13 549.51 5702.27 0.54 
831.41 731.02 4479.92 0.45 
772.10 986.54 3288.48 0.56 
978.58 1047.99 4403.46 0.46 
737.75 912.17 2400.20 0.35 
1034.74 1335.07 4378.55 0.28 
893.76 730.88 3971.58 0.38 
1119.31 635.65 3388.08 0.56 
835.30 983.12 5361.81 0.41 
720.01 719.76 6046.79 0.45 
