722.99 542.59 6736.28 0.49 
851.09 573.68 5767.47 0.46 
579.53 797.78 2119.17 0.31 
641.44 678.84 6759.63 0.38 
923.96 568.66 5094.12 0.49 
661.72 842.63 2862.60 0.33 
1025.22 764.55 7540.82 0.36 
1087.24 754.56 5156.76 0.45 
623.47 758.77 4824.46 0.42 
698.82 704.64 1582.44 0.45 
783.24 683.02 4372.25 0.54 
869.51 688.36 582.56 0.46 
681.19 653.34 4526.74 0.40 
811.70 809.34 6259.13 0.31 
790.18 908.04 2951.87 0.25 
889.46 863.94 7928.34 0.36 
803.22 911.16 5580.35 0.42 
685.45 943.14 3473.64 0.49 
715.78 991.32 4034.03 0.44 
564.06 658.79 6943.66 0.40 
1311.21 774.49 5430.90 0.48 
654.69 676.05 1345.74 0.33 
930.87 747.66 6787.11 0.33 
632.83 770.49 1492.34 0.37 
569.86 1326.51 2946.66 0.36 
635.29 691.38 1403.84 0.54 
703.99 561.15 1477.22 0.42 
975.79 875.31 4646.99 0.56 
748.24 744.60 1262.49 0.31 
904.71 593.20 3362.57 0.47 
854.18 718.84 6129.61 0.58 
737.52 599.56 5543.19 0.53 
758.17 665.74 1928.12 0.55 
802.62 891.62 6823.19 0.56 
560.81 1129.84 4231.42 0.52 
888.49 834.71 4635.87 0.44 
619.61 565.23 5865.67 0.27 
680.87 729.28 1952.69 0.47 
1204.00 1018.57 7369.08 0.31 
1006.24 830.73 7425.11 0.50 
846.65 839.83 4477.28 0.47 
567.71 590.11 6770.98 0.26 
634.02 964.09 7560.82 0.43 
652.57 622.52 2346.39 0.28 
718.06 1107.61 7428.01 0.48 
572.75 1081.13 5922.45 0.38 
1002.35 796.71 7290.89 0.49 
714.73 650.15 6051.08 0.34 
611.41 860.27 6301.14 0.26 
551.23 644.42 2788.13 0.37 
687.38 744.76 2055.75 0.34 
607.14 1073.33 7477.06 0.32 
716.47 782.71 4823.92 0.45 
937.38 710.33 547.68 0.50 
686.19 985.93 1334.41 0.47 
914.83 789.11 5966.42 0.48 
653.06 910.77 6249.73 0.41 
933.15 854.84 3186.80 0.41 
1190.98 775.93 6635.32 0.42 
715.81 578.39 5267.54 0.58 
1071.25 942.44 2119.89 0.51 
1143.33 702.55 7684.69 0.43 
1020.90 796.74 5970.46 0.33 
644.67 695.05 3082.13 0.43 
960.50 576.20 1972.63 0.47 
735.20 995.14 3208.94 0.54 
639.82 801.60 7863.36 0.30 
553.06 709.73 3644.30 0.30 
700.33 1079.43 3000.03 0.45 
995.00 556.40 670.51 0.30 
1069.35 1050.69 6872.65 0.49 
947.77 1529.39 5468.58 0.34 
694.26 597.13 7074.45 0.54 
711.80 789.80 4390.39 0.56 
594.32 1120.64 1665.00 0.45 
719.98 778.43 1676.14 0.48 
985.43 960.86 3975.47 0.47 
705.15 782.49 2281.22 0.28 
987.91 1104.54 7522.23 0.59 
589.67 613.61 7644.84 0.29 
1003.67 755.51 7505.26 0.53 
946.02 572.60 6952.06 0.39 
1093.39 607.03 7156.12 0.45 
847.05 627.74 7587.39 0.57 
1314.40 698.74 2026.10 0.40 
781.85 1117.02 2102.71 0.40 
816.42 776.46 4131.45 0.48 
1125.58 974.98 2784.04 0.51 
1199.58 634.59 587.00 0.40 
601.42 1074.97 7885.00 0.37 
706.33 647.25 6222.96 0.42 
805.12 700.04 5181.82 0.52 
1013.11 608.71 4348.16 0.34 
1208.59 935.26 2932.92 0.29 
712.28 1680.67 5575.00 0.15 
572.99 829.64 7220.19 0.45 
820.80 852.14 841.90 0.55 
1158.88 1004.58 1960.86 0.34 
730.93 1003.45 3074.13 0.23 
750.18 649.29 655.00 0.15 
930.05 924.52 7366.24 0.52 
925.21 1217.61 7879.72 0.27 
1003.64 626.17 2544.36 0.34 
783.64 559.45 6366.85 0.35 
834.08 655.58 3093.92 0.13 
723.16 975.18 7144.49 0.61 
828.93 649.24 4472.25 0.40 
545.46 670.32 7618.04 0.45 
780.19 591.71 3553.15 0.45 
702.11 1161.58 7863.57 0.32 
714.12 735.61 884.89 0.26 
555.00 886.23 1582.95 0.37 
564.73 965.78 7079.22 0.36 
1230.15 810.93 3470.18 0.58 
828.37 999.15 6697.62 0.41 
690.98 695.71 1600.72 0.39 
540.48 1383.25 1866.20 0.36 
710.08 967.75 1259.11 0.38 
802.07 684.52 4680.29 0.43 
609.17 575.94 3686.36 0.33 
647.22 860.47 786.61 0.27 
994.00 1168.34 4548.39 0.25 
760.65 790.87 2560.99 0.50 
666.74 668.25 3986.66 0.40 
625.56 1593.63 4713.46 0.34 
555.28 735.08 4674.81 0.48 
849.89 717.34 634.35 0.39 
610.40 661.11 7180.31 0.49 
594.80 795.90 3034.19 0.43 
777.72 857.70 5294.36 0.42 
831.08 1054.35 1267.92 0.39 
865.09 1107.55 2138.73 0.61 
837.61 608.01 5588.40 0.34 
553.36 1422.38 814.80 0.29 
581.90 540.92 4624.62 0.30 
755.99 757.24 3503.28 0.52 
821.98 790.92 6552.94 0.57 
714.13 923.99 6395.46 0.39 
560.19 1315.91 3581.74 0.43 
702.86 991.45 3677.30 0.43 
729.61 609.75 6236.49 0.33 
995.46 1110.57 2492.10 0.44 
803.94 741.65 1907.85 0.33 
847.36 913.64 3957.71 0.41 
596.34 747.64 7873.48 0.30 
1013.00 1067.09 4578.78 0.30 
718.88 846.55 3417.64 0.38 
750.23 639.95 2539.36 0.44 
551.35 598.28 1862.36 0.21 
885.09 1139.60 3427.28 0.37 
733.88 911.10 2241.94 0.38 
702.16 975.83 7537.83 0.37 
1033.17 546.57 6316.91 0.36 
1022.90 582.27 3725.68 0.45 
663.30 887.67 6804.93 0.33 
680.58 950.62 1851.49 0.35 
884.74 720.76 4110.83 0.33 
659.58 693.84 6091.77 0.35 
707.10 674.27 7834.16 0.50 
1242.88 545.67 7402.05 0.36 
610.61 645.48 5455.75 0.43 
609.86 711.77 6764.90 0.32 
609.75 699.05 1339.92 0.25 
808.30 571.29 1794.30 0.43 
1040.68 782.80 1840.54 0.45 
547.30 687.83 5399.91 0.49 
890.21 1050.76 7210.42 0.37 
570.21 790.50 4780.36 0.34 
1325.02 1411.85 7516.08 0.34 
748.30 863.01 2360.87 0.41 
1306.42 628.52 5076.49 0.42 
716.48 1074.06 4241.57 0.43 
977.19 881.81 7753.56 0.52 
949.09 758.30 2878.97 0.28 
545.39 876.11 5525.33 0.51 
865.26 820.16 972.03 0.48 
866.81 685.12 7976.79 0.45 
1114.21 909.54 7038.89 0.38 
869.50 723.67 4886.86 0.36 
784.63 567.73 5761.67 0.45 
810.44 1511.61 5109.52 0.23 
829.34 659.25 991.13 0.49 
586.41 1164.23 6717.86 0.59 
1099.07 1153.82 7094.07 0.36 
716.43 554.51 6946.99 0.49 
817.62 1072.97 1453.78 0.54 
1097.46 547.25 6489.57 0.28 
668.94 706.29 4654.36 0.27 
644.19 861.19 5997.88 0.47 
1001.34 1079.42 3746.73 0.41 
644.45 1167.66 6522.29 0.29 
572.01 1092.50 1205.84 0.48 
1172.77 788.17 3547.63 0.39 
1057.86 571.75 4213.67 0.44 
1074.68 946.63 2447.12 0.31 
688.10 740.12 4800.79 0.35 
1042.76 919.14 1826.63 0.22 
564.57 609.35 6852.77 0.24 
820.62 602.63 4989.33 0.45 
932.07 793.19 3020.11 0.45 
902.96 1428.63 1068.35 0.34 
