724.91 987.12 644.35 0.45 
712.05 781.41 4589.19 0.23 
587.55 595.75 3666.04 0.50 
635.75 726.59 7161.16 0.47 
1512.27 547.23 1070.08 0.48 
645.47 567.49 7892.02 0.31 
721.62 632.02 2208.55 0.40 
727.52 650.23 5032.85 0.41 
725.34 844.96 3410.78 0.60 
1131.53 1021.22 3797.82 0.46 
557.58 955.46 3296.25 0.47 
645.06 772.35 5236.95 0.34 
714.36 594.46 7646.05 0.47 
1224.18 606.59 6092.00 0.35 
760.72 998.75 4085.29 0.16 
595.51 1155.21 1821.36 0.49 
766.39 777.42 3389.37 0.56 
649.78 827.36 6030.96 0.50 
924.85 583.78 7676.05 0.45 
1309.26 896.17 1942.80 0.31 
718.50 582.32 1469.90 0.36 
975.52 881.34 1727.38 0.32 
678.48 828.77 6148.01 0.46 
736.29 667.17 4216.48 0.49 
798.24 1186.70 2921.69 0.44 
946.20 1034.24 1238.06 0.48 
999.68 835.73 5287.28 0.35 
749.00 1109.70 1024.23 0.25 
577.57 1082.97 4675.15 0.34 
637.88 807.48 7098.99 0.48 
590.45 854.78 5816.12 0.55 
556.95 1075.03 2096.97 0.61 
616.04 988.43 4991.87 0.31 
740.89 561.73 2822.53 0.24 
710.36 1002.79 7006.31 0.32 
739.61 984.81 986.83 0.36 
769.45 677.39 1647.20 0.59 
1160.11 936.12 986.20 0.25 
960.96 637.21 1818.35 0.42 
602.48 614.62 6597.81 0.38 
627.56 1423.15 7927.32 0.49 
691.44 879.43 1979.29 0.41 
669.11 983.69 5917.20 0.53 
702.37 768.08 7669.66 0.43 
713.97 613.51 3927.63 0.32 
762.73 1420.66 5694.00 0.46 
827.48 695.38 3231.96 0.31 
894.34 574.06 6269.31 0.38 
979.79 1056.70 697.19 0.41 
702.37 938.74 890.96 0.43 
859.74 589.28 6851.44 0.27 
546.35 546.40 2536.26 0.40 
848.33 761.16 7910.65 0.37 
585.19 563.06 1455.87 0.35 
554.99 670.88 2540.85 0.27 
675.54 959.45 6954.23 0.41 
699.39 812.71 4763.52 0.41 
730.43 711.26 4053.07 0.46 
1056.20 1109.99 4225.44 0.27 
638.74 1178.47 7519.96 0.10 
662.60 1094.55 4118.84 0.27 
767.16 814.96 5995.23 0.26 
1328.74 874.64 1096.41 0.27 
605.21 1677.88 6211.68 0.49 
672.00 920.67 1424.76 0.34 
1371.04 880.76 5523.67 0.36 
719.31 1204.22 4951.71 0.52 
808.86 716.91 1205.07 0.46 
794.92 766.55 4750.57 0.27 
596.14 1133.38 7353.29 0.45 
974.20 578.22 5649.33 0.40 
855.95 926.18 1162.25 0.58 
779.78 782.65 3216.37 0.29 
1005.07 623.91 4297.77 0.40 
834.55 1098.77 1104.84 0.36 
620.23 845.73 2490.70 0.32 
888.05 597.16 5836.27 0.24 
863.04 833.93 6916.40 0.32 
784.77 819.49 6006.11 0.40 
862.85 742.02 3673.37 0.38 
553.16 649.43 7598.34 0.54 
918.49 748.35 7271.92 0.19 
1302.05 578.81 7768.11 0.33 
776.63 1484.47 5648.62 0.28 
553.04 760.61 3625.94 0.47 
965.79 543.64 6220.50 0.40 
818.43 908.88 5408.69 0.41 
1385.00 557.48 1369.03 0.44 
1386.49 738.86 5704.43 0.23 
874.03 593.21 3509.42 0.36 
707.90 895.98 7332.01 0.59 
961.89 698.30 4592.19 0.05 
627.67 633.20 7654.97 0.33 
632.94 782.72 4235.91 0.34 
960.65 661.06 5520.74 0.33 
783.53 764.34 6233.04 0.27 
998.46 820.25 4452.73 0.50 
871.39 773.85 7281.49 0.27 
724.21 828.99 1460.37 0.34 
713.33 992.62 2877.50 0.33 
558.89 654.08 2260.73 0.36 
