567.74 989.63 3240.23 0.49 
585.60 937.01 2814.49 0.29 
553.42 760.84 7851.57 0.23 
1139.37 618.48 4326.71 0.26 
825.90 684.74 6359.42 0.49 
1061.24 661.16 7082.11 0.38 
1178.90 612.16 7859.89 0.27 
634.34 586.30 4591.54 0.64 
1049.51 1262.72 1912.18 0.51 
717.34 622.93 1136.65 0.40 
736.14 580.82 1637.57 0.46 
717.63 942.10 5120.70 0.29 
985.50 1168.96 2661.82 0.37 
1205.30 608.48 672.23 0.36 
1301.21 596.78 1041.09 0.62 
706.42 1209.22 7364.48 0.33 
616.77 683.50 1548.70 0.51 
627.20 660.81 2626.41 0.25 
664.14 734.88 3353.45 0.30 
790.79 816.97 781.42 0.42 
891.94 1203.67 6736.05 0.50 
660.13 792.24 3136.16 0.47 
1114.68 745.56 4414.92 0.26 
833.54 809.34 3815.55 0.35 
542.39 849.74 3160.08 0.51 
544.37 593.52 4233.27 0.31 
543.34 902.00 6308.81 0.62 
972.93 1009.28 6764.09 0.33 
909.24 613.93 7081.36 0.50 
773.94 664.95 3010.37 0.38 
822.73 788.80 1671.89 0.41 
