766.35 1228.18 3221.05 0.49 
651.54 657.66 3223.88 0.50 
774.54 1287.09 4322.26 0.26 
887.52 615.81 6676.20 0.41 
648.43 699.92 5515.28 0.42 
886.25 554.34 7318.20 0.36 
806.22 1111.54 3009.51 0.26 
691.20 961.09 4233.57 0.48 
568.03 661.11 3458.74 0.40 
645.10 946.49 4083.29 0.27 
661.05 594.24 5738.87 0.33 
687.22 889.20 4327.17 0.37 
720.22 670.09 5730.23 0.84 
1028.17 609.79 4027.59 0.45 
719.12 790.45 6738.63 0.35 
797.80 639.02 3441.87 0.47 
738.69 803.24 5604.93 0.35 
569.05 1205.02 7967.99 0.26 
574.64 550.62 4927.25 0.37 
882.28 1284.22 6111.91 0.36 
1000.54 548.78 5551.44 0.50 
732.39 1081.22 4877.64 0.27 
553.71 1336.57 6539.63 0.35 
920.94 810.58 1736.08 0.50 
897.31 910.69 7238.27 0.44 
831.00 760.60 6310.78 0.50 
551.97 1095.44 3291.10 0.56 
772.29 1008.13 1995.50 0.24 
995.76 661.23 6091.29 0.37 
688.46 1270.87 4557.80 0.28 
619.11 806.08 6283.40 0.23 
1186.95 1159.08 5224.50 0.51 
755.90 606.49 6821.20 0.30 
617.87 1304.10 7861.32 0.38 
721.35 543.71 6751.26 0.20 
1054.68 593.64 2661.68 0.47 
708.78 752.30 3496.11 0.34 
657.85 705.40 1745.15 0.45 
1425.95 876.41 1450.21 0.33 
635.57 794.67 2398.53 0.42 
798.49 967.78 5867.68 0.64 
815.57 709.58 4371.96 0.36 
646.25 801.67 656.99 0.69 
603.81 1358.84 4945.53 0.34 
798.29 642.93 5651.72 0.42 
984.90 678.24 5432.47 0.39 
1138.87 721.92 6232.11 0.58 
623.04 785.59 1712.39 0.34 
763.71 836.77 853.93 0.29 
1155.39 1365.78 1839.45 0.49 
600.38 548.66 7581.06 0.36 
680.90 942.27 3888.03 0.43 
661.05 796.51 4959.84 0.53 
800.65 774.10 2853.04 0.44 
822.03 706.42 5125.25 0.34 
646.86 596.34 868.51 0.67 
710.55 964.69 2434.30 0.42 
712.69 701.16 3100.45 0.47 
900.04 671.13 1196.93 0.43 
751.54 604.77 4816.58 0.62 
1228.40 1038.79 5360.31 0.29 
936.05 641.17 6992.67 0.44 
550.46 608.44 5982.91 0.27 
833.85 638.61 6265.42 0.31 
774.89 910.95 2029.70 0.36 
1019.48 602.36 1023.82 0.39 
1189.89 1032.97 3341.71 0.45 
755.10 689.47 5640.59 0.62 
1257.27 813.09 2218.75 0.24 
613.92 1091.40 5144.17 0.47 
548.76 635.38 7825.40 0.30 
824.08 847.04 6589.62 0.39 
776.80 733.84 1680.76 0.39 
1116.79 692.76 6107.46 0.36 
874.04 656.42 6913.30 0.45 
625.61 582.89 3476.29 0.32 
746.28 764.64 2064.54 0.45 
770.35 932.48 4824.78 0.48 
792.80 545.48 4427.91 0.45 
760.43 1606.69 7818.15 0.43 
838.67 552.82 1122.97 0.44 
