1181.05 613.51 2308.34 0.44 
672.77 569.91 1788.61 0.50 
558.02 886.38 6296.03 0.21 
1099.38 854.39 5831.24 0.37 
743.02 567.71 1455.24 0.40 
757.35 775.61 5467.46 0.42 
806.17 1497.70 1956.33 0.40 
936.56 897.03 5949.11 0.40 
630.42 840.07 2931.37 0.38 
872.43 851.38 6486.03 0.43 
541.70 737.80 4023.97 0.56 
756.55 1194.49 3199.45 0.49 
607.82 889.83 1217.28 0.57 
1314.33 825.54 5645.63 0.16 
821.73 723.20 5891.35 0.30 
952.71 781.65 776.07 0.31 
1162.80 595.92 1678.63 0.59 
721.63 1035.33 703.66 0.37 
753.02 819.50 2535.08 0.50 
598.54 1227.26 5878.60 0.41 
912.31 986.99 2147.85 0.42 
1288.54 953.16 861.63 0.40 
1488.26 609.71 4467.88 0.44 
943.65 971.18 6197.67 0.33 
910.91 992.37 6258.72 0.47 
613.96 1332.21 6731.06 0.35 
577.60 546.50 2177.61 0.52 
720.99 1025.47 6749.92 0.59 
612.91 562.35 1672.79 0.41 
1099.63 938.47 5225.49 0.21 
645.67 746.58 6494.95 0.36 
1029.03 737.92 4351.94 0.39 
1238.48 1068.15 6991.22 0.27 
612.89 1041.52 2549.21 0.31 
680.06 788.93 4177.55 0.39 
589.84 806.83 7298.69 0.57 
732.73 970.31 5108.74 0.24 
1199.57 752.58 2889.07 0.42 
1016.61 946.03 3123.05 0.16 
1041.73 1128.55 1911.46 0.42 
666.41 551.87 1797.31 0.36 
619.14 565.00 1104.10 0.60 
854.98 1050.29 7445.83 0.31 
943.12 810.04 5823.55 0.32 
865.21 799.46 2346.14 0.46 
700.93 555.98 2289.90 0.30 
651.60 566.19 4993.17 0.48 
617.73 761.70 697.26 0.34 
580.59 553.93 4952.32 0.22 
1062.17 1156.65 3529.29 0.43 
829.45 890.69 3375.34 0.36 
683.16 1056.58 6995.21 0.28 
622.81 544.80 3491.42 0.66 
603.10 1184.22 4689.16 0.32 
988.29 840.35 1741.05 0.55 
744.77 958.51 7840.75 0.38 
1044.74 858.77 3961.03 0.50 
654.66 544.13 724.21 0.59 
1040.46 593.84 4324.91 0.42 
840.07 1074.77 3837.83 0.33 
733.86 723.91 1782.03 0.54 
717.43 910.03 2663.14 0.37 
663.26 788.33 7306.52 0.42 
1012.36 808.57 7658.89 0.37 
901.90 745.13 2361.93 0.24 
767.69 632.41 5599.71 0.42 
638.83 705.51 1612.60 0.47 
595.18 956.71 4430.70 0.43 
716.05 1174.22 2512.66 0.45 
795.75 555.64 6712.13 0.28 
772.21 831.17 5742.51 0.42 
