715.78 896.40 6679.99 0.41 
907.67 698.46 6463.28 0.44 
621.40 543.81 7644.09 0.29 
1142.43 1136.05 7417.82 0.37 
957.94 859.41 716.37 0.43 
812.58 1260.77 4902.48 0.48 
596.76 723.75 7096.90 0.35 
879.63 624.39 6381.57 0.37 
1030.23 563.18 7282.60 0.65 
1192.57 787.48 4462.79 0.21 
976.47 843.79 5457.97 0.40 
542.04 816.59 1088.83 0.36 
846.29 754.35 806.84 0.45 
913.53 977.20 3196.74 0.36 
917.73 766.03 7554.86 0.59 
1113.82 663.51 7958.49 0.34 
987.26 915.29 6865.32 0.42 
686.27 741.25 2718.10 0.41 
774.95 1194.95 6845.53 0.56 
980.66 663.75 4927.30 0.42 
591.81 778.76 4831.45 0.27 
