547.990000 541.460000 0.360000 3302.730000
526.420000 492.890000 0.100000 4314.740000
491.440000 476.070000 0.340000 1496.850000
491.680000 498.640000 0.250000 4167.290000
501.160000 471.170000 0.130000 2652.400000
485.140000 509.730000 0.190000 3514.940000
560.730000 465.130000 0.320000 3715.140000
619.220000 464.200000 0.260000 4825.440000
577.530000 584.290000 0.140000 5527.980000
549.290000 489.860000 0.270000 3275.540000
519.110000 453.580000 0.300000 2787.460000
589.590000 423.200000 0.360000 2389.320000
426.560000 474.220000 0.130000 3808.890000
496.700000 464.830000 0.250000 1125.230000
585.970000 441.730000 0.230000 2534.740000
443.160000 484.440000 0.180000 5023.440000
517.960000 537.150000 0.220000 2693.600000
537.370000 569.700000 0.200000 2866.340000
535.980000 431.180000 0.140000 1879.790000
517.260000 453.280000 0.090000 1616.930000
515.600000 498.640000 0.160000 4376.830000
520.080000 486.520000 0.200000 3465.950000
466.640000 485.260000 0.290000 2527.160000
439.980000 519.010000 0.170000 2896.290000
529.490000 508.460000 0.030000 3150.850000
469.840000 491.980000 0.240000 2035.220000
535.810000 594.440000 0.160000 3022.870000
411.150000 467.370000 0.210000 2900.680000
553.930000 451.920000 0.200000 2626.190000
483.600000 441.810000 0.120000 3031.450000
485.440000 377.640000 0.080000 1780.490000
525.140000 444.450000 0.250000 2615.390000
488.270000 537.130000 0.380000 3189.370000
436.400000 474.580000 0.160000 1390.120000
464.290000 426.590000 0.290000 3037.050000
513.070000 540.310000 0.210000 2529.510000
458.900000 446.390000 0.290000 2788.010000
527.820000 518.050000 0.110000 2635.490000
558.060000 522.410000 0.100000 4806.130000
493.020000 484.430000 0.240000 1711.360000
459.430000 452.050000 0.010000 3013.050000
470.940000 419.770000 0.140000 2443.620000
553.520000 482.900000 0.100000 2843.220000
450.910000 473.490000 0.110000 3309.440000
452.600000 485.880000 0.160000 4042.220000
488.500000 471.280000 0.450000 2878.250000
566.180000 467.070000 0.230000 5521.000000
468.810000 528.040000 0.180000 3393.590000
494.760000 531.070000 0.010000 3726.810000
550.850000 434.060000 0.310000 627.380000
480.820000 487.630000 0.100000 2726.100000
458.910000 552.970000 0.210000 4433.470000
526.280000 462.890000 0.350000 1056.170000
566.470000 544.010000 0.180000 1332.160000
563.200000 569.990000 0.180000 2858.010000
441.490000 428.410000 0.310000 3817.320000
500.230000 508.580000 0.240000 5597.740000
522.250000 515.520000 0.180000 2787.960000
506.680000 615.230000 0.100000 3063.270000
513.090000 490.720000 0.180000 2532.680000
472.060000 569.950000 0.230000 4825.020000
498.630000 608.620000 0.220000 3486.950000
578.440000 524.080000 0.110000 1356.990000
470.910000 498.530000 0.170000 2941.300000
446.990000 522.200000 0.040000 4711.110000
475.800000 522.790000 0.170000 2651.430000
498.500000 506.970000 0.130000 2383.540000
447.110000 482.820000 0.250000 2795.720000
558.100000 547.430000 0.200000 4196.300000
486.090000 567.220000 0.160000 3341.700000
512.710000 517.900000 0.360000 4212.570000
509.610000 474.220000 0.070000 2829.270000
504.840000 459.710000 0.300000 3189.230000
582.830000 430.830000 0.140000 4116.740000
554.340000 472.020000 0.330000 3511.350000
456.080000 470.560000 0.130000 1157.170000
500.660000 566.340000 0.260000 4083.010000
396.480000 498.710000 0.100000 554.780000
449.980000 450.640000 0.170000 4068.890000
520.420000 479.690000 0.320000 2915.440000
574.920000 487.300000 0.100000 1729.840000
441.140000 466.660000 0.040000 2290.680000
493.270000 459.670000 0.130000 4811.330000
611.480000 515.230000 0.240000 1858.150000
472.000000 374.970000 0.270000 3953.090000
503.080000 531.220000 0.100000 3789.720000
541.740000 499.440000 0.200000 2358.640000
462.880000 500.050000 0.110000 4497.930000
502.530000 492.640000 0.280000 2648.900000
521.910000 496.440000 0.040000 3855.040000
502.830000 534.690000 0.100000 4278.450000
512.090000 457.510000 0.050000 2764.460000
467.450000 540.270000 0.130000 2442.790000
493.160000 494.340000 0.200000 2911.170000
431.300000 437.570000 0.110000 3611.630000
440.600000 482.940000 0.030000 3721.880000
441.100000 577.750000 0.130000 2043.530000
506.710000 512.500000 0.140000 3016.700000
448.310000 453.000000 0.400000 3791.780000
486.490000 510.910000 0.230000 3445.150000
28 78 13 34 37 30 32 50 12 53 14 46 3 40 71 33 94 89 73 20 11 51 26 76 99 79 56 95 45 68 80 22 60 63 84 15 75 23 64 7 10 87 38 36 17 77 18 54 1 81 29 19 35 85 5 21 4 67 100 58 66 6 48 62 59 27 55 86 70 61 52 93 57 98 25 74 47 92 42 82 24 44 49 69 90 43 8 16 97 41 72 83 31 88 65 39 91 9 2 96 
Best fitness: 4.46
50 19 53 14 76 99 78 28 83 43 10 80 40 37 35 46 11 32 3 54 63 84 87 45 68 66 100 4 67 33 69 1 81 7 75 73 5 23 26 94 89 91 77 62 93 65 48 36 17 38 71 98 90 22 60 24 34 16 56 64 6 51 30 42 55 27 18 29 12 92 20 41 44 57 58 70 49 61 52 97 47 15 74 8 21 86 25 88 13 96 79 85 31 39 59 82 95 72 2 9 
Worst fitness: 5.24
85 50 12 15 53 20 32 80 22 40 3 46 5 14 76 34 64 33 58 63 1 55 54 89 26 23 99 79 56 37 35 13 78 16 68 24 93 71 87 10 81 75 7 29 11 2 98 66 86 69 18 17 100 6 60 90 57 4 73 30 42 19 94 44 28 67 45 48 36 38 47 8 84 61 97 62 77 88 51 21 49 70 31 52 27 9 43 39 59 91 95 25 92 74 72 83 82 65 41 96 
Best fitness: 1.82
56 58 1 54 71 11 50 73 3 46 14 78 33 67 40 80 53 26 68 28 13 34 82 99 35 37 76 23 36 18 69 27 55 66 94 87 10 89 98 100 64 93 52 17 84 9 77 22 60 5 51 4 57 20 29 92 43 81 8 75 32 19 83 2 15 7 47 12 74 6 96 79 42 63 39 38 70 48 97 59 62 61 45 88 21 91 49 65 16 44 41 30 24 85 31 90 72 86 25 95 
Worst fitness: 2.19
78 45 16 23 3 80 7 50 74 12 15 29 20 14 5 89 40 4 71 81 75 87 53 11 32 42 35 56 37 99 76 46 73 19 51 26 64 33 60 22 10 58 57 94 67 1 77 97 24 100 6 34 28 13 68 66 48 36 18 54 55 9 69 17 86 49 91 21 63 84 8 39 38 27 93 30 95 52 61 70 98 83 41 79 90 25 47 2 88 59 62 85 31 96 44 82 65 43 72 92 
Best fitness: 1.32
53 50 11 14 33 93 24 78 23 51 94 4 3 40 22 75 46 5 35 99 79 34 44 26 54 69 1 18 63 84 80 37 68 45 16 76 89 58 60 73 72 71 36 17 57 64 6 100 87 10 2 32 83 48 66 97 61 56 42 20 29 7 81 12 30 85 31 19 15 47 90 98 77 27 9 8 38 88 28 67 49 52 70 21 92 25 55 39 13 82 96 62 59 43 74 95 86 65 41 91 
Worst fitness: 1.48
31 19 50 12 53 14 3 73 94 64 26 66 33 89 40 23 16 76 78 34 79 56 35 68 99 37 83 5 46 4 6 100 71 57 17 36 86 38 69 54 84 63 43 10 90 98 58 87 15 8 7 75 81 80 60 22 11 20 32 1 55 91 52 24 48 67 45 96 92 29 47 2 72 77 70 97 93 65 44 13 28 82 88 61 62 59 27 18 51 85 30 42 95 21 74 25 39 49 9 41 
Best fitness: 0.91
85 14 80 60 98 3 53 7 50 78 97 70 36 58 89 94 26 37 79 34 68 76 46 73 11 30 99 56 35 19 29 75 71 87 10 90 40 100 33 67 57 15 12 74 45 13 28 23 64 66 65 6 38 54 55 27 18 17 20 5 44 42 32 22 1 69 86 93 48 16 24 88 4 52 77 49 91 61 62 96 82 72 81 8 84 63 25 39 21 51 95 41 83 47 43 2 31 92 9 59 
Worst fitness: 1.06
41 72 53 75 29 20 11 50 12 15 84 63 54 1 17 98 14 46 3 68 76 44 82 78 16 23 40 4 71 2 25 36 48 33 66 100 57 67 89 87 10 80 19 35 37 99 79 56 13 28 34 96 45 26 94 5 73 32 7 81 43 22 60 42 30 85 31 24 58 77 70 27 55 69 18 49 86 93 6 97 62 61 65 51 64 52 91 38 21 90 47 95 39 8 74 92 83 59 88 9 
Best fitness: 0.61
42 37 19 32 50 73 53 22 90 21 33 94 4 3 12 15 87 58 71 51 26 23 20 11 72 40 45 68 79 99 76 46 14 75 80 60 35 28 34 17 54 1 81 38 98 36 18 63 39 49 66 78 24 6 67 57 89 5 30 29 10 2 100 64 61 52 82 56 41 93 48 25 47 7 8 84 55 27 62 70 77 86 44 96 16 97 91 43 85 13 31 74 92 83 95 69 59 88 65 9 
Worst fitness: 0.71
99 46 3 53 14 80 60 89 51 68 34 44 23 40 4 76 26 71 54 69 1 84 63 10 90 5 73 11 32 19 50 29 7 75 12 15 94 100 33 91 36 64 35 42 37 56 78 67 58 98 18 27 77 17 87 2 21 22 47 81 20 92 85 79 28 95 66 93 48 52 97 24 61 70 49 6 57 83 16 82 45 38 31 30 72 43 86 62 55 39 74 8 96 41 13 25 59 9 88 65 
Best fitness: 0.45
85 50 29 76 46 33 36 61 66 80 75 53 54 1 25 58 89 3 42 35 34 28 78 24 98 71 17 67 57 94 40 14 32 41 99 79 37 26 93 48 6 100 4 11 20 84 63 69 38 90 10 87 60 64 82 23 51 68 19 15 12 7 47 81 22 73 83 56 96 45 88 65 77 18 5 2 21 31 30 13 44 97 52 86 8 43 39 27 55 62 70 16 91 72 74 59 95 49 92 9 
Worst fitness: 0.55
