715.380000 620.100000 0.100000 3987.370000
361.110000 359.280000 0.190000 5588.140000
617.090000 319.000000 0.190000 3646.630000
567.970000 563.040000 0.090000 3196.020000
412.830000 541.740000 0.320000 2762.460000
256.150000 612.430000 0.040000 2854.100000
718.540000 362.530000 0.320000 3071.560000
778.340000 338.470000 0.260000 3900.150000
500.650000 474.960000 0.210000 4174.390000
330.990000 710.490000 0.240000 1558.650000
441.890000 319.890000 0.150000 1470.570000
395.770000 588.750000 0.160000 3056.270000
229.000000 723.510000 0.180000 3652.200000
552.870000 569.460000 0.220000 3929.040000
382.720000 400.820000 0.110000 3847.940000
641.530000 464.230000 0.190000 2769.120000
686.190000 493.800000 0.290000 1627.850000
409.360000 354.710000 0.280000 2271.470000
400.870000 544.130000 0.100000 1844.480000
395.670000 689.910000 0.110000 2069.910000
612.410000 160.920000 0.280000 4611.960000
451.880000 290.540000 0.170000 3468.150000
381.650000 343.460000 0.120000 2793.760000
456.250000 310.660000 0.070000 1951.380000
503.240000 505.170000 0.270000 1573.060000
668.500000 392.520000 0.080000 2825.020000
776.740000 433.900000 0.100000 1596.040000
453.180000 247.010000 0.090000 1340.910000
650.170000 603.500000 0.150000 2605.460000
634.340000 594.270000 0.310000 3282.860000
376.110000 788.920000 0.290000 4088.380000
414.330000 421.840000 0.170000 4289.530000
489.560000 649.060000 0.080000 3338.860000
366.820000 550.740000 0.060000 1355.370000
688.780000 600.240000 0.030000 2789.950000
580.560000 826.170000 0.210000 3149.490000
392.880000 521.900000 0.330000 3384.610000
535.340000 436.070000 0.220000 1371.900000
718.270000 568.990000 0.290000 4922.470000
401.130000 432.400000 0.240000 2992.810000
641.750000 345.560000 0.230000 1803.100000
512.220000 483.950000 0.270000 2986.730000
737.250000 683.170000 0.140000 2362.790000
450.930000 653.980000 0.320000 3751.590000
219.600000 174.420000 0.030000 2422.470000
470.140000 454.770000 0.150000 1167.550000
403.930000 382.760000 0.250000 3494.540000
386.030000 487.980000 0.350000 3419.160000
611.950000 440.160000 0.190000 1550.240000
754.560000 506.870000 0.270000 2709.590000
533.240000 437.940000 0.200000 3091.240000
545.870000 756.410000 0.200000 4980.520000
420.060000 586.530000 0.190000 2531.800000
579.050000 641.680000 0.180000 3015.550000
582.410000 740.560000 0.340000 3621.170000
423.370000 468.740000 0.210000 813.150000
725.660000 609.990000 0.370000 4736.840000
709.170000 676.470000 0.150000 2849.410000
487.490000 358.400000 0.200000 2799.090000
520.430000 532.990000 0.070000 4423.790000
597.650000 592.870000 0.260000 1855.110000
435.060000 579.530000 0.190000 5100.820000
498.200000 533.830000 0.140000 2786.950000
209.130000 598.860000 0.220000 3296.410000
206.800000 693.350000 0.230000 2962.720000
469.020000 446.900000 0.320000 2151.330000
419.030000 250.730000 0.040000 1302.480000
601.830000 381.720000 0.210000 4164.540000
592.750000 349.200000 0.060000 3022.210000
341.690000 601.460000 0.170000 3835.290000
398.140000 194.210000 0.090000 2609.400000
258.650000 389.550000 0.310000 4250.980000
516.920000 304.040000 0.150000 3395.760000
742.780000 291.710000 0.060000 2014.420000
564.750000 412.360000 0.180000 4985.120000
487.250000 612.570000 0.530000 2458.620000
534.090000 282.740000 0.210000 1937.390000
612.250000 354.970000 0.160000 2998.750000
296.580000 565.080000 0.190000 4005.470000
364.110000 274.690000 0.260000 3485.860000
291.360000 837.280000 0.160000 3170.600000
693.570000 501.820000 0.080000 3487.640000
290.660000 530.680000 0.160000 2744.020000
683.700000 520.820000 0.250000 4445.280000
230.890000 848.180000 0.340000 3022.750000
494.790000 469.240000 0.330000 3646.510000
430.490000 494.180000 0.190000 2571.960000
857.560000 692.550000 0.060000 3255.840000
136.900000 309.160000 0.250000 4771.420000
542.750000 32.730000 0.120000 1823.110000
298.660000 504.490000 0.090000 3636.880000
255.760000 421.990000 0.300000 1934.470000
507.830000 514.790000 0.180000 3500.360000
727.590000 402.370000 0.320000 3855.330000
347.160000 496.370000 0.170000 3359.380000
184.290000 525.600000 0.080000 3870.590000
399.910000 550.990000 0.120000 3465.490000
891.820000 623.330000 0.310000 2969.890000
597.680000 318.380000 0.320000 1328.830000
435.320000 773.320000 0.240000 3884.630000
89 95 66 46 86 9 48 37 5 19 63 25 51 38 68 41 99 18 72 92 91 79 87 56 60 93 17 39 57 50 94 74 7 35 29 30 61 76 44 10 65 53 40 47 77 59 42 49 69 22 11 80 23 21 90 28 75 84 27 16 98 1 54 52 31 100 55 43 58 8 3 78 34 97 32 2 15 12 70 85 81 62 14 36 73 24 64 6 13 20 83 67 71 26 4 33 45 82 96 88 
Best fitness: 11.75
71 59 22 28 11 99 38 37 92 56 25 49 86 5 76 10 44 55 54 29 30 84 17 26 41 47 97 19 12 48 40 32 18 15 66 46 3 77 73 72 95 83 80 23 42 9 62 53 31 85 64 6 93 61 60 14 87 7 27 50 39 43 57 98 8 16 51 100 36 81 70 63 78 68 94 33 20 13 34 2 75 58 35 69 89 24 65 1 52 79 67 90 21 74 82 88 4 91 96 45 
Worst fitness: 13.79
80 72 92 83 10 20 12 34 76 38 77 73 41 99 17 46 87 40 56 66 93 25 24 59 11 18 15 48 19 5 97 37 86 75 49 8 94 7 27 98 43 57 30 50 84 61 52 55 44 53 47 51 42 63 95 81 85 13 65 64 70 4 29 54 14 39 16 68 26 78 69 9 79 31 100 36 58 32 28 67 22 23 96 62 33 1 35 82 3 74 21 45 89 2 90 71 60 91 6 88 
Best fitness: 4.53
72 56 66 7 99 73 24 11 9 25 30 61 29 50 94 17 53 76 87 46 42 51 77 59 38 86 48 37 65 6 64 92 5 32 49 63 44 12 97 19 69 41 47 89 95 40 28 80 18 93 54 20 13 85 10 62 14 58 16 78 68 3 83 79 100 31 55 8 27 57 39 98 43 84 75 82 4 22 21 2 23 96 70 33 36 52 60 35 74 67 71 90 26 15 34 81 88 1 91 45 
Worst fitness: 5.64
92 40 59 99 41 17 84 30 61 93 25 56 66 38 49 7 8 94 50 27 63 86 42 46 18 11 77 75 14 76 5 37 64 65 10 100 44 54 29 57 16 3 73 47 48 9 51 68 28 90 21 87 19 34 79 85 81 31 52 55 12 97 95 53 39 36 20 32 72 80 24 22 67 83 70 33 4 98 58 43 78 62 15 2 23 1 35 13 96 89 71 91 60 6 26 74 82 69 45 88 
Best fitness: 3.26
73 49 50 82 16 25 34 65 81 85 10 61 17 94 78 99 69 38 87 37 48 56 42 59 77 3 41 7 1 29 54 76 14 30 84 86 47 72 92 46 66 44 62 5 19 60 33 36 55 100 18 2 23 11 9 93 12 97 40 32 51 68 79 64 53 91 95 70 20 22 28 80 39 35 27 43 58 98 57 52 31 13 96 89 24 21 8 26 75 67 71 90 15 83 74 4 63 88 6 45 
Worst fitness: 4.09
89 72 92 46 66 47 18 99 69 75 38 56 95 48 37 76 36 55 61 84 50 17 53 44 63 14 49 94 7 77 41 16 51 93 25 40 11 59 86 42 87 5 10 81 85 31 100 12 70 79 64 6 83 34 80 15 32 19 54 29 60 9 78 3 8 27 39 30 58 57 43 98 20 13 65 52 62 22 90 71 28 67 24 2 23 21 73 68 97 91 45 74 33 4 26 82 35 1 96 88 
Best fitness: 2.23
18 11 73 68 38 25 92 83 53 61 4 76 17 7 26 49 56 15 59 99 77 66 46 42 63 40 5 62 52 55 54 80 28 22 48 37 87 14 30 57 50 41 78 24 47 86 51 16 27 43 44 10 12 39 94 8 29 58 84 9 95 70 34 19 97 60 93 64 6 75 3 67 23 2 79 65 100 31 36 85 20 91 96 72 71 32 35 98 1 69 74 21 82 89 13 81 33 88 90 45 
Worst fitness: 2.88
89 47 18 40 48 97 19 34 37 87 56 93 25 86 66 46 76 41 3 99 77 92 72 65 85 81 10 31 55 39 17 61 5 42 38 51 59 11 80 28 22 73 49 50 57 30 54 98 27 8 74 7 94 84 35 58 43 29 44 12 62 53 64 83 79 63 68 9 14 4 24 67 2 90 21 26 78 75 16 20 13 32 15 23 95 100 36 52 6 60 82 33 70 91 69 45 71 88 1 96 
Best fitness: 1.47
96 64 83 56 76 17 7 41 99 18 25 86 11 22 24 59 75 61 42 51 38 66 2 48 26 94 68 49 16 46 37 97 12 10 36 54 29 30 87 47 28 77 72 92 44 100 85 65 93 63 5 53 95 34 15 80 73 78 3 8 39 57 14 60 84 50 27 40 32 9 58 98 1 55 19 79 89 23 67 71 90 69 4 20 31 13 6 91 70 81 33 62 43 74 21 35 52 82 88 45 
Worst fitness: 1.87
77 99 41 25 61 14 76 44 56 66 46 38 49 17 50 27 7 94 26 3 78 9 5 48 37 95 92 86 12 53 62 20 31 10 100 29 30 84 16 18 23 63 42 11 24 22 28 80 47 59 32 87 93 68 51 19 81 85 13 65 79 34 40 67 89 83 70 97 54 55 57 39 43 58 35 2 72 75 73 69 8 98 1 36 52 21 71 90 45 64 91 15 4 33 6 60 74 82 88 96 
Best fitness: 1.15
89 56 46 66 53 70 12 87 77 28 80 2 40 48 79 92 95 5 76 25 38 99 86 42 33 20 37 32 11 18 59 69 17 84 61 30 50 41 94 49 63 36 85 10 31 55 58 27 98 43 16 9 47 83 13 65 81 100 44 34 64 96 72 19 93 60 14 78 3 7 8 39 54 51 75 68 1 57 35 29 21 71 23 91 97 62 73 24 22 90 67 45 15 74 4 52 82 26 88 6 
Worst fitness: 1.37
