456.240000 530.720000 0.360000 6622.440000
455.810000 508.520000 0.410000 4891.210000
503.410000 508.370000 0.170000 5876.180000
524.350000 469.270000 0.290000 6377.800000
522.920000 449.600000 0.060000 5869.650000
418.800000 495.320000 0.150000 6010.470000
435.870000 557.190000 0.330000 6376.110000
572.440000 425.950000 0.220000 6527.240000
405.900000 547.180000 0.430000 4847.220000
491.980000 561.670000 0.250000 6173.950000
565.600000 514.100000 0.170000 4174.290000
508.180000 488.240000 0.040000 5279.770000
499.400000 448.620000 0.140000 6856.400000
570.500000 467.280000 0.310000 7139.960000
470.170000 500.530000 0.140000 5687.900000
611.280000 524.310000 0.370000 7028.420000
498.410000 480.340000 0.260000 4177.150000
539.540000 437.260000 0.220000 5787.930000
416.560000 526.550000 0.260000 5494.790000
533.380000 517.050000 0.130000 5202.700000
556.820000 638.260000 0.430000 7811.490000
531.420000 561.880000 0.210000 6760.720000
436.050000 546.540000 0.250000 5300.340000
416.230000 441.580000 0.020000 6127.370000
521.350000 463.760000 0.220000 5520.840000
580.370000 525.550000 0.200000 6152.600000
476.210000 548.650000 0.380000 7262.230000
548.020000 583.070000 0.200000 7687.350000
448.610000 568.400000 0.040000 4496.390000
433.790000 478.300000 0.340000 5640.810000
491.780000 452.180000 0.150000 6268.550000
551.920000 543.850000 0.410000 6539.520000
462.870000 501.080000 0.270000 4245.630000
433.720000 584.570000 0.180000 5011.740000
574.170000 601.300000 0.190000 6617.320000
470.930000 584.240000 0.130000 6598.710000
497.320000 488.730000 0.360000 6683.160000
479.120000 549.350000 0.010000 5302.400000
476.270000 569.040000 0.220000 4213.410000
521.850000 547.340000 0.280000 6245.630000
516.500000 418.450000 0.130000 6427.840000
481.380000 587.080000 0.290000 5686.960000
487.170000 500.510000 0.220000 4326.150000
497.080000 379.510000 0.160000 6215.140000
573.730000 434.380000 0.200000 6039.180000
390.310000 565.750000 0.320000 7150.740000
535.760000 497.980000 0.180000 7161.160000
560.880000 496.020000 0.050000 6789.730000
442.790000 424.360000 0.290000 5656.510000
492.590000 512.970000 0.140000 5548.950000
529.400000 535.050000 0.070000 7341.200000
531.570000 466.020000 0.060000 4859.150000
528.420000 539.270000 0.300000 5159.720000
505.350000 453.020000 0.120000 5421.010000
446.770000 475.960000 0.200000 7795.620000
512.400000 452.460000 0.490000 6230.080000
436.670000 552.790000 0.260000 6510.490000
506.730000 502.260000 0.100000 6475.060000
453.160000 426.770000 0.260000 5172.610000
498.060000 582.040000 0.210000 6348.430000
558.410000 510.860000 0.240000 7067.290000
519.800000 561.010000 0.150000 7690.740000
502.960000 425.660000 0.140000 6717.450000
434.770000 470.390000 0.370000 6043.520000
471.380000 426.550000 0.280000 6328.180000
616.040000 481.650000 0.280000 4816.650000
489.870000 559.650000 0.180000 6080.860000
530.360000 585.380000 0.090000 6474.110000
514.480000 431.050000 0.290000 6951.540000
491.970000 501.760000 0.260000 4268.610000
498.690000 579.510000 0.100000 6823.940000
472.540000 466.650000 0.150000 5555.280000
382.100000 588.540000 0.130000 4850.230000
535.330000 596.980000 0.380000 6762.750000
422.010000 423.270000 0.220000 4865.550000
492.210000 412.870000 0.050000 5087.370000
451.590000 433.570000 0.310000 7325.000000
414.050000 484.760000 0.130000 6607.990000
425.880000 458.400000 0.190000 6789.020000
502.790000 590.260000 0.170000 5213.560000
480.700000 562.410000 0.120000 6690.380000
509.560000 515.970000 0.230000 3483.920000
513.140000 474.760000 0.180000 6818.900000
580.120000 515.180000 0.170000 6179.090000
486.630000 535.580000 0.370000 6616.330000
485.370000 448.110000 0.360000 6922.900000
495.910000 504.670000 0.180000 5417.540000
502.470000 612.950000 0.160000 5414.870000
477.900000 434.990000 0.380000 5459.200000
435.100000 539.690000 0.250000 5756.770000
551.840000 506.600000 0.120000 4942.910000
507.080000 524.420000 0.160000 4950.990000
493.760000 572.130000 0.100000 4518.840000
494.570000 455.570000 0.120000 5157.920000
456.630000 423.650000 0.350000 5979.150000
534.520000 525.270000 0.190000 5110.450000
461.640000 504.770000 0.260000 6089.470000
427.750000 555.990000 0.140000 5880.120000
515.490000 540.590000 0.230000 4121.520000
497.630000 427.770000 0.220000 6367.840000
75 72 97 2 36 42 39 10 85 50 15 49 89 86 31 17 25 69 56 5 4 91 32 96 61 53 99 92 70 37 43 33 30 77 95 59 64 79 9 34 46 7 23 90 1 82 27 57 19 81 88 21 74 35 16 66 11 40 62 22 3 87 12 54 65 100 13 83 18 52 47 48 45 14 63 44 8 26 28 67 93 60 80 38 73 6 55 20 84 94 78 58 41 71 51 98 29 24 68 76 
Best fitness: 2.55
98 7 42 80 28 53 85 82 70 43 33 95 89 13 56 17 1 9 27 99 32 92 37 64 30 78 77 59 4 25 83 72 65 76 12 3 57 34 23 90 39 74 88 60 97 2 75 49 15 67 93 40 20 47 18 86 94 50 10 22 61 14 69 100 45 8 96 87 55 19 46 58 16 66 26 84 79 24 44 63 54 31 11 91 62 81 36 21 35 68 51 52 48 41 5 6 73 38 29 71 
Worst fitness: 3.08
59 72 86 100 77 49 89 56 18 4 99 27 57 90 19 9 33 97 15 43 37 83 17 70 2 1 50 82 85 53 32 95 65 75 64 30 55 31 25 14 66 16 11 40 80 29 23 34 39 10 92 3 87 36 7 98 60 67 42 74 21 88 22 96 61 26 47 20 58 8 45 54 94 13 41 63 69 6 81 73 46 93 35 62 28 68 84 91 5 78 38 24 79 44 71 76 12 51 52 48 
Best fitness: 1.02
59 17 82 16 66 84 32 53 96 27 1 43 85 10 39 57 30 56 8 45 5 86 89 54 65 95 9 7 90 33 37 70 50 97 2 64 49 100 14 11 74 80 67 81 40 26 18 69 41 25 77 75 79 15 99 61 22 21 35 88 60 42 23 6 19 87 47 92 29 98 34 73 55 94 31 4 20 91 51 28 93 36 38 3 58 12 83 13 72 46 62 68 78 63 44 52 76 48 71 24 
Worst fitness: 1.21
65 89 86 17 70 82 37 15 33 30 64 2 1 23 34 42 10 32 16 66 11 4 56 100 69 95 59 77 49 79 90 7 43 96 51 53 40 80 74 68 99 85 67 39 27 81 57 9 46 29 36 60 93 97 87 58 25 94 3 92 54 13 41 45 8 18 83 72 55 19 62 22 26 14 48 61 91 47 20 50 75 31 52 84 35 21 28 71 88 6 76 44 63 5 12 98 73 78 24 38 
Best fitness: 0.71
75 31 13 56 2 85 32 99 77 49 59 23 7 1 37 17 66 16 39 10 97 89 65 95 33 15 4 25 54 69 86 70 43 27 9 64 30 92 22 71 60 74 96 82 20 53 40 50 19 57 90 79 55 87 3 14 11 93 67 42 80 88 21 35 26 84 61 48 98 34 46 6 72 100 63 18 8 45 28 68 81 62 12 94 83 52 47 91 38 58 41 76 44 36 73 24 78 51 5 29 
Worst fitness: 0.87
9 30 64 77 59 95 97 2 33 43 70 17 87 1 7 90 55 72 82 53 99 10 27 85 92 58 37 83 4 94 75 49 65 86 89 100 13 56 25 69 18 8 45 66 61 11 91 14 5 71 60 62 40 32 22 28 74 42 67 81 19 6 23 57 98 46 34 29 39 36 88 93 96 50 12 52 44 31 47 20 48 26 16 84 51 3 54 15 41 76 80 68 35 21 38 79 78 63 24 73 
Best fitness: 0.50
24 9 7 19 33 70 14 48 91 53 99 96 32 16 66 18 56 37 58 2 55 30 79 75 90 23 39 3 12 82 17 40 47 61 11 4 100 49 59 77 95 86 64 15 43 92 87 85 67 93 38 10 27 42 21 80 97 1 46 89 31 20 26 22 65 94 54 25 13 72 50 74 71 88 34 83 8 28 35 84 45 41 44 69 52 51 62 81 36 60 98 57 29 6 78 63 76 73 68 5 
Worst fitness: 0.63
75 49 64 30 6 19 34 98 9 7 57 90 1 2 85 42 93 21 74 10 67 39 27 70 43 33 15 99 92 22 53 82 96 11 32 40 50 87 37 86 89 65 95 59 25 56 63 100 77 17 60 80 88 46 73 23 94 13 31 72 97 78 79 55 54 47 83 3 48 14 8 45 16 84 61 91 5 69 18 66 4 58 51 26 28 35 62 12 41 44 76 20 81 36 38 29 71 52 68 24 
Best fitness: 0.33
77 37 82 83 56 92 99 27 1 64 31 89 86 17 72 33 2 6 19 9 90 23 15 70 32 28 68 40 4 55 30 97 85 38 39 10 48 11 16 14 74 34 57 7 49 59 65 67 60 80 53 96 26 61 47 87 43 50 42 81 35 20 91 22 88 21 18 54 69 25 94 95 79 75 46 36 62 84 45 8 13 100 63 76 5 78 41 66 58 3 29 73 71 93 12 44 98 52 24 51 
Worst fitness: 0.42
75 59 94 70 43 2 9 19 85 1 33 30 64 77 49 95 63 100 89 65 86 13 31 17 56 53 99 7 23 90 15 37 82 32 92 96 11 14 66 16 21 74 61 25 4 97 87 3 10 67 39 6 46 57 60 80 81 42 62 40 20 84 26 27 36 29 73 34 98 55 69 18 91 22 88 28 35 50 58 12 47 52 54 44 41 76 83 8 45 72 78 79 93 38 71 51 48 5 68 24 
Best fitness: 0.26
89 11 26 66 14 82 58 17 83 3 2 33 39 99 1 23 57 7 64 70 37 31 56 53 32 68 62 67 27 43 85 92 87 30 55 86 25 4 40 74 93 90 19 9 42 10 97 100 69 65 77 95 76 94 13 49 75 72 96 51 28 21 60 22 16 84 20 15 46 73 34 88 54 44 59 6 50 38 98 29 45 8 47 91 35 36 71 81 78 79 41 18 61 5 63 80 52 48 12 24 
Worst fitness: 0.31
