36 3 32 68 77 54 94 9 4 1 85 81 14 20 22 99 43 23 19 100 93 39 51 97 72 15 70 66 10 17 29 82 89 45 84 5 11 58 86 65 26 78 21 38 30 37 63 83 47 92 8 75 27 71 64 25 98 12 76 34 80 56 87 53 62 59 16 24 41 90 48 96 88 7 28 42 6 18 60 61 44 2 74 46 91 73 50 55 49 13 57 35 40 95 52 33 79 67 69 31 
Best fitness: 2.64
1 19 70 29 10 66 39 97 22 20 27 75 94 88 9 43 23 45 86 11 77 47 14 73 6 54 68 16 90 96 32 36 4 18 63 82 89 91 93 34 5 15 46 21 100 72 99 28 8 48 7 78 87 83 40 71 85 41 81 37 51 30 74 64 98 12 33 79 25 38 17 57 80 84 42 49 59 53 60 58 65 44 2 62 26 92 61 3 55 50 69 76 67 13 35 31 52 24 56 95 
Worst fitness: 3.43

Alpha: 0.50
K: 0.01
Crossover probability: 0.50
Mutation probability: 0.10
Change mutation operator probability 1: 0.15
Change mutation operator probability 2: 0.00