91 63 72 58 99 28 77 83 55 87 94 49 31 82 64 36 19 50 20 59 16 10 27 26 85 41 8 4 61 65 42 1 12 95 9 32 98 34 97 33 86 23 57 46 38 73 51 74 52 11 69 6 47 92 29 96 5 88 80 60 44 45 79 3 81 78 56 67 39 75 90 66 18 37 43 62 30 40 70 22 100 21 93 7 54 13 25 17 48 84 35 15 14 24 53 68 76 71 2 89 
Best fitness: 1.10
99 72 20 19 79 82 4 49 27 83 5 96 29 8 41 43 55 38 87 94 64 36 50 12 16 65 81 59 78 42 10 98 58 28 34 63 77 17 92 95 39 90 66 75 61 69 31 26 52 37 86 46 32 89 57 9 97 47 74 15 62 80 60 18 91 21 23 6 11 85 51 22 68 40 48 44 3 35 56 67 76 73 33 24 93 7 54 71 30 1 14 100 53 70 45 84 13 25 88 2 
Worst fitness: 1.32

Alpha: 0.50
K: 0.01
Crossover probability: 0.50
Mutation probability: 0.10
Change mutation operator probability 1: 0.15
Change mutation operator probability 2: 0.00