29 63 9 13 12 61 8 22 7 65 58 62 40 23 24 10 66 21 35 17 50 64 28 33 70 15 11 19 6 41 2 37 39 32 42 26 30 56 48 60 16 51 38 34 49 4 36 18 1 25 47 45 5 44 59 54 14 57 53 67 69 55 31 46 27 52 20 68 43 3 
Best fitness: 1.23
47 28 33 45 17 35 66 24 40 62 58 22 8 18 1 31 2 36 61 4 49 37 39 11 56 63 9 70 6 15 19 30 51 34 16 48 60 13 7 65 25 57 14 23 59 12 32 42 26 69 46 64 68 50 21 44 3 29 52 38 67 41 55 27 53 5 10 43 54 20 
Worst fitness: 1.57

Alpha: 0.50
K: 0.01
Crossover probability: 0.50
Mutation probability: 0.10
Change mutation operator probability 1: 0.15
Change mutation operator probability 2: 0.00