69 61 40 29 45 67 52 25 53 2 43 34 28 10 39 21 23 15 11 9 3 6 44 1 57 62 24 18 66 63 58 42 55 22 38 19 59 70 27 14 17 32 41 33 65 68 56 35 5 36 12 8 49 20 30 46 60 37 54 26 7 50 16 4 48 31 47 51 64 13 
Best fitness: 0.64
45 67 53 23 28 43 52 29 40 59 27 44 6 10 24 26 8 1 49 70 3 18 63 66 57 62 51 68 38 19 65 39 34 22 42 56 9 25 31 47 36 12 20 46 30 14 2 11 15 33 17 41 32 35 5 58 48 21 55 16 60 37 4 61 7 69 50 54 64 13 
Worst fitness: 0.73

Alpha: 0.50
K: 0.01
Crossover probability: 0.50
Mutation probability: 0.10
Change mutation operator probability 1: 0.15
Change mutation operator probability 2: 0.00