65 61 33 2 31 26 40 25 58 42 24 74 12 78 44 72 56 63 38 19 21 49 11 73 79 9 7 68 66 80 28 5 45 13 60 54 57 70 15 67 76 1 69 77 35 55 52 64 10 59 50 41 53 37 27 48 43 4 17 71 16 32 39 14 8 22 6 47 34 29 46 18 30 3 23 62 51 75 20 36 
Best fitness: 1.52
65 7 24 14 9 78 53 44 42 31 35 5 80 28 52 55 45 33 19 38 2 40 76 26 58 72 63 68 61 79 32 56 67 15 71 21 11 49 16 22 12 6 20 1 69 54 10 18 29 48 73 66 43 17 27 36 47 39 25 60 3 57 62 77 70 13 51 50 59 41 37 75 74 8 4 46 30 64 23 34 
Worst fitness: 1.81

Alpha: 0.50
K: 0.01
Crossover probability: 0.50
Mutation probability: 0.10
Change mutation operator probability 1: 0.15
Change mutation operator probability 2: 0.00