161.39 111.66 0.30 7760.58
109.05 19.96 0.45 7047.64
150.71 43.09 0.50 5132.55
106.24 138.11 0.60 7685.59
142.84 28.79 0.45 4017.57
148.37 212.37 0.51 9681.49
155.90 344.32 0.33 5764.76
173.40 372.08 0.47 7289.35
78.72 395.42 0.48 4716.10
46.93 227.28 0.53 5757.40
146.01 523.92 0.49 4306.25
71.85 513.03 0.46 7076.00
146.96 465.25 0.55 5525.76
30.56 450.52 0.45 4199.81
43.51 517.20 0.46 4188.26
8.53 697.40 0.45 6052.06
35.24 787.49 0.45 4175.49
45.65 784.28 0.29 4409.39
167.48 758.82 0.54 5929.58
185.87 733.07 0.58 4720.37
148.85 868.40 0.54 10440.24
159.83 884.78 0.30 4900.82
98.88 911.85 0.49 10190.76
55.12 870.08 0.58 4765.61
12.78 956.67 0.30 6761.13
273.30 132.14 0.55 5203.56
350.28 118.13 0.31 2989.72
263.55 95.61 0.40 3527.86
363.93 152.90 0.36 6460.79
325.42 193.36 0.45 9039.42
391.32 202.13 0.45 3601.70
291.41 367.26 0.40 4250.31
223.02 293.26 0.49 10204.35
251.85 281.02 0.52 4710.87
276.43 244.03 0.52 4616.86
243.63 570.64 0.44 7356.67
202.57 584.66 0.48 4890.91
233.53 524.74 0.48 6229.62
238.20 435.78 0.48 8448.26
332.54 427.80 0.56 6129.65
325.60 647.71 0.51 5816.74
304.90 735.26 0.39 6310.97
291.11 637.19 0.46 5420.48
284.65 646.33 0.52 10687.91
392.36 632.21 0.46 8397.12
363.31 827.98 0.57 4159.45
326.56 801.67 0.56 5384.73
291.88 882.11 0.49 4221.87
254.00 863.22 0.30 4119.87
356.41 915.35 0.60 9590.51
557.80 192.94 0.60 9635.13
565.85 23.72 0.51 5615.01
578.60 193.63 0.48 6976.33
499.90 78.79 0.49 3562.23
538.61 115.27 0.50 6117.68
553.26 251.63 0.50 7914.03
458.73 208.22 0.56 6145.31
505.67 233.98 0.48 5406.02
498.70 274.02 0.47 7087.78
490.12 260.61 0.60 4380.17
481.31 485.26 0.60 6065.96
417.69 461.53 0.36 3751.23
475.36 560.43 0.38 6808.03
494.28 587.46 0.48 5378.82
542.75 576.95 0.35 5128.62
416.42 709.35 0.52 6455.55
589.87 733.67 0.60 6486.08
542.72 738.92 0.57 3753.41
446.00 738.01 0.43 9163.76
537.42 611.04 0.37 8010.22
484.57 845.77 0.31 3225.98
523.11 860.51 0.60 5637.05
535.79 898.26 0.60 6077.11
480.87 837.21 0.60 6712.64
423.53 940.85 0.49 3487.81
684.67 141.78 0.51 4302.90
754.59 110.70 0.60 6646.37
667.77 83.52 0.40 5284.34
775.18 68.20 0.52 3858.76
623.74 85.70 0.55 5261.05
745.94 295.18 0.59 6864.43
636.56 296.41 0.60 3812.47
702.33 370.80 0.53 4002.27
727.65 266.60 0.60 6297.77
686.14 257.05 0.34 5911.72
742.69 533.37 0.43 4166.02
643.76 584.41 0.57 7766.14
689.25 568.21 0.53 4990.03
602.02 539.75 0.51 4460.93
658.20 529.19 0.41 4813.08
713.13 687.02 0.37 4257.53
662.02 695.08 0.43 9072.38
745.01 687.47 0.40 6490.48
746.55 703.13 0.52 4739.39
713.47 747.37 0.54 5700.22
706.68 917.70 0.47 8191.71
624.65 992.48 0.60 5469.86
708.70 940.01 0.60 5299.85
633.72 972.90 0.27 8410.24
666.70 977.81 0.51 10784.73
876.92 173.10 0.43 4368.40
933.41 26.53 0.27 7251.61
949.42 43.84 0.53 9703.76
906.49 54.76 0.38 4235.73
873.32 150.75 0.48 4609.72
977.18 297.39 0.60 6996.83
865.56 392.69 0.60 5177.46
944.79 306.43 0.39 7200.73
877.57 267.27 0.55 5953.43
837.55 385.23 0.59 3963.17
906.03 584.11 0.45 7369.93
943.44 421.26 0.41 5355.06
920.43 524.36 0.41 6204.27
855.13 446.37 0.46 5532.50
992.51 409.03 0.57 4160.94
915.23 784.42 0.60 3938.03
838.16 636.84 0.57 8345.12
816.01 613.55 0.33 5458.43
830.41 796.44 0.38 4742.11
983.50 686.74 0.54 3518.59
858.15 976.45 0.60 4662.49
820.50 933.49 0.60 6090.14
837.95 854.63 0.60 5238.03
929.67 832.93 0.46 3368.51
824.70 984.39 0.50 7458.86
