181.29 80.04 0.60 5982.52
49.30 55.62 0.48 4507.56
62.06 145.48 0.60 5704.78
54.87 56.68 0.59 6926.46
146.34 395.33 0.40 3584.24
108.61 312.21 0.57 5638.96
126.20 387.92 0.43 5172.30
32.19 200.41 0.48 8750.79
182.04 480.52 0.53 5249.88
127.97 489.68 0.51 8333.99
111.65 516.04 0.35 6192.51
136.52 408.64 0.60 6785.07
98.48 715.16 0.47 6420.18
144.60 648.25 0.43 6997.93
61.11 707.30 0.60 7666.89
172.58 650.84 0.42 4198.47
88.91 911.37 0.40 6546.97
115.79 882.56 0.59 7089.95
7.26 897.54 0.60 6150.81
105.23 836.85 0.48 5407.32
362.46 39.82 0.50 5391.15
279.50 79.33 0.49 4046.06
334.37 86.50 0.42 7320.23
208.48 130.07 0.60 10230.02
247.47 386.69 0.40 6563.89
312.06 232.26 0.48 6982.96
353.70 376.41 0.52 4801.25
284.96 297.42 0.49 4210.51
386.93 473.13 0.45 4897.26
348.38 575.65 0.55 6236.43
358.81 487.15 0.48 5115.12
247.96 514.97 0.52 3961.87
274.84 769.82 0.46 6032.75
282.19 621.73 0.49 6127.85
285.03 633.57 0.38 6264.47
358.82 765.73 0.46 5662.39
300.80 845.56 0.38 5388.44
206.52 919.86 0.60 4196.94
295.09 811.21 0.35 9991.62
380.13 971.08 0.54 5830.28
572.83 88.47 0.58 6568.27
570.40 108.48 0.60 4306.54
515.05 147.14 0.59 6417.78
515.00 186.33 0.45 4757.15
479.26 226.53 0.48 8821.51
516.82 243.47 0.52 8123.48
417.00 279.71 0.36 9765.07
498.04 337.69 0.40 9118.62
447.89 515.81 0.53 7111.55
528.76 432.13 0.48 9827.92
465.55 524.87 0.39 5530.37
573.67 509.86 0.38 5713.08
549.37 694.22 0.45 7360.28
525.33 720.41 0.48 5065.73
582.58 715.58 0.52 5978.09
524.36 733.88 0.47 9177.54
481.04 871.50 0.51 5557.81
556.12 957.00 0.36 8430.72
517.59 979.52 0.60 4522.67
514.72 939.17 0.43 5396.58
675.49 8.49 0.44 10184.62
745.73 76.36 0.57 5662.47
787.10 101.20 0.41 10488.86
611.27 3.09 0.52 6376.37
602.03 356.24 0.60 8370.72
657.72 232.73 0.56 8810.12
681.26 239.64 0.46 8245.37
707.82 214.60 0.40 9996.91
641.37 595.65 0.43 8110.34
692.86 590.79 0.60 8940.47
718.32 437.19 0.58 5093.16
703.59 581.22 0.49 3776.17
697.04 697.54 0.53 4256.15
754.97 782.16 0.60 7483.93
724.24 648.45 0.60 4899.27
779.70 706.35 0.45 4455.32
760.71 892.76 0.39 6488.86
667.70 982.59 0.52 5798.22
723.98 858.67 0.48 7742.34
733.94 932.70 0.53 4725.97
810.25 45.18 0.56 3161.24
906.23 65.06 0.60 6163.69
991.42 182.35 0.57 10434.68
940.18 93.37 0.56 7710.75
821.65 389.45 0.53 7660.91
919.19 327.37 0.32 7313.31
809.96 213.51 0.60 6354.94
969.99 216.12 0.44 6352.53
913.13 431.79 0.44 9061.15
811.31 590.38 0.50 5038.82
943.84 477.59 0.45 7972.96
882.15 585.86 0.60 6990.76
953.04 671.39 0.53 7468.82
852.95 602.09 0.57 8467.60
919.43 659.77 0.39 4705.86
848.15 649.86 0.44 9558.01
801.67 999.68 0.59 7767.37
809.00 991.40 0.36 7214.18
822.79 868.46 0.53 5489.30
907.78 805.84 0.50 7106.36
