99.62 10.19 0.51 6145.37
37.94 310.47 0.41 9754.64
183.47 448.02 0.53 10346.59
45.74 706.01 0.49 10243.79
145.71 972.14 0.45 6450.86
317.69 3.35 0.29 1535.86
309.46 235.95 0.34 8016.79
336.89 517.49 0.35 10507.38
265.49 705.91 0.37 9553.87
283.86 889.38 0.56 10786.00
536.46 93.94 0.53 7198.95
492.91 205.19 0.56 5344.92
487.36 520.64 0.57 7171.79
515.22 765.23 0.54 7127.86
439.84 954.52 0.54 9195.62
770.95 188.25 0.45 5358.11
720.81 251.31 0.42 9679.18
733.17 514.64 0.58 8007.08
697.84 641.26 0.35 5496.24
709.10 938.70 0.51 10751.36
901.48 145.45 0.41 8403.69
851.99 228.89 0.49 4301.04
884.64 463.72 0.48 8548.73
863.35 745.47 0.39 2142.96
944.11 898.90 0.58 3580.88
