8 65 29 69 47 17 13 35 63 42 2 61 10 36 64 11 43 26 12 25 51 23 41 28 70 57 19 6 52 53 15 33 38 59 56 14 45 31 37 22 50 67 3 7 21 16 27 49 44 54 39 55 9 46 40 34 18 20 5 30 4 66 48 58 32 24 60 68 62 1 
Moving time: 139.33 159.68 173.90 196.92 221.76 250.18 273.87 323.98 336.36 340.52 351.15 368.74 394.36 416.92 456.53 472.21 474.46 491.12 504.74 534.71 555.20 575.85 587.08 598.31 621.40 641.86 661.56 670.18 680.01 681.94 686.48 694.56 706.37 719.61 739.45 759.57 764.93 781.99 808.42 826.32 854.86 866.11 877.26 894.19 918.92 941.20 975.46 979.05 980.71 991.30 1002.02 1013.02 1029.08 1042.53 1046.26 1063.60 1069.96 1094.37 1131.10 1168.91 1171.88 1196.38 1211.97 1222.38 1242.29 1271.00 1302.37 1330.22 1348.53 1369.12 1502.19 
Best fitness: 2.00
Worst fitness: 2.0
Average fitness: 2.00
Alpha: 0.50
K: 0.02
Crossover probability: 0.50
Mutation probability: 0.10
Change mutation operator probability 1: 0.15
Change mutation operator probability 2: 0.15