41 12 74 77 59 26 65 7 66 9 72 80 38 56 3 15 33 68 31 45 54 49 19 43 34 8 13 67 53 39 50 14 22 18 27 61 2 71 47 73 76 36 24 32 4 57 46 16 48 5 79 6 1 17 63 40 11 51 69 37 28 23 42 25 64 29 35 60 52 58 78 75 21 30 20 55 10 44 62 70 
Moving time: 137.91 147.69 162.64 175.83 192.89 199.94 214.30 224.79 246.28 278.31 300.30 320.38 340.67 363.27 374.33 398.33 424.58 433.25 456.27 480.30 500.90 513.98 535.66 537.83 557.13 575.96 598.28 614.12 623.49 633.23 634.28 645.89 657.08 680.20 716.03 740.95 764.12 779.64 799.21 827.79 848.00 872.61 881.36 897.58 921.92 948.56 957.30 991.23 1010.88 1017.50 1038.03 1059.52 1062.55 1078.34 1095.17 1129.37 1164.05 1196.66 1216.72 1237.91 1240.40 1246.84 1260.62 1286.24 1301.86 1306.54 1330.97 1352.11 1363.25 1377.62 1390.57 1409.26 1430.15 1440.61 1458.53 1488.71 1531.32 1551.14 1564.18 1587.59 1712.69 
Best fitness: 1.00
Worst fitness: 1.0
Average fitness: 1.00
Alpha: 0.50
K: 0.02
Crossover probability: 0.50
Mutation probability: 0.10
Change mutation operator probability 1: 0.15
Change mutation operator probability 2: 0.15