795.81 841.61 4582.07 0.50 
747.48 588.61 3594.08 0.31 
858.93 553.23 4221.71 0.28 
854.60 906.35 4027.25 0.49 
735.73 1099.02 4807.53 0.55 
915.93 696.16 4285.40 0.37 
863.92 609.17 3791.75 0.46 
570.69 634.28 4291.17 0.63 
737.32 763.37 3948.27 0.20 
1033.23 1236.70 4405.94 0.47 
876.41 800.25 2674.98 0.47 
587.56 1285.28 3712.35 0.20 
599.01 744.64 4125.33 0.50 
957.06 887.68 4366.32 0.39 
656.81 753.83 3503.16 0.38 
1043.13 930.21 4484.94 0.46 
782.21 647.70 3965.26 0.43 
949.08 1022.93 3385.26 0.25 
746.49 1065.22 3343.68 0.28 
763.28 855.18 3621.41 0.53 
640.43 1002.68 4097.75 0.40 
749.07 625.02 4514.51 0.47 
878.11 1187.44 5056.98 0.46 
608.69 556.58 3998.45 0.43 
551.80 622.26 4477.56 0.35 
897.76 553.34 3632.74 0.23 
1235.28 596.09 3790.58 0.49 
542.05 913.30 3731.62 0.14 
757.63 811.16 4735.36 0.42 
556.01 1260.58 4707.83 0.36 
869.53 546.45 3778.98 0.30 
952.81 559.27 3843.06 0.39 
1110.68 923.20 3975.09 0.43 
841.07 989.43 2840.04 0.37 
781.50 562.98 3961.59 0.32 
676.26 808.64 3971.35 0.45 
591.59 1259.91 3487.60 0.49 
948.86 796.72 5102.18 0.50 
900.62 699.17 4006.10 0.52 
704.46 934.26 5286.63 0.45 
677.01 795.23 3380.87 0.33 
756.37 883.15 4691.03 0.28 
1315.98 640.68 3742.69 0.41 
1040.59 722.60 4288.27 0.30 
655.13 736.59 4957.84 0.39 
997.16 786.63 4054.13 0.32 
1006.17 847.43 4435.44 0.44 
680.76 1004.36 5004.16 0.29 
655.97 554.54 3280.80 0.52 
670.95 587.33 2943.31 0.57 
693.38 609.55 4732.59 0.36 
1009.97 771.90 4043.55 0.34 
1009.34 864.19 3812.63 0.26 
1056.81 569.53 4582.76 0.37 
582.26 643.41 2607.45 0.62 
1252.43 840.89 4439.93 0.40 
604.36 706.71 4315.62 0.40 
805.74 647.54 4252.73 0.44 
1122.70 646.12 4563.31 0.24 
1023.97 1041.78 4505.40 0.34 
974.90 840.26 4104.95 0.25 
803.87 1056.60 4135.62 0.36 
592.51 808.98 5137.60 0.41 
687.81 933.96 4470.30 0.42 
722.45 818.88 3517.83 0.50 
769.51 1110.47 5433.16 0.46 
952.41 820.65 3935.97 0.60 
642.84 668.80 4964.91 0.48 
910.68 782.57 3509.79 0.48 
589.22 542.64 4189.80 0.46 
1196.04 953.21 3349.17 0.40 
556.83 656.95 3902.83 0.45 
781.98 674.04 4130.86 0.46 
789.04 600.39 3150.07 0.54 
1254.08 712.01 5089.58 0.54 
722.25 659.31 3228.20 0.46 
636.25 1387.20 4358.96 0.42 
763.67 1084.52 5037.53 0.36 
614.43 710.95 2453.91 0.41 
713.33 551.74 4186.99 0.44 
607.74 636.30 4532.69 0.38 
887.03 822.33 3616.00 0.39 
547.35 672.89 4136.27 0.37 
828.17 719.42 3929.11 0.41 
903.91 1139.04 4239.09 0.43 
646.41 853.75 4613.88 0.37 
541.64 676.61 3208.94 0.40 
578.08 569.04 5098.43 0.39 
570.85 704.89 3489.16 0.58 
745.41 566.16 4626.81 0.30 
1086.20 628.92 4951.25 0.36 
634.56 601.34 3374.99 0.51 
1162.46 880.48 5194.07 0.42 
724.45 646.28 3368.80 0.56 
650.70 611.96 4540.97 0.40 
798.60 1065.31 3961.74 0.17 
879.38 1152.21 2458.54 0.45 
1045.45 833.65 4877.00 0.50 
1293.40 718.02 3116.47 0.28 
948.79 899.13 4809.89 0.45 
681.08 842.50 3790.88 0.38 
1187.90 802.13 3422.60 0.33 
778.25 624.54 3595.94 0.26 
727.28 866.17 4842.61 0.39 
977.03 708.83 3892.74 0.52 
755.17 947.78 2438.98 0.43 
896.59 846.52 3805.87 0.44 
615.71 554.55 3661.19 0.50 
713.66 554.08 3866.57 0.31 
664.30 783.82 3460.42 0.61 
648.86 959.79 3728.36 0.32 
1010.97 1179.71 3232.59 0.46 
768.66 614.64 4212.63 0.51 
859.28 717.74 4944.00 0.37 
690.87 903.85 4722.69 0.58 
877.75 838.40 4238.17 0.41 
549.92 683.93 3263.96 0.45 
788.18 654.27 3710.31 0.49 
891.31 629.52 4174.65 0.37 
558.28 552.22 2927.64 0.43 
769.98 951.57 4621.34 0.39 
922.67 706.91 4869.90 0.24 
991.45 583.21 4300.45 0.49 
571.19 822.15 5129.27 0.46 
831.62 635.34 4654.76 0.57 
803.35 648.85 4066.58 0.39 
699.22 604.29 3890.37 0.52 
835.69 699.46 4759.35 0.48 
662.56 550.95 5722.76 0.26 
750.05 618.50 3987.78 0.18 
654.01 733.37 3909.14 0.40 
653.79 733.83 3498.41 0.54 
543.14 569.02 4563.25 0.41 
588.69 999.27 3362.55 0.36 
578.04 540.25 3959.74 0.40 
984.52 720.85 4939.64 0.33 
850.91 563.88 4571.58 0.27 
1081.81 753.28 3887.39 0.31 
825.55 980.63 3369.46 0.24 
1381.13 560.04 2496.07 0.60 
578.08 773.42 3567.51 0.40 
1600.15 932.23 3328.45 0.43 
661.48 646.57 4674.09 0.28 
1250.97 751.99 3199.03 0.32 
745.90 889.84 3651.91 0.44 
615.90 786.92 3435.48 0.53 
800.84 665.80 4673.15 0.16 
1339.21 858.98 3921.10 0.40 
726.20 618.95 3327.07 0.50 
641.15 1077.22 4402.75 0.31 
870.94 547.23 4499.13 0.35 
95 92 50 149 130 113 80 2 22 17 76 131 13 117 8 55 115 20 106 145 40 87 24 108 49 146 64 21 66 97 85 62 116 67 68 79 141 15 109 51 127 94 118 126 74 103 58 73 1 101 41 65 47 61 69 11 128 125 84 114 123 122 38 132 29 104 45 36 110 88 120 89 57 143 7 119 144 27 140 43 138 44 105 136 98 16 93 71 99 102 107 82 100 4 18 34 60 112 5 150 134 86 63 133 81 25 35 32 31 54 91 52 6 39 3 151 83 72 124 121 77 12 37 23 96 78 14 147 70 135 129 9 111 48 139 90 137 148 56 53 46 33 75 142 10 19 42 26 59 28 30 
Best fitness: 18.87
120 24 55 79 41 38 67 69 7 52 4 20 115 42 46 98 107 17 58 126 149 109 90 1 145 124 94 50 25 8 89 106 97 112 82 132 63 36 14 18 148 140 93 34 62 96 110 146 127 95 88 92 117 21 40 65 22 113 125 39 136 144 99 75 15 13 131 116 11 29 100 16 47 128 84 72 83 81 87 57 143 118 74 49 108 133 111 5 119 32 54 91 6 114 76 73 51 70 135 45 77 30 37 134 64 101 23 85 78 104 35 105 10 86 141 102 56 142 71 60 123 26 68 80 130 3 31 137 151 27 59 33 61 2 147 19 139 150 48 121 9 44 122 138 43 53 103 129 28 66 12 
Worst fitness: 25.21

Mean: 22.41

Standard deviation: 1.26
