920.19 1147.07 4753.50 0.37 
873.51 847.12 3065.10 0.41 
587.51 702.71 5099.32 0.49 
644.83 893.96 3938.39 0.46 
549.91 574.69 4059.96 0.39 
888.81 576.09 3422.73 0.31 
1116.17 780.50 3833.80 0.49 
1197.47 546.05 4663.76 0.42 
1135.28 1923.62 4521.40 0.40 
1108.52 1362.50 4067.79 0.49 
1334.46 649.68 4519.67 0.38 
588.75 654.31 3743.43 0.46 
761.78 813.16 3367.83 0.49 
545.52 554.09 4798.99 0.27 
583.81 898.47 3976.95 0.39 
632.10 951.87 4282.19 0.52 
586.35 688.14 4772.24 0.43 
611.71 614.22 3408.95 0.48 
840.36 626.84 2980.18 0.42 
648.16 803.19 3569.89 0.30 
1303.88 711.42 3935.57 0.27 
581.72 590.88 4212.63 0.48 
687.50 735.71 3837.51 0.35 
662.77 804.36 4159.48 0.32 
743.43 687.53 5205.10 0.22 
673.82 842.22 4141.66 0.45 
1214.17 835.36 4490.06 0.53 
993.18 816.07 3894.45 0.28 
938.58 790.80 3563.86 0.46 
704.39 720.80 4286.51 0.50 
1352.31 825.44 4209.98 0.50 
704.49 693.67 2822.23 0.41 
717.78 923.58 4426.06 0.30 
665.62 546.44 4895.48 0.37 
1051.03 589.61 4055.20 0.43 
1374.45 727.07 3835.83 0.44 
672.12 1069.81 4140.78 0.36 
1044.93 959.85 3143.97 0.49 
817.23 1098.94 2925.95 0.33 
748.02 623.72 3900.99 0.28 
745.36 1623.48 4161.08 0.39 
706.84 680.26 3266.50 0.46 
1316.79 1315.12 4996.23 0.29 
1311.40 909.08 3149.14 0.43 
816.17 1025.14 3231.93 0.35 
698.45 643.34 3987.48 0.47 
762.70 659.89 4012.71 0.32 
912.62 792.43 4521.11 0.42 
566.11 729.66 3631.68 0.30 
682.22 955.10 3689.34 0.61 
579.13 699.66 4275.33 0.47 
898.80 703.48 4142.53 0.42 
683.21 704.86 3683.98 0.32 
665.96 916.45 4590.68 0.39 
843.16 654.94 4704.75 0.53 
767.97 723.95 3369.61 0.43 
838.81 874.72 3999.10 0.37 
570.27 1163.56 3456.14 0.33 
937.57 1052.21 4783.47 0.46 
740.10 732.82 4154.33 0.40 
917.46 594.24 3206.55 0.63 
1505.40 1244.07 3723.17 0.34 
562.22 906.68 3678.88 0.33 
874.29 913.15 4297.50 0.48 
945.41 1353.82 3961.95 0.40 
949.15 1189.26 3316.42 0.21 
763.50 644.00 3863.12 0.40 
1104.39 842.98 4444.26 0.44 
904.98 971.49 3913.38 0.32 
674.68 645.14 3927.43 0.24 
603.77 773.20 4609.90 0.27 
14 5 53 30 23 26 4 54 50 33 16 15 71 49 32 42 67 19 55 61 35 52 48 13 25 47 46 70 17 51 3 18 22 12 60 2 64 29 28 38 69 57 56 6 40 34 24 63 58 37 45 1 66 65 10 59 7 36 21 31 44 27 68 39 20 8 11 62 43 41 9 
Best fitness: 4.60
19 56 48 21 11 36 69 28 44 27 38 59 45 30 42 34 5 22 12 18 46 32 60 52 2 57 13 50 16 4 54 64 29 68 7 61 55 49 51 3 23 53 67 47 24 20 26 15 63 1 39 37 33 66 31 8 35 6 70 71 17 25 40 14 65 58 10 43 62 9 41 
Worst fitness: 5.89

Mean: 5.11

Standard deviation: 0.09
