868.81 987.30 3664.34 0.32 
898.50 654.35 4006.04 0.50 
638.02 666.61 3623.41 0.36 
750.83 874.73 4026.70 0.52 
593.75 1266.90 3843.86 0.27 
1265.50 558.75 4645.51 0.44 
705.41 1283.23 4901.92 0.23 
737.74 794.76 3169.93 0.33 
582.50 1030.68 3737.73 0.34 
865.61 804.46 3479.73 0.35 
959.21 842.50 3172.59 0.51 
731.92 710.03 4382.66 0.42 
646.99 887.65 5169.07 0.39 
707.77 599.21 3881.13 0.42 
874.92 668.37 3241.77 0.34 
1038.02 728.30 3429.00 0.36 
736.88 877.33 4985.26 0.45 
825.91 1075.51 2734.32 0.34 
1267.15 685.55 3883.19 0.33 
837.00 670.16 3701.69 0.38 
1196.56 1356.72 3929.09 0.35 
628.72 652.65 3550.53 0.43 
910.21 815.04 4926.30 0.43 
544.34 728.47 4268.69 0.31 
1150.61 546.74 3253.65 0.39 
747.98 564.42 3684.11 0.43 
655.09 831.17 3472.06 0.42 
619.35 964.04 5127.79 0.33 
658.31 674.15 4938.53 0.33 
675.84 758.10 3381.00 0.49 
805.92 949.71 3495.85 0.39 
632.99 1312.69 4100.35 0.27 
847.85 628.47 4242.31 0.41 
1078.98 847.07 3998.31 0.27 
758.89 836.02 4570.11 0.38 
546.21 1236.35 3585.13 0.35 
904.22 1030.54 4959.78 0.30 
676.86 764.50 3315.78 0.43 
885.17 591.54 3144.76 0.44 
762.26 994.55 4224.75 0.34 
752.43 831.28 3012.78 0.31 
794.29 657.61 4918.42 0.40 
583.48 551.38 2664.12 0.33 
694.50 606.15 4983.77 0.31 
672.51 614.55 4507.93 0.40 
634.02 912.52 4867.10 0.51 
677.26 1024.56 3151.08 0.51 
661.07 1098.38 4327.53 0.26 
1187.80 887.78 3983.62 0.30 
580.80 1058.69 4526.31 0.27 
723.41 720.03 4411.10 0.54 
798.62 627.01 4066.55 0.39 
1117.91 754.51 5486.39 0.34 
1019.56 1150.30 3980.08 0.12 
567.15 776.16 2436.97 0.49 
590.95 1369.90 3327.08 0.30 
768.81 813.26 2726.69 0.40 
690.78 759.61 3811.94 0.29 
932.53 818.69 5294.46 0.43 
893.60 580.47 4503.82 0.62 
1099.85 995.37 4591.57 0.47 
1048.39 1180.30 5416.63 0.25 
670.47 1319.85 3505.13 0.35 
708.98 597.84 4970.26 0.47 
617.98 911.02 3502.45 0.20 
847.69 1119.87 3151.74 0.48 
550.86 1029.97 4012.82 0.38 
696.87 1227.78 4636.63 0.52 
625.79 1161.93 4258.13 0.48 
547.80 712.76 4952.87 0.23 
786.24 752.40 3619.48 0.47 
751.71 1056.31 4005.73 0.14 
619.89 959.20 5175.59 0.32 
667.55 566.59 4245.84 0.39 
829.24 660.90 3941.49 0.58 
551.10 1172.71 4700.52 0.41 
1316.81 1298.23 4150.66 0.40 
1049.06 1137.97 3259.91 0.32 
1074.73 1129.49 5289.62 0.31 
1017.24 852.17 4696.29 0.59 
1001.90 835.25 4272.45 0.35 
1043.67 924.82 4904.59 0.34 
1379.41 859.85 3219.14 0.44 
703.31 655.77 3017.29 0.35 
1147.55 808.49 3540.80 0.55 
749.81 1112.23 3305.88 0.35 
555.85 676.16 3757.07 0.44 
559.75 1213.55 4466.30 0.39 
1042.06 660.83 4223.02 0.47 
977.75 640.27 3755.78 0.46 
1207.15 1236.79 5021.57 0.30 
87 24 55 35 17 57 64 84 29 27 65 13 38 30 12 20 75 81 80 34 11 23 4 31 72 66 18 10 2 60 89 16 90 39 33 26 14 52 42 71 51 8 41 58 22 3 43 59 85 49 83 6 25 53 15 74 45 46 47 9 50 76 67 69 36 88 56 32 63 86 79 78 61 82 44 70 40 37 1 73 28 48 5 68 7 62 21 77 91 19 54 
Best fitness: 7.00
33 10 66 69 36 47 85 83 49 16 89 4 13 27 57 71 30 88 76 55 38 8 20 75 80 11 23 2 60 26 39 15 31 37 18 68 63 40 65 46 17 12 51 3 43 24 22 45 74 64 14 87 41 35 84 44 29 52 42 61 78 86 28 67 9 58 90 59 81 82 1 72 73 48 50 53 19 34 77 91 21 79 54 62 7 32 56 5 70 25 6 
Worst fitness: 9.09

Mean: 7.88

Standard deviation: 0.15
