863.90 764.06 4762.32 0.34 
769.37 702.02 3292.74 0.42 
950.59 997.11 3921.42 0.45 
1155.26 544.56 3704.57 0.25 
797.06 672.23 4268.20 0.49 
813.88 822.87 3629.40 0.59 
601.02 996.19 3051.39 0.36 
601.70 1273.85 3911.23 0.39 
579.04 623.81 4628.16 0.41 
889.21 709.73 2689.03 0.58 
916.35 1346.03 4194.04 0.24 
757.88 847.96 4437.45 0.31 
717.69 848.37 3990.81 0.54 
1005.47 699.29 3517.28 0.29 
746.11 799.32 2308.67 0.48 
1006.60 687.46 4549.71 0.57 
845.71 1104.70 3249.03 0.54 
809.92 1072.99 5267.28 0.52 
727.66 1392.01 4547.43 0.45 
859.38 1029.42 4765.58 0.50 
731.90 682.37 4652.71 0.34 
631.46 573.89 4971.26 0.26 
865.95 590.72 3898.05 0.38 
968.59 584.69 4799.46 0.17 
718.17 1042.38 3718.43 0.44 
685.08 710.49 3251.46 0.48 
1017.67 831.23 3844.38 0.22 
807.76 882.54 4486.85 0.31 
713.73 768.10 4134.12 0.32 
933.07 913.74 3494.38 0.32 
872.28 617.91 3684.58 0.27 
764.56 709.09 2791.22 0.33 
680.19 1307.11 4001.85 0.36 
587.77 600.89 4670.25 0.55 
558.55 646.79 4186.40 0.31 
972.95 678.75 4193.79 0.29 
799.06 633.25 4253.42 0.48 
896.18 576.84 3652.84 0.18 
755.14 686.86 4454.40 0.42 
593.93 670.45 4015.07 0.38 
1043.61 828.22 4529.88 0.42 
914.16 1009.37 4467.62 0.32 
867.81 931.64 3075.82 0.42 
929.59 571.22 3995.90 0.42 
670.55 653.66 4085.99 0.22 
587.89 1152.07 4000.16 0.40 
778.28 638.44 3384.28 0.27 
610.66 802.33 4078.97 0.28 
588.69 588.70 5743.91 0.39 
1182.89 708.95 5062.76 0.34 
584.45 1020.26 3366.67 0.44 
826.13 1177.01 3689.78 0.52 
943.39 780.54 4163.68 0.26 
1451.98 970.33 4119.76 0.30 
887.50 749.95 3602.09 0.47 
731.14 851.94 4118.09 0.30 
736.34 604.48 4027.58 0.39 
741.56 1165.52 4642.16 0.34 
777.05 1237.22 2611.98 0.56 
706.02 763.30 2628.42 0.43 
684.26 789.06 3964.63 0.38 
1346.02 856.05 4515.20 0.61 
1005.95 786.65 4233.56 0.36 
892.94 740.85 3800.32 0.36 
625.48 693.17 5171.29 0.37 
723.89 544.77 4325.63 0.51 
1172.07 664.12 2547.56 0.33 
646.04 1348.56 4118.37 0.39 
939.87 578.86 3203.29 0.37 
629.12 542.35 3273.28 0.33 
949.35 763.58 4203.25 0.50 
694.59 645.19 3184.45 0.44 
752.07 851.94 3458.34 0.42 
1019.13 712.42 4653.97 0.15 
996.25 593.57 4223.60 0.30 
567.38 747.08 2648.81 0.29 
720.75 892.20 2751.88 0.37 
541.77 608.95 3153.66 0.34 
706.56 623.76 2876.23 0.31 
906.21 749.63 3040.75 0.41 
1057.39 726.48 3673.73 0.39 
799.79 1341.78 5064.11 0.47 
685.40 690.96 3246.57 0.35 
649.04 664.69 3693.12 0.56 
1279.03 580.84 4338.02 0.52 
849.24 792.80 3809.87 0.36 
688.25 755.31 4452.51 0.35 
643.46 1035.92 3425.92 0.59 
541.87 753.81 4205.14 0.33 
800.06 711.29 3756.32 0.39 
679.36 675.22 4739.19 0.39 
711.56 1465.08 4598.07 0.58 
968.33 958.33 2753.87 0.49 
668.86 852.46 3437.29 0.35 
579.47 1113.82 4424.90 0.47 
995.93 589.59 3706.43 0.35 
797.20 553.10 3669.58 0.34 
903.99 1454.39 4533.45 0.43 
715.19 618.76 4604.79 0.42 
603.74 794.41 4179.08 0.35 
743.33 783.19 3958.28 0.14 
1061.00 828.41 4776.22 0.35 
785.48 896.24 4532.49 0.38 
791.14 924.99 3626.87 0.39 
624.60 698.55 2815.95 0.25 
551.07 898.70 4165.92 0.31 
1223.18 1248.00 3632.53 0.39 
555.31 693.68 4458.17 0.25 
798.58 664.83 3718.15 0.41 
953.81 739.39 4356.03 0.43 
570.04 878.57 3752.34 0.36 
1161.17 734.57 4043.44 0.32 
546.03 831.96 4376.81 0.32 
754.02 643.49 4574.40 0.47 
908.95 635.37 3959.07 0.17 
824.30 818.25 3876.88 0.34 
1036.11 783.87 4914.89 0.57 
557.06 594.24 3710.55 0.38 
1084.92 724.90 4727.17 0.56 
667.74 600.10 4275.22 0.28 
880.78 774.51 3829.14 0.37 
878.83 752.71 4009.15 0.22 
856.56 548.80 2379.24 0.46 
877.37 968.90 4644.09 0.29 
727.60 542.46 4053.52 0.33 
1092.62 602.69 3952.85 0.57 
905.25 850.51 4902.20 0.32 
742.09 712.26 4120.01 0.49 
762.39 657.22 4944.78 0.56 
1157.68 1015.05 4381.63 0.34 
733.93 916.39 3935.53 0.50 
656.52 778.05 2742.58 0.35 
861.66 849.17 3276.35 0.47 
663.11 945.90 3825.97 0.26 
1211.75 1224.01 3396.73 0.28 
880.62 1220.27 4918.83 0.43 
963.66 718.57 3600.43 0.41 
725.48 690.97 3352.43 0.40 
575.38 1376.37 4617.99 0.43 
664.98 564.27 3530.99 0.60 
735.49 905.23 4388.60 0.34 
901.94 716.76 5002.45 0.53 
981.11 599.29 3373.51 0.35 
749.62 1174.19 3948.37 0.27 
942.11 947.74 3828.02 0.40 
697.73 700.70 2627.18 0.40 
753.58 540.90 3758.02 0.41 
728.36 624.77 3234.81 0.32 
829.15 887.12 2984.21 0.64 
852.71 682.13 4654.86 0.32 
617.50 845.98 3732.69 0.43 
587.01 575.52 3450.64 0.53 
684.57 898.27 3610.87 0.48 
893.90 661.05 3469.35 0.32 
877.78 789.30 3784.34 0.48 
964.19 913.78 3451.54 0.53 
735.65 890.96 4603.57 0.33 
568.81 797.11 3712.49 0.36 
552.11 616.54 2985.03 0.40 
659.50 785.56 3182.60 0.41 
586.67 1064.51 4615.37 0.41 
697.60 968.31 3842.74 0.35 
571.20 836.73 4223.34 0.50 
585.38 766.56 4044.47 0.35 
760.89 612.64 2225.98 0.48 
1058.83 592.65 4285.46 0.45 
586.04 815.36 4410.52 0.31 
1191.25 967.52 3625.38 0.43 
1109.60 1173.94 3681.08 0.36 
685.50 797.06 4398.89 0.60 
540.12 702.75 3879.31 0.22 
841.36 876.92 3318.87 0.33 
880.20 879.69 3450.18 0.40 
549.39 608.53 4283.23 0.28 
1190.61 897.96 3992.00 0.45 
568.48 896.47 3164.00 0.50 
1108.53 755.52 4001.10 0.45 
665.80 658.05 4881.81 0.46 
1216.48 1085.72 4331.93 0.49 
876.24 540.48 4015.39 0.41 
590.79 871.26 2774.56 0.31 
725.38 752.80 4400.75 0.48 
775.35 1040.83 4438.81 0.44 
785.96 682.02 3254.49 0.37 
1145.20 719.47 3663.80 0.41 
666.31 695.89 4565.21 0.37 
1704.47 752.06 4153.16 0.23 
621.37 1241.33 3359.38 0.35 
742.00 745.18 3177.48 0.47 
580.54 900.24 3529.98 0.33 
1362.79 897.26 4169.71 0.41 
1228.23 718.07 4906.37 0.60 
541.32 625.91 3793.66 0.28 
1318.14 925.55 4286.67 0.53 
1116.44 666.85 5042.30 0.47 
1194.55 962.94 3139.02 0.41 
629.40 739.64 2813.20 0.50 
738.53 731.52 3493.22 0.37 
949.50 863.16 4951.11 0.52 
681.10 768.58 4136.77 0.32 
785.83 841.61 3202.61 0.39 
152 66 99 70 34 35 158 167 176 151 182 189 200 197 105 83 198 47 5 114 165 37 123 115 97 49 159 106 163 146 125 10 27 82 19 46 162 94 72 84 110 117 53 71 201 15 132 160 170 109 150 79 140 39 2 6 93 3 149 157 181 153 184 129 178 60 12 173 20 17 51 164 61 73 32 55 16 154 80 121 155 133 30 156 43 13 131 28 104 145 62 191 185 81 192 142 101 116 96 69 75 143 147 138 26 29 128 174 78 186 9 118 76 77 88 95 52 169 196 168 177 126 119 172 18 41 63 137 166 31 44 103 190 111 23 14 199 59 183 56 141 100 40 48 90 127 86 144 58 161 134 124 64 102 175 112 22 148 180 108 171 57 87 65 89 193 120 45 7 25 91 21 36 1 195 67 4 113 33 136 139 68 11 50 122 74 42 130 194 54 188 8 98 92 179 38 24 85 135 107 187 
Best fitness: 40.21
13 95 52 43 116 15 56 21 32 123 184 154 115 150 10 86 3 188 139 46 60 72 91 76 129 114 64 121 142 149 2 138 39 90 133 145 17 157 151 66 198 47 97 165 189 182 105 152 40 34 183 59 33 168 42 155 30 156 119 112 67 117 36 96 29 181 176 161 94 163 170 197 84 99 57 79 109 5 132 71 80 63 166 74 44 69 88 7 8 141 87 73 153 131 104 28 93 20 24 143 55 6 12 140 147 128 101 26 178 120 148 146 65 200 160 89 48 83 159 118 78 41 137 190 61 164 77 124 199 14 185 175 173 100 158 113 162 51 111 9 49 125 180 38 16 81 4 126 195 31 70 193 35 110 127 53 194 196 23 186 103 172 18 92 134 201 37 75 1 136 11 98 135 62 191 58 102 167 171 174 22 45 106 177 27 192 130 179 107 68 19 144 82 25 187 122 108 85 54 50 169 
Worst fitness: 47.10

Mean: 44.11

Standard deviation: 2.73
