1099.23 722.35 3651.02 0.37 
745.63 1206.86 4438.40 0.39 
667.32 724.90 4027.34 0.50 
721.34 824.55 4039.75 0.29 
825.69 977.13 4195.59 0.37 
600.40 777.21 4532.93 0.46 
886.76 746.91 3806.17 0.44 
806.88 856.37 4102.92 0.44 
697.67 931.40 4024.48 0.42 
994.72 839.38 4534.40 0.41 
1343.94 691.72 3761.40 0.51 
621.96 778.81 5402.37 0.43 
592.36 953.54 4494.37 0.31 
570.35 811.82 4242.00 0.41 
1121.22 807.46 2773.25 0.45 
780.54 740.22 3689.81 0.24 
857.84 873.51 4104.61 0.47 
543.35 584.51 4587.52 0.45 
768.84 600.83 4462.75 0.41 
557.26 742.48 4195.51 0.31 
900.58 766.16 4336.41 0.37 
570.08 1279.10 4537.63 0.60 
1030.05 571.31 4500.43 0.34 
1007.77 648.36 3377.98 0.49 
1027.63 733.94 3708.77 0.56 
569.57 1068.96 3978.60 0.52 
670.35 634.45 3984.47 0.44 
595.64 923.41 4978.48 0.31 
557.64 690.42 3835.83 0.71 
927.92 816.32 3891.78 0.30 
839.98 952.22 4279.78 0.44 
865.61 1211.27 3032.57 0.21 
693.85 799.47 3995.24 0.45 
592.95 710.37 3313.63 0.48 
1124.48 1007.37 5286.26 0.28 
540.27 1209.87 4147.30 0.38 
849.66 611.22 4301.08 0.39 
543.37 740.71 2717.72 0.50 
978.75 1054.71 3241.31 0.43 
911.02 800.31 2604.51 0.42 
616.16 864.48 3773.87 0.43 
837.58 625.41 4567.18 0.55 
1028.05 736.46 3199.13 0.50 
884.72 698.87 4226.99 0.44 
797.27 542.92 3809.45 0.40 
610.90 681.70 2871.19 0.35 
545.69 703.80 4767.18 0.34 
785.51 1480.24 3967.09 0.31 
708.91 590.35 4202.18 0.35 
751.04 757.13 5140.36 0.45 
648.31 856.63 4419.00 0.44 
646.35 813.83 5323.67 0.62 
966.91 1147.97 4259.79 0.39 
863.58 676.25 3090.88 0.52 
1010.12 590.86 3864.58 0.39 
1343.26 598.17 4437.17 0.52 
632.44 1030.25 3597.60 0.40 
702.66 578.02 4266.93 0.48 
641.16 1120.28 4127.33 0.31 
1052.70 711.21 3561.70 0.33 
623.40 592.75 3585.26 0.32 
580.63 762.12 4485.48 0.37 
667.56 787.98 3959.82 0.60 
716.82 1010.84 3883.23 0.45 
985.25 569.95 3550.88 0.31 
620.57 576.50 4794.09 0.33 
1141.83 709.94 4558.51 0.25 
892.47 552.43 3026.49 0.57 
593.57 876.74 3605.28 0.58 
628.74 637.29 4149.08 0.45 
678.22 801.87 4232.07 0.43 
602.81 1104.24 3238.79 0.27 
692.28 799.09 5073.98 0.43 
659.66 863.72 4243.19 0.31 
693.12 1065.92 4313.22 0.41 
1148.62 1260.80 4879.76 0.44 
971.42 560.38 4500.38 0.34 
803.31 1258.37 5155.17 0.37 
1094.53 852.71 3497.86 0.22 
782.89 827.94 3043.91 0.32 
1003.19 728.34 3819.22 0.51 
61 27 3 66 58 42 37 68 69 13 41 51 74 73 33 71 52 12 6 14 34 38 47 29 46 70 18 63 4 8 40 30 25 43 60 1 24 21 7 44 54 81 15 17 80 50 16 49 45 19 9 57 26 36 22 28 20 62 31 5 64 75 2 78 32 39 10 77 65 23 55 56 11 35 53 59 72 67 79 76 48 
Best fitness: 5.30
18 46 52 41 31 17 15 25 43 40 80 62 6 63 71 54 55 23 68 58 29 61 66 27 70 34 12 14 74 38 20 69 26 36 45 37 42 7 30 8 50 3 9 51 13 57 47 19 60 24 81 79 1 65 77 49 73 33 75 59 64 4 16 10 21 44 28 5 39 2 22 72 78 53 32 11 67 56 35 76 48 
Worst fitness: 7.04

Mean: 6.09

Standard deviation: 0.15
