584.47 830.98 3841.15 0.45 
823.68 669.79 3609.51 0.50 
1574.49 942.79 4159.88 0.44 
647.90 725.39 4331.00 0.36 
1022.15 683.60 3621.02 0.45 
650.40 769.15 4296.06 0.37 
968.42 735.45 4572.22 0.22 
546.06 648.91 4191.17 0.44 
595.44 595.93 4024.18 0.33 
617.78 566.04 3645.69 0.33 
856.73 1114.51 4405.90 0.31 
947.35 1101.95 4297.23 0.40 
877.65 749.05 4625.72 0.50 
1127.80 1117.41 3757.88 0.45 
1120.37 733.80 4482.68 0.36 
572.39 884.53 3791.30 0.49 
663.96 1000.14 4248.06 0.38 
584.98 809.65 4564.31 0.35 
617.43 609.75 3620.71 0.31 
894.59 1404.38 4767.86 0.41 
1400.48 909.55 3929.52 0.32 
10 19 9 8 18 1 16 6 4 2 13 7 5 15 14 12 11 17 20 21 3 
Best fitness: 0.55
8 9 10 19 2 5 13 16 1 18 4 6 17 12 14 20 11 7 15 21 3 
Worst fitness: 0.62

Mean: 0.58

Standard deviation: 0.00
