656.67 800.03 3779.62 0.27 
1864.15 829.57 4366.76 0.50 
751.33 633.27 5088.66 0.35 
555.71 688.72 4541.15 0.30 
644.05 901.37 4508.18 0.38 
742.48 693.81 3965.32 0.30 
675.46 712.08 4404.65 0.42 
807.52 805.35 3106.91 0.30 
585.88 900.27 3493.09 0.60 
920.77 750.07 4106.47 0.28 
583.39 1032.05 3369.39 0.42 
1163.52 1131.61 4162.92 0.45 
941.43 772.02 3387.05 0.37 
862.29 667.69 3048.19 0.33 
768.71 560.71 4301.91 0.37 
735.99 688.73 4382.21 0.34 
618.99 1181.94 3470.21 0.47 
660.62 718.50 2777.46 0.54 
544.91 692.44 3525.69 0.40 
621.18 687.46 2968.93 0.43 
644.69 886.65 3732.88 0.43 
965.72 1085.80 5019.75 0.35 
585.89 1022.34 3013.19 0.50 
637.81 653.19 4711.31 0.37 
1162.23 657.65 3825.48 0.28 
672.53 606.39 4469.82 0.66 
1437.29 1057.56 3934.08 0.46 
1125.23 2259.43 4067.10 0.42 
591.44 1035.75 4864.44 0.34 
711.07 586.27 4981.03 0.36 
569.00 981.38 4943.23 0.44 
579.83 1024.58 4984.68 0.30 
925.34 606.46 4899.49 0.36 
783.57 578.93 5234.31 0.46 
597.20 591.77 4683.92 0.46 
632.51 562.02 3833.38 0.10 
913.13 929.67 3547.32 0.43 
732.83 729.95 4345.01 0.52 
1438.87 600.08 4228.68 0.49 
787.05 818.42 3164.73 0.41 
556.99 712.64 3992.98 0.26 
35 36 30 26 20 18 1 9 31 23 29 17 11 32 5 21 38 40 8 37 13 10 14 15 34 3 24 4 19 41 7 16 6 33 25 22 12 27 39 2 28 
Best fitness: 1.49
31 32 11 23 5 21 18 7 26 24 20 9 29 17 40 38 3 14 25 27 12 8 6 16 41 19 4 35 30 34 15 33 10 13 37 22 1 36 39 2 28 
Worst fitness: 2.10

Mean: 1.71

Standard deviation: 0.01
