315.61 504.88 0.44 7548.44
954.60 537.54 0.52 5040.63
932.88 139.89 0.40 6362.18
733.17 604.66 0.41 7296.30
651.95 852.85 0.45 6042.77
909.44 58.13 0.40 6787.74
330.84 148.24 0.37 3501.25
518.31 218.11 0.49 5159.68
535.44 916.94 0.60 4667.70
139.50 905.62 0.40 6758.14
935.24 286.76 0.50 5740.44
548.02 173.35 0.34 6021.11
110.42 328.71 0.36 5487.40
794.90 796.14 0.59 8583.89
191.12 560.73 0.43 7378.40
646.01 297.09 0.35 7278.57
566.35 326.71 0.54 7930.29
455.86 657.00 0.53 4465.84
671.67 363.99 0.27 10800.00
81.15 117.61 0.60 7607.41
705.54 167.28 0.60 9027.53
927.50 991.09 0.40 6740.26
931.95 880.73 0.46 10261.06
631.29 800.96 0.60 7568.25
246.88 358.46 0.60 5199.62
447.73 438.49 0.53 5137.92
197.25 258.80 0.38 5197.00
453.06 196.11 0.18 9542.48
958.37 575.14 0.31 8315.69
467.77 651.96 0.50 6160.13
897.97 323.49 0.43 5816.56
189.99 363.18 0.57 5339.39
693.95 35.77 0.49 6138.69
212.23 144.18 0.41 7075.34
367.46 584.14 0.46 7024.27
133.75 442.81 0.51 6653.36
845.56 124.13 0.37 7442.31
957.39 876.77 0.52 8321.73
541.96 107.44 0.58 9253.22
495.19 81.53 0.43 6919.69
470.00 26.17 0.43 9375.64
616.15 326.45 0.60 9134.00
502.79 859.89 0.41 4324.89
144.14 883.01 0.47 4659.44
551.73 12.83 0.48 4111.78
325.47 469.69 0.47 6408.17
412.45 142.34 0.48 6372.83
695.62 913.80 0.60 6234.94
374.36 516.46 0.44 6509.44
646.04 905.25 0.46 7311.64
182.70 675.67 0.60 5401.68
722.75 205.07 0.37 4324.69
739.12 991.86 0.45 5543.73
663.60 604.83 0.58 7324.54
337.26 116.08 0.60 6077.54
205.81 228.30 0.59 5877.54
561.55 107.02 0.45 6169.53
89.90 39.42 0.36 8333.65
173.51 228.14 0.51 9679.39
707.29 205.38 0.48 6458.08
33.32 715.18 0.60 5671.25
761.13 714.03 0.55 8109.00
592.90 585.29 0.36 6024.77
716.85 42.06 0.60 7787.48
507.39 108.34 0.50 5493.64
734.47 119.23 0.46 5866.16
827.62 147.48 0.56 5791.74
398.78 156.55 0.60 6467.41
522.06 320.27 0.45 6413.48
571.63 940.02 0.50 6184.54
707.92 155.55 0.60 5731.79
619.79 35.34 0.39 3705.85
752.87 321.05 0.59 7669.90
390.93 509.47 0.45 6694.79
869.45 685.74 0.52 5605.90
127.13 701.99 0.39 6043.56
911.88 375.71 0.54 5381.89
263.39 790.92 0.47 6413.79
753.87 370.84 0.52 7467.22
575.90 524.17 0.48 8461.14
179.72 464.33 0.34 6408.39
426.54 30.02 0.56 5134.58
424.72 186.77 0.51 5569.95
639.28 581.17 0.60 8728.70
363.10 446.40 0.60 6682.50
662.98 859.51 0.43 8100.69
325.14 464.87 0.51 5497.79
788.26 164.56 0.58 6710.70
405.24 37.34 0.47 4396.41
261.37 173.25 0.42 5890.59
867.47 701.69 0.52 7300.19
778.59 932.33 0.39 6043.27
626.29 239.95 0.46 6082.37
602.27 849.75 0.48 7041.34
851.53 830.62 0.55 5128.07
578.42 379.81 0.60 6877.17
831.93 313.25 0.55 4581.41
151.48 258.03 0.48 5234.09
638.33 862.75 0.58 5317.13
9.75 83.09 0.52 5405.13
212.27 952.76 0.44 4545.28
446.05 345.48 0.44 6266.01
674.16 200.73 0.38 7877.97
784.93 884.36 0.54 5073.73
161.34 454.28 0.60 7137.14
972.66 766.42 0.60 4686.18
778.26 149.85 0.58 6394.53
793.42 606.60 0.60 8596.77
740.42 368.75 0.60 7834.83
545.29 805.12 0.37 9592.68
531.29 869.23 0.50 9801.78
297.01 105.91 0.55 4903.36
679.66 791.31 0.53 6127.80
765.42 281.41 0.42 6532.92
715.31 402.30 0.44 7694.70
892.26 862.13 0.56 7924.32
678.30 207.63 0.47 5507.23
830.73 240.24 0.60 6141.80
383.50 889.61 0.39 5687.34
259.31 228.81 0.52 4324.98
620.90 332.28 0.40 6346.14
797.32 888.95 0.53 5384.75
513.60 266.31 0.52 6272.38
718.02 821.85 0.38 7529.05
843.58 742.76 0.55 4967.00
