879.23 386.78 0.42 5704.31
679.44 838.84 0.41 5900.27
378.76 764.38 0.51 4811.07
359.23 398.44 0.50 6965.83
753.67 962.74 0.60 5302.21
421.42 619.52 0.48 5148.04
696.31 427.74 0.47 4526.98
418.03 620.85 0.54 5288.09
156.56 229.16 0.60 8736.78
434.43 298.55 0.45 7370.21
547.10 250.98 0.39 7935.57
229.36 292.83 0.60 7207.00
837.83 251.95 0.37 7220.74
739.80 208.74 0.55 7844.72
861.34 219.79 0.60 7662.12
471.57 350.23 0.53 7443.01
25.12 935.44 0.39 6954.99
886.68 869.00 0.59 6669.32
239.96 291.36 0.42 6574.85
37.10 319.45 0.41 10763.20
494.07 974.56 0.41 5542.01
954.45 767.89 0.50 9075.83
339.54 227.41 0.60 5367.05
672.36 528.82 0.51 7414.89
454.36 163.49 0.46 6387.88
223.65 352.09 0.56 7557.78
694.54 402.71 0.60 5392.12
478.83 802.79 0.50 6239.15
24.03 603.56 0.59 6292.17
397.20 344.17 0.60 7250.07
422.17 493.37 0.39 5268.71
754.64 430.26 0.48 9502.83
26.80 278.38 0.60 5899.80
831.83 657.63 0.50 5796.17
690.76 29.98 0.48 6555.98
860.65 975.13 0.60 5665.84
889.22 562.30 0.60 5935.34
477.30 78.58 0.60 5623.29
511.69 84.81 0.32 6467.63
70.74 9.17 0.52 8100.58
831.21 348.71 0.55 4623.75
174.90 863.88 0.47 6986.46
430.83 174.76 0.52 8656.84
765.46 636.10 0.32 7439.85
52.96 899.33 0.48 4368.87
79.71 980.62 0.40 4254.77
527.96 784.26 0.58 8663.65
505.56 553.33 0.59 6806.66
708.58 672.11 0.60 5686.40
388.48 939.75 0.46 5638.11
183.84 25.22 0.40 7093.88
662.59 117.31 0.60 7333.91
425.85 133.21 0.58 10582.00
264.87 994.21 0.58 6260.02
896.14 325.18 0.58 7867.67
14.44 877.28 0.53 7302.07
247.11 178.30 0.38 9672.58
185.83 258.38 0.56 6968.76
725.93 108.26 0.48 6790.23
568.22 744.27 0.46 9037.20
825.84 641.24 0.58 6072.04
748.54 78.85 0.41 7118.37
292.02 955.52 0.58 6308.77
276.93 378.26 0.48 6090.82
8.59 81.02 0.45 9052.86
701.44 148.51 0.60 4440.09
561.60 745.51 0.39 10345.78
139.79 648.47 0.43 9205.17
833.90 287.17 0.29 6233.02
140.25 43.20 0.43 7119.28
864.22 355.31 0.58 4841.65
991.99 28.17 0.42 9353.67
51.95 64.25 0.50 5719.21
246.19 933.88 0.47 7563.34
704.07 602.78 0.43 9028.42
407.30 866.08 0.32 5948.32
297.73 11.57 0.60 7010.58
395.62 495.38 0.45 8847.30
318.74 765.80 0.41 5847.98
986.11 301.16 0.30 7242.07
425.43 199.76 0.52 10167.39
651.35 667.01 0.54 5711.33
721.54 689.14 0.42 6774.58
904.36 6.22 0.40 6626.14
502.48 514.58 0.43 6058.86
400.20 845.28 0.58 5113.74
531.78 227.89 0.60 6917.46
969.07 645.52 0.43 6817.07
321.39 449.58 0.44 6332.77
434.33 381.10 0.60 6555.06
417.87 830.01 0.40 5224.24
134.13 963.09 0.35 5030.67
666.16 168.13 0.60 7434.13
571.25 227.73 0.60 6385.07
117.46 229.31 0.45 7585.93
564.27 452.48 0.52 6542.56
56.02 597.85 0.47 5305.67
967.26 321.30 0.60 6277.42
177.20 440.84 0.39 5603.14
499.40 969.87 0.60 6678.59
