417.38 216.40 0.46 5663.48
884.11 435.03 0.57 6418.74
777.51 162.17 0.53 4163.39
515.08 636.91 0.48 6842.22
12.70 41.50 0.60 7916.00
630.76 790.74 0.54 8712.31
834.65 308.08 0.44 5312.66
397.80 35.28 0.28 3425.16
100.65 725.71 0.45 6154.71
52.50 149.31 0.57 5958.23
807.41 746.47 0.36 6751.20
356.92 912.37 0.59 6802.23
526.87 602.90 0.56 9612.51
826.56 659.55 0.39 4888.15
189.09 855.84 0.60 6769.30
546.59 340.73 0.60 4451.01
202.82 811.21 0.54 4715.14
738.09 662.38 0.49 4675.41
487.49 878.99 0.38 5553.30
174.72 109.04 0.50 5566.05
537.69 727.03 0.58 5854.57
609.35 22.63 0.38 6144.53
829.38 928.23 0.42 4570.92
10.93 335.25 0.46 5776.32
208.99 442.25 0.55 7088.29
62.66 426.21 0.49 3732.44
140.04 904.33 0.57 3167.58
535.30 728.15 0.38 4046.05
665.31 149.97 0.45 9591.79
692.33 979.24 0.54 6222.56
602.55 152.38 0.53 5735.54
192.48 966.70 0.40 6762.24
761.52 175.96 0.60 5429.90
30.27 941.64 0.44 4996.92
794.15 251.20 0.51 4069.00
908.62 702.54 0.45 4369.27
880.51 522.78 0.55 5531.06
499.00 676.26 0.52 5882.35
83.76 176.62 0.57 5608.31
90.90 766.54 0.54 9193.92
357.70 803.76 0.56 4533.55
843.18 341.82 0.57 4055.43
16.57 149.10 0.54 8237.33
885.16 873.68 0.35 2488.49
224.47 609.20 0.52 5011.42
866.81 497.15 0.41 4634.04
295.15 244.01 0.52 3419.64
196.65 203.57 0.45 3286.66
812.03 318.77 0.50 3553.61
217.53 101.87 0.58 5846.44
174.24 460.08 0.60 4980.19
203.86 29.30 0.42 4268.61
233.39 455.32 0.60 5831.76
253.02 394.31 0.37 3501.90
557.48 78.20 0.50 4470.31
993.22 909.18 0.60 9021.31
494.69 210.59 0.37 3693.26
40.88 14.13 0.40 6049.03
332.35 380.75 0.52 4608.96
774.31 341.43 0.34 5127.23
58.38 427.61 0.42 6442.28
504.70 582.16 0.54 5636.83
209.31 74.51 0.39 6326.47
568.97 872.05 0.60 7030.63
896.46 284.41 0.44 5054.88
665.90 886.51 0.58 5843.51
440.88 757.33 0.39 7856.23
519.75 919.64 0.58 5526.48
218.54 779.90 0.43 6442.52
208.47 38.78 0.56 2804.44
948.76 848.79 0.60 7773.95
957.37 89.24 0.60 4019.64
317.95 875.44 0.36 4270.53
971.85 68.00 0.60 6074.05
76.11 68.97 0.36 6169.14
869.59 2.35 0.60 5714.57
840.79 451.95 0.46 8406.43
280.47 520.07 0.60 10767.82
559.29 107.37 0.50 8778.93
938.96 825.56 0.57 3459.04
711.07 451.82 0.43 5629.13
13.39 584.61 0.46 4042.08
807.59 470.41 0.35 6452.36
768.64 351.72 0.46 2993.32
644.78 891.09 0.46 4063.06
569.00 398.86 0.60 6408.61
759.11 365.78 0.57 4435.10
612.68 484.11 0.52 4158.82
32.73 475.79 0.48 4441.74
780.33 218.39 0.59 4718.30
693.92 715.54 0.56 5151.53
65.45 644.62 0.60 4174.67
759.28 910.64 0.60 9138.64
526.47 709.92 0.35 6123.61
908.70 659.09 0.46 7119.17
710.33 825.98 0.60 4661.86
961.86 973.62 0.60 3357.54
53.61 600.08 0.28 4989.38
8.96 143.10 0.29 6776.47
625.02 968.87 0.54 10578.02
144.71 743.68 0.40 3420.34
23.36 63.33 0.49 7049.56
249.19 374.04 0.60 3909.18
929.98 794.00 0.57 5727.66
900.97 459.89 0.41 6257.34
584.17 761.70 0.60 6406.96
139.62 234.50 0.60 7292.49
654.32 789.16 0.54 5285.63
939.29 666.20 0.45 4457.17
190.11 402.40 0.57 2842.00
2.32 369.69 0.52 3860.73
393.32 968.67 0.60 7028.67
895.90 891.30 0.30 5801.52
398.54 539.95 0.53 7966.38
842.61 474.85 0.45 6391.65
147.56 855.47 0.46 4290.39
440.60 889.61 0.55 5710.92
220.99 70.92 0.36 6004.22
737.72 125.58 0.45 5068.38
950.62 465.35 0.42 3983.25
387.08 953.39 0.60 6443.30
666.61 317.76 0.56 5471.20
765.01 31.49 0.39 3779.50
72.20 998.10 0.47 4884.41
40.36 976.46 0.60 9218.27
769.97 760.21 0.60 3403.60
237.67 795.74 0.34 6166.98
918.83 611.05 0.58 6545.03
722.89 345.21 0.30 4138.98
337.97 338.30 0.46 6722.30
291.75 690.74 0.57 7908.92
497.25 976.85 0.60 8032.62
162.81 793.61 0.42 4602.89
931.08 966.64 0.48 4731.82
267.00 455.98 0.37 4681.22
999.13 184.46 0.47 4659.43
571.42 960.46 0.51 9302.75
644.65 679.15 0.47 4183.20
353.08 919.25 0.40 5029.36
797.01 386.73 0.50 5321.39
429.93 624.30 0.54 6319.64
933.65 321.61 0.57 3859.15
24.05 185.67 0.43 5620.22
955.99 810.91 0.57 5319.48
998.17 67.18 0.38 9843.45
905.71 362.47 0.46 5375.96
958.35 555.25 0.41 6557.55
567.34 227.00 0.55 5525.56
541.66 916.56 0.45 4741.81
542.63 506.14 0.60 7797.96
109.53 940.33 0.42 5471.81
88.76 883.89 0.59 6081.23
27.27 919.76 0.60 4589.55
150.98 609.53 0.35 4796.75
744.00 179.41 0.49 5780.44
610.63 615.73 0.39 6157.52
412.34 279.84 0.44 4818.58
519.22 573.30 0.58 7023.01
513.76 888.46 0.31 6988.38
384.35 98.20 0.50 5025.04
5.84 980.82 0.46 3650.26
44.33 93.29 0.59 5630.10
543.34 6.28 0.45 4676.42
662.94 937.71 0.51 5568.13
444.65 365.43 0.60 4201.00
617.64 993.44 0.52 5462.79
655.29 853.16 0.60 6694.97
735.00 254.02 0.41 4613.49
813.58 428.76 0.38 3896.52
403.61 11.78 0.57 4950.01
445.47 228.73 0.59 5482.27
736.50 541.22 0.55 5169.30
261.24 664.48 0.60 7243.43
533.85 662.08 0.57 5719.13
561.59 352.84 0.44 4693.76
