513.93 490.38 0.15 9108.72
562.82 530.96 0.25 6804.22
519.11 496.60 0.25 6713.74
583.24 546.85 0.28 6337.38
535.48 607.67 0.25 8656.80
511.22 544.19 0.15 8983.37
572.56 451.89 0.30 7298.44
473.19 394.85 0.27 6476.53
444.75 507.04 0.15 7686.90
498.47 472.64 0.36 6791.27
392.27 509.54 0.07 7581.50
473.62 491.10 0.17 8206.80
482.51 520.43 0.22 6491.01
522.31 463.36 0.36 7337.91
394.11 473.97 0.21 8109.03
519.29 424.11 0.05 9322.44
432.04 515.09 0.39 5160.66
581.68 479.30 0.45 6197.13
431.17 429.82 0.56 4999.32
550.04 463.70 0.19 6098.67
484.65 543.89 0.24 4980.35
417.06 464.60 0.23 8020.41
533.91 470.97 0.21 6121.19
479.00 468.61 0.34 7332.25
475.56 427.75 0.23 5995.81
519.59 528.06 0.25 5376.93
584.29 458.63 0.37 6651.17
535.78 547.95 0.06 6736.37
501.06 588.61 0.16 6208.07
522.95 429.08 0.10 7401.71
502.51 485.76 0.10 7087.42
581.59 521.65 0.25 7776.20
537.45 409.98 0.49 5324.52
491.20 512.14 0.15 7782.29
468.60 520.02 0.27 7050.49
441.92 426.89 0.30 6708.86
459.41 491.80 0.09 6971.62
569.26 494.90 0.41 7851.79
544.63 493.79 0.10 7346.42
443.40 516.00 0.19 8778.10
553.76 518.04 0.41 6991.74
588.40 412.31 0.21 7067.29
484.29 496.79 0.07 7693.59
519.80 551.26 0.21 7631.19
458.66 562.09 0.09 6175.47
491.81 580.79 0.05 6097.14
438.36 515.96 0.26 5953.46
506.37 544.38 0.40 6813.00
422.56 434.88 0.18 7706.95
413.35 474.56 0.04 6485.94
506.90 456.01 0.24 8243.13
397.77 531.31 0.14 6693.46
563.63 472.66 0.29 5514.72
528.04 480.95 0.16 5943.38
469.95 535.78 0.32 6227.75
505.76 493.81 0.35 4164.28
576.92 535.97 0.14 8249.78
469.51 489.55 0.17 5722.94
420.73 519.00 0.26 4877.15
527.65 534.68 0.16 7752.06
350.79 471.04 0.21 6905.11
524.00 388.43 0.28 5657.65
453.72 502.91 0.34 7231.93
466.27 473.50 0.18 7537.13
465.42 579.04 0.22 5911.65
463.73 544.27 0.25 8151.24
538.78 567.52 0.25 6656.88
536.68 601.21 0.23 6728.36
488.43 501.84 0.31 7581.95
602.78 524.09 0.05 7590.78
486.28 571.28 0.25 7084.49
547.07 507.74 0.13 6725.37
516.15 503.81 0.27 6613.52
443.09 484.11 0.27 6749.42
548.21 529.40 0.02 7180.32
461.04 543.42 0.30 8637.38
576.81 503.41 0.23 7738.49
489.15 565.75 0.24 7672.31
533.18 528.17 0.07 5763.03
542.99 516.59 0.25 6921.95
424.08 509.69 0.20 7250.05
630.21 480.04 0.27 6822.17
498.79 555.74 0.36 8338.84
437.40 512.03 0.31 6381.84
437.48 526.01 0.17 6427.74
543.33 530.71 0.22 6605.01
475.00 490.73 0.28 7612.82
507.04 485.73 0.08 7185.37
460.16 546.56 0.11 6418.54
398.24 508.35 0.23 5495.30
541.58 473.74 0.26 7502.85
456.70 556.15 0.26 8277.17
511.25 494.09 0.19 5664.67
569.35 495.65 0.12 7605.49
498.10 618.73 0.08 7110.05
452.07 528.15 0.02 5248.89
454.67 531.55 0.20 6927.32
491.03 543.36 0.20 5803.52
475.98 435.04 0.21 5996.29
534.71 508.25 0.10 6150.74
477.02 476.80 0.10 7489.07
532.27 536.70 0.18 6497.72
465.05 572.26 0.14 3335.29
588.00 460.25 0.14 8461.26
558.47 455.24 0.18 5507.48
518.83 596.94 0.28 6175.52
562.69 419.04 0.35 6622.16
569.31 499.09 0.10 6304.23
451.39 552.22 0.11 6084.39
520.37 456.78 0.03 6924.16
499.41 448.89 0.32 5949.82
483.24 515.12 0.42 6884.75
507.83 568.14 0.22 5847.53
527.39 555.56 0.13 7021.19
420.47 441.46 0.16 6436.81
463.69 529.93 0.23 8447.10
506.29 453.18 0.19 7717.13
458.39 512.19 0.22 7369.29
492.37 529.03 0.19 7232.72
606.43 551.32 0.17 7761.82
538.02 493.02 0.14 8503.16
523.85 585.11 0.15 7055.40
450.06 600.49 0.24 6104.50
399.90 537.63 0.30 7110.20
425.09 527.82 0.13 7004.01

3817.84
