66 14 20 16 34 44 49 26 28 22 40 15 52 70 18 5 56 17 54 38 61 7 10 53 45 64 65 63 43 62 21 39 59 55 68 25 8 36 46 51 47 75 41 11 50 3 27 4 32 9 29 57 12 6 37 35 69 2 23 30 58 42 73 1 13 33 72 71 24 31 67 19 60 74 48 
Best fitness: 0.55
15 11 10 18 25 63 65 46 36 8 35 7 59 39 68 64 51 70 20 49 1 58 23 43 53 62 61 55 54 17 38 2 3 27 9 4 50 47 22 40 41 52 5 56 32 67 24 33 29 72 71 57 6 12 74 75 45 21 30 48 44 34 66 14 26 28 16 13 42 73 60 69 31 19 37 
Worst fitness: 0.78

Mean: 0.64

Standard deviation: 0.00
26 22 15 41 57 50 7 61 59 9 53 11 10 55 39 54 17 25 18 62 63 20 37 70 46 1 13 28 49 44 52 6 40 65 43 64 47 75 48 51 68 3 27 4 31 19 32 38 2 5 30 73 23 42 35 8 36 16 34 12 45 24 72 71 21 67 69 56 58 60 29 33 66 14 74 
Best fitness: 0.54
26 12 15 6 52 41 53 7 65 63 42 58 5 25 18 64 20 44 49 40 47 75 46 36 8 72 22 57 50 55 56 23 30 73 24 11 10 3 9 59 61 62 51 70 28 34 13 1 68 54 19 27 4 67 39 69 38 17 2 66 16 35 21 31 32 43 48 14 29 45 71 74 37 33 60 
Worst fitness: 0.72

Mean: 0.63

Standard deviation: 0.00
