9 5 3 48 22 34 23 45 50 2 46 40 49 43 33 1 11 13 38 16 17 6 32 35 24 15 37 14 28 25 20 36 4 8 12 7 18 30 27 10 41 42 19 39 44 47 31 21 29 26 
Best fitness: 0.27
10 23 2 33 43 49 4 35 9 5 39 48 22 34 11 46 1 40 28 13 16 38 14 37 24 15 18 7 12 30 41 3 19 44 45 50 47 36 32 17 6 29 27 26 42 8 25 31 20 21 
Worst fitness: 0.35

Mean: 0.32

Standard deviation: 0.00
9 35 28 4 11 8 23 2 1 40 49 43 46 50 45 34 44 48 39 22 19 3 12 7 18 15 24 13 16 6 17 38 32 29 5 10 27 41 26 30 42 37 14 31 36 33 47 20 21 25 
Best fitness: 0.27
9 14 49 46 2 50 12 34 44 22 48 18 35 21 17 6 13 11 23 45 4 28 16 31 38 37 24 15 30 3 19 39 41 10 5 7 1 40 43 33 36 32 29 27 42 8 25 47 20 26 
Worst fitness: 0.37

Mean: 0.31

Standard deviation: 0.00
