1078.14 869.26 971.96 0.35 
937.81 952.65 1718.32 0.29 
546.15 777.48 1433.01 0.28 
1062.07 700.07 1382.89 0.34 
842.34 686.43 1559.06 0.42 
586.10 856.97 1088.90 0.29 
625.86 833.32 884.56 0.40 
551.00 666.75 1227.46 0.47 
600.08 1160.05 1839.18 0.29 
843.00 851.34 965.57 0.47 
812.49 867.00 3234.95 0.52 
1365.56 816.04 2112.49 0.46 
1048.21 970.19 660.30 0.42 
1043.20 664.52 2043.17 0.33 
808.27 650.09 1894.54 0.53 
601.49 545.32 1244.11 0.30 
749.42 817.93 981.56 0.49 
1004.37 790.78 1041.68 0.49 
620.67 676.72 1403.94 0.52 
892.40 581.43 2292.36 0.33 
1075.81 815.27 1129.83 0.41 
633.94 868.95 782.26 0.44 
715.63 570.20 1774.20 0.45 
905.67 1091.50 1245.06 0.34 
1364.92 867.55 2167.57 0.38 
595.88 1229.04 1907.34 0.37 
1551.51 618.06 1035.01 0.26 
760.36 584.81 1072.39 0.37 
713.26 648.36 1637.56 0.46 
724.40 1129.33 1644.61 0.35 
761.82 590.63 939.86 0.29 
623.16 599.47 1088.44 0.43 
1160.14 1028.22 1175.69 0.36 
1112.37 626.87 2780.69 0.42 
609.73 651.72 597.70 0.29 
795.24 860.47 1420.58 0.43 
1438.90 779.23 1891.09 0.62 
694.55 711.43 1578.58 0.38 
772.19 678.66 1426.88 0.51 
1604.13 740.65 1321.15 0.39 
543.62 578.47 1261.36 0.46 
862.23 619.19 2900.43 0.56 
651.67 954.16 2092.76 0.48 
653.03 1257.52 1260.89 0.42 
809.52 1001.19 2091.34 0.49 
757.89 559.44 2304.50 0.41 
643.31 659.89 1263.91 0.55 
598.10 621.07 1139.24 0.20 
1045.23 712.07 2026.91 0.48 
1407.10 637.67 1985.69 0.44 
1185.42 890.54 1448.25 0.56 
1164.93 1314.44 1039.38 0.54 
584.96 751.56 1928.33 0.53 
828.80 1387.73 1357.15 0.52 
644.45 794.18 2047.85 0.36 
965.29 780.02 831.89 0.48 
1092.02 640.42 1171.75 0.39 
702.56 1021.67 1222.07 0.46 
934.56 732.80 1903.63 0.44 
937.26 862.00 800.37 0.26 
722.43 562.77 792.73 0.38 
1031.73 593.63 1717.70 0.46 
1035.61 901.94 2099.08 0.52 
820.61 949.56 730.77 0.42 
952.86 848.47 2229.49 0.42 
820.00 733.71 2147.06 0.52 
1600.65 798.98 1403.63 0.29 
689.00 623.86 2139.93 0.35 
651.18 609.04 1404.13 0.26 
1018.30 693.06 1436.29 0.31 
960.76 552.07 3081.96 0.42 
734.20 580.04 796.68 0.37 
720.46 562.99 2312.83 0.43 
1077.61 1352.34 662.43 0.27 
568.88 759.19 2100.50 0.42 
807.32 722.96 999.59 0.59 
789.64 989.74 1739.54 0.43 
627.51 885.10 1440.99 0.52 
691.69 886.96 622.82 0.46 
912.85 626.83 1733.28 0.46 
812.29 888.16 2128.82 0.29 
764.20 629.00 2394.17 0.55 
586.51 589.59 1139.72 0.28 
1072.44 664.89 1304.43 0.36 
730.53 872.41 1354.23 0.31 
694.49 602.50 1372.91 0.48 
1039.93 729.50 2027.41 0.37 
679.00 647.80 1512.04 0.43 
1383.03 727.99 2504.57 0.44 
562.76 636.52 1168.11 0.48 
977.79 794.59 1419.73 0.36 
1167.91 791.31 2390.09 0.49 
800.05 663.34 1538.78 0.34 
635.18 713.12 1227.73 0.20 
975.05 697.73 1312.81 0.24 
546.50 563.67 992.40 0.17 
786.89 631.64 544.25 0.42 
725.83 559.20 1887.00 0.53 
929.47 892.78 671.56 0.40 
852.81 880.00 1657.92 0.34 
826.06 921.88 709.18 0.40 
839.84 1080.57 1382.14 0.42 
691.26 696.90 1885.55 0.41 
766.20 857.78 1392.36 0.35 
729.61 623.22 2114.11 0.44 
581.44 602.98 1253.15 0.38 
711.23 627.28 695.67 0.39 
898.28 765.10 1838.15 0.36 
784.01 699.31 1702.61 0.45 
1004.60 807.59 1352.87 0.43 
1199.98 1170.18 1001.62 0.41 
913.20 983.08 829.82 0.34 
649.26 986.52 2064.08 0.53 
1047.59 684.50 1252.25 0.52 
1165.61 815.02 1727.28 0.55 
1087.46 879.85 569.73 0.46 
565.24 832.19 2338.34 0.22 
782.04 951.87 1671.66 0.53 
923.52 1165.66 1506.80 0.35 
867.68 605.35 789.56 0.32 
1718.48 553.23 809.68 0.40 
863.99 654.20 1726.62 0.45 
1051.46 673.21 974.21 0.53 
1180.30 628.54 2158.21 0.46 
961.00 761.57 1853.51 0.46 
893.92 598.62 2982.86 0.51 
1221.47 599.75 2357.96 0.42 
943.32 1054.60 2788.70 0.45 
573.64 1097.51 1350.47 0.34 
930.71 651.01 1304.80 0.53 
820.74 794.83 1237.03 0.43 
1240.57 661.79 3076.99 0.35 
999.29 656.96 1760.00 0.38 
619.22 657.13 1431.79 0.26 
1043.28 802.24 1555.20 0.32 
759.33 1019.28 1659.11 0.61 
1146.72 718.62 2544.27 0.41 
1235.47 1527.27 773.39 0.39 
546.76 837.92 1777.37 0.45 
1260.06 790.07 843.91 0.45 
973.19 542.52 1513.32 0.54 
1021.14 666.48 623.78 0.45 
751.09 908.28 823.73 0.56 
978.11 839.68 2267.92 0.52 
1020.32 644.02 552.83 0.31 
801.02 615.87 1985.42 0.42 
916.06 790.37 1276.53 0.49 
746.10 751.40 1172.00 0.41 
1020.09 740.87 1761.72 0.39 
906.87 637.04 2264.70 0.47 
1025.09 1136.42 1262.63 0.35 
689.76 998.76 1603.16 0.26 
843.96 1461.70 1459.36 0.38 
588.92 926.43 1189.78 0.43 
553.75 780.80 775.68 0.46 
814.63 920.75 2188.69 0.40 
684.35 921.28 1290.08 0.44 
583.25 599.46 871.54 0.42 
790.66 706.42 663.52 0.54 
611.77 876.93 2375.48 0.48 
1390.08 665.73 1799.14 0.32 
729.58 654.85 1975.66 0.34 
1476.00 1097.55 1443.72 0.42 
741.85 953.34 1388.51 0.54 
914.31 1086.16 1285.44 0.49 
939.77 717.11 2063.46 0.32 
753.05 854.65 1858.02 0.46 
699.37 782.05 2453.01 0.33 
846.04 1236.79 1783.71 0.35 
966.96 919.45 3456.28 0.36 
825.13 955.48 1322.10 0.28 
902.13 1098.96 904.84 0.36 
1017.73 704.11 554.86 0.40 
816.86 838.22 1405.92 0.43 
1339.10 1081.78 585.63 0.40 
890.11 558.78 603.99 0.34 
943.63 1061.59 559.13 0.53 
655.98 741.76 898.44 0.25 
1485.04 873.07 1486.91 0.57 
956.05 543.21 1217.58 0.39 
826.40 542.99 1019.36 0.36 
612.85 549.56 1990.34 0.43 
715.07 666.43 1863.11 0.31 
870.76 640.58 2270.40 0.37 
833.02 592.14 2439.99 0.31 
858.21 581.57 1105.91 0.47 
681.79 717.74 1807.46 0.41 
946.86 1281.87 1085.00 0.42 
775.30 764.87 1576.93 0.33 
750.28 1434.51 583.57 0.43 
1270.30 1017.87 1184.03 0.38 
575.39 1065.61 879.07 0.47 
780.08 956.47 687.94 0.46 
757.43 603.82 1579.75 0.39 
1091.83 680.34 2316.94 0.39 
594.57 670.90 1695.87 0.53 
1139.02 562.78 1070.45 0.24 
966.46 644.19 1780.19 0.27 
896.35 670.12 1270.52 0.64 
1066.27 936.52 1514.84 0.32 
570.08 1066.51 3009.81 0.39 
41 6 22 18 130 186 122 116 144 60 174 10 166 159 39 48 16 86 72 80 176 180 145 62 198 173 65 147 1 177 192 78 7 35 157 101 36 125 142 59 189 64 200 21 51 13 110 56 76 66 17 143 79 154 164 112 165 172 114 123 133 199 115 140 99 129 44 190 107 185 120 46 23 28 97 5 15 47 158 32 69 152 43 148 31 61 90 83 85 188 111 175 163 2 170 91 103 178 168 167 104 141 82 196 94 100 156 118 102 24 193 184 150 42 105 93 131 149 137 84 4 40 121 37 25 52 119 63 49 108 38 88 187 162 29 109 113 160 139 117 155 58 45 146 19 134 8 68 96 106 53 26 171 77 136 33 12 92 70 194 98 73 3 11 179 67 197 57 124 195 127 191 135 74 138 9 30 181 95 87 126 183 75 201 151 128 54 81 14 20 34 89 27 161 71 55 182 153 169 132 50 
Best fitness: 133.56
98 134 79 101 41 182 47 86 143 193 36 142 125 95 22 7 48 32 188 52 85 167 145 120 28 61 88 81 118 104 107 105 109 159 185 130 177 2 156 115 124 5 53 155 148 131 64 56 173 149 23 162 97 181 123 137 60 165 172 102 10 168 82 39 141 176 133 122 197 57 4 140 51 13 24 157 78 90 196 83 72 29 93 76 19 68 8 35 106 146 46 174 147 116 135 62 14 1 128 171 136 164 139 17 175 63 99 65 180 199 11 18 91 183 31 194 186 42 150 80 84 103 112 33 151 169 190 178 158 192 113 100 15 66 166 21 144 49 114 70 191 45 54 74 87 127 92 111 44 160 58 77 43 38 69 94 12 50 67 179 189 3 55 73 20 126 71 108 110 161 89 59 184 198 96 6 30 119 163 138 153 154 129 187 75 117 195 34 37 25 152 9 40 27 121 16 200 170 201 132 26 
Worst fitness: 160.14

Mean: 144.63

Standard deviation: 22.37
