809.49 618.92 3376.02 0.35 
1089.46 575.63 755.05 0.31 
956.12 612.09 2105.80 0.41 
938.96 815.80 2067.68 0.59 
738.93 859.85 1829.72 0.34 
648.95 672.68 1142.70 0.26 
832.42 774.61 1467.18 0.51 
805.88 697.89 2272.42 0.56 
609.43 915.26 2383.73 0.33 
1173.77 997.35 1303.14 0.48 
865.39 667.22 1043.34 0.38 
1403.81 852.90 1485.23 0.45 
669.95 723.95 1811.87 0.64 
1070.25 580.36 1705.09 0.37 
591.05 768.62 1350.68 0.51 
871.51 1274.93 1076.26 0.35 
1136.35 923.93 1840.76 0.37 
890.21 707.95 1639.51 0.48 
859.09 1023.82 1221.14 0.61 
550.22 551.43 2543.90 0.60 
587.21 1066.06 1013.92 0.39 
572.68 808.24 1150.96 0.41 
1615.01 1157.22 2244.32 0.28 
998.18 787.01 651.13 0.39 
620.46 708.90 1211.30 0.54 
1274.16 618.64 1301.33 0.29 
728.51 691.39 1830.95 0.54 
933.20 1361.31 2088.83 0.34 
1077.67 988.44 1461.75 0.54 
822.95 838.31 663.57 0.29 
572.47 542.96 1076.67 0.33 
693.36 614.86 1861.80 0.31 
640.61 694.51 2581.05 0.27 
803.59 886.71 1580.63 0.36 
550.41 650.80 1819.52 0.37 
890.38 715.56 1572.08 0.47 
1269.46 719.73 1510.94 0.34 
876.61 1138.97 1280.39 0.41 
704.19 1276.44 1831.14 0.37 
852.15 670.97 1901.41 0.32 
918.99 1067.70 1801.09 0.43 
558.04 760.79 1850.95 0.55 
759.54 944.60 1580.19 0.57 
705.32 737.64 683.38 0.23 
558.19 1041.00 1677.86 0.45 
1338.90 896.81 978.09 0.39 
824.23 621.06 560.29 0.45 
792.92 845.26 583.10 0.56 
920.69 638.63 2146.22 0.33 
615.08 1158.94 990.44 0.36 
1044.02 670.51 1767.49 0.41 
644.73 991.72 716.43 0.32 
662.11 647.63 936.89 0.21 
657.16 765.03 2126.29 0.42 
606.81 550.99 1159.99 0.30 
1039.02 694.60 570.17 0.36 
864.04 1042.54 1609.17 0.37 
1111.05 557.07 904.92 0.52 
683.85 559.34 1344.47 0.40 
548.86 1371.68 1450.41 0.30 
755.64 917.77 1598.25 0.50 
911.63 818.96 1813.84 0.57 
633.48 660.75 1236.01 0.34 
1189.31 846.31 1384.04 0.59 
936.62 1090.38 543.62 0.39 
1149.14 1089.05 826.98 0.35 
646.42 741.81 1861.03 0.56 
845.20 600.76 745.21 0.31 
620.46 635.34 1367.67 0.41 
656.06 798.35 2573.03 0.41 
1460.21 810.18 1773.90 0.36 
20 31 55 63 6 53 33 15 22 42 70 54 44 27 30 48 5 34 65 57 19 52 43 61 67 13 25 69 32 47 18 36 2 14 58 56 51 49 11 68 59 40 7 8 62 4 24 3 46 12 71 10 66 29 45 21 50 39 17 37 26 64 41 38 16 28 60 35 9 1 23 
Best fitness: 13.60
6 43 41 65 66 17 29 48 30 62 24 58 2 3 47 27 69 63 25 44 8 11 36 7 61 19 52 50 21 40 68 14 51 56 15 22 70 67 13 18 64 10 53 55 20 31 42 5 34 57 38 16 39 4 59 1 32 33 54 45 60 28 46 12 71 37 26 49 35 9 23 
Worst fitness: 16.87

Mean: 15.33

Standard deviation: 0.55
