551.48 541.03 3682.53 0.37 
658.07 601.27 3798.12 0.44 
775.39 665.06 4172.18 0.59 
568.53 636.26 3813.00 0.45 
627.80 600.94 4145.98 0.55 
721.74 667.45 4727.56 0.44 
577.12 678.02 3478.92 0.50 
894.35 621.98 3239.60 0.38 
597.61 598.50 4331.92 0.40 
712.91 627.69 3328.89 0.41 
632.67 542.38 4713.57 0.40 
698.95 639.41 4731.97 0.41 
597.78 552.97 3894.22 0.52 
608.71 735.50 3889.24 0.56 
592.70 764.93 3616.21 0.43 
565.31 574.20 4520.87 0.39 
594.15 622.01 4424.10 0.43 
541.04 624.92 3539.20 0.58 
569.59 758.42 4196.32 0.45 
561.70 583.68 4145.47 0.39 
752.25 557.98 4902.20 0.52 
777.66 638.06 3828.57 0.22 
860.71 576.00 3374.77 0.30 
554.21 543.75 2031.38 0.49 
628.28 541.90 4248.93 0.47 
621.26 576.08 4434.55 0.39 
656.72 607.74 4976.64 0.26 
542.39 623.25 2702.61 0.34 
667.92 542.93 2563.80 0.31 
605.94 800.50 4233.41 0.43 
600.33 661.51 3941.66 0.47 
730.60 587.04 3832.25 0.43 
707.39 758.36 3503.06 0.36 
649.52 541.56 3958.40 0.55 
544.47 595.82 3959.04 0.42 
548.36 574.91 3992.52 0.45 
624.92 563.08 5056.86 0.39 
565.23 629.07 3288.09 0.57 
644.66 588.95 4402.07 0.40 
689.70 630.69 4447.74 0.54 
565.81 688.71 4369.13 0.30 
621.22 576.33 3216.68 0.48 
579.08 652.53 3051.70 0.45 
617.45 622.09 3272.97 0.33 
610.61 671.52 4865.28 0.21 
607.51 587.69 3208.28 0.37 
669.13 564.78 3774.53 0.51 
706.79 631.13 4438.61 0.41 
627.90 667.24 4104.72 0.31 
557.94 622.36 4971.80 0.39 
572.16 563.55 4017.59 0.50 
619.98 688.46 3262.88 0.43 
621.17 621.08 2892.57 0.26 
602.11 635.64 3723.17 0.36 
617.86 552.72 4122.20 0.50 
721.41 578.65 4717.03 0.46 
602.02 611.20 2616.71 0.35 
647.40 608.40 3607.52 0.37 
606.78 562.28 3244.48 0.46 
561.24 644.44 3881.84 0.57 
571.94 588.89 3242.38 0.48 
550.85 546.68 4188.52 0.23 
623.91 649.10 2438.06 0.32 
562.16 584.58 4442.84 0.29 
696.40 793.69 5385.34 0.25 
593.38 581.65 4829.84 0.35 
541.72 568.91 4343.23 0.43 
571.02 575.90 3121.28 0.45 
649.53 598.55 4633.39 0.41 
680.85 571.29 5027.38 0.37 
582.33 568.99 4155.41 0.55 
627.23 559.70 3947.94 0.37 
628.94 599.59 3853.95 0.39 
577.45 630.26 5291.35 0.37 
552.17 593.63 4617.67 0.32 
589.46 642.88 4260.54 0.42 
595.11 595.19 4011.34 0.40 
597.07 682.45 4281.60 0.46 
593.59 597.47 5493.66 0.37 
556.84 615.63 3176.03 0.42 
587.69 570.76 3775.27 0.40 
592.66 695.00 4440.54 0.52 
618.36 545.24 4573.17 0.51 
593.58 584.60 4905.23 0.25 
545.79 600.56 3861.60 0.45 
602.20 649.03 3069.68 0.25 
689.09 701.40 2162.01 0.24 
622.13 657.48 4291.85 0.54 
599.40 577.30 2644.59 0.39 
555.86 551.37 4525.17 0.38 
701.37 546.17 4318.45 0.29 
574.80 563.37 2628.64 0.29 
590.75 588.89 4189.81 0.33 
596.66 618.10 4670.23 0.67 
576.27 702.01 3924.88 0.40 
573.84 574.87 3853.60 0.41 
646.43 552.06 4370.14 0.36 
593.11 681.16 3428.70 0.41 
564.17 679.00 3667.57 0.36 
574.79 628.14 3799.93 0.39 
869.73 683.22 3499.40 0.40 
596.07 659.34 4207.91 0.43 
587.95 686.05 4275.26 0.25 
726.94 584.67 4538.42 0.49 
619.27 632.99 5061.78 0.65 
756.73 654.35 3752.78 0.37 
651.84 552.22 4263.34 0.45 
554.11 542.57 3962.55 0.31 
541.93 592.69 4321.78 0.31 
547.51 555.67 4680.83 0.49 
607.54 660.55 3503.89 0.26 
674.32 662.79 3163.11 0.16 
557.69 635.92 4894.29 0.50 
604.39 574.39 5209.24 0.45 
629.45 767.81 4203.58 0.29 
653.98 592.90 4641.14 0.25 
579.72 594.40 4160.30 0.42 
599.94 543.21 4060.39 0.48 
545.99 575.33 4363.04 0.28 
815.28 555.04 3679.56 0.14 
721.66 703.67 5075.42 0.38 
581.29 545.61 4895.21 0.46 
544.67 619.42 3144.05 0.36 
672.17 605.82 3694.36 0.23 
594.31 722.26 3756.80 0.35 
544.37 687.45 3291.88 0.42 
684.09 589.53 4504.43 0.41 
622.65 670.42 4511.55 0.19 
773.78 611.53 2713.98 0.38 
554.76 710.87 3755.83 0.43 
600.23 574.09 4761.86 0.49 
558.19 746.60 3405.03 0.50 
684.61 687.40 4934.96 0.33 
574.67 561.69 4313.80 0.26 
579.02 600.11 4682.88 0.53 
571.60 637.14 4067.23 0.37 
602.20 710.98 4104.50 0.32 
581.71 670.48 3996.52 0.28 
626.60 707.81 3904.09 0.49 
719.93 609.47 5281.31 0.31 
599.85 550.82 4574.19 0.33 
579.41 568.61 4961.79 0.34 
550.72 659.17 3379.57 0.33 
588.50 778.06 3634.05 0.31 
624.22 631.87 3923.05 0.33 
598.02 732.82 3373.62 0.45 
573.32 585.65 3615.09 0.38 
625.96 673.88 2218.36 0.24 
722.15 625.59 3662.35 0.39 
620.75 628.67 4299.14 0.34 
605.82 648.97 3440.25 0.37 
760.28 569.23 3015.34 0.26 
592.15 559.40 3783.95 0.57 
795.56 611.89 3682.94 0.23 
711.69 572.54 4499.97 0.26 
580.81 662.55 3484.87 0.34 
848.54 647.84 4511.03 0.40 
557.45 570.05 4700.61 0.40 
754.90 759.98 3553.12 0.40 
540.27 612.07 3597.04 0.45 
581.43 572.86 4406.56 0.42 
545.60 683.69 4390.94 0.28 
616.34 551.41 3818.85 0.30 
596.24 563.20 4756.37 0.55 
667.44 730.46 5031.06 0.27 
683.46 605.52 3803.79 0.49 
560.99 561.75 4170.47 0.32 
627.78 543.76 4625.09 0.53 
556.53 657.87 3914.35 0.33 
647.28 544.34 3880.70 0.33 
576.42 547.25 4753.03 0.52 
691.43 543.76 5057.41 0.44 
554.81 602.74 5176.69 0.47 
578.03 582.96 4355.78 0.50 
666.32 658.08 4559.18 0.34 
686.90 561.18 4534.96 0.31 
691.65 588.49 3979.15 0.35 
579.65 619.32 3709.08 0.35 
589.71 665.03 3936.44 0.35 
733.42 570.61 4245.77 0.31 
603.49 626.10 3756.85 0.46 
595.38 560.41 2632.99 0.31 
690.64 606.17 4109.94 0.54 
784.41 641.63 4047.73 0.42 
606.31 658.11 4617.52 0.21 
673.66 639.70 4254.45 0.55 
617.10 654.46 4594.43 0.46 
624.09 602.56 5075.79 0.23 
613.78 638.42 5466.52 0.44 
617.24 640.88 4087.81 0.42 
615.47 560.76 4317.76 0.47 
548.47 631.51 4224.45 0.45 
608.72 647.63 4959.69 0.31 
674.40 590.20 4186.01 0.49 
574.79 652.78 3213.38 0.40 
566.67 580.24 5050.02 0.45 
647.05 637.21 2271.84 0.34 
605.41 603.97 4643.09 0.25 
585.05 544.30 4151.87 0.46 
706.58 542.11 4078.01 0.34 
662.18 648.32 4665.88 0.64 
67 158 196 131 191 55 171 199 108 1 24 51 122 96 100 74 195 136 60 143 192 43 76 135 97 107 34 29 176 85 38 31 128 57 164 46 81 83 168 89 161 79 47 69 26 77 71 92 61 113 117 80 173 178 150 5 2 201 151 54 123 94 187 49 88 125 146 19 132 98 7 18 160 78 102 179 44 63 139 52 99 130 95 137 82 17 188 37 68 153 58 194 56 172 70 181 174 118 182 42 114 39 53 197 105 73 66 9 167 90 36 110 119 64 147 156 126 28 59 25 13 93 190 86 4 148 185 193 72 11 170 177 127 166 183 10 21 163 198 109 35 20 145 186 40 12 175 112 121 87 133 116 104 124 149 48 140 157 3 33 162 189 75 16 142 111 155 32 200 27 138 169 14 45 84 159 6 15 30 184 129 50 41 62 141 134 152 22 101 106 144 103 91 180 23 154 115 165 8 65 120 
Best fitness: 12.32
110 24 36 1 168 83 59 68 147 173 35 89 73 186 21 91 77 46 72 11 96 158 153 183 104 10 166 47 26 189 88 7 195 136 50 67 71 66 201 125 14 99 156 150 43 117 53 79 74 57 44 181 190 63 187 86 103 38 9 61 92 81 42 191 37 108 16 196 199 4 128 146 78 105 5 39 174 51 164 194 3 87 144 19 15 2 97 29 167 90 18 28 160 123 60 192 111 52 31 17 102 151 76 13 163 107 58 131 182 55 170 25 34 94 139 133 41 98 132 121 48 149 162 126 171 93 49 175 148 145 198 197 32 180 138 113 100 143 130 82 179 135 64 161 185 137 193 114 142 20 109 85 95 54 176 172 70 80 75 200 152 56 184 12 69 177 124 118 178 33 159 30 45 112 127 116 141 122 62 169 84 119 40 188 140 134 27 155 154 157 23 129 6 65 106 101 22 115 8 165 120 
Worst fitness: 14.83

Mean: 13.89

Standard deviation: 0.39
