625.89 542.81 4373.78 0.48 
614.58 555.23 4926.20 0.33 
583.57 642.69 5993.56 0.42 
649.46 641.73 2989.71 0.31 
704.30 712.31 4290.76 0.55 
601.01 617.50 3103.54 0.36 
603.39 685.60 4622.11 0.29 
682.32 627.32 4873.70 0.58 
602.21 610.12 4746.21 0.47 
581.68 699.06 3059.98 0.38 
693.14 669.27 3149.00 0.34 
636.50 702.44 3123.51 0.15 
571.80 754.53 3862.98 0.50 
541.76 616.54 4957.79 0.50 
568.14 710.45 3687.86 0.57 
583.95 651.95 2189.37 0.38 
675.35 557.14 4346.33 0.55 
548.92 562.44 4590.39 0.47 
551.66 595.44 4605.11 0.27 
563.60 734.82 4135.65 0.34 
579.85 540.89 4108.90 0.31 
559.48 745.00 3779.81 0.36 
648.90 700.77 3419.06 0.39 
590.16 560.13 3569.12 0.46 
546.76 586.59 4460.92 0.39 
543.16 685.20 3564.85 0.46 
544.06 718.33 3798.83 0.35 
711.19 559.59 4216.48 0.34 
738.72 599.69 3673.23 0.29 
641.04 577.28 3223.27 0.42 
740.60 662.05 3678.73 0.37 
562.68 596.35 4703.17 0.27 
652.18 664.81 4327.10 0.50 
584.40 691.95 4396.86 0.25 
799.90 591.54 3668.42 0.36 
561.18 575.36 4525.40 0.25 
570.66 603.85 4335.37 0.32 
544.71 676.50 4229.17 0.14 
582.34 577.65 4242.71 0.27 
667.32 593.86 4776.70 0.53 
594.58 544.63 3688.70 0.27 
572.41 585.54 3702.45 0.33 
597.61 544.56 4018.55 0.34 
797.42 560.52 3022.09 0.58 
551.26 672.54 2726.34 0.43 
581.00 596.56 3051.36 0.45 
544.83 566.64 4319.55 0.33 
671.47 631.56 4825.95 0.29 
669.93 608.74 3406.50 0.43 
587.86 668.82 4697.60 0.50 
711.31 627.08 3491.68 0.45 
601.47 550.32 3344.88 0.50 
635.12 776.64 3884.07 0.39 
609.37 592.27 4510.63 0.48 
592.34 558.64 4763.60 0.50 
555.33 673.45 3511.63 0.41 
888.67 558.44 4491.36 0.38 
576.21 632.11 3121.93 0.54 
591.22 566.79 4916.08 0.17 
614.07 633.95 2965.07 0.47 
553.25 746.45 3245.40 0.33 
548.87 607.14 3842.50 0.33 
548.68 542.14 4168.93 0.37 
577.44 554.29 4961.16 0.60 
551.06 786.48 4790.32 0.47 
552.68 750.31 4620.76 0.42 
545.05 621.56 3963.68 0.20 
587.69 768.71 3964.03 0.37 
547.68 708.72 4971.68 0.42 
604.43 578.61 4545.00 0.30 
690.32 670.20 3609.98 0.33 
696.06 674.25 4025.37 0.28 
550.04 690.78 3872.02 0.44 
611.98 574.92 3978.35 0.35 
568.02 567.86 3484.27 0.34 
653.30 622.89 4776.40 0.44 
543.72 681.92 4242.92 0.53 
545.42 753.01 4408.54 0.39 
627.12 714.97 2703.93 0.35 
542.12 590.11 3569.23 0.35 
556.33 572.85 3974.49 0.42 
572.77 543.01 3314.48 0.24 
556.72 662.85 4728.14 0.20 
654.74 691.07 3818.57 0.49 
649.04 547.70 4165.86 0.42 
678.68 667.41 3526.46 0.40 
550.05 541.62 3414.28 0.32 
781.72 757.34 4359.64 0.38 
667.53 648.84 5027.90 0.47 
622.82 578.06 5413.46 0.34 
719.46 568.42 3511.09 0.53 
758.99 583.51 4048.38 0.29 
645.52 554.19 3622.66 0.43 
540.13 595.60 3696.43 0.31 
618.15 570.32 4360.05 0.53 
553.90 636.13 3831.27 0.40 
557.19 596.58 2582.08 0.26 
638.35 741.18 3838.17 0.52 
666.25 647.08 2447.05 0.48 
584.16 676.90 4635.01 0.37 
644.92 613.37 3867.20 0.36 
87 82 41 90 60 6 16 58 46 9 54 39 24 55 43 64 75 32 45 38 56 77 10 15 86 71 76 40 30 17 28 91 52 59 95 70 36 42 63 47 21 1 93 85 2 74 96 73 26 69 61 79 23 84 11 99 49 101 89 4 100 20 22 13 50 67 94 37 81 97 80 18 25 62 14 19 3 33 8 51 72 5 12 27 66 68 78 34 7 53 98 44 35 92 29 31 88 57 83 65 48 
Best fitness: 3.47
18 64 39 2 52 43 55 24 75 36 58 3 60 54 90 74 25 80 42 6 4 9 32 97 14 46 95 93 30 49 86 71 11 29 51 99 89 62 19 16 27 20 79 84 26 77 96 47 81 63 21 87 41 101 48 8 50 45 73 56 67 70 1 17 44 91 98 53 15 10 100 76 40 23 68 13 78 65 61 66 22 69 34 72 31 57 85 82 37 38 7 12 33 5 92 83 94 59 28 88 35 
Worst fitness: 4.06

Mean: 3.79

Standard deviation: 0.02
