614.69 550.88 3807.17 0.48 
634.86 758.68 4088.10 0.36 
672.12 586.93 4024.73 0.32 
627.13 584.72 3370.26 0.38 
612.70 557.11 2418.29 0.35 
696.09 797.72 3667.19 0.44 
589.60 635.38 4008.71 0.48 
610.62 626.54 4571.06 0.52 
586.59 549.80 4690.49 0.46 
561.25 661.29 3654.90 0.46 
761.05 723.74 3566.62 0.36 
569.68 572.03 5252.93 0.37 
608.49 554.48 3969.20 0.36 
540.03 547.96 5233.18 0.41 
693.22 808.71 3915.38 0.45 
677.95 751.75 4367.20 0.57 
841.57 602.36 4320.75 0.31 
755.74 653.34 5446.00 0.39 
551.10 686.86 4923.11 0.65 
694.04 656.97 4678.52 0.53 
569.96 619.13 3388.76 0.35 
687.98 745.16 4229.74 0.53 
552.27 544.33 4015.99 0.56 
546.99 678.95 3988.01 0.29 
721.73 639.83 4042.94 0.38 
630.45 712.16 3228.39 0.28 
614.93 682.58 2917.76 0.28 
573.39 545.20 4168.49 0.50 
578.03 749.06 2790.72 0.37 
542.96 630.71 4748.12 0.37 
656.22 553.98 3329.96 0.63 
14 23 28 1 31 5 13 9 12 4 8 7 21 10 24 19 29 2 16 22 6 15 26 20 25 11 18 27 30 3 17 
Fitness: 0.53


Mean: 0.54

Standard deviation: 0.00
14 23 28 1 31 5 13 9 12 4 8 7 21 10 24 19 29 2 16 22 6 15 26 20 25 11 18 3 30 27 17 
Fitness: 0.53


Mean: 0.54

Standard deviation: 0.00
14 23 28 1 31 5 13 9 12 4 8 7 21 10 24 19 29 2 16 22 6 15 26 20 25 11 18 3 30 27 17 
Fitness: 0.53


Mean: 0.54

Standard deviation: 0.00
14 23 28 1 31 5 13 9 12 4 8 7 21 10 24 19 29 2 16 22 6 15 26 20 25 11 18 3 30 27 17 
Fitness: 0.53


Mean: 0.54

Standard deviation: 0.00
14 23 28 1 31 5 13 9 12 4 8 7 21 10 24 19 29 2 16 22 6 15 26 20 25 11 18 3 30 27 17 
Fitness: 0.53


Mean: 0.54

Standard deviation: 0.00
14 23 28 1 31 5 13 9 12 4 8 7 21 10 24 19 29 2 16 22 6 15 26 20 25 11 18 3 30 27 17 
Fitness: 0.53


Mean: 0.54

Standard deviation: 0.00
14 23 28 1 31 5 13 9 12 4 8 7 21 10 24 19 29 2 16 22 6 15 26 20 25 11 18 3 30 27 17 
Fitness: 0.53


Mean: 0.54

Standard deviation: 0.00
14 23 28 1 31 5 13 9 12 4 8 7 21 10 24 19 29 2 16 22 6 15 26 20 25 11 18 3 30 27 17 
Fitness: 0.53


Mean: 0.54

Standard deviation: 0.00
14 23 28 1 31 5 13 9 12 4 8 7 21 10 24 19 29 2 16 22 6 15 26 20 25 11 18 3 30 27 17 
Fitness: 0.53


Mean: 0.54

Standard deviation: 0.00
14 23 28 1 31 5 13 9 12 4 8 7 21 10 24 19 29 2 16 22 6 15 26 20 25 11 18 3 30 27 17 
Fitness: 0.53


Mean: 0.54

Standard deviation: 0.00
14 23 28 1 31 5 13 9 12 4 8 7 21 10 24 19 29 2 16 22 6 15 26 20 25 11 18 3 30 27 17 
Fitness: 0.53


Mean: 0.54

Standard deviation: 0.00
14 23 28 1 31 5 13 9 12 4 8 7 21 10 24 19 29 2 16 22 6 15 26 20 25 11 18 3 30 27 17 
Fitness: 0.53


Mean: 0.54

Standard deviation: 0.00
14 23 28 1 31 5 13 9 12 4 8 7 21 10 24 19 29 2 16 22 6 15 26 20 25 11 18 3 30 27 17 
Fitness: 0.53


Mean: 0.54

Standard deviation: 0.00
14 23 28 1 31 5 13 9 12 4 8 7 21 10 24 19 29 2 16 22 6 15 26 20 25 11 18 3 30 27 17 
Fitness: 0.53


Mean: 0.54

Standard deviation: 0.00
14 23 28 1 31 5 13 9 12 4 8 7 21 10 24 19 29 2 16 22 6 15 26 20 25 11 18 3 30 27 17 
Fitness: 0.53


Mean: 0.54

Standard deviation: 0.00
14 23 28 1 31 5 13 9 12 4 8 7 21 10 24 19 29 2 16 22 6 15 26 20 25 11 18 3 30 27 17 
Fitness: 0.53


Mean: 0.54

Standard deviation: 0.00
14 23 28 1 31 5 13 9 12 4 8 7 21 10 24 19 29 2 16 22 6 15 26 20 25 11 18 3 30 27 17 
Fitness: 0.53


Mean: 0.54

Standard deviation: 0.00
14 23 28 1 31 5 13 9 12 4 8 7 21 10 24 19 29 2 16 22 6 15 26 20 25 11 18 3 30 27 17 
Fitness: 0.53


Mean: 0.54

Standard deviation: 0.00
14 23 28 1 31 5 13 9 12 4 8 7 21 10 24 19 29 2 16 22 6 15 26 20 25 11 18 3 30 27 17 
Fitness: 0.53


Mean: 0.54

Standard deviation: 0.00
14 23 28 1 31 5 13 9 12 4 8 7 21 10 24 19 29 2 16 22 6 15 26 20 25 11 18 3 30 27 17 
Fitness: 0.53


Mean: 0.54

Standard deviation: 0.00
14 23 28 1 31 5 13 9 12 4 8 7 21 10 24 19 29 2 16 22 6 15 26 20 25 11 18 3 30 27 17 
Fitness: 0.53


Mean: 0.54

Standard deviation: 0.00
14 23 28 1 31 5 13 9 12 4 8 7 21 10 24 19 29 2 16 22 6 15 26 20 25 11 18 3 30 27 17 
Fitness: 0.53


Mean: 0.54

Standard deviation: 0.00
14 23 28 1 31 5 13 9 12 4 8 7 21 10 24 19 29 2 16 22 6 15 26 20 25 11 18 3 30 27 17 
Fitness: 0.53


Mean: 0.54

Standard deviation: 0.00
14 23 28 1 31 5 13 9 12 4 8 7 21 10 24 19 29 2 16 22 6 15 26 20 25 11 18 3 30 27 17 
Fitness: 0.53


Mean: 0.54

Standard deviation: 0.00
14 23 28 1 31 5 13 9 12 4 8 7 21 10 24 19 29 2 16 22 6 15 26 20 25 11 18 3 30 27 17 
Fitness: 0.53


Mean: 0.54

Standard deviation: 0.00
14 23 28 1 31 5 13 9 12 4 8 7 21 10 24 19 29 2 16 22 6 15 26 20 25 11 18 3 30 27 17 
Fitness: 0.53


Mean: 0.54

Standard deviation: 0.00
14 23 28 1 31 5 13 9 12 4 8 7 21 10 24 19 29 2 16 22 6 15 26 20 25 11 18 3 30 27 17 
Fitness: 0.53


Mean: 0.54

Standard deviation: 0.00
14 23 28 1 31 5 13 9 12 4 8 7 21 10 24 19 29 2 16 22 6 15 26 20 25 11 18 3 30 27 17 
Fitness: 0.53


Mean: 0.54

Standard deviation: 0.00
14 23 28 1 31 5 13 9 12 4 8 7 21 10 24 19 29 2 16 22 6 15 26 20 25 11 18 3 30 27 17 
Fitness: 0.53


Mean: 0.54

Standard deviation: 0.00
14 23 28 1 31 5 13 9 12 4 8 7 21 10 24 19 29 2 16 22 6 15 26 20 25 11 18 3 30 27 17 
Fitness: 0.53


Mean: 0.54

Standard deviation: 0.00
14 23 28 1 31 5 13 9 12 4 8 7 21 10 24 19 29 2 16 22 6 15 26 20 25 11 18 3 30 27 17 
Fitness: 0.53


Mean: 0.54

Standard deviation: 0.00
14 23 28 1 31 5 13 9 12 4 8 7 21 10 24 19 29 2 16 22 6 15 26 20 25 11 18 3 30 27 17 
Fitness: 0.53


Mean: 0.54

Standard deviation: 0.00
14 23 28 1 31 5 13 9 12 4 8 7 21 10 24 19 29 2 16 22 6 15 26 20 25 11 18 3 30 27 17 
Fitness: 0.53


Mean: 0.54

Standard deviation: 0.00
14 23 28 1 31 5 13 9 12 4 8 7 21 10 24 19 29 2 16 22 6 15 26 20 25 11 18 3 30 27 17 
Fitness: 0.53


Mean: 0.54

Standard deviation: 0.00
14 23 28 1 31 5 13 9 12 4 8 7 21 10 24 19 29 2 16 22 6 15 26 20 25 11 18 3 30 27 17 
Fitness: 0.53


Mean: 0.54

Standard deviation: 0.00
14 23 28 1 31 5 13 9 12 4 8 7 21 10 24 19 29 2 16 22 6 15 26 20 25 11 18 3 30 27 17 
Fitness: 0.53


Mean: 0.54

Standard deviation: 0.00
14 23 28 1 31 5 13 9 12 4 8 7 21 10 24 19 29 2 16 22 6 15 26 20 25 11 18 3 30 27 17 
Fitness: 0.53


Mean: 0.54

Standard deviation: 0.00
14 23 28 1 31 5 13 9 12 4 8 7 21 10 24 19 29 2 16 22 6 15 26 20 25 11 18 3 30 27 17 
Fitness: 0.53


Mean: 0.54

Standard deviation: 0.00
14 23 28 1 31 5 13 9 12 4 8 7 21 10 24 19 29 2 16 22 6 15 26 20 25 11 18 3 30 27 17 
Fitness: 0.53


Mean: 0.54

Standard deviation: 0.00
14 23 28 1 31 5 13 9 12 4 8 7 21 10 24 19 29 2 16 22 6 15 26 20 25 11 18 3 30 27 17 
Fitness: 0.53


Mean: 0.54

Standard deviation: 0.00
14 23 28 1 31 5 13 9 12 4 8 7 21 10 24 19 29 2 16 22 6 15 26 20 25 11 18 3 30 27 17 
Fitness: 0.53


Mean: 0.54

Standard deviation: 0.00
14 23 28 1 31 5 13 9 12 4 8 7 21 10 24 19 29 2 16 22 6 15 26 20 25 11 18 3 30 27 17 
Fitness: 0.53


Mean: 0.54

Standard deviation: 0.00
14 23 28 1 31 5 13 9 12 4 8 7 21 10 24 19 29 2 16 22 6 15 26 20 25 11 18 3 30 27 17 
Fitness: 0.53


Mean: 0.54

Standard deviation: 0.00
14 23 28 1 31 5 13 9 12 4 8 7 21 10 24 19 29 2 16 22 6 15 26 20 25 11 18 3 30 27 17 
Fitness: 0.53


Mean: 0.54

Standard deviation: 0.00
14 23 28 1 31 5 13 9 12 4 8 7 21 10 24 19 29 2 16 22 6 15 26 20 25 11 18 3 30 27 17 
Fitness: 0.53


Mean: 0.54

Standard deviation: 0.00
14 23 28 1 31 5 13 9 12 4 8 7 21 10 24 19 29 2 16 22 6 15 26 20 25 11 18 3 30 27 17 
Fitness: 0.53


Mean: 0.54

Standard deviation: 0.00
14 23 28 1 31 5 13 9 12 4 8 7 21 10 24 19 29 2 16 22 6 15 26 20 25 11 18 3 30 27 17 
Fitness: 0.53


Mean: 0.54

Standard deviation: 0.00
14 23 28 1 31 5 13 9 12 4 8 7 21 10 24 19 29 2 16 22 6 15 26 20 25 11 18 3 30 27 17 
Fitness: 0.53


Mean: 0.54

Standard deviation: 0.00
14 23 28 1 31 5 13 9 12 4 8 7 21 10 24 19 29 2 16 22 6 15 26 20 25 11 18 3 30 27 17 
Fitness: 0.53


Mean: 0.54

Standard deviation: 0.00
14 23 28 1 31 5 13 9 12 4 8 7 21 10 24 19 29 2 16 22 6 15 26 20 25 11 18 3 30 27 17 
Fitness: 0.53


Mean: 0.54

Standard deviation: 0.00
14 23 28 1 31 5 13 9 12 4 8 7 21 10 24 19 29 2 16 22 6 15 26 20 25 11 18 3 30 27 17 
Fitness: 0.53


Mean: 0.54

Standard deviation: 0.00
14 23 28 1 31 5 13 9 12 4 8 7 21 10 24 19 29 2 16 22 6 15 26 20 25 11 18 3 30 27 17 
Fitness: 0.53


Mean: 0.54

Standard deviation: 0.00
14 23 28 1 31 5 13 9 12 4 8 7 21 10 24 19 29 2 16 22 6 15 26 20 25 11 18 3 30 27 17 
Fitness: 0.53


Mean: 0.54

Standard deviation: 0.00
14 23 28 1 31 5 13 9 12 4 8 7 21 10 24 19 29 2 16 22 6 15 26 20 25 11 18 3 30 27 17 
Fitness: 0.53


Mean: 0.54

Standard deviation: 0.00
14 23 28 1 31 5 13 9 12 4 8 7 21 10 24 19 29 2 16 22 6 15 26 20 25 11 18 3 30 27 17 
Fitness: 0.53


Mean: 0.54

Standard deviation: 0.00
14 23 28 1 31 5 13 9 12 4 8 7 21 10 24 19 29 2 16 22 6 15 26 20 25 11 18 3 30 27 17 
Fitness: 0.53


Mean: 0.54

Standard deviation: 0.00
14 23 28 1 31 5 13 9 12 4 8 7 21 10 24 19 29 2 16 22 6 15 26 20 25 11 18 3 30 27 17 
Fitness: 0.53


Mean: 0.54

Standard deviation: 0.00
14 23 28 1 31 5 13 9 12 4 8 7 21 10 24 19 29 2 16 22 6 15 26 20 25 11 18 3 30 27 17 
Fitness: 0.53


Mean: 0.54

Standard deviation: 0.00
14 23 28 1 31 5 13 9 12 4 8 7 21 10 24 19 29 2 16 22 6 15 26 20 25 11 18 3 30 27 17 
Fitness: 0.53


Mean: 0.54

Standard deviation: 0.00
14 23 28 1 31 5 13 9 12 4 8 7 21 10 24 19 29 2 16 22 6 15 26 20 25 11 18 3 30 27 17 
Fitness: 0.53


Mean: 0.54

Standard deviation: 0.00
14 23 28 1 31 5 13 9 12 4 8 7 21 10 24 19 29 2 16 22 6 15 26 20 25 11 18 3 30 27 17 
Fitness: 0.53


Mean: 0.54

Standard deviation: 0.00
14 23 28 1 31 5 13 9 12 4 8 7 21 10 24 19 29 2 16 22 6 15 26 20 25 11 18 3 30 27 17 
Fitness: 0.53


Mean: 0.54

Standard deviation: 0.00
14 23 28 1 31 5 13 9 12 4 8 7 21 10 24 19 29 2 16 22 6 15 26 20 25 11 18 3 30 27 17 
Fitness: 0.53


Mean: 0.54

Standard deviation: 0.00
14 23 28 1 31 5 13 9 12 4 8 7 21 10 24 19 29 2 16 22 6 15 26 20 25 11 18 3 30 27 17 
Fitness: 0.53


Mean: 0.54

Standard deviation: 0.00
14 23 28 1 31 5 13 9 12 4 8 7 21 10 24 19 29 2 16 22 6 15 26 20 25 11 18 3 30 27 17 
Fitness: 0.53


Mean: 0.54

Standard deviation: 0.00
14 23 28 1 31 5 13 9 12 4 8 7 21 10 24 19 29 2 16 22 6 15 26 20 25 11 18 3 30 27 17 
Fitness: 0.53


Mean: 0.54

Standard deviation: 0.00
14 23 28 1 31 5 13 9 12 4 8 7 21 10 24 19 29 2 16 22 6 15 26 20 25 11 18 3 30 27 17 
Fitness: 0.53


Mean: 0.54

Standard deviation: 0.00
14 23 28 1 31 5 13 9 12 4 8 7 21 10 24 19 29 2 16 22 6 15 26 20 25 11 18 3 30 27 17 
Fitness: 0.53


Mean: 0.54

Standard deviation: 0.00
14 23 28 1 31 5 13 9 12 4 8 7 21 10 24 19 29 2 16 22 6 15 26 20 25 11 18 3 30 27 17 
Fitness: 0.53


Mean: 0.54

Standard deviation: 0.00
14 23 28 1 31 5 13 9 12 4 8 7 21 10 24 19 29 2 16 22 6 15 26 20 25 11 18 3 30 27 17 
Fitness: 0.53


Mean: 0.54

Standard deviation: 0.00
14 23 28 1 31 5 13 9 12 4 8 7 21 10 24 19 29 2 16 22 6 15 26 20 25 11 18 3 30 27 17 
Fitness: 0.53


Mean: 0.54

Standard deviation: 0.00
14 23 28 1 31 5 13 9 12 4 8 7 21 10 24 19 29 2 16 22 6 15 26 20 25 11 18 3 30 27 17 
Fitness: 0.53


Mean: 0.54

Standard deviation: 0.00
14 23 28 1 31 5 13 9 12 4 8 7 21 10 24 19 29 2 16 22 6 15 26 20 25 11 18 3 30 27 17 
Fitness: 0.53


Mean: 0.54

Standard deviation: 0.00
14 23 28 1 31 5 13 9 12 4 8 7 21 10 24 19 29 2 16 22 6 15 26 20 25 11 18 3 30 27 17 
Fitness: 0.53


Mean: 0.54

Standard deviation: 0.00
14 23 28 1 31 5 13 9 12 4 8 7 21 10 24 19 29 2 16 22 6 15 26 20 25 11 18 3 30 27 17 
Fitness: 0.53


Mean: 0.54

Standard deviation: 0.00
14 23 28 1 31 5 13 9 12 4 8 7 21 10 24 19 29 2 16 22 6 15 26 20 25 11 18 3 30 27 17 
Fitness: 0.53


Mean: 0.54

Standard deviation: 0.00
14 23 28 1 31 5 13 9 12 4 8 7 21 10 24 19 29 2 16 22 6 15 26 20 25 11 18 3 30 27 17 
Fitness: 0.53


Mean: 0.54

Standard deviation: 0.00
14 23 28 1 31 5 13 9 12 4 8 7 21 10 24 19 29 2 16 22 6 15 26 20 25 11 18 3 30 27 17 
Fitness: 0.53


Mean: 0.54

Standard deviation: 0.00
14 23 28 1 31 5 13 9 12 4 8 7 21 10 24 19 29 2 16 22 6 15 26 20 25 11 18 3 30 27 17 
Fitness: 0.53


Mean: 0.54

Standard deviation: 0.00
14 23 28 1 31 5 13 9 12 4 8 7 21 10 24 19 29 2 16 22 6 15 26 20 25 11 18 3 30 27 17 
Fitness: 0.53


Mean: 0.54

Standard deviation: 0.00
14 23 28 1 31 5 13 9 12 4 8 7 21 10 24 19 29 2 16 22 6 15 26 20 25 11 18 3 30 27 17 
Fitness: 0.53


Mean: 0.54

Standard deviation: 0.00
14 23 28 1 31 5 13 9 12 4 8 7 21 10 24 19 29 2 16 22 6 15 26 20 25 11 18 3 30 27 17 
Fitness: 0.53


Mean: 0.54

Standard deviation: 0.00
14 23 28 1 31 5 13 9 12 4 8 7 21 10 24 19 29 2 16 22 6 15 26 20 25 11 18 3 30 27 17 
Fitness: 0.53


Mean: 0.54

Standard deviation: 0.00
14 23 28 1 31 5 13 9 12 4 8 7 21 10 24 19 29 2 16 22 6 15 26 20 25 11 18 3 30 27 17 
Fitness: 0.53


Mean: 0.54

Standard deviation: 0.00
14 23 28 1 31 5 13 9 12 4 8 7 21 10 24 19 29 2 16 22 6 15 26 20 25 11 18 3 30 27 17 
Fitness: 0.53


Mean: 0.54

Standard deviation: 0.00
14 23 28 1 31 5 13 9 12 4 8 7 21 10 24 19 29 2 16 22 6 15 26 20 25 11 18 3 30 27 17 
Fitness: 0.53


Mean: 0.54

Standard deviation: 0.00
14 23 28 1 31 5 13 9 12 4 8 7 21 10 24 19 29 2 16 22 6 15 26 20 25 11 18 3 30 27 17 
Fitness: 0.53


Mean: 0.54

Standard deviation: 0.00
14 23 28 1 31 5 13 9 12 4 8 7 21 10 24 19 29 2 16 22 6 15 26 20 25 11 18 3 30 27 17 
Fitness: 0.53


Mean: 0.54

Standard deviation: 0.00
14 23 28 1 31 5 13 9 12 4 8 7 21 10 24 19 29 2 16 22 6 15 26 20 25 11 18 3 30 27 17 
Fitness: 0.53


Mean: 0.54

Standard deviation: 0.00
14 23 28 1 31 5 13 9 12 4 8 7 21 10 24 19 29 2 16 22 6 15 26 20 25 11 18 3 30 27 17 
Fitness: 0.53


Mean: 0.54

Standard deviation: 0.00
14 23 28 1 31 5 13 9 12 4 8 7 21 10 24 19 29 2 16 22 6 15 26 20 25 11 18 3 30 27 17 
Fitness: 0.53


Mean: 0.54

Standard deviation: 0.00
14 23 28 1 31 5 13 9 12 4 8 7 21 10 24 19 29 2 16 22 6 15 26 20 25 11 18 3 30 27 17 
Fitness: 0.53


Mean: 0.54

Standard deviation: 0.00
14 23 28 1 31 5 13 9 12 4 8 7 21 10 24 19 29 2 16 22 6 15 26 20 25 11 18 3 30 27 17 
Fitness: 0.53


Mean: 0.54

Standard deviation: 0.00
14 23 28 1 31 5 13 9 12 4 8 7 21 10 24 19 29 2 16 22 6 15 26 20 25 11 18 3 30 27 17 
Fitness: 0.53


Mean: 0.54

Standard deviation: 0.00
14 23 28 1 31 5 13 9 12 4 8 7 21 10 24 19 29 2 16 22 6 15 26 20 25 11 18 3 30 27 17 
Fitness: 0.53


Mean: 0.54

Standard deviation: 0.00
14 23 28 1 31 5 13 9 12 4 8 7 21 10 24 19 29 2 16 22 6 15 26 20 25 11 18 3 30 27 17 
Fitness: 0.53


Mean: 0.54

Standard deviation: 0.00
14 23 28 1 31 5 13 9 12 4 8 7 21 10 24 19 29 2 16 22 6 15 26 20 25 11 18 3 30 27 17 
Fitness: 0.53


Mean: 0.54

Standard deviation: 0.00
14 23 28 1 31 5 13 9 12 4 8 7 21 10 24 19 29 2 16 22 6 15 26 20 25 11 18 3 30 27 17 
Fitness: 0.53


Mean: 0.54

Standard deviation: 0.00
14 23 28 1 31 5 13 9 12 4 8 7 21 10 24 19 29 2 16 22 6 15 26 20 25 11 18 3 30 27 17 
Fitness: 0.53


Mean: 0.54

Standard deviation: 0.00
14 23 28 1 31 5 13 9 12 4 8 7 21 10 24 19 29 2 16 22 6 15 26 20 25 11 18 3 30 27 17 
Fitness: 0.53


Mean: 0.54

Standard deviation: 0.00
14 23 28 1 31 5 13 9 12 4 8 7 21 10 24 19 29 2 16 22 6 15 26 20 25 11 18 3 30 27 17 
Fitness: 0.53


Mean: 0.54

Standard deviation: 0.00
14 23 28 1 31 5 13 9 12 4 8 7 21 10 24 19 29 2 16 22 6 15 26 20 25 11 18 3 30 27 17 
Fitness: 0.53


Mean: 0.54

Standard deviation: 0.00
14 23 28 1 31 5 13 9 12 4 8 7 21 10 24 19 29 2 16 22 6 15 26 20 25 11 18 3 30 27 17 
Fitness: 0.53


Mean: 0.54

Standard deviation: 0.00
14 23 28 1 31 5 13 9 12 4 8 7 21 10 24 19 29 2 16 22 6 15 26 20 25 11 18 3 30 27 17 
Fitness: 0.53


Mean: 0.54

Standard deviation: 0.00
14 23 28 1 31 5 13 9 12 4 8 7 21 10 24 19 29 2 16 22 6 15 26 20 25 11 18 3 30 27 17 
Fitness: 0.53


Mean: 0.54

Standard deviation: 0.00
14 23 28 1 31 5 13 9 12 4 8 7 21 10 24 19 29 2 16 22 6 15 26 20 25 11 18 3 30 27 17 
Fitness: 0.53


Mean: 0.54

Standard deviation: 0.00
14 23 28 1 31 5 13 9 12 4 8 7 21 10 24 19 29 2 16 22 6 15 26 20 25 11 18 3 30 27 17 
Fitness: 0.53


Mean: 0.54

Standard deviation: 0.00
14 23 28 1 31 5 13 9 12 4 8 7 21 10 24 19 29 2 16 22 6 15 26 20 25 11 18 3 30 27 17 
Fitness: 0.53


Mean: 0.54

Standard deviation: 0.00
14 23 28 1 31 5 13 9 12 4 8 7 21 10 24 19 29 2 16 22 6 15 26 20 25 11 18 3 30 27 17 
Fitness: 0.53


Mean: 0.54

Standard deviation: 0.00
14 23 28 1 31 5 13 9 12 4 8 7 21 10 24 19 29 2 16 22 6 15 26 20 25 11 18 3 30 27 17 
Fitness: 0.53


Mean: 0.54

Standard deviation: 0.00
14 23 28 1 31 5 13 9 12 4 8 7 21 10 24 19 29 2 16 22 6 15 26 20 25 11 18 3 30 27 17 
Fitness: 0.53


Mean: 0.54

Standard deviation: 0.00
14 23 28 1 31 5 13 9 12 4 8 7 21 10 24 19 29 2 16 22 6 15 26 20 25 11 18 3 30 27 17 
Fitness: 0.53


Mean: 0.54

Standard deviation: 0.00
14 23 28 1 31 5 13 9 12 4 8 7 21 10 24 19 29 2 16 22 6 15 26 20 25 11 18 3 30 27 17 
Fitness: 0.53


Mean: 0.54

Standard deviation: 0.00
14 23 28 1 31 5 13 9 12 4 8 7 21 10 24 19 29 2 16 22 6 15 26 20 25 11 18 3 30 27 17 
Fitness: 0.53


Mean: 0.54

Standard deviation: 0.00
14 23 28 1 31 5 13 9 12 4 8 7 21 10 24 19 29 2 16 22 6 15 26 20 25 11 18 3 30 27 17 
Fitness: 0.53


Mean: 0.54

Standard deviation: 0.00
14 23 28 1 31 5 13 9 12 4 8 7 21 10 24 19 29 2 16 22 6 15 26 20 25 11 18 3 30 27 17 
Fitness: 0.53


Mean: 0.54

Standard deviation: 0.00
14 23 28 1 31 5 13 9 12 4 8 7 21 10 24 19 29 2 16 22 6 15 26 20 25 11 18 3 30 27 17 
Fitness: 0.53


Mean: 0.54

Standard deviation: 0.00
14 23 28 1 31 5 13 9 12 4 8 7 21 10 24 19 29 2 16 22 6 15 26 20 25 11 18 3 30 27 17 
Fitness: 0.53


Mean: 0.54

Standard deviation: 0.00
14 23 28 1 31 5 13 9 12 4 8 7 21 10 24 19 29 2 16 22 6 15 26 20 25 11 18 3 30 27 17 
Fitness: 0.53


Mean: 0.54

Standard deviation: 0.00
14 23 28 1 31 5 13 9 12 4 8 7 21 10 24 19 29 2 16 22 6 15 26 20 25 11 18 3 30 27 17 
Fitness: 0.53


Mean: 0.54

Standard deviation: 0.00
14 23 28 1 31 5 13 9 12 4 8 7 21 10 24 19 29 2 16 22 6 15 26 20 25 11 18 3 30 27 17 
Fitness: 0.53


Mean: 0.54

Standard deviation: 0.00
14 23 28 1 31 5 13 9 12 4 8 7 21 10 24 19 29 2 16 22 6 15 26 20 25 11 18 3 30 27 17 
Fitness: 0.53


Mean: 0.54

Standard deviation: 0.00
14 23 28 1 31 5 13 9 12 4 8 7 21 10 24 19 29 2 16 22 6 15 26 20 25 11 18 3 30 27 17 
Fitness: 0.53


Mean: 0.54

Standard deviation: 0.00
14 23 28 1 31 5 13 9 12 4 8 7 21 10 24 19 29 2 16 22 6 15 26 20 25 11 18 3 30 27 17 
Fitness: 0.53


Mean: 0.54

Standard deviation: 0.00
14 23 28 1 31 5 13 9 12 4 8 7 21 10 24 19 29 2 16 22 6 15 26 20 25 11 18 3 30 27 17 
Fitness: 0.53


Mean: 0.54

Standard deviation: 0.00
14 23 28 1 31 5 13 9 12 4 8 7 21 10 24 19 29 2 16 22 6 15 26 20 25 11 18 3 30 27 17 
Fitness: 0.53


Mean: 0.54

Standard deviation: 0.00
14 23 28 1 31 5 13 9 12 4 8 7 21 10 24 19 29 2 16 22 6 15 26 20 25 11 18 3 30 27 17 
Fitness: 0.53


Mean: 0.54

Standard deviation: 0.00
14 23 28 1 31 5 13 9 12 4 8 7 21 10 24 19 29 2 16 22 6 15 26 20 25 11 18 3 30 27 17 
Fitness: 0.53


Mean: 0.54

Standard deviation: 0.00
14 23 28 1 31 5 13 9 12 4 8 7 21 10 24 19 29 2 16 22 6 15 26 20 25 11 18 3 30 27 17 
Fitness: 0.53


Mean: 0.54

Standard deviation: 0.00
14 23 28 1 31 5 13 9 12 4 8 7 21 10 24 19 29 2 16 22 6 15 26 20 25 11 18 3 30 27 17 
Fitness: 0.53


Mean: 0.54

Standard deviation: 0.00
14 23 28 1 31 5 13 9 12 4 8 7 21 10 24 19 29 2 16 22 6 15 26 20 25 11 18 3 30 27 17 
Fitness: 0.53


Mean: 0.54

Standard deviation: 0.00
14 23 28 1 31 5 13 9 12 4 8 7 21 10 24 19 29 2 16 22 6 15 26 20 25 11 18 3 30 27 17 
Fitness: 0.53


Mean: 0.54

Standard deviation: 0.00
14 23 28 1 31 5 13 9 12 4 8 7 21 10 24 19 29 2 16 22 6 15 26 20 25 11 18 3 30 27 17 
Fitness: 0.53


Mean: 0.54

Standard deviation: 0.00
14 23 28 1 31 5 13 9 12 4 8 7 21 10 24 19 29 2 16 22 6 15 26 20 25 11 18 3 30 27 17 
Fitness: 0.53


Mean: 0.54

Standard deviation: 0.00
14 23 28 1 31 5 13 9 12 4 8 7 21 10 24 19 29 2 16 22 6 15 26 20 25 11 18 3 30 27 17 
Fitness: 0.53


Mean: 0.54

Standard deviation: 0.00
14 23 28 1 31 5 13 9 12 4 8 7 21 10 24 19 29 2 16 22 6 15 26 20 25 11 18 3 30 27 17 
Fitness: 0.53


Mean: 0.54

Standard deviation: 0.00
14 23 28 1 31 5 13 9 12 4 8 7 21 10 24 19 29 2 16 22 6 15 26 20 25 11 18 3 30 27 17 
Fitness: 0.53


Mean: 0.54

Standard deviation: 0.00
14 23 28 1 31 5 13 9 12 4 8 7 21 10 24 19 29 2 16 22 6 15 26 20 25 11 18 3 30 27 17 
Fitness: 0.53


Mean: 0.54

Standard deviation: 0.00
14 23 28 1 31 5 13 9 12 4 8 7 21 10 24 19 29 2 16 22 6 15 26 20 25 11 18 3 30 27 17 
Fitness: 0.53


Mean: 0.54

Standard deviation: 0.00
14 23 28 1 31 5 13 9 12 4 8 7 21 10 24 19 29 2 16 22 6 15 26 20 25 11 18 3 30 27 17 
Fitness: 0.53


Mean: 0.54

Standard deviation: 0.00
14 23 28 1 31 5 13 9 12 4 8 7 21 10 24 19 29 2 16 22 6 15 26 20 25 11 18 3 30 27 17 
Fitness: 0.53


Mean: 0.54

Standard deviation: 0.00
14 23 28 1 31 5 13 9 12 4 8 7 21 10 24 19 29 2 16 22 6 15 26 20 25 11 18 3 30 27 17 
Fitness: 0.53


Mean: 0.54

Standard deviation: 0.00
14 23 28 1 31 5 13 9 12 4 8 7 21 10 24 19 29 2 16 22 6 15 26 20 25 11 18 3 30 27 17 
Fitness: 0.53


Mean: 0.54

Standard deviation: 0.00
14 23 28 1 31 5 13 9 12 4 8 7 21 10 24 19 29 2 16 22 6 15 26 20 25 11 18 3 30 27 17 
Fitness: 0.53


Mean: 0.54

Standard deviation: 0.00
14 23 28 1 31 5 13 9 12 4 8 7 21 10 24 19 29 2 16 22 6 15 26 20 25 11 18 3 30 27 17 
Fitness: 0.53


Mean: 0.54

Standard deviation: 0.00
14 23 28 1 31 5 13 9 12 4 8 7 21 10 24 19 29 2 16 22 6 15 26 20 25 11 18 3 30 27 17 
Fitness: 0.53


Mean: 0.54

Standard deviation: 0.00
14 23 28 1 31 5 13 9 12 4 8 7 21 10 24 19 29 2 16 22 6 15 26 20 25 11 18 3 30 27 17 
Fitness: 0.53


Mean: 0.54

Standard deviation: 0.00
14 23 28 1 31 5 13 9 12 4 8 7 21 10 24 19 29 2 16 22 6 15 26 20 25 11 18 3 30 27 17 
Fitness: 0.53


Mean: 0.54

Standard deviation: 0.00
14 23 28 1 31 5 13 9 12 4 8 7 21 10 24 19 29 2 16 22 6 15 26 20 25 11 18 3 30 27 17 
Fitness: 0.53


Mean: 0.54

Standard deviation: 0.00
14 23 28 1 31 5 13 9 12 4 8 7 21 10 24 19 29 2 16 22 6 15 26 20 25 11 18 3 30 27 17 
Fitness: 0.53


Mean: 0.54

Standard deviation: 0.00
14 23 28 1 31 5 13 9 12 4 8 7 21 10 24 19 29 2 16 22 6 15 26 20 25 11 18 3 30 27 17 
Fitness: 0.53


Mean: 0.54

Standard deviation: 0.00
14 23 28 1 31 5 13 9 12 4 8 7 21 10 24 19 29 2 16 22 6 15 26 20 25 11 18 3 30 27 17 
Fitness: 0.53


Mean: 0.54

Standard deviation: 0.00
14 23 28 1 31 5 13 9 12 4 8 7 21 10 24 19 29 2 16 22 6 15 26 20 25 11 18 3 30 27 17 
Fitness: 0.53


Mean: 0.54

Standard deviation: 0.00
14 23 28 1 31 5 13 9 12 4 8 7 21 10 24 19 29 2 16 22 6 15 26 20 25 11 18 3 30 27 17 
Fitness: 0.53


Mean: 0.54

Standard deviation: 0.00
14 23 28 1 31 5 13 9 12 4 8 7 21 10 24 19 29 2 16 22 6 15 26 20 25 11 18 3 30 27 17 
Fitness: 0.53


Mean: 0.54

Standard deviation: 0.00
14 23 28 1 31 5 13 9 12 4 8 7 21 10 24 19 29 2 16 22 6 15 26 20 25 11 18 3 30 27 17 
Fitness: 0.53


Mean: 0.54

Standard deviation: 0.00
14 23 28 1 31 5 13 9 12 4 8 7 21 10 24 19 29 2 16 22 6 15 26 20 25 11 18 3 30 27 17 
Fitness: 0.53


Mean: 0.54

Standard deviation: 0.00
14 23 28 1 31 5 13 9 12 4 8 7 21 10 24 19 29 2 16 22 6 15 26 20 25 11 18 3 30 27 17 
Fitness: 0.53


Mean: 0.54

Standard deviation: 0.00
14 23 28 1 31 5 13 9 12 4 8 7 21 10 24 19 29 2 16 22 6 15 26 20 25 11 18 3 30 27 17 
Fitness: 0.53


Mean: 0.54

Standard deviation: 0.00
14 23 28 1 31 5 13 9 12 4 8 7 21 10 24 19 29 2 16 22 6 15 26 20 25 11 18 3 30 27 17 
Fitness: 0.53


Mean: 0.54

Standard deviation: 0.00
14 23 28 1 31 5 13 9 12 4 8 7 21 10 24 19 29 2 16 22 6 15 26 20 25 11 18 3 30 27 17 
Fitness: 0.53


Mean: 0.54

Standard deviation: 0.00
14 23 28 1 31 5 13 9 12 4 8 7 21 10 24 19 29 2 16 22 6 15 26 20 25 11 18 3 30 27 17 
Fitness: 0.53


Mean: 0.54

Standard deviation: 0.00
14 23 28 1 31 5 13 9 12 4 8 7 21 10 24 19 29 2 16 22 6 15 26 20 25 11 18 3 30 27 17 
Fitness: 0.53


Mean: 0.54

Standard deviation: 0.00
14 23 28 1 31 5 13 9 12 4 8 7 21 10 24 19 29 2 16 22 6 15 26 20 25 11 18 3 30 27 17 
Fitness: 0.53


Mean: 0.54

Standard deviation: 0.00
14 23 28 1 31 5 13 9 12 4 8 7 21 10 24 19 29 2 16 22 6 15 26 20 25 11 18 3 30 27 17 
Fitness: 0.53


Mean: 0.54

Standard deviation: 0.00
14 23 28 1 31 5 13 9 12 4 8 7 21 10 24 19 29 2 16 22 6 15 26 20 25 11 18 3 30 27 17 
Fitness: 0.53


Mean: 0.54

Standard deviation: 0.00
14 23 28 1 31 5 13 9 12 4 8 7 21 10 24 19 29 2 16 22 6 15 26 20 25 11 18 3 30 27 17 
Fitness: 0.53


Mean: 0.54

Standard deviation: 0.00
14 23 28 1 31 5 13 9 12 4 8 7 21 10 24 19 29 2 16 22 6 15 26 20 25 11 18 3 30 27 17 
Fitness: 0.53


Mean: 0.54

Standard deviation: 0.00
14 23 28 1 31 5 13 9 12 4 8 7 21 10 24 19 29 2 16 22 6 15 26 20 25 11 18 3 30 27 17 
Fitness: 0.53


Mean: 0.54

Standard deviation: 0.00
14 23 28 1 31 5 13 9 12 4 8 7 21 10 24 19 29 2 16 22 6 15 26 20 25 11 18 3 30 27 17 
Fitness: 0.53


Mean: 0.54

Standard deviation: 0.00
14 23 28 1 31 5 13 9 12 4 8 7 21 10 24 19 29 2 16 22 6 15 26 20 25 11 18 3 30 27 17 
Fitness: 0.53


Mean: 0.54

Standard deviation: 0.00
14 23 28 1 31 5 13 9 12 4 8 7 21 10 24 19 29 2 16 22 6 15 26 20 25 11 18 3 30 27 17 
Fitness: 0.53


Mean: 0.54

Standard deviation: 0.00
14 23 28 1 31 5 13 9 12 4 8 7 21 10 24 19 29 2 16 22 6 15 26 20 25 11 18 3 30 27 17 
Fitness: 0.53


Mean: 0.54

Standard deviation: 0.00
14 23 28 1 31 5 13 9 12 4 8 7 21 10 24 19 29 2 16 22 6 15 26 20 25 11 18 3 30 27 17 
Fitness: 0.53


Mean: 0.54

Standard deviation: 0.00
14 23 28 1 31 5 13 9 12 4 8 7 21 10 24 19 29 2 16 22 6 15 26 20 25 11 18 3 30 27 17 
Fitness: 0.53


Mean: 0.54

Standard deviation: 0.00
14 23 28 1 31 5 13 9 12 4 8 7 21 10 24 19 29 2 16 22 6 15 26 20 25 11 18 3 30 27 17 
Fitness: 0.53


Mean: 0.54

Standard deviation: 0.00
14 23 28 1 31 5 13 9 12 4 8 7 21 10 24 19 29 2 16 22 6 15 26 20 25 11 18 3 30 27 17 
Fitness: 0.53


Mean: 0.54

Standard deviation: 0.00
14 23 28 1 31 5 13 9 12 4 8 7 21 10 24 19 29 2 16 22 6 15 26 20 25 11 18 3 30 27 17 
Fitness: 0.53


Mean: 0.54

Standard deviation: 0.00
14 23 28 1 31 5 13 9 12 4 8 7 21 10 24 19 29 2 16 22 6 15 26 20 25 11 18 3 30 27 17 
Fitness: 0.53


Mean: 0.54

Standard deviation: 0.00
14 23 28 1 31 5 13 9 12 4 8 7 21 10 24 19 29 2 16 22 6 15 26 20 25 11 18 3 30 27 17 
Fitness: 0.53


Mean: 0.54

Standard deviation: 0.00
14 23 28 1 31 5 13 9 12 4 8 7 21 10 24 19 29 2 16 22 6 15 26 20 25 11 18 3 30 27 17 
Fitness: 0.53


Mean: 0.54

Standard deviation: 0.00
14 23 28 1 31 5 13 9 12 4 8 7 21 10 24 19 29 2 16 22 6 15 26 20 25 11 18 3 30 27 17 
Fitness: 0.53


Mean: 0.54

Standard deviation: 0.00
14 23 28 1 31 5 13 9 12 4 8 7 21 10 24 19 29 2 16 22 6 15 26 20 25 11 18 3 30 27 17 
Fitness: 0.53


Mean: 0.54

Standard deviation: 0.00
14 23 28 1 31 5 13 9 12 4 8 7 21 10 24 19 29 2 16 22 6 15 26 20 25 11 18 3 30 27 17 
Fitness: 0.53


Mean: 0.54

Standard deviation: 0.00
14 23 28 1 31 5 13 9 12 4 8 7 21 10 24 19 29 2 16 22 6 15 26 20 25 11 18 3 30 27 17 
Fitness: 0.53


Mean: 0.54

Standard deviation: 0.00
14 23 28 1 31 5 13 9 12 4 8 7 21 10 24 19 29 2 16 22 6 15 26 20 25 11 18 3 30 27 17 
Fitness: 0.53


Mean: 0.54

Standard deviation: 0.00
14 23 28 1 31 5 13 9 12 4 8 7 21 10 24 19 29 2 16 22 6 15 26 20 25 11 18 3 30 27 17 
Fitness: 0.53


Mean: 0.54

Standard deviation: 0.00
14 23 28 1 31 5 13 9 12 4 8 7 21 10 24 19 29 2 16 22 6 15 26 20 25 11 18 3 30 27 17 
Fitness: 0.53


Mean: 0.54

Standard deviation: 0.00
14 23 28 1 31 5 13 9 12 4 8 7 21 10 24 19 29 2 16 22 6 15 26 20 25 11 18 3 30 27 17 
Fitness: 0.53


Mean: 0.54

Standard deviation: 0.00
14 23 28 1 31 5 13 9 12 4 8 7 21 10 24 19 29 2 16 22 6 15 26 20 25 11 18 3 30 27 17 
Fitness: 0.53


Mean: 0.54

Standard deviation: 0.00
14 23 28 1 31 5 13 9 12 4 8 7 21 10 24 19 29 2 16 22 6 15 26 20 25 11 18 3 30 27 17 
Fitness: 0.53


Mean: 0.54

Standard deviation: 0.00
14 23 28 1 31 5 13 9 12 4 8 7 21 10 24 19 29 2 16 22 6 15 26 20 25 11 18 3 30 27 17 
Fitness: 0.53


Mean: 0.54

Standard deviation: 0.00
14 23 28 1 31 5 13 9 12 4 8 7 21 10 24 19 29 2 16 22 6 15 26 20 25 11 18 3 30 27 17 
Fitness: 0.53


Mean: 0.54

Standard deviation: 0.00
14 23 28 1 31 5 13 9 12 4 8 7 21 10 24 19 29 2 16 22 6 15 26 20 25 11 18 3 30 27 17 
Fitness: 0.53


Mean: 0.54

Standard deviation: 0.00
14 23 28 1 31 5 13 9 12 4 8 7 21 10 24 19 29 2 16 22 6 15 26 20 25 11 18 3 30 27 17 
Fitness: 0.53


Mean: 0.54

Standard deviation: 0.00
14 23 28 1 31 5 13 9 12 4 8 7 21 10 24 19 29 2 16 22 6 15 26 20 25 11 18 3 30 27 17 
Fitness: 0.53


Mean: 0.54

Standard deviation: 0.00
14 23 28 1 31 5 13 9 12 4 8 7 21 10 24 19 29 2 16 22 6 15 26 20 25 11 18 3 30 27 17 
Fitness: 0.53


Mean: 0.54

Standard deviation: 0.00
14 23 28 1 31 5 13 9 12 4 8 7 21 10 24 19 29 2 16 22 6 15 26 20 25 11 18 3 30 27 17 
Fitness: 0.53


Mean: 0.54

Standard deviation: 0.00
14 23 28 1 31 5 13 9 12 4 8 7 21 10 24 19 29 2 16 22 6 15 26 20 25 11 18 3 30 27 17 
Fitness: 0.53


Mean: 0.54

Standard deviation: 0.00
14 23 28 1 31 5 13 9 12 4 8 7 21 10 24 19 29 2 16 22 6 15 26 20 25 11 18 3 30 27 17 
Fitness: 0.53


Mean: 0.54

Standard deviation: 0.00
14 23 28 1 31 5 13 9 12 4 8 7 21 10 24 19 29 2 16 22 6 15 26 20 25 11 18 3 30 27 17 
Fitness: 0.53


Mean: 0.54

Standard deviation: 0.00
14 23 28 1 31 5 13 9 12 4 8 7 21 10 24 19 29 2 16 22 6 15 26 20 25 11 18 3 30 27 17 
Fitness: 0.53


Mean: 0.54

Standard deviation: 0.00
14 23 28 1 31 5 13 9 12 4 8 7 21 10 24 19 29 2 16 22 6 15 26 20 25 11 18 3 30 27 17 
Fitness: 0.53


Mean: 0.54

Standard deviation: 0.00
14 23 28 1 31 5 13 9 12 4 8 7 21 10 24 19 29 2 16 22 6 15 26 20 25 11 18 3 30 27 17 
Fitness: 0.53


Mean: 0.54

Standard deviation: 0.00
14 23 28 1 31 5 13 9 12 4 8 7 21 10 24 19 29 2 16 22 6 15 26 20 25 11 18 3 30 27 17 
Fitness: 0.53


Mean: 0.54

Standard deviation: 0.00
14 23 28 1 31 5 13 9 12 4 8 7 21 10 24 19 29 2 16 22 6 15 26 20 25 11 18 3 30 27 17 
Fitness: 0.53


Mean: 0.54

Standard deviation: 0.00
14 23 28 1 31 5 13 9 12 4 8 7 21 10 24 19 29 2 16 22 6 15 26 20 25 11 18 3 30 27 17 
Fitness: 0.53


Mean: 0.54

Standard deviation: 0.00
14 23 28 1 31 5 13 9 12 4 8 7 21 10 24 19 29 2 16 22 6 15 26 20 25 11 18 3 30 27 17 
Fitness: 0.53


Mean: 0.54

Standard deviation: 0.00
14 23 28 1 31 5 13 9 12 4 8 7 21 10 24 19 29 2 16 22 6 15 26 20 25 11 18 3 30 27 17 
Fitness: 0.53


Mean: 0.54

Standard deviation: 0.00
14 23 28 1 31 5 13 9 12 4 8 7 21 10 24 19 29 2 16 22 6 15 26 20 25 11 18 3 30 27 17 
Fitness: 0.53


Mean: 0.54

Standard deviation: 0.00
14 23 28 1 31 5 13 9 12 4 8 7 21 10 24 19 29 2 16 22 6 15 26 20 25 11 18 3 30 27 17 
Fitness: 0.53


Mean: 0.54

Standard deviation: 0.00
14 23 28 1 31 5 13 9 12 4 8 7 21 10 24 19 29 2 16 22 6 15 26 20 25 11 18 3 30 27 17 
Fitness: 0.53


Mean: 0.54

Standard deviation: 0.00
14 23 28 1 31 5 13 9 12 4 8 7 21 10 24 19 29 2 16 22 6 15 26 20 25 11 18 3 30 27 17 
Fitness: 0.53


Mean: 0.54

Standard deviation: 0.00
14 23 28 1 31 5 13 9 12 4 8 7 21 10 24 19 29 2 16 22 6 15 26 20 25 11 18 3 30 27 17 
Fitness: 0.53


Mean: 0.54

Standard deviation: 0.00
14 23 28 1 31 5 13 9 12 4 8 7 21 10 24 19 29 2 16 22 6 15 26 20 25 11 18 3 30 27 17 
Fitness: 0.53


Mean: 0.54

Standard deviation: 0.00
14 23 28 1 31 5 13 9 12 4 8 7 21 10 24 19 29 2 16 22 6 15 26 20 25 11 18 3 30 27 17 
Fitness: 0.53


Mean: 0.54

Standard deviation: 0.00
14 23 28 1 31 5 13 9 12 4 8 7 21 10 24 19 29 2 16 22 6 15 26 20 25 11 18 3 30 27 17 
Fitness: 0.53


Mean: 0.54

Standard deviation: 0.00
14 23 28 1 31 5 13 9 12 4 8 7 21 10 24 19 29 2 16 22 6 15 26 20 25 11 18 3 30 27 17 
Fitness: 0.53


Mean: 0.54

Standard deviation: 0.00
14 23 28 1 31 5 13 9 12 4 8 7 21 10 24 19 29 2 16 22 6 15 26 20 25 11 18 3 30 27 17 
Fitness: 0.53


Mean: 0.54

Standard deviation: 0.00
14 23 28 1 31 5 13 9 12 4 8 7 21 10 24 19 29 2 16 22 6 15 26 20 25 11 18 3 30 27 17 
Fitness: 0.53


Mean: 0.54

Standard deviation: 0.00
14 23 28 1 31 5 13 9 12 4 8 7 21 10 24 19 29 2 16 22 6 15 26 20 25 11 18 3 30 27 17 
Fitness: 0.53


Mean: 0.54

Standard deviation: 0.00
14 23 28 1 31 5 13 9 12 4 8 7 21 10 24 19 29 2 16 22 6 15 26 20 25 11 18 3 30 27 17 
Fitness: 0.53


Mean: 0.54

Standard deviation: 0.00
14 23 28 1 31 5 13 9 12 4 8 7 21 10 24 19 29 2 16 22 6 15 26 20 25 11 18 3 30 27 17 
Fitness: 0.53


Mean: 0.54

Standard deviation: 0.00
14 23 28 1 31 5 13 9 12 4 8 7 21 10 24 19 29 2 16 22 6 15 26 20 25 11 18 3 30 27 17 
Fitness: 0.53


Mean: 0.54

Standard deviation: 0.00
14 23 28 1 31 5 13 9 12 4 8 7 21 10 24 19 29 2 16 22 6 15 26 20 25 11 18 3 30 27 17 
Fitness: 0.53


Mean: 0.54

Standard deviation: 0.00
14 23 28 1 31 5 13 9 12 4 8 7 21 10 24 19 29 2 16 22 6 15 26 20 25 11 18 3 30 27 17 
Fitness: 0.53


Mean: 0.54

Standard deviation: 0.00
14 23 28 1 31 5 13 9 12 4 8 7 21 10 24 19 29 2 16 22 6 15 26 20 25 11 18 3 30 27 17 
Fitness: 0.53


Mean: 0.54

Standard deviation: 0.00
14 23 28 1 31 5 13 9 12 4 8 7 21 10 24 19 29 2 16 22 6 15 26 20 25 11 18 3 30 27 17 
Fitness: 0.53


Mean: 0.54

Standard deviation: 0.00
14 23 28 1 31 5 13 9 12 4 8 7 21 10 24 19 29 2 16 22 6 15 26 20 25 11 18 3 30 27 17 
Fitness: 0.53


Mean: 0.54

Standard deviation: 0.00
14 23 28 1 31 5 13 9 12 4 8 7 21 10 24 19 29 2 16 22 6 15 26 20 25 11 18 3 30 27 17 
Fitness: 0.53


Mean: 0.54

Standard deviation: 0.00
14 23 28 1 31 5 13 9 12 4 8 7 21 10 24 19 29 2 16 22 6 15 26 20 25 11 18 3 30 27 17 
Fitness: 0.53


Mean: 0.54

Standard deviation: 0.00
14 23 28 1 31 5 13 9 12 4 8 7 21 10 24 19 29 2 16 22 6 15 26 20 25 11 18 3 30 27 17 
Fitness: 0.53


Mean: 0.54

Standard deviation: 0.00
14 23 28 1 31 5 13 9 12 4 8 7 21 10 24 19 29 2 16 22 6 15 26 20 25 11 18 3 30 27 17 
Fitness: 0.53


Mean: 0.54

Standard deviation: 0.00
14 23 28 1 31 5 13 9 12 4 8 7 21 10 24 19 29 2 16 22 6 15 26 20 25 11 18 3 30 27 17 
Fitness: 0.53


Mean: 0.54

Standard deviation: 0.00
14 23 28 1 31 5 13 9 12 4 8 7 21 10 24 19 29 2 16 22 6 15 26 20 25 11 18 3 30 27 17 
Fitness: 0.53


Mean: 0.54

Standard deviation: 0.00
14 23 28 1 31 5 13 9 12 4 8 7 21 10 24 19 29 2 16 22 6 15 26 20 25 11 18 3 30 27 17 
Fitness: 0.53


Mean: 0.54

Standard deviation: 0.00
14 23 28 1 31 5 13 9 12 4 8 7 21 10 24 19 29 2 16 22 6 15 26 20 25 11 18 3 30 27 17 
Fitness: 0.53


Mean: 0.54

Standard deviation: 0.00
14 23 28 1 31 5 13 9 12 4 8 7 21 10 24 19 29 2 16 22 6 15 26 20 25 11 18 3 30 27 17 
Fitness: 0.53


Mean: 0.54

Standard deviation: 0.00
14 23 28 1 31 5 13 9 12 4 8 7 21 10 24 19 29 2 16 22 6 15 26 20 25 11 18 3 30 27 17 
Fitness: 0.53


Mean: 0.54

Standard deviation: 0.00
14 23 28 1 31 5 13 9 12 4 8 7 21 10 24 19 29 2 16 22 6 15 26 20 25 11 18 3 30 27 17 
Fitness: 0.53


Mean: 0.54

Standard deviation: 0.00
14 23 28 1 31 5 13 9 12 4 8 7 21 10 24 19 29 2 16 22 6 15 26 20 25 11 18 3 30 27 17 
Fitness: 0.53


Mean: 0.54

Standard deviation: 0.00
14 23 28 1 31 5 13 9 12 4 8 7 21 10 24 19 29 2 16 22 6 15 26 20 25 11 18 3 30 27 17 
Fitness: 0.53


Mean: 0.54

Standard deviation: 0.00
14 23 28 1 31 5 13 9 12 4 8 7 21 10 24 19 29 2 16 22 6 15 26 20 25 11 18 3 30 27 17 
Fitness: 0.53


Mean: 0.54

Standard deviation: 0.00
14 23 28 1 31 5 13 9 12 4 8 7 21 10 24 19 29 2 16 22 6 15 26 20 25 11 18 3 30 27 17 
Fitness: 0.53


Mean: 0.54

Standard deviation: 0.00
14 23 28 1 31 5 13 9 12 4 8 7 21 10 24 19 29 2 16 22 6 15 26 20 25 11 18 3 30 27 17 
Fitness: 0.53


Mean: 0.54

Standard deviation: 0.00
14 23 28 1 31 5 13 9 12 4 8 7 21 10 24 19 29 2 16 22 6 15 26 20 25 11 18 3 30 27 17 
Fitness: 0.53


Mean: 0.54

Standard deviation: 0.00
14 23 28 1 31 5 13 9 12 4 8 7 21 10 24 19 29 2 16 22 6 15 26 20 25 11 18 3 30 27 17 
Fitness: 0.53


Mean: 0.54

Standard deviation: 0.00
14 23 28 1 31 5 13 9 12 4 8 7 21 10 24 19 29 2 16 22 6 15 26 20 25 11 18 3 30 27 17 
Fitness: 0.53


Mean: 0.54

Standard deviation: 0.00
14 23 28 1 31 5 13 9 12 4 8 7 21 10 24 19 29 2 16 22 6 15 26 20 25 11 18 3 30 27 17 
Fitness: 0.53


Mean: 0.54

Standard deviation: 0.00
14 23 28 1 31 5 13 9 12 4 8 7 21 10 24 19 29 2 16 22 6 15 26 20 25 11 18 3 30 27 17 
Fitness: 0.53


Mean: 0.54

Standard deviation: 0.00
