640.41 734.20 3949.43 0.42 
614.61 665.75 3689.17 0.28 
549.96 569.65 4521.58 0.50 
559.75 698.02 2789.42 0.58 
578.61 620.74 3938.81 0.47 
603.82 628.52 2671.52 0.36 
744.16 587.25 3679.29 0.34 
603.95 675.85 4284.26 0.43 
583.01 574.83 3833.14 0.34 
603.92 569.09 2618.68 0.36 
578.85 586.13 3782.61 0.36 
648.31 675.90 3417.32 0.31 
547.56 602.92 4926.14 0.47 
611.80 555.73 2998.99 0.31 
577.33 736.23 4493.95 0.36 
591.57 559.36 3827.81 0.36 
578.96 589.78 4781.36 0.44 
729.98 648.59 3334.52 0.30 
620.24 676.73 3821.23 0.39 
806.89 542.01 3493.66 0.39 
553.67 559.44 4456.04 0.50 
650.99 658.82 4023.48 0.50 
542.22 559.30 4043.74 0.40 
622.10 616.91 4007.47 0.44 
621.07 627.09 4622.46 0.30 
621.78 555.54 3437.65 0.58 
568.72 739.52 4554.89 0.31 
717.12 546.83 3875.02 0.38 
620.75 615.34 3622.05 0.31 
561.46 562.80 4149.09 0.30 
601.17 623.04 3105.40 0.25 
700.24 767.11 3302.21 0.42 
694.46 552.45 4627.88 0.43 
558.94 546.70 4124.54 0.25 
649.41 576.10 4540.82 0.41 
553.47 578.79 3510.16 0.29 
639.30 877.34 4438.06 0.43 
645.58 694.02 4017.73 0.31 
660.24 573.02 4236.15 0.49 
555.31 632.86 4338.22 0.46 
750.59 649.35 4891.55 0.46 
608.73 604.60 4947.78 0.46 
602.15 579.13 3096.90 0.35 
572.29 674.48 4128.88 0.21 
733.49 567.75 4465.02 0.43 
618.20 568.74 4165.98 0.36 
588.54 547.35 2709.77 0.29 
556.30 628.15 4902.97 0.23 
721.81 675.29 4465.93 0.42 
703.85 568.60 3612.63 0.42 
571.24 638.62 3876.97 0.57 
589.04 551.45 3767.39 0.44 
586.90 591.43 4638.28 0.51 
618.73 593.07 5112.97 0.51 
700.35 747.78 3727.54 0.37 
557.24 640.83 3888.38 0.46 
672.79 551.75 4947.20 0.48 
598.21 565.70 3930.76 0.30 
713.45 601.19 4054.59 0.42 
608.94 544.49 3918.18 0.42 
568.53 666.79 5044.64 0.61 
540.77 587.11 4178.22 0.42 
573.18 540.87 5123.09 0.48 
544.66 608.16 5406.14 0.37 
574.86 627.55 2578.79 0.43 
543.52 578.28 4395.55 0.25 
570.54 616.73 3787.53 0.40 
609.78 727.27 3985.85 0.32 
719.52 577.24 3473.84 0.38 
651.71 681.31 3800.47 0.59 
720.24 700.31 4147.75 0.45 
13 64 5 65 51 44 4 61 56 40 6 29 24 26 14 58 10 46 39 54 43 52 47 63 3 23 30 21 36 11 17 53 8 1 71 55 32 70 19 2 67 9 16 60 34 62 31 42 57 28 45 69 33 50 22 38 12 49 41 18 59 7 35 25 48 66 68 15 27 37 20 
Best fitness: 1.72
23 48 40 65 26 28 69 50 10 13 67 56 51 61 6 5 3 21 4 15 1 70 7 59 42 17 62 43 54 22 19 8 11 52 47 63 60 14 16 9 58 53 29 24 35 39 33 57 46 30 34 66 36 41 18 49 71 32 55 38 12 2 25 31 64 45 20 68 27 44 37 
Worst fitness: 2.10

Mean: 1.85

Standard deviation: 0.01
