66 23 8 27 3 24 59 68 2 17 35 67 6 43 39 33 63 45 9 26 50 47 62 13 38 7 5 48 34 29 57 41 20 22 32 16 69 60 53 55 54 40 19 14 30 52 25 1 49 12 36 61 18 31 4 21 51 15 42 11 44 65 70 37 28 64 58 10 46 56 
Moving time: 130.82 155.53 181.34 213.62 238.53 254.28 270.11 294.72 298.43 327.24 345.62 352.44 370.45 389.64 400.03 414.85 436.03 457.02 461.45 483.90 494.80 508.42 519.29 535.77 548.85 578.46 605.57 614.26 619.59 636.88 653.26 666.04 683.22 705.50 722.45 729.91 745.67 766.74 785.60 811.34 831.34 835.96 846.74 849.72 858.09 878.85 906.23 933.42 937.03 960.36 977.13 994.17 1010.06 1022.17 1047.84 1061.37 1078.91 1083.40 1091.24 1112.74 1120.92 1137.81 1159.94 1178.96 1200.63 1236.80 1247.14 1250.79 1277.71 1307.52 1443.94 
Best fitness: 0.00
Worst fitness: 0.0
Average fitness: 0.00
Alpha: 0.50
K: 0.02
Crossover probability: 0.50
Mutation probability: 0.10
Change mutation operator probability 1: 0.15
Change mutation operator probability 2: 0.15