52 70 5 51 30 49 43 33 47 58 32 69 19 6 3 7 24 66 17 29 68 10 59 61 18 44 53 21 67 36 46 26 13 60 40 64 2 65 9 34 16 25 14 41 50 37 62 48 39 11 20 57 28 22 31 42 54 15 4 63 27 45 12 56 55 1 35 23 8 38 
Moving time: 115.28 141.89 192.40 236.61 273.54 301.59 316.73 340.36 351.83 405.23 425.72 473.69 515.60 521.17 547.37 572.61 610.72 614.95 631.84 662.51 706.72 760.56 814.28 825.54 847.61 882.43 913.70 939.33 944.27 970.74 992.14 1016.35 1045.96 1097.84 1145.85 1181.63 1205.27 1267.15 1299.61 1360.71 1392.43 1465.82 1506.90 1553.69 1560.88 1597.09 1613.70 1660.46 1667.87 1699.69 1751.41 1797.56 1818.87 1839.30 1861.66 1898.09 1924.84 1944.06 1956.98 1995.85 2044.24 2124.02 2138.21 2161.80 2185.87 2207.41 2219.68 2267.35 2294.42 2338.33 2487.81 
Best fitness: 0.00
Worst fitness: 0.0
Average fitness: 0.00
Alpha: 0.50
K: 0.02
Crossover probability: 0.50
Mutation probability: 0.10
Change mutation operator probability 1: 0.15
Change mutation operator probability 2: 0.15