21 50 13 65 61 2 93 24 26 1 7 54 74 55 90 73 75 100 15 69 45 6 70 36 4 53 72 71 43 9 67 40 76 18 81 66 35 63 83 8 78 31 82 16 12 23 52 62 98 38 14 95 79 60 99 56 34 88 68 27 29 44 58 10 19 59 11 48 30 87 80 85 89 25 97 91 39 37 17 51 20 3 92 86 32 22 49 64 96 94 57 46 84 28 77 33 47 5 42 41 
Moving time: 140.40 160.95 173.66 229.68 268.28 323.82 341.43 394.39 440.54 461.28 482.69 539.30 597.90 606.12 628.46 642.65 671.93 705.95 725.55 751.55 793.41 853.90 895.32 914.64 944.28 1005.07 1053.95 1081.71 1108.64 1139.44 1154.62 1167.59 1183.56 1240.03 1291.39 1319.49 1343.73 1354.54 1394.35 1404.41 1451.59 1480.23 1534.16 1587.44 1610.08 1623.50 1643.10 1658.05 1679.48 1705.51 1717.48 1740.65 1786.87 1800.74 1820.63 1862.14 1925.55 1970.15 1987.64 2027.51 2065.95 2107.72 2115.73 2126.22 2170.28 2221.31 2273.25 2342.53 2352.48 2395.20 2419.63 2465.41 2506.07 2517.50 2554.68 2588.46 2630.13 2662.49 2681.27 2692.05 2704.67 2717.87 2750.93 2776.19 2810.08 2827.08 2849.38 2873.32 2904.59 2956.15 2979.71 2994.58 3013.69 3023.92 3065.74 3100.62 3162.75 3227.33 3236.49 3252.07 3408.33 
Best fitness: 0.00
Worst fitness: 0.0
Average fitness: 0.00
Alpha: 0.50
K: 0.02
Crossover probability: 0.50
Mutation probability: 0.10
Change mutation operator probability 1: 0.15
Change mutation operator probability 2: 0.15