5 6 20 51 3 69 26 65 34 4 58 56 59 41 68 14 43 25 12 16 36 11 70 64 79 23 73 63 80 29 30 31 10 71 2 1 50 76 48 49 62 60 75 19 28 57 39 67 8 40 24 42 46 9 7 54 13 55 45 53 37 66 77 22 17 44 27 33 21 32 38 78 15 52 72 74 61 18 35 47 
Moving time: 142.24 157.87 190.20 200.40 222.76 284.20 332.76 351.86 398.23 423.86 456.91 541.46 664.82 697.55 711.24 742.34 812.37 861.74 897.30 920.33 959.22 1013.31 1072.94 1089.28 1098.42 1153.77 1250.60 1294.52 1362.74 1429.87 1482.42 1489.73 1539.45 1591.24 1659.46 1689.93 1701.11 1746.38 1802.08 1837.85 1862.98 1890.73 1973.72 2044.01 2061.24 2063.01 2075.23 2123.75 2200.08 2215.98 2247.48 2299.79 2329.26 2389.86 2426.59 2477.08 2516.88 2552.96 2585.83 2620.14 2702.07 2821.06 2873.48 2897.50 2934.58 3021.45 3096.86 3132.91 3189.32 3258.64 3294.99 3331.65 3359.95 3407.13 3421.97 3483.07 3550.30 3558.19 3591.88 3622.67 3789.33 
Best fitness: 0.00
Worst fitness: 0.0
Average fitness: 0.00
Alpha: 0.50
K: 0.02
Crossover probability: 0.50
Mutation probability: 0.10
Change mutation operator probability 1: 0.15
Change mutation operator probability 2: 0.15