49 5 84 35 2 37 3 46 25 50 82 17 23 85 53 28 71 78 11 72 33 88 81 69 10 70 21 30 54 86 74 67 45 68 22 31 26 27 24 16 65 34 66 77 4 43 56 83 59 39 51 62 40 42 73 44 61 19 18 8 7 55 57 90 75 38 32 47 9 63 41 14 1 79 6 87 60 58 36 89 80 64 76 48 13 15 12 29 20 52 
Moving time: 134.41 204.91 251.10 286.89 395.55 515.67 596.54 637.04 717.44 747.24 765.61 829.44 891.35 955.39 1031.90 1069.39 1086.20 1129.55 1150.91 1197.72 1223.97 1311.21 1434.37 1552.95 1663.96 1783.49 1882.56 1918.39 1963.32 1999.35 2052.84 2170.33 2216.19 2312.20 2362.57 2411.46 2475.21 2486.02 2522.85 2570.00 2618.32 2714.35 2775.79 2824.90 2843.33 2867.02 2906.01 2995.97 3067.39 3134.21 3149.88 3183.04 3271.00 3311.46 3324.97 3402.96 3459.08 3504.57 3517.52 3558.90 3620.24 3654.57 3730.44 3743.43 3787.36 3818.82 3841.37 3856.60 3902.98 3924.53 4013.83 4057.08 4165.17 4238.60 4292.49 4363.57 4399.81 4443.10 4470.01 4512.53 4563.95 4604.36 4660.70 4677.25 4707.72 4747.13 4792.54 4848.31 4897.63 4945.99 5059.80 
Best fitness: 0.00
Worst fitness: 0.0
Average fitness: 0.00
Alpha: 0.50
K: 0.02
Crossover probability: 0.50
Mutation probability: 0.10
Change mutation operator probability 1: 0.15
Change mutation operator probability 2: 0.15