390.00 476.52 0.30 4169.32
491.22 445.74 0.50 7771.39
477.78 527.06 0.37 1885.87
501.09 491.80 0.60 7845.47
414.51 556.68 0.52 9538.54
481.88 523.24 0.32 1171.55
496.84 570.30 0.48 5289.05
488.42 573.08 0.47 4298.05
496.08 518.24 0.52 6998.16
511.12 534.46 0.31 6602.29
578.19 519.97 0.60 7057.09
515.14 487.04 0.43 1821.92
464.88 533.25 0.60 4881.49
425.85 454.29 0.60 6580.53
457.77 494.32 0.50 5210.86
517.05 555.86 0.44 6434.95
495.49 537.24 0.48 1894.08
460.04 514.28 0.56 2845.13
541.55 465.78 0.41 5646.92
465.91 424.59 0.47 4030.57
509.59 580.77 0.60 1933.35
496.04 515.78 0.60 5999.79
502.81 490.74 0.31 3342.12
525.16 543.70 0.52 5551.51
517.70 403.84 0.52 5868.54
591.00 518.65 0.38 6187.84
527.41 541.67 0.37 7232.03
557.26 524.16 0.43 2692.24
546.05 621.09 0.49 6730.55
438.54 387.83 0.52 4853.61
517.77 498.19 0.40 4068.97
396.70 437.72 0.54 3302.21
483.92 457.08 0.60 2121.02
452.44 541.27 0.52 5042.60
523.88 503.25 0.45 4444.73
549.83 472.44 0.59 5359.64
526.88 505.73 0.60 4269.63
504.29 451.38 0.59 4684.24
566.02 478.10 0.55 3368.70
439.90 555.57 0.50 7099.74
489.58 478.42 0.60 1032.48
415.05 509.75 0.52 6761.42
481.47 522.47 0.60 7174.86
504.69 508.46 0.43 8809.46
458.60 532.91 0.43 4644.86
593.02 538.25 0.50 3302.27
536.82 508.61 0.42 3731.89
533.01 545.74 0.53 8648.22
513.15 564.73 0.60 9411.99
516.82 579.59 0.60 9030.46
531.44 420.40 0.58 4744.65
431.17 454.84 0.60 5558.75
512.98 434.60 0.51 5366.96
458.16 449.56 0.37 7780.31
449.86 509.62 0.41 7148.42
551.63 477.31 0.34 6813.22
427.89 496.39 0.52 9540.46
477.65 491.28 0.56 7786.02
580.06 459.37 0.43 2747.05
442.90 497.87 0.54 7409.85
539.68 568.93 0.43 8723.00
525.26 535.47 0.49 9233.37
437.64 447.78 0.45 5350.46
546.07 478.48 0.57 4721.72
539.12 435.48 0.43 4625.60
513.38 465.03 0.46 1482.48
489.58 435.01 0.54 9719.88
571.71 574.64 0.47 4066.90
537.14 613.59 0.49 2279.05
497.97 511.56 0.50 9091.92
553.15 529.35 0.44 4796.97
517.99 518.12 0.39 10800.00
541.08 540.44 0.60 8616.60
523.75 537.61 0.60 5899.92
497.34 439.79 0.36 1826.29
511.51 524.20 0.42 3225.73
552.74 510.09 0.39 2251.88
503.22 438.80 0.53 3054.63
414.36 551.31 0.33 2465.78
556.77 612.32 0.50 2835.14
439.32 588.87 0.38 9007.24
550.42 450.36 0.60 1191.96
508.07 473.63 0.48 3427.39
386.44 452.43 0.54 7400.41
518.21 448.09 0.28 9669.45
586.39 485.96 0.34 647.89
463.48 498.59 0.52 6101.98
554.14 641.41 0.49 1179.99
490.35 502.74 0.44 1940.08
559.04 455.50 0.60 7908.19
491.28 507.82 0.48 4694.11
574.76 579.03 0.60 8816.57
568.76 419.73 0.44 9557.39
470.24 432.73 0.50 2620.65
532.48 528.66 0.27 9199.47
454.81 496.58 0.60 1229.04
430.44 488.19 0.50 -8375.07
569.01 481.45 0.58 9201.60
454.94 412.71 0.45 5761.25
520.25 534.48 0.33 671.30
486.93 477.60 0.60 3582.61
495.28 375.40 0.60 6288.26
478.41 527.99 0.49 6067.38
508.50 539.79 0.56 3911.76
512.56 524.58 0.43 7447.83
595.88 459.81 0.60 6062.16
504.76 557.77 0.56 4032.09
477.11 501.49 0.46 2741.84
548.66 515.44 0.46 2176.95
463.22 557.35 0.60 7604.36
503.02 480.56 0.17 5430.31
493.83 407.90 0.37 2066.20
587.37 472.94 0.37 5761.06
607.64 577.89 0.58 2168.43
555.65 454.43 0.55 4475.90
569.02 529.08 0.39 6586.92
570.79 483.13 0.46 7311.21
498.48 393.65 0.60 928.15
482.42 450.83 0.60 6997.48
559.75 481.14 0.47 9598.39
509.58 483.30 0.49 2376.88
432.02 442.32 0.60 1033.51
551.82 504.29 0.37 10348.50
412.15 394.59 0.44 9924.93
549.56 528.10 0.57 5215.99
486.47 544.65 0.34 9831.85
527.45 416.04 0.60 5320.62
532.81 401.81 0.33 6269.26
482.86 555.83 0.51 3617.17
482.43 510.62 0.53 595.49
519.15 575.93 0.52 3992.24
512.90 569.27 0.44 878.31
466.80 466.74 0.60 8229.01
563.60 498.01 0.51 2093.90
453.29 576.41 0.46 1707.34
543.35 548.20 0.52 1729.37
545.73 535.83 0.60 7800.51
488.59 514.68 0.49 9817.97
478.81 476.51 0.60 2496.33
471.09 416.00 0.40 1235.12
592.49 561.65 0.37 8907.26
439.86 414.00 0.53 8537.57
470.36 603.70 0.43 3629.93
539.53 430.21 0.38 8611.34
524.99 517.73 0.44 2928.30
378.65 498.63 0.60 2998.63
473.20 426.73 0.49 4308.75
464.90 529.03 0.55 6497.53
526.43 514.78 0.54 7602.88
415.74 445.28 0.60 7349.37
524.77 546.11 0.60 8655.41
506.55 534.73 0.51 590.97
536.52 455.40 0.60 3326.29
459.74 501.05 0.54 7253.69
480.65 500.38 0.55 7189.13
564.92 484.70 0.42 8372.09
539.24 445.06 0.40 6591.49
534.90 547.75 0.35 7392.68
534.32 538.68 0.48 1562.67
473.87 463.81 0.44 5885.44
384.75 429.94 0.49 427.38
558.20 415.22 0.31 6779.87
418.12 475.09 0.42 9187.36
513.11 554.53 0.59 4108.46
457.26 475.17 0.60 3823.80
493.97 491.04 0.35 2328.93
454.58 529.85 0.46 2457.19
517.87 504.87 0.56 6659.49
470.96 533.72 0.44 10297.70
458.70 510.07 0.49 7808.71
470.95 512.53 0.34 7784.37
535.26 561.45 0.60 10263.79
476.03 499.38 0.34 8735.11
489.30 389.61 0.44 1955.65
462.33 456.14 0.40 3997.06
441.07 462.81 0.41 5997.02
465.82 460.72 0.60 7773.79
550.42 472.35 0.57 9958.45
554.48 474.56 0.41 8613.64
527.87 463.23 0.46 8502.97
532.16 578.15 0.44 5154.86
514.77 500.12 0.60 1917.50
438.06 500.52 0.57 3426.42
491.95 493.28 0.53 2470.50
429.86 463.05 0.46 9583.81
573.47 524.11 0.60 6131.53
466.25 476.36 0.60 6688.29
440.10 538.40 0.31 9683.10
578.20 574.82 0.42 10573.74
435.83 497.79 0.40 10069.32
421.20 494.43 0.46 802.75
496.91 525.90 0.45 6068.82
504.52 497.80 0.49 1333.04
536.14 499.82 0.51 8342.51
413.09 490.20 0.45 2776.17
515.40 402.65 0.49 1492.40
502.92 524.47 0.43 5526.48
522.73 451.36 0.44 5959.86
510.36 488.55 0.33 9160.25
452.80 533.45 0.59 3728.06
