362.36 455.42 0.47 2641.44
487.55 431.95 0.60 8388.34
505.82 568.48 0.60 7427.87
495.74 559.76 0.60 4428.35
485.93 552.56 0.37 1674.48
487.63 475.12 0.49 3661.35
517.83 511.61 0.40 10051.89
480.90 522.85 0.58 4095.25
528.44 507.37 0.24 9045.67
638.28 469.44 0.26 3097.64
510.54 580.74 0.48 9751.64
367.59 534.31 0.46 8192.05
534.39 503.61 0.60 3238.98
601.77 476.26 0.60 7546.33
540.73 501.01 0.56 8883.01
441.71 491.07 0.45 5466.73
455.53 492.62 0.42 2856.92
536.95 487.35 0.44 9521.43
493.26 546.49 0.48 5444.58
505.29 581.03 0.55 6140.46
497.67 444.97 0.51 8056.34
485.02 454.08 0.36 9972.50
549.93 546.76 0.60 8858.11
464.67 598.83 0.42 6887.18
440.61 548.95 0.46 6191.39
490.84 493.60 0.30 6290.69
585.43 488.13 0.57 5355.64
470.81 411.42 0.60 5923.29
431.39 509.19 0.55 4244.05
466.61 405.08 0.38 2425.77
522.07 519.93 0.58 10034.87
467.58 495.01 0.49 5604.87
458.19 443.02 0.60 7410.10
472.98 475.15 0.46 7626.77
526.33 541.23 0.54 1583.63
552.17 526.71 0.35 3271.74
528.16 475.37 0.60 7152.53
528.94 559.39 0.56 2941.69
420.09 434.04 0.60 3622.96
429.83 471.57 0.52 8298.63
540.54 507.97 0.53 640.97
524.54 561.77 0.48 5954.16
430.20 471.61 0.54 7858.49
496.12 438.55 0.59 3623.00
490.89 538.21 0.37 5250.33
529.20 520.60 0.51 3670.82
562.91 523.23 0.52 3442.51
459.18 505.97 0.59 824.09
506.61 416.19 0.33 3616.96
410.12 506.26 0.56 9735.51
434.32 447.76 0.52 2224.39
441.93 525.22 0.60 767.51
465.51 480.82 0.44 7155.77
580.86 587.13 0.60 2749.29
482.28 514.93 0.37 1839.35
563.80 674.66 0.36 5523.15
403.92 536.98 0.53 7799.81
518.64 493.56 0.60 9839.21
508.95 533.25 0.53 2961.60
442.19 559.01 0.50 2619.99
578.20 553.33 0.45 3983.62
570.56 579.66 0.49 4877.83
329.07 508.14 0.48 4455.67
507.18 506.95 0.29 1798.46
588.27 496.11 0.52 4354.60
488.40 590.68 0.57 4928.51
522.85 494.21 0.50 8906.07
580.48 416.80 0.42 2455.93
484.34 532.88 0.33 4677.26
578.35 531.18 0.49 7124.22
604.26 423.80 0.53 7775.85
417.51 501.99 0.53 2693.45
471.14 524.06 0.37 6967.52
509.92 576.84 0.53 4701.26
536.50 523.47 0.47 8349.96
398.14 484.46 0.45 1326.01
386.07 559.24 0.44 2488.57
579.55 510.54 0.55 739.86
460.62 551.94 0.60 7392.54
522.28 504.13 0.56 6245.44
455.18 499.18 0.60 8353.87
534.18 528.49 0.59 7693.60
547.45 534.90 0.49 3975.48
484.98 466.17 0.52 10185.16
557.48 454.31 0.36 9139.03
463.72 477.21 0.37 9134.11
487.33 585.40 0.33 3871.87
500.15 513.78 0.60 7224.66
549.93 538.18 0.35 4178.72
536.09 539.66 0.56 10533.79
500.08 546.36 0.59 10018.41
513.22 453.11 0.53 7954.74
491.27 502.25 0.56 8234.69
478.78 537.72 0.50 6904.95
526.31 496.95 0.42 7225.75
535.11 607.48 0.32 4370.17
581.53 436.31 0.45 8179.12
497.70 614.18 0.45 1937.97
442.24 498.95 0.60 6808.84
543.80 586.01 0.48 9370.92
439.13 519.83 0.52 8076.18
511.39 447.04 0.47 5181.85
461.94 499.71 0.55 2907.65
456.02 571.77 0.48 7866.56
441.44 486.06 0.60 2730.17
499.23 514.44 0.51 10401.69
510.44 563.40 0.56 5590.29
472.54 560.04 0.41 2677.13
427.53 550.02 0.49 2691.58
477.60 498.80 0.50 6367.13
485.00 538.15 0.53 10787.78
393.78 477.38 0.48 10125.25
598.24 489.41 0.60 5991.86
552.87 562.70 0.41 4555.42
550.03 466.11 0.56 9717.65
423.57 527.27 0.48 8524.67
470.68 439.94 0.40 3134.74
475.01 433.00 0.49 8391.93
571.76 465.90 0.51 2174.79
557.88 543.88 0.60 7486.13
404.71 465.17 0.47 7501.80
543.18 532.84 0.52 6156.15
598.76 447.62 0.47 1168.99
527.51 489.04 0.57 5082.96
434.06 502.88 0.60 3344.55
515.15 562.85 0.47 7227.41
463.73 485.83 0.49 3233.45
583.19 499.10 0.60 4108.91
443.38 512.26 0.56 9666.01
478.48 562.37 0.50 3309.39
537.11 476.17 0.43 9756.49
467.12 560.50 0.57 389.39
411.18 499.60 0.53 6174.12
461.58 476.06 0.54 978.15
546.91 538.86 0.55 8083.02
577.03 445.86 0.60 5437.24
476.83 483.91 0.46 9369.98
436.77 457.84 0.60 7429.61
481.87 404.82 0.50 498.66
567.19 525.86 0.47 5546.25
521.45 476.86 0.47 2169.48
497.41 584.15 0.58 8903.71
532.32 497.41 0.60 5280.86
461.12 555.98 0.52 5679.68
516.34 544.44 0.33 5600.77
462.03 419.80 0.60 7450.82
521.96 449.85 0.51 2877.35
470.33 543.56 0.45 9797.18
535.93 495.69 0.52 1245.08
474.75 503.26 0.46 1253.92
574.68 539.37 0.60 1582.26
469.50 488.50 0.36 4715.59
514.78 410.84 0.47 5649.39
519.74 539.80 0.60 8111.31
531.48 462.69 0.57 2662.39
505.81 538.10 0.56 10429.98
572.21 527.12 0.44 7931.51
546.04 563.51 0.42 1836.94
477.96 598.69 0.47 7043.78
567.11 540.92 0.45 9105.65
523.99 439.18 0.51 10772.19
556.32 505.50 0.46 4692.57
485.24 545.58 0.46 3389.03
540.50 455.86 0.46 8775.17
436.97 427.10 0.37 2071.42
481.61 499.46 0.60 7890.11
479.07 505.51 0.35 1946.42
582.20 414.71 0.58 6762.32
468.98 431.17 0.40 10159.43
558.76 394.47 0.47 8362.47
431.04 390.00 0.60 7821.96
505.25 540.61 0.41 2685.73
531.10 435.20 0.60 8967.55
459.88 513.97 0.31 3894.36
506.83 495.47 0.60 6958.63
