462.23 577.41 0.60 10451.97
415.72 510.14 0.48 9374.24
523.21 607.17 0.60 6432.62
535.22 500.30 0.28 8759.36
530.74 501.16 0.55 10424.90
488.23 529.72 0.36 4117.39
516.13 583.38 0.37 6140.85
416.16 443.05 0.48 7137.29
431.93 514.79 0.50 2231.27
473.90 451.88 0.52 8490.36
551.70 564.01 0.45 6447.92
498.26 557.40 0.51 1424.09
560.54 438.19 0.53 3714.12
508.50 453.05 0.46 3410.87
519.08 471.27 0.46 9460.00
562.47 485.49 0.41 8929.29
404.67 500.95 0.56 8735.72
545.40 573.92 0.53 6405.71
588.17 536.00 0.60 6295.37
525.61 511.21 0.51 7318.45
576.87 509.89 0.51 3062.26
543.73 363.75 0.39 7064.87
549.09 556.47 0.32 2571.06
392.55 455.90 0.46 8827.16
556.91 476.14 0.51 3769.95
502.42 554.21 0.52 2564.43
536.52 531.90 0.57 2214.65
467.86 536.41 0.47 5294.60
439.05 531.73 0.48 7144.34
503.01 610.67 0.54 5348.17
479.34 544.83 0.49 4157.86
545.47 605.60 0.50 10762.55
569.74 515.20 0.56 5752.14
503.85 555.21 0.51 5814.37
447.77 546.14 0.60 2477.53
516.74 505.97 0.46 1939.70
499.43 508.64 0.59 9832.33
600.57 415.73 0.60 8839.29
556.46 534.47 0.51 8997.28
431.23 398.93 0.46 4450.77
524.62 469.23 0.49 3473.84
507.13 514.86 0.48 8766.11
606.91 518.40 0.47 5917.10
416.16 524.72 0.47 8417.75
597.83 560.25 0.35 1999.58
456.80 439.71 0.56 6123.38
514.45 537.02 0.43 8279.44
558.44 500.43 0.41 5484.33
563.65 543.24 0.50 4850.77
520.50 492.35 0.44 7470.00
535.88 429.26 0.19 8335.89
457.22 560.38 0.60 5600.48
511.47 480.80 0.46 2599.74
385.00 560.24 0.53 8565.85
442.26 525.27 0.44 7195.64
423.73 540.41 0.42 1388.14
469.76 497.76 0.57 9679.45
457.33 486.72 0.26 8739.11
433.53 521.06 0.57 6237.52
579.93 494.49 0.60 8728.29
519.37 553.51 0.46 4104.70
557.71 487.08 0.48 4175.30
499.17 556.96 0.60 8333.38
459.59 479.65 0.43 6705.39
468.64 613.70 0.43 7190.44
488.54 568.00 0.59 9198.31
430.45 532.23 0.46 3154.01
560.58 519.80 0.49 7237.25
478.30 494.09 0.60 6162.98
557.99 498.52 0.53 4965.61
399.32 418.70 0.55 9641.99
471.29 531.88 0.47 9721.89
498.90 575.26 0.57 9799.80
475.99 483.46 0.49 3006.01
347.73 429.70 0.48 5616.98
578.63 535.13 0.46 6056.47
563.92 562.98 0.57 7785.42
489.68 449.73 0.53 1924.91
604.83 519.91 0.60 2533.71
465.32 481.24 0.45 1719.82
413.39 489.58 0.60 3154.01
543.25 547.91 0.57 7048.79
491.97 502.13 0.42 8584.96
425.48 417.31 0.55 8928.98
491.92 490.87 0.53 2788.79
454.25 493.68 0.36 4927.73
514.75 490.62 0.53 8125.69
539.75 529.65 0.31 4940.79
509.22 544.43 0.43 8162.00
512.67 543.10 0.40 8510.33
559.08 505.20 0.56 7834.38
451.06 535.74 0.50 7910.47
536.37 388.52 0.45 6201.98
481.95 454.51 0.43 4971.36
504.01 465.46 0.41 9999.43
502.85 521.82 0.60 4343.77
513.98 578.63 0.60 8519.35
500.24 484.93 0.44 1098.82
496.44 553.87 0.46 9757.66
450.89 491.75 0.54 8131.53
527.56 495.94 0.41 8069.81
504.27 536.08 0.60 5341.36
511.55 499.92 0.54 5855.55
524.99 501.78 0.45 5919.67
543.76 364.48 0.53 1271.95
505.60 511.40 0.37 3799.66
452.51 474.75 0.59 1657.38
503.05 531.13 0.56 6151.99
476.73 508.22 0.60 3914.11
553.76 510.93 0.43 2092.68
562.33 523.70 0.45 4606.64
520.58 482.95 0.50 6638.62
475.96 474.60 0.39 3783.05
516.73 550.68 0.37 2129.09
464.89 469.85 0.36 1086.93
472.24 488.18 0.58 9792.70
557.98 447.99 0.29 3136.12
452.42 423.49 0.53 7855.16
520.56 512.80 0.60 3579.23
490.26 509.09 0.60 3783.18
525.03 478.46 0.42 4204.18
424.36 484.12 0.38 2465.82
543.17 491.33 0.29 5442.79
465.06 492.87 0.54 4005.04
516.24 607.40 0.44 6286.96
