498.06 440.06 0.53 7940.76
520.78 468.84 0.60 9743.17
508.81 478.56 0.60 10123.58
516.00 539.78 0.57 7618.02
419.86 556.10 0.51 515.86
468.16 382.88 0.53 3345.23
410.69 485.69 0.55 8643.48
630.69 521.37 0.60 3326.96
552.89 522.86 0.60 6902.58
475.09 567.87 0.51 5995.15
531.64 465.87 0.40 1431.23
500.45 603.02 0.51 8169.69
508.17 454.63 0.52 1253.54
524.99 535.26 0.39 6411.14
588.65 462.08 0.41 5911.12
534.44 439.62 0.60 5797.90
454.10 529.32 0.50 5086.88
446.04 393.25 0.60 7311.48
570.00 483.58 0.49 8407.56
506.53 545.48 0.60 5902.20
461.52 540.18 0.50 8025.00
509.06 517.59 0.38 1573.81
474.51 514.13 0.34 8660.49
534.04 488.72 0.60 7971.10
486.00 493.33 0.46 3931.02
425.64 462.58 0.56 4835.91
487.50 449.37 0.58 6978.11
491.09 485.31 0.53 3180.08
480.22 453.89 0.46 1441.20
459.99 490.04 0.45 8295.57
452.24 543.56 0.48 9242.48
557.46 525.90 0.48 4773.59
446.50 526.69 0.60 7967.16
465.24 531.82 0.40 9996.28
455.58 476.78 0.60 8163.95
477.95 598.02 0.60 1812.55
540.47 522.30 0.60 4537.27
509.39 551.84 0.56 8378.35
494.57 578.55 0.37 7757.22
538.61 523.80 0.43 3153.33
335.88 462.81 0.60 8601.81
547.02 471.37 0.59 1651.26
360.50 467.18 0.48 4567.29
474.43 562.26 0.38 5482.07
475.51 489.41 0.60 4776.31
485.73 422.55 0.48 10688.84
530.16 645.60 0.35 10132.08
489.46 470.56 0.55 2984.97
451.37 438.62 0.53 5225.09
481.66 508.50 0.33 8366.47
515.14 535.31 0.43 8021.21
599.86 480.58 0.45 3328.52
473.74 560.26 0.40 9603.27
568.50 562.66 0.60 7844.38
469.28 577.72 0.38 9209.21
529.10 503.12 0.53 7246.38
498.93 478.66 0.38 2034.22
527.17 589.55 0.60 1756.02
634.14 461.72 0.45 10346.66
505.06 438.07 0.52 3221.89
487.83 506.47 0.47 1644.60
561.81 503.93 0.57 3205.11
537.77 448.51 0.43 10473.77
475.77 534.86 0.53 8044.91
445.47 486.13 0.54 8722.11
467.24 501.42 0.60 6282.52
517.94 514.40 0.60 3871.09
531.54 491.40 0.60 2142.58
439.02 501.74 0.51 7607.07
419.77 490.79 0.58 2709.81
509.10 399.10 0.53 7639.33
422.72 572.85 0.42 3799.80
537.57 397.08 0.48 5652.67
396.34 545.57 0.34 10800.00
392.94 498.04 0.37 4422.63
509.62 386.72 0.56 3453.92
472.54 427.00 0.60 3600.33
550.24 571.31 0.51 10001.62
511.60 445.05 0.40 8173.73
518.32 574.32 0.40 6533.46
510.33 516.55 0.58 9784.92
614.41 447.76 0.46 7490.18
487.20 391.33 0.60 3124.46
519.83 462.21 0.44 6010.98
472.14 536.53 0.39 9476.51
405.42 518.74 0.52 6869.39
399.20 556.74 0.46 5480.08
444.95 541.00 0.59 6264.04
428.21 381.40 0.54 4626.34
473.82 570.87 0.55 3974.71
357.55 511.87 0.40 8363.07
468.50 481.28 0.49 4535.32
553.10 564.98 0.50 8716.44
430.01 432.51 0.60 4408.06
468.53 502.86 0.42 10466.65
517.93 482.76 0.47 2503.56
539.28 524.50 0.51 2736.79
542.37 455.62 0.54 9648.11
485.52 497.23 0.46 5832.62
519.89 440.77 0.49 3936.08
