464.60 450.12 0.57 6789.09
437.71 497.78 0.60 6591.81
532.24 441.38 0.57 7619.28
537.15 529.79 0.60 8282.97
534.70 392.70 0.39 5852.53
615.84 418.92 0.60 5592.25
456.29 535.21 0.50 6688.50
432.50 545.26 0.60 10249.27
482.03 422.39 0.37 6731.92
489.86 519.42 0.53 5847.55
590.33 504.05 0.41 8598.68
476.29 418.91 0.45 6297.77
382.72 496.90 0.45 9419.55
541.06 520.14 0.51 8491.87
542.49 445.10 0.49 9614.28
531.91 518.42 0.53 6856.00
370.19 582.44 0.32 5150.31
457.00 513.38 0.48 6563.64
466.76 528.14 0.41 5492.57
601.69 538.03 0.60 6521.96
478.69 498.09 0.60 6243.92
556.56 599.56 0.46 9277.48
492.89 558.61 0.41 7719.75
512.69 431.04 0.39 10747.37
478.98 504.25 0.58 7671.01
514.27 482.30 0.48 9897.62
532.24 509.38 0.60 8952.14
580.86 571.83 0.60 8179.03
534.60 494.27 0.51 8386.07
477.14 458.76 0.60 6438.17
428.38 566.87 0.57 9929.79
425.84 536.53 0.41 6059.69
455.25 350.59 0.44 7278.67
570.92 444.60 0.54 6709.63
474.96 479.93 0.42 5635.33
493.86 517.37 0.46 7061.92
527.14 452.86 0.50 5690.35
425.19 511.58 0.53 6408.89
567.08 509.58 0.54 6582.83
522.02 481.14 0.60 6152.22
604.04 505.82 0.35 6287.68
551.55 481.07 0.29 8938.28
434.80 583.54 0.58 4707.42
506.23 385.91 0.60 7166.68
509.67 453.16 0.35 6481.21
565.50 474.13 0.60 6457.13
571.12 461.77 0.53 8925.87
487.57 517.19 0.40 5688.89
507.11 476.18 0.41 5599.69
527.55 553.37 0.50 3798.17
494.04 481.82 0.45 6807.56
511.08 539.67 0.53 6948.15
571.41 632.19 0.47 8055.18
509.19 541.37 0.57 7618.53
468.24 466.22 0.43 10353.97
465.23 575.20 0.52 6888.12
433.98 510.50 0.49 6522.57
563.86 474.68 0.46 8491.25
560.44 542.83 0.43 7056.29
481.00 579.43 0.49 6788.07
487.05 507.43 0.60 7201.21
433.16 470.45 0.56 7997.98
482.50 524.00 0.35 9167.88
492.72 503.56 0.47 6561.55
500.60 505.66 0.53 6828.66
473.89 511.07 0.55 6202.89
432.96 444.08 0.53 7933.98
507.71 341.25 0.42 8596.86
495.45 545.22 0.49 5101.67
563.18 471.21 0.36 5403.89
476.41 503.14 0.44 8995.00
570.10 575.16 0.45 7654.48
470.90 462.26 0.34 6219.85
588.30 501.06 0.60 7102.36
447.77 530.12 0.38 6116.17
515.64 562.10 0.60 6727.04
468.90 414.95 0.40 6195.81
447.82 430.34 0.42 7829.80
452.30 486.61 0.39 5237.50
458.25 463.82 0.37 9763.15
520.55 522.52 0.60 5294.64
544.03 592.55 0.60 6134.42
414.92 573.68 0.50 7262.25
504.61 470.67 0.32 8351.03
474.78 485.67 0.51 7766.04
549.00 472.71 0.45 9312.13
536.56 461.59 0.45 7323.96
337.45 516.94 0.54 7744.64
410.59 404.11 0.55 5606.48
500.18 573.01 0.32 6508.56
479.34 346.56 0.55 6765.70
504.91 533.81 0.36 5729.05
531.00 469.84 0.49 5160.51
444.40 509.16 0.47 5083.41
563.44 461.01 0.59 7157.81
474.34 452.25 0.50 7220.07
459.77 540.74 0.36 8348.70
525.51 413.44 0.47 8451.31
461.62 512.05 0.57 5909.61
426.78 463.46 0.59 6218.11
539.10 455.04 0.52 9860.74
482.26 492.61 0.41 7832.59
543.43 498.07 0.50 5319.05
492.85 577.92 0.45 8760.65
495.65 494.83 0.60 5808.63
538.39 587.60 0.60 5286.33
469.06 487.06 0.59 5977.19
460.52 394.35 0.35 7569.75
486.36 516.45 0.46 6680.29
582.63 393.43 0.59 8480.28
440.34 510.48 0.60 6088.42
470.06 462.04 0.57 6583.12
387.59 524.78 0.57 7909.68
566.60 547.76 0.60 6385.27
460.66 463.09 0.57 8606.63
455.69 559.66 0.60 4154.58
522.16 522.97 0.58 8336.60
415.88 429.24 0.45 6076.71
460.75 400.43 0.42 7170.29
498.68 494.53 0.45 10045.29
499.21 465.73 0.42 8261.05
577.20 512.90 0.60 4791.15
444.95 537.54 0.60 5936.24
476.53 577.38 0.55 7018.21
500.31 471.97 0.41 5269.32
