539.26 571.50 0.60 6572.14
447.02 548.29 0.55 6824.19
468.88 598.66 0.54 9587.78
516.17 533.79 0.35 7030.33
455.21 422.90 0.54 7733.03
500.96 513.85 0.55 7107.61
519.17 533.57 0.36 7766.40
501.14 512.06 0.54 6833.58
529.25 446.73 0.60 7334.74
505.54 568.51 0.60 7771.86
579.66 466.99 0.47 7406.13
441.59 520.86 0.43 8294.62
493.49 410.65 0.44 6075.99
523.60 560.85 0.39 6862.52
453.10 515.85 0.60 5963.98
457.99 426.22 0.42 5133.49
494.92 556.23 0.48 7476.39
496.76 500.88 0.60 6162.07
507.84 541.48 0.40 5504.20
533.02 537.96 0.55 4822.29
457.14 498.85 0.60 6158.85
630.16 474.20 0.52 7826.27
425.61 569.30 0.53 7351.18
559.68 440.62 0.52 6711.92
505.01 519.86 0.39 7886.62
526.18 435.58 0.35 6024.08
568.96 495.07 0.41 4476.92
438.99 634.65 0.31 6244.44
569.21 428.03 0.60 6529.24
471.14 481.93 0.52 5635.53
583.18 495.01 0.36 5429.20
497.14 424.80 0.41 10155.16
486.24 536.28 0.44 7485.39
472.85 520.35 0.42 6303.47
488.45 528.28 0.48 6764.12
506.45 497.18 0.56 6295.17
513.38 539.62 0.49 6029.25
487.30 537.74 0.60 7816.32
510.08 440.07 0.49 6935.92
440.42 437.18 0.38 5507.65
458.02 502.61 0.56 10714.37
468.03 516.79 0.46 7806.28
492.70 435.76 0.60 6238.13
436.89 470.00 0.53 8054.37
497.80 506.49 0.40 6753.03
552.73 569.81 0.57 7072.74
516.37 556.92 0.43 6348.48
479.71 404.35 0.50 5963.73
465.59 511.37 0.54 7570.80
492.21 572.52 0.60 6792.27
493.22 520.89 0.48 4421.21
490.65 557.45 0.56 8040.90
574.15 490.57 0.47 7021.07
462.19 547.61 0.44 8167.51
497.60 487.36 0.46 7442.77
519.85 533.65 0.52 6712.80
487.12 520.81 0.60 6887.28
497.82 527.85 0.46 7197.52
572.54 513.06 0.60 5705.38
436.69 509.95 0.45 6478.87
455.50 517.07 0.31 6675.01
454.77 535.11 0.41 8621.67
473.59 619.14 0.40 6571.75
529.04 573.84 0.36 5838.77
477.65 449.32 0.56 6184.52
512.11 490.88 0.40 8476.76
460.81 526.31 0.51 6081.93
466.81 535.40 0.42 5693.93
536.89 492.86 0.60 5299.38
532.26 498.47 0.57 7753.00
601.77 538.91 0.40 6964.79
490.36 527.01 0.53 7335.08
557.88 521.45 0.46 6516.82
575.83 483.27 0.53 5915.70
602.12 495.10 0.45 5607.04
471.81 469.96 0.47 6027.43
503.73 554.57 0.47 6350.48
505.34 452.57 0.50 5992.99
505.04 542.34 0.59 6334.03
403.72 526.94 0.60 7664.56
477.83 451.84 0.44 6684.75
478.30 511.85 0.46 6644.23
508.71 494.97 0.43 10357.06
392.72 435.06 0.53 5984.54
493.59 525.26 0.48 8079.16
486.26 420.13 0.56 7015.85
538.49 535.95 0.38 10364.63
528.27 546.80 0.57 7078.22
413.38 489.53 0.40 6982.45
473.22 541.07 0.51 8022.19
635.44 546.79 0.57 7749.49
560.72 460.91 0.32 7192.25
448.69 459.84 0.50 6855.42
502.89 453.11 0.41 6383.38
508.59 406.11 0.45 7379.08
492.44 549.26 0.39 6119.98
470.16 574.82 0.43 6694.61
566.92 495.15 0.52 8213.50
425.48 457.61 0.46 5536.92
509.39 486.93 0.59 7469.66
557.11 495.24 0.56 5281.11
492.10 517.66 0.44 8293.64
461.27 471.85 0.56 8641.53
490.01 578.84 0.57 5586.05
548.39 486.78 0.48 7054.55
476.44 545.40 0.52 4755.44
509.01 493.15 0.60 5282.30
467.89 426.57 0.60 6713.56
527.54 457.34 0.53 9030.65
556.76 461.34 0.55 5257.70
439.36 528.73 0.57 7702.16
484.70 574.37 0.35 6976.37
521.04 520.57 0.34 5942.65
420.70 393.05 0.24 5520.11
521.41 551.36 0.31 6597.99
518.48 550.61 0.39 6602.78
517.33 498.72 0.54 6815.06
491.54 578.64 0.59 6023.09
609.81 504.44 0.60 4533.56
534.09 457.42 0.47 6275.59
471.76 504.30 0.46 7873.96
475.24 401.63 0.42 6611.43
454.58 529.72 0.60 6514.84
553.20 527.53 0.33 7053.36
473.73 510.05 0.55 8307.72
454.91 408.15 0.60 7477.54
475.82 496.09 0.41 6038.16
566.41 496.21 0.57 8823.29
446.89 555.38 0.48 7470.36
444.42 432.11 0.45 9161.84
417.30 600.57 0.50 8043.38
533.19 430.39 0.60 5064.94
439.01 366.13 0.55 7766.06
515.82 568.06 0.30 7492.98
520.82 533.46 0.60 5625.26
585.14 527.46 0.45 6622.31
498.10 444.02 0.44 6935.81
507.04 469.29 0.53 7568.87
584.04 420.96 0.51 5814.46
494.12 527.68 0.51 6372.12
433.56 577.87 0.31 8197.02
469.27 483.75 0.39 6213.59
523.54 454.42 0.60 5465.21
466.58 526.96 0.37 6957.32
533.97 457.75 0.55 5667.68
475.75 407.79 0.58 6825.61
469.24 456.36 0.58 7833.87
562.64 641.56 0.56 6251.47
524.37 465.97 0.38 6525.84
565.35 453.50 0.50 5895.90
487.34 517.64 0.43 7040.07
511.37 562.47 0.60 7615.51
588.15 557.21 0.49 5989.65
510.34 530.09 0.49 8774.50
535.18 512.46 0.52 6105.12
619.83 492.98 0.50 6779.78
533.99 436.26 0.53 6960.01
370.47 506.51 0.34 8162.66
598.70 454.20 0.38 5630.41
484.03 482.90 0.54 6720.42
587.32 385.83 0.60 5990.25
581.77 466.83 0.45 10137.16
541.88 439.81 0.51 6251.63
522.31 577.81 0.60 7567.80
435.82 510.10 0.54 10368.43
439.18 522.62 0.60 7550.25
511.83 502.60 0.52 5240.81
499.93 461.69 0.47 5841.83
501.44 485.13 0.28 5685.13
454.22 509.96 0.42 6979.45
447.70 499.19 0.50 6996.30
557.34 503.13 0.37 5962.49
427.52 469.01 0.41 6920.09
496.32 500.62 0.59 4749.56
394.17 436.49 0.23 7793.87
482.06 496.49 0.60 5944.27
392.86 419.89 0.60 5871.13
482.18 536.87 0.49 6888.21
501.13 524.09 0.48 6758.36
467.90 512.26 0.30 6432.41
545.31 567.78 0.50 8767.38
462.81 491.94 0.54 7245.95
544.69 460.74 0.41 5727.70
500.88 433.29 0.47 7438.42
427.71 533.29 0.55 8576.01
509.00 570.70 0.56 7406.30
529.83 554.80 0.50 6343.28
525.88 551.57 0.47 9203.06
528.36 482.45 0.49 8432.76
551.53 491.20 0.40 10195.60
472.67 509.41 0.33 5781.41
493.18 531.56 0.60 9444.14
488.76 552.25 0.34 7540.93
549.66 446.16 0.60 7695.63
500.91 416.09 0.49 6407.87
521.08 443.38 0.60 6974.30
524.77 519.05 0.51 6474.73
477.58 502.44 0.60 6629.49
448.52 498.35 0.60 6202.25
530.12 529.08 0.49 6508.28
