366.33 199.38 0.47 6495.80
137.84 302.23 0.20 6833.00
241.63 186.29 0.24 8070.69
486.10 212.19 0.15 6827.08
2.82 342.25 0.17 7711.04
302.01 962.51 0.13 7159.35
309.14 924.76 0.22 8130.31
394.05 928.19 0.16 7756.45
71.00 554.20 0.17 7411.05
314.29 820.94 0.20 7534.28
427.55 999.00 0.34 5458.09
71.07 999.00 0.07 7502.55
270.69 999.00 0.18 6565.82
224.11 999.00 0.14 6994.95
143.78 999.00 0.13 7398.39
225.47 999.00 0.19 7876.69
376.34 999.00 0.13 7181.71
41.05 999.00 0.29 5894.59
474.64 999.00 0.24 6661.55
404.55 999.00 0.21 6119.75
17.50 999.00 0.28 7767.83
340.31 999.00 0.11 7516.15
360.69 999.00 0.18 6151.72
17.73 999.00 0.27 6988.61
223.78 999.00 0.03 8341.44
719.00 398.38 0.16 8913.98
587.53 177.45 0.25 6713.55
952.20 157.14 0.35 5959.80
871.88 234.49 0.09 6293.14
945.28 231.40 0.19 7397.29
755.97 608.58 0.11 6300.20
824.63 522.29 0.22 8753.72
759.11 889.16 0.07 7147.68
633.76 780.57 0.03 6559.94
695.72 572.41 0.15 8757.48
895.16 999.00 0.39 7583.00
888.27 999.00 0.23 8137.40
946.75 999.00 0.18 6306.18
502.86 999.00 0.21 6163.45
690.37 999.00 0.25 7796.07
776.84 999.00 0.02 5835.08
674.00 999.00 0.23 6013.82
682.76 999.00 0.15 7934.70
836.39 999.00 0.26 8670.19
700.65 999.00 0.23 6490.54
899.45 999.00 0.11 5721.67
743.19 999.00 0.15 6807.57
513.60 999.00 0.17 7687.88
915.66 999.00 0.09 4720.46
775.62 999.00 0.19 6653.77

12137.753115959924
