719.97 552.02 1314.98 0.64 
550.15 738.97 1417.57 0.49 
638.65 551.55 752.88 0.41 
629.31 630.56 1150.76 0.42 
620.22 572.59 2001.66 0.22 
593.16 582.60 1073.27 0.38 
634.27 612.32 1920.45 0.28 
664.79 821.43 1976.97 0.41 
678.84 543.37 2045.82 0.37 
634.39 572.79 1681.03 0.36 
830.39 585.43 2037.80 0.52 
623.87 567.64 1901.81 0.45 
606.27 725.00 1519.60 0.42 
572.63 691.88 1311.42 0.43 
634.79 674.81 1318.81 0.26 
670.23 542.55 1623.21 0.36 
626.84 573.27 1770.67 0.51 
760.45 590.08 692.56 0.47 
550.66 573.33 1108.99 0.41 
568.68 631.94 2354.93 0.37 
955.59 597.41 649.12 0.53 
595.60 570.14 1755.83 0.32 
664.53 584.39 2134.14 0.32 
656.71 558.05 2115.83 0.46 
555.49 588.02 2537.47 0.29 
617.54 567.01 3027.68 0.43 
625.70 607.03 1105.81 0.42 
722.63 587.57 1568.39 0.34 
615.18 688.40 1591.35 0.48 
653.89 611.10 2060.66 0.20 
586.81 641.44 913.56 0.48 
801.19 643.31 2298.43 0.46 
596.30 605.01 2134.57 0.38 
678.55 704.76 1526.87 0.37 
594.28 551.96 880.15 0.33 
734.83 693.86 1751.12 0.38 
789.51 684.94 902.46 0.42 
760.78 680.24 1969.25 0.33 
619.13 688.55 778.06 0.24 
680.75 808.16 1895.97 0.37 
544.45 644.72 2030.68 0.47 
552.18 636.34 951.12 0.45 
576.35 676.59 868.40 0.26 
672.86 543.32 806.98 0.35 
636.50 650.25 2213.75 0.25 
579.93 647.45 1563.98 0.35 
556.20 696.30 1456.66 0.52 
615.49 558.43 982.08 0.44 
633.81 618.39 993.18 0.44 
605.64 615.26 575.28 0.18 
693.51 568.67 932.57 0.35 
575.91 595.57 1765.68 0.26 
613.38 545.11 1510.82 0.51 
590.94 655.37 1375.00 0.42 
643.46 638.68 1769.42 0.38 
587.32 592.59 1434.65 0.32 
635.86 604.71 728.50 0.51 
672.79 558.81 1276.96 0.35 
658.04 542.07 1077.48 0.42 
565.99 617.04 1493.36 0.58 
566.03 624.03 1403.04 0.25 
561.31 621.59 626.70 0.31 
590.95 678.77 795.28 0.40 
714.89 634.72 1071.17 0.38 
605.89 603.80 2245.79 0.50 
748.92 565.47 1539.69 0.43 
559.13 579.22 1775.84 0.53 
574.69 635.73 1292.86 0.47 
660.83 575.73 689.31 0.43 
580.54 661.95 1031.51 0.64 
550.34 816.10 730.43 0.35 
593.35 626.06 1228.43 0.42 
578.15 585.53 2322.34 0.57 
691.09 639.55 747.80 0.40 
548.32 596.69 2771.12 0.52 
610.11 585.17 1213.36 0.37 
547.35 542.69 1925.83 0.33 
684.04 654.13 1906.17 0.44 
655.38 756.65 1363.09 0.36 
621.10 588.68 1355.60 0.19 
612.38 632.47 1264.41 0.28 
572.41 588.98 589.82 0.40 
740.82 570.88 1337.20 0.46 
572.18 587.69 1591.69 0.34 
599.09 660.01 1819.41 0.32 
636.27 571.73 1577.42 0.44 
661.83 552.92 1879.49 0.53 
550.87 640.79 1514.66 0.30 
676.84 547.78 2761.66 0.55 
566.02 702.31 1389.79 0.28 
574.31 636.65 1307.48 0.29 
676.36 553.11 1713.24 0.30 
744.66 760.81 564.52 0.38 
761.43 633.63 1924.91 0.28 
668.26 597.42 1015.38 0.60 
578.71 600.03 847.16 0.34 
626.13 768.13 1495.80 0.46 
614.08 604.41 1862.83 0.42 
571.57 637.31 935.30 0.42 
586.58 676.46 1679.14 0.35 
669.02 593.62 1428.49 0.49 
