645.14 681.52 1041.87 0.42 
546.48 630.91 719.34 0.52 
696.42 650.13 1438.97 0.32 
581.97 626.00 1926.75 0.43 
632.83 635.97 1320.40 0.48 
573.05 619.26 1552.55 0.17 
556.53 623.71 918.86 0.35 
540.16 767.02 832.67 0.28 
744.45 648.76 1366.19 0.34 
711.37 580.08 730.63 0.39 
592.90 659.99 1426.62 0.45 
836.67 608.75 902.80 0.65 
557.97 639.85 1281.17 0.47 
653.86 595.64 982.24 0.39 
569.08 675.67 1082.02 0.38 
679.62 595.74 898.52 0.39 
554.14 576.36 1632.64 0.17 
726.79 595.23 2060.43 0.43 
901.70 668.02 2312.94 0.35 
552.36 613.92 773.78 0.22 
668.26 645.27 1971.46 0.41 
591.35 674.40 788.23 0.40 
675.14 674.98 824.34 0.38 
568.42 657.29 2154.65 0.48 
727.37 561.06 837.77 0.44 
588.50 606.25 837.01 0.19 
560.42 559.85 1295.16 0.22 
556.65 676.54 1547.24 0.65 
710.61 615.46 2141.84 0.58 
621.27 679.37 1433.43 0.42 
546.60 541.13 1953.74 0.70 
585.57 634.46 1467.49 0.34 
672.91 665.45 768.02 0.28 
704.18 590.85 1326.90 0.36 
561.70 594.85 635.93 0.46 
596.84 783.86 764.62 0.31 
712.30 605.19 1684.24 0.41 
601.09 568.20 1979.27 0.47 
663.16 569.49 1511.99 0.48 
567.11 688.20 1141.03 0.19 
559.92 685.72 1853.25 0.28 
551.01 621.45 1041.31 0.32 
558.27 570.83 585.86 0.54 
607.01 605.84 1052.09 0.20 
558.96 630.35 1937.27 0.37 
573.49 659.74 975.01 0.40 
777.89 584.02 1894.76 0.25 
604.62 573.74 912.72 0.54 
658.61 556.46 1493.19 0.38 
592.24 651.35 1048.19 0.38 
628.48 560.82 643.53 0.29 
596.49 562.92 2050.76 0.55 
574.08 604.92 1557.31 0.43 
635.46 634.69 1595.28 0.53 
543.00 667.62 2296.96 0.39 
615.56 569.87 1898.56 0.56 
549.50 790.99 1562.54 0.34 
626.75 540.62 1426.00 0.44 
683.28 762.72 725.81 0.46 
653.61 674.94 1113.65 0.44 
670.91 767.36 1614.38 0.39 
568.04 695.72 1071.21 0.39 
597.66 540.62 1030.37 0.28 
635.19 547.29 1723.82 0.22 
583.36 751.70 2249.50 0.37 
644.21 545.43 1359.72 0.43 
630.01 545.55 1450.23 0.33 
588.60 636.09 1280.19 0.27 
732.75 617.95 1527.57 0.33 
621.49 624.73 1751.60 0.43 
563.07 689.74 1095.42 0.28 
760.13 701.02 2009.69 0.38 
609.23 596.40 1599.03 0.35 
703.28 632.14 1814.16 0.36 
574.07 686.07 991.20 0.35 
581.05 882.92 658.84 0.53 
640.28 594.55 1718.78 0.36 
633.41 573.97 1480.46 0.50 
577.99 613.05 811.75 0.39 
637.64 729.37 924.35 0.46 
615.19 654.77 1396.71 0.50 
560.26 567.97 665.12 0.49 
653.63 573.20 1042.81 0.40 
549.35 594.43 1334.99 0.48 
596.83 603.89 1399.14 0.45 
584.00 736.60 900.23 0.52 
593.06 754.28 1391.39 0.39 
570.16 562.99 1688.88 0.50 
650.34 595.94 1580.52 0.30 
575.11 566.42 1216.01 0.34 
820.95 667.93 1314.02 0.59 
669.92 675.45 2008.84 0.43 
688.72 722.73 694.32 0.49 
654.62 613.96 823.82 0.61 
748.96 561.88 1857.67 0.40 
600.64 566.29 1737.49 0.51 
611.85 574.82 2003.16 0.37 
655.06 645.44 2732.10 0.24 
675.70 645.52 1377.77 0.27 
641.00 783.33 1625.17 0.55 
715.31 542.53 923.41 0.44 
832.62 612.82 1859.31 0.57 
613.06 665.92 3460.09 0.27 
717.15 586.35 1913.62 0.39 
858.88 570.60 1713.03 0.51 
556.65 684.65 1204.73 0.37 
572.58 599.77 2074.99 0.43 
541.85 666.48 836.27 0.39 
562.38 639.93 2029.25 0.24 
576.91 664.99 1706.77 0.48 
595.35 591.19 2447.37 0.38 
550.56 664.42 1195.90 0.59 
554.65 561.21 1887.77 0.39 
784.18 577.58 1164.72 0.38 
562.55 764.88 1160.87 0.34 
605.48 936.87 1940.95 0.52 
555.98 557.09 1381.97 0.47 
610.85 629.78 1260.71 0.31 
601.61 622.33 2043.66 0.32 
543.99 703.55 1057.62 0.60 
602.49 618.29 2256.90 0.22 
732.51 702.70 1326.81 0.44 
581.16 597.72 576.96 0.53 
607.78 600.53 1136.18 0.40 
557.79 543.82 2142.61 0.45 
600.38 574.31 1932.95 0.39 
602.80 583.17 1525.99 0.48 
696.75 627.97 1093.70 0.45 
615.29 587.62 1583.44 0.40 
592.74 683.61 1914.49 0.24 
661.05 601.32 1633.31 0.30 
643.69 691.66 1826.86 0.42 
623.24 562.21 1554.39 0.36 
732.33 697.85 1612.72 0.48 
584.24 601.52 817.03 0.38 
647.48 567.98 1215.04 0.28 
554.30 602.88 1317.20 0.53 
579.65 576.06 1973.04 0.27 
542.98 651.23 2133.46 0.43 
728.44 624.66 1857.27 0.41 
603.60 706.43 2095.45 0.37 
550.73 631.19 824.53 0.40 
551.36 547.09 1489.46 0.45 
639.19 598.62 937.85 0.54 
632.98 552.64 1192.64 0.36 
765.94 608.90 1399.05 0.46 
584.76 542.84 1708.26 0.33 
627.01 580.62 2546.32 0.33 
549.67 608.30 2492.47 0.52 
610.17 646.93 941.10 0.52 
580.64 626.75 1959.72 0.27 
578.48 717.90 1969.40 0.47 
681.23 558.79 859.29 0.37 
655.40 551.48 2048.08 0.52 
640.07 733.89 1106.07 0.35 
701.25 614.23 1160.71 0.22 
653.62 678.89 1063.63 0.53 
566.22 550.80 781.02 0.28 
554.48 544.19 1475.09 0.38 
552.37 603.40 601.72 0.49 
602.74 549.95 1959.88 0.44 
555.72 585.87 786.79 0.35 
545.32 746.35 2384.23 0.37 
681.23 643.74 2351.61 0.34 
661.62 552.52 2277.32 0.37 
607.80 560.91 1225.25 0.23 
563.46 550.58 2191.82 0.52 
579.26 549.02 1635.56 0.54 
881.54 565.26 1050.20 0.34 
597.00 665.20 2644.67 0.39 
752.53 605.56 1321.75 0.45 
699.58 547.71 591.96 0.38 
562.41 678.16 1349.04 0.41 
630.80 557.31 1639.86 0.31 
578.90 592.66 1016.61 0.45 
726.33 626.81 1535.88 0.46 
637.97 546.17 849.23 0.51 
600.81 702.16 1078.04 0.25 
553.24 747.00 1161.09 0.23 
541.12 561.41 1584.42 0.36 
553.35 634.93 1565.06 0.40 
651.25 641.69 1938.68 0.30 
794.48 551.72 1027.97 0.32 
692.28 685.64 1047.04 0.35 
576.75 640.36 1343.18 0.37 
682.07 603.44 1602.27 0.56 
711.38 837.92 1205.74 0.46 
570.16 564.25 1100.31 0.31 
661.39 569.74 1259.92 0.35 
678.07 610.76 701.72 0.50 
551.42 602.51 1463.12 0.08 
546.37 726.62 1009.30 0.29 
645.79 555.31 1423.08 0.34 
813.68 591.37 1422.56 0.48 
662.73 588.90 1391.04 0.47 
622.88 563.13 1175.01 0.24 
662.20 610.10 1015.78 0.29 
585.59 655.28 1194.75 0.50 
597.94 655.64 2077.38 0.38 
620.16 605.95 2479.11 0.49 
553.99 654.05 1561.51 0.45 
