615.56 648.52 1584.28 0.45 
640.06 724.37 1414.96 0.42 
587.28 597.75 1860.08 0.34 
567.20 603.63 1010.87 0.40 
575.76 618.82 1143.97 0.51 
773.53 772.03 1850.89 0.35 
647.35 642.58 1554.74 0.55 
630.47 596.27 1558.39 0.41 
579.99 697.39 2558.30 0.67 
609.51 595.76 2088.47 0.34 
715.02 561.09 1076.17 0.25 
582.94 682.41 1121.10 0.26 
601.94 587.89 2109.02 0.57 
632.78 620.98 1983.26 0.22 
553.36 558.32 1882.66 0.28 
560.17 664.78 2727.74 0.41 
558.58 590.43 1332.62 0.39 
593.88 584.07 1433.72 0.50 
716.80 613.68 1059.48 0.48 
704.97 683.21 2134.18 0.45 
886.23 558.50 1867.32 0.35 
653.38 566.11 1366.32 0.45 
623.22 597.36 1757.67 0.34 
818.71 567.11 1909.77 0.37 
592.66 684.35 1327.19 0.33 
582.98 594.77 1986.47 0.32 
587.41 583.54 1129.75 0.38 
669.93 552.77 1215.35 0.35 
701.29 574.35 2524.30 0.31 
572.71 573.34 1888.63 0.34 
541.90 564.88 1190.69 0.45 
542.08 662.66 1330.06 0.40 
799.12 715.09 903.11 0.33 
570.85 803.76 946.04 0.36 
541.17 599.51 1185.66 0.30 
668.59 582.51 629.19 0.75 
580.28 679.89 1938.20 0.47 
586.25 802.02 1153.07 0.50 
702.96 600.13 1567.43 0.43 
639.41 542.41 871.17 0.30 
583.14 661.38 1977.16 0.49 
548.63 571.37 2260.61 0.17 
592.20 671.83 1452.04 0.38 
628.41 653.26 1305.61 0.27 
558.71 609.98 2602.87 0.26 
549.62 684.66 1746.53 0.59 
647.15 790.86 1586.84 0.53 
647.75 557.33 559.15 0.50 
630.52 565.61 800.82 0.56 
717.73 692.36 1238.55 0.45 
561.34 568.20 1147.46 0.27 
685.48 595.92 1421.95 0.49 
545.65 594.87 1925.30 0.50 
553.87 576.53 576.49 0.42 
562.52 567.41 1307.89 0.25 
772.29 661.21 1782.97 0.38 
695.20 657.91 1244.38 0.39 
603.27 589.23 1999.23 0.34 
575.49 606.84 1211.70 0.49 
756.02 614.10 718.36 0.48 
614.68 627.86 1023.88 0.36 
788.27 613.54 1971.43 0.41 
679.11 542.35 1484.39 0.47 
595.24 659.74 1449.04 0.49 
626.68 599.40 1146.44 0.51 
542.00 569.25 1844.26 0.34 
609.06 618.25 2656.74 0.28 
611.97 619.28 962.74 0.47 
583.93 611.85 1141.96 0.28 
724.57 668.16 1596.41 0.36 
548.98 650.11 1035.54 0.40 
585.24 572.45 2284.09 0.37 
593.13 607.22 1920.19 0.34 
566.05 620.21 2401.55 0.31 
564.49 631.20 1428.33 0.39 
607.69 722.02 2345.57 0.28 
738.74 620.88 1076.72 0.38 
716.29 574.57 676.21 0.31 
813.80 613.47 1053.20 0.34 
623.25 578.60 1825.60 0.31 
615.58 619.04 1541.37 0.51 
