582.95 578.70 1346.39 0.50 
765.80 557.18 1665.71 0.18 
696.10 769.58 602.65 0.26 
625.87 595.36 824.07 0.42 
669.66 541.65 1279.95 0.42 
633.67 546.74 1652.58 0.37 
769.54 618.78 540.63 0.52 
615.26 558.43 1576.10 0.33 
548.96 609.05 1292.39 0.39 
648.98 552.24 2072.58 0.34 
639.77 641.19 1159.24 0.31 
593.97 608.00 886.44 0.36 
691.58 600.86 1392.48 0.43 
544.67 672.40 1586.49 0.34 
651.31 578.46 1363.35 0.22 
606.53 850.93 1925.74 0.22 
619.93 540.60 1938.05 0.45 
617.39 654.78 1749.99 0.32 
629.41 552.44 1075.87 0.39 
604.15 603.99 2157.67 0.41 
552.91 679.38 1016.03 0.62 
633.08 689.42 2498.01 0.14 
615.27 666.43 2013.74 0.47 
614.28 679.26 1520.12 0.29 
554.02 641.60 1885.44 0.47 
624.89 572.79 1207.53 0.43 
624.17 565.60 1286.36 0.46 
668.86 607.60 1379.20 0.45 
635.67 640.11 2504.81 0.29 
541.34 593.43 1386.17 0.30 
572.89 735.95 677.42 0.49 
654.13 586.66 1420.03 0.48 
544.38 656.59 2512.13 0.45 
545.49 722.10 920.40 0.56 
631.91 629.39 1566.79 0.56 
692.92 578.65 2258.97 0.40 
556.87 752.59 997.54 0.54 
713.57 665.21 1793.48 0.30 
649.02 668.32 1721.27 0.33 
619.19 673.03 1418.39 0.22 
597.00 610.93 1477.03 0.40 
723.96 638.25 2052.53 0.42 
579.30 654.03 2237.83 0.30 
622.02 583.05 1556.26 0.26 
627.32 540.67 2095.10 0.28 
569.13 688.90 1758.47 0.42 
550.35 568.24 2474.15 0.35 
778.79 721.03 1101.78 0.37 
584.50 658.11 1334.28 0.49 
674.39 653.77 1748.94 0.48 
769.19 548.26 1711.49 0.54 
607.04 553.02 790.10 0.50 
743.87 808.38 1819.29 0.41 
607.81 649.82 1466.61 0.52 
629.95 597.82 1253.90 0.34 
549.50 721.18 966.34 0.26 
670.01 559.20 960.14 0.23 
541.27 559.07 1419.14 0.28 
653.40 576.68 1043.75 0.22 
651.92 671.61 1510.38 0.30 
737.24 861.56 1044.53 0.48 
610.35 656.99 1441.74 0.34 
718.97 704.12 1611.49 0.37 
555.90 754.37 1385.81 0.55 
571.07 542.84 2211.80 0.41 
566.49 610.48 761.97 0.38 
541.25 551.25 1643.79 0.37 
635.78 571.82 806.51 0.40 
590.52 592.84 2200.12 0.53 
614.47 561.40 1846.50 0.41 
556.29 548.03 1941.40 0.37 
