543.07 602.42 2039.22 0.41 
583.08 555.30 1277.35 0.48 
797.02 726.70 1667.18 0.36 
637.43 551.07 2566.14 0.38 
613.20 600.15 1462.13 0.39 
721.37 641.57 1060.96 0.29 
729.23 613.62 1979.37 0.51 
571.67 562.90 784.62 0.57 
552.74 650.00 2057.15 0.44 
607.38 593.51 2247.48 0.43 
547.91 579.60 1883.89 0.42 
586.11 574.35 1288.28 0.45 
560.46 550.42 714.94 0.41 
657.69 578.07 1560.38 0.63 
666.27 678.68 1832.52 0.34 
583.29 543.28 1327.55 0.46 
642.19 778.25 727.35 0.33 
555.43 769.51 748.71 0.15 
627.80 573.54 2084.95 0.43 
609.10 629.46 1206.44 0.20 
960.14 555.27 898.10 0.54 
599.45 765.51 1588.45 0.42 
602.37 747.99 996.11 0.42 
689.72 636.98 1441.70 0.50 
667.39 574.31 1199.01 0.40 
697.68 760.81 1990.37 0.30 
554.51 647.19 1538.30 0.57 
680.68 654.80 1098.35 0.37 
579.58 564.27 873.96 0.42 
558.54 724.09 1413.28 0.37 
540.40 646.91 2186.71 0.53 
653.78 594.48 1195.64 0.26 
666.74 625.87 1043.69 0.20 
601.59 631.43 787.24 0.34 
690.79 674.85 2489.58 0.29 
749.94 555.16 1166.55 0.31 
651.52 713.06 1484.26 0.27 
622.10 750.43 1959.26 0.31 
851.58 540.01 2113.88 0.28 
553.88 549.44 1371.19 0.45 
703.49 589.94 1207.86 0.41 
