715.76 566.93 646.61 0.33 
674.80 628.62 614.88 0.60 
672.20 661.17 1872.07 0.42 
661.53 551.72 969.52 0.53 
645.90 596.60 823.03 0.33 
601.48 679.24 559.56 0.43 
549.78 632.05 909.99 0.41 
615.99 691.72 1241.97 0.40 
595.67 577.81 694.05 0.40 
633.34 549.32 1743.68 0.32 
566.05 585.11 1479.01 0.48 
542.00 575.03 1130.04 0.36 
775.24 732.34 1200.04 0.23 
567.23 686.92 2386.78 0.42 
679.58 594.23 1539.47 0.41 
602.81 554.63 2105.95 0.38 
692.80 649.71 1657.55 0.47 
595.62 592.26 1332.89 0.44 
664.00 571.65 1313.77 0.39 
561.31 608.80 713.54 0.55 
573.71 666.77 2332.40 0.30 
575.03 642.24 1769.92 0.23 
697.34 553.73 1090.16 0.41 
633.14 573.52 1826.72 0.41 
578.86 600.05 3059.03 0.31 
555.42 677.57 956.76 0.55 
721.13 553.22 1594.37 0.45 
691.95 742.67 1421.22 0.47 
609.67 682.96 1956.85 0.54 
569.50 654.52 789.04 0.34 
644.33 586.16 1409.01 0.40 
