543.61 788.32 1524.72 0.47 
621.94 552.30 553.66 0.40 
603.15 551.60 784.37 0.49 
733.06 695.36 932.38 0.41 
578.11 566.04 987.83 0.34 
716.00 540.65 1606.71 0.32 
778.75 544.50 1137.65 0.32 
595.90 865.03 1216.95 0.54 
710.71 554.42 1558.00 0.28 
759.70 661.23 1727.84 0.35 
604.04 557.38 1361.97 0.31 
619.20 558.83 1736.46 0.25 
598.00 700.66 840.77 0.41 
735.02 616.47 1588.05 0.48 
669.30 662.71 1602.83 0.31 
540.80 634.70 771.80 0.39 
713.58 671.64 2207.88 0.39 
565.79 598.72 811.10 0.44 
617.56 607.97 853.05 0.27 
692.50 627.38 1412.27 0.57 
599.17 658.90 1531.43 0.43 
