594.09 732.10 785.26 0.31 
545.90 605.36 2517.35 0.34 
573.34 565.64 1295.75 0.29 
582.79 558.03 860.01 0.39 
552.53 713.23 1165.97 0.52 
587.76 585.34 2197.38 0.32 
797.21 573.03 1151.25 0.37 
650.36 562.38 1758.58 0.47 
661.69 569.95 723.25 0.32 
548.35 566.57 1398.81 0.40 
603.09 570.60 2082.32 0.50 
689.44 614.26 710.67 0.54 
627.97 541.44 2529.21 0.39 
656.35 605.54 1446.60 0.46 
565.98 609.85 2140.30 0.46 
652.83 915.65 1571.35 0.28 
588.14 540.19 1753.78 0.41 
588.86 590.61 1732.96 0.52 
560.53 634.19 1637.47 0.39 
555.88 694.69 2652.50 0.40 
597.67 866.89 1341.34 0.42 
704.62 691.28 584.58 0.48 
557.48 567.29 729.49 0.36 
680.76 682.46 1295.75 0.38 
627.51 563.35 979.82 0.38 
670.55 610.00 1435.57 0.48 
556.53 677.75 882.08 0.31 
682.10 665.77 1307.40 0.38 
602.60 663.07 1161.18 0.45 
650.95 735.56 1091.48 0.30 
604.26 549.91 1136.75 0.48 
574.10 579.71 2083.65 0.44 
878.90 649.71 1036.93 0.30 
675.55 573.12 792.99 0.47 
588.93 603.92 679.44 0.32 
673.24 715.22 1364.47 0.13 
766.67 550.48 1656.49 0.35 
736.72 547.59 1861.78 0.19 
625.09 574.18 601.42 0.39 
586.40 617.12 667.14 0.49 
595.58 548.14 1754.84 0.31 
557.45 556.10 1427.32 0.34 
597.82 608.01 2141.46 0.40 
560.83 600.13 1221.01 0.31 
576.02 763.76 1403.57 0.40 
717.44 587.66 956.18 0.38 
722.48 567.10 1434.68 0.36 
691.84 742.84 1589.48 0.39 
670.06 552.39 1493.44 0.41 
652.19 597.56 890.31 0.46 
775.98 574.07 1229.90 0.39 
665.51 560.73 1141.90 0.45 
597.54 687.17 1417.14 0.34 
594.40 710.11 784.77 0.37 
628.90 673.79 898.99 0.40 
684.69 577.14 1733.91 0.63 
606.57 558.23 2288.07 0.34 
642.95 546.08 1040.55 0.47 
560.68 632.55 1307.64 0.30 
712.28 577.49 1001.96 0.34 
663.44 616.78 885.15 0.33 
649.53 658.69 1116.19 0.28 
749.34 642.44 2559.28 0.33 
839.56 616.04 779.20 0.40 
628.73 574.72 1873.73 0.33 
573.21 602.92 2120.94 0.40 
657.18 594.16 1740.85 0.34 
807.98 599.18 839.14 0.42 
585.49 651.13 1493.43 0.36 
586.64 566.41 1553.61 0.45 
601.49 670.79 1725.17 0.41 
548.04 550.40 2819.02 0.38 
606.74 745.19 2333.38 0.45 
558.62 553.37 1789.52 0.39 
703.98 585.49 835.24 0.35 
632.03 616.08 1487.27 0.45 
695.92 708.68 547.16 0.57 
612.21 542.25 1789.30 0.39 
567.07 624.44 943.01 0.32 
678.58 754.46 2131.53 0.54 
549.02 741.71 1201.25 0.59 
607.19 553.09 1464.35 0.49 
552.43 548.60 2923.13 0.46 
636.35 555.46 2075.20 0.25 
600.48 739.04 1398.71 0.42 
581.44 631.95 1781.04 0.34 
621.64 621.57 1565.90 0.39 
544.10 663.40 2047.79 0.50 
639.24 580.10 1827.85 0.32 
682.56 697.81 2017.69 0.44 
547.40 664.40 1923.96 0.52 
652.98 631.34 1651.60 0.26 
672.42 627.77 2100.08 0.52 
699.05 687.05 1406.81 0.47 
653.46 586.25 1015.13 0.38 
578.46 641.36 1733.46 0.13 
663.20 619.14 609.38 0.44 
732.44 605.10 1243.68 0.51 
655.17 632.95 1749.96 0.23 
586.31 670.77 2288.43 0.37 
573.09 576.69 1514.56 0.51 
670.38 716.75 1832.44 0.42 
614.80 562.06 2120.99 0.46 
711.53 610.41 1260.50 0.41 
620.25 605.60 891.44 0.28 
547.69 628.04 1398.05 0.28 
603.58 714.46 2189.65 0.28 
597.36 649.68 1722.65 0.48 
583.00 612.90 1085.76 0.42 
545.20 700.90 2139.94 0.49 
740.31 599.10 1824.95 0.34 
653.75 630.28 1679.24 0.44 
777.72 548.08 1513.74 0.28 
662.58 775.46 1961.72 0.42 
643.11 706.93 1960.32 0.51 
576.78 585.39 2282.60 0.57 
624.24 556.01 1513.29 0.40 
684.75 656.42 1831.38 0.30 
689.80 674.40 1183.58 0.61 
551.84 779.61 1177.23 0.49 
589.79 701.23 650.16 0.27 
587.78 570.92 1842.39 0.51 
775.85 662.90 1154.90 0.45 
628.95 657.76 1811.08 0.39 
660.27 764.23 817.21 0.45 
547.80 707.07 1980.90 0.40 
743.48 610.87 1453.26 0.31 
629.87 664.60 1879.80 0.39 
574.09 561.66 1586.56 0.38 
547.75 559.45 2260.35 0.37 
557.16 610.90 951.12 0.49 
705.07 959.11 767.23 0.55 
572.43 639.36 1164.31 0.40 
567.74 560.52 1250.33 0.41 
668.19 588.87 2372.82 0.12 
646.86 628.35 1572.56 0.42 
640.49 548.94 1383.15 0.34 
697.42 640.70 2022.15 0.27 
658.57 548.35 1617.37 0.48 
710.21 687.24 961.04 0.39 
677.89 548.18 1460.83 0.36 
610.12 608.57 2203.47 0.33 
608.05 710.33 1443.80 0.50 
550.32 645.25 1274.45 0.26 
616.47 573.65 2182.69 0.45 
571.92 568.07 989.82 0.28 
659.30 658.59 1294.70 0.30 
599.64 603.23 1298.20 0.23 
671.07 666.00 1627.86 0.41 
636.88 632.14 2979.39 0.42 
618.14 620.22 1947.23 0.35 
