612.93 563.56 1268.92 0.38 
599.31 628.75 1806.96 0.45 
809.30 654.83 2002.63 0.51 
571.80 585.05 1582.81 0.29 
850.92 681.24 2029.30 0.44 
656.45 629.38 859.21 0.42 
615.10 561.67 1903.90 0.12 
766.62 688.51 1192.35 0.53 
692.47 731.68 1686.06 0.45 
546.57 568.43 820.26 0.57 
666.62 662.17 2035.64 0.35 
578.89 652.61 908.08 0.32 
661.99 716.55 1676.32 0.41 
555.28 624.86 1065.42 0.47 
616.91 604.57 1552.30 0.40 
854.32 613.60 1937.95 0.50 
556.10 850.09 1193.40 0.56 
592.58 593.05 641.85 0.38 
650.85 581.12 906.65 0.49 
540.48 617.97 1072.31 0.27 
584.36 593.78 1334.88 0.36 
594.34 668.90 1628.29 0.40 
558.35 647.11 1332.96 0.51 
590.50 704.95 1431.75 0.40 
607.30 641.28 1876.68 0.48 
596.23 574.35 806.01 0.55 
711.39 549.01 2657.49 0.44 
781.84 953.77 1462.13 0.58 
598.30 577.30 1580.55 0.41 
615.54 554.69 1148.38 0.28 
590.54 593.51 1913.42 0.50 
712.58 612.97 1439.86 0.40 
720.11 556.47 1114.76 0.31 
555.13 585.20 1873.86 0.46 
644.29 686.05 1525.55 0.38 
560.58 584.39 2535.88 0.37 
582.01 596.55 1124.99 0.40 
701.87 728.78 2442.18 0.30 
635.57 648.83 1184.76 0.30 
747.61 569.41 791.39 0.40 
570.91 550.32 844.15 0.46 
569.92 603.47 1200.37 0.48 
565.52 553.39 977.58 0.54 
545.40 716.05 1079.53 0.39 
697.98 656.69 1720.33 0.53 
643.29 742.70 1085.61 0.50 
763.42 557.96 817.58 0.35 
700.48 738.80 2258.39 0.37 
549.01 602.04 1543.43 0.43 
540.65 660.04 2195.32 0.24 
717.42 560.12 1641.20 0.33 
593.54 594.84 2012.54 0.50 
545.53 633.95 2416.25 0.26 
682.45 560.83 2520.41 0.37 
706.78 712.04 1263.94 0.47 
572.71 648.82 1720.58 0.40 
581.87 548.40 1872.30 0.37 
543.15 714.79 1953.53 0.42 
546.09 659.95 1302.23 0.34 
683.37 550.84 1211.29 0.25 
570.15 592.32 2322.82 0.55 
628.00 575.68 1766.05 0.51 
724.14 685.08 1041.94 0.30 
575.85 547.30 915.51 0.43 
578.17 597.39 1502.20 0.41 
671.61 548.98 1937.69 0.65 
677.57 612.98 1959.67 0.52 
583.49 681.90 1012.14 0.48 
592.59 607.50 1740.59 0.39 
765.01 607.43 1219.67 0.55 
616.68 542.42 1017.52 0.40 
607.48 566.04 2167.75 0.46 
743.64 622.90 1539.11 0.52 
749.05 586.85 1291.47 0.48 
703.99 715.08 1498.38 0.32 
653.70 684.34 1788.09 0.31 
562.64 668.94 1529.69 0.42 
770.74 603.20 1187.71 0.43 
591.62 640.38 1813.38 0.28 
573.12 617.94 1295.56 0.38 
553.78 614.51 1371.70 0.52 
591.43 561.85 2262.20 0.42 
545.64 635.79 726.05 0.45 
593.36 541.98 823.23 0.23 
594.99 634.94 853.98 0.34 
669.99 861.48 2362.36 0.44 
593.81 582.25 2684.17 0.44 
546.76 542.84 1377.04 0.46 
544.96 700.91 970.66 0.50 
561.28 584.68 2347.49 0.55 
617.87 627.35 1306.15 0.40 
