479.13 433.52 0.42 5344.95
454.38 493.04 0.33 3743.78
500.58 496.22 0.41 6128.22
556.09 524.14 0.47 5976.16
506.74 514.28 0.28 6789.51
593.37 360.21 0.54 9024.97
448.99 527.54 0.44 5833.04
547.97 516.75 0.55 6655.75
534.46 494.16 0.57 7645.46
463.96 446.51 0.60 9486.36
469.36 496.80 0.41 5683.77
483.94 546.27 0.42 8777.19
381.74 510.06 0.54 7333.57
551.60 498.31 0.47 5624.95
469.60 393.24 0.47 5681.49
461.78 480.69 0.51 8105.62
419.68 504.35 0.60 6802.38
523.30 529.05 0.39 8484.94
430.40 520.62 0.47 7123.13
469.85 442.59 0.35 8071.40
519.65 526.34 0.54 7260.92
547.97 439.99 0.35 8864.53
545.30 555.47 0.60 8323.48
499.07 480.95 0.49 6705.12
575.65 546.26 0.58 7186.76
553.86 524.84 0.60 7008.71
473.67 440.53 0.44 9866.03
491.95 492.64 0.39 6895.16
473.83 505.75 0.39 5796.18
488.26 542.04 0.49 6883.97
523.62 491.44 0.34 6283.59
543.96 476.79 0.56 8665.46
509.38 553.51 0.37 7032.02
481.05 403.04 0.49 6687.16
513.35 504.72 0.48 5811.12
491.31 511.55 0.48 7815.28
520.18 549.05 0.47 7827.23
497.92 459.27 0.47 7313.51
504.52 493.12 0.44 6635.71
509.11 422.33 0.53 5410.72
550.05 469.16 0.50 8666.07
582.93 488.84 0.60 10395.80
525.24 553.38 0.31 7270.73
485.79 591.56 0.34 6889.68
477.61 473.79 0.60 6118.11
472.54 475.13 0.34 7425.05
492.95 547.41 0.44 6295.87
379.95 503.48 0.53 9447.69
418.16 475.92 0.34 7283.82
524.52 526.89 0.46 7380.14
580.27 498.71 0.58 10215.56
439.48 526.52 0.46 7671.79
436.07 530.97 0.55 5233.24
487.75 482.88 0.60 7906.73
517.43 492.55 0.43 7141.19
478.10 426.19 0.46 5413.75
446.05 527.21 0.43 10021.85
590.29 540.64 0.49 6290.36
474.86 416.58 0.60 7075.66
490.27 577.51 0.53 5602.43
560.48 485.18 0.43 10329.86
530.04 319.09 0.47 8531.86
473.08 481.70 0.60 9236.68
504.86 470.89 0.40 6708.99
529.27 457.98 0.52 8406.74
490.46 461.10 0.45 6954.96
440.03 401.22 0.47 9294.54
538.95 558.77 0.43 6472.88
446.82 493.84 0.39 8428.00
434.57 513.43 0.50 6745.94
501.74 410.85 0.49 6849.53
458.83 476.56 0.60 8001.66
470.14 481.17 0.59 8368.72
535.67 492.35 0.37 7065.47
547.92 566.04 0.47 7694.88
494.57 469.19 0.52 9981.37
474.15 494.36 0.39 6051.06
403.04 545.86 0.56 5665.95
497.44 480.84 0.60 5430.10
558.50 533.63 0.60 5462.10
501.43 472.66 0.49 10011.56
441.84 366.71 0.45 6566.54
529.30 494.96 0.55 10488.75
455.82 551.36 0.52 7184.48
530.20 465.34 0.53 6216.02
539.64 554.32 0.36 6303.12
431.01 479.82 0.55 7649.64
463.27 470.27 0.37 6789.43
545.34 489.66 0.50 5826.76
537.57 471.56 0.55 7219.92
587.42 389.45 0.51 7996.43
543.48 557.15 0.37 7574.14
527.26 497.52 0.42 9112.42
543.54 538.84 0.30 7491.18
572.22 454.07 0.33 8522.23
497.00 422.18 0.45 6143.30
493.93 426.70 0.55 9798.88
484.99 452.76 0.44 6863.51
544.73 525.16 0.51 9287.23
455.79 522.76 0.37 6221.17
