427.49 602.42 0.42 7724.76
523.11 505.71 0.34 7956.06
538.03 520.61 0.49 10111.67
465.50 441.72 0.49 5499.68
451.83 545.37 0.42 6475.41
437.72 417.08 0.45 5616.43
538.70 462.45 0.43 7598.08
452.14 584.02 0.60 6751.79
507.90 453.21 0.60 6939.09
551.94 490.35 0.46 8808.52
519.61 485.86 0.60 7424.94
413.04 541.98 0.39 8923.79
481.71 508.43 0.42 5189.85
577.11 474.51 0.38 6769.37
504.85 488.65 0.35 7552.65
539.72 525.29 0.60 5989.87
473.76 532.99 0.53 7280.03
481.98 563.10 0.26 7790.35
563.53 510.88 0.36 10720.08
591.68 518.52 0.49 8311.34
473.18 514.27 0.42 9336.83
531.31 518.82 0.60 7416.56
521.27 521.56 0.47 6477.58
496.84 427.53 0.44 6623.05
334.44 491.27 0.31 5234.91
483.35 538.81 0.42 7064.68
497.35 446.22 0.41 7693.41
488.56 474.17 0.50 8289.26
500.71 448.67 0.40 5759.11
553.65 457.08 0.60 5566.88
510.83 474.12 0.44 5551.78
447.48 501.79 0.43 7546.48
536.96 540.72 0.60 8288.12
507.02 478.38 0.60 4950.96
461.91 457.40 0.51 8777.78
479.35 464.17 0.60 5319.85
572.41 452.62 0.51 7109.20
514.83 494.23 0.49 8962.41
482.77 567.33 0.39 8171.30
457.10 489.37 0.53 7347.28
518.33 552.43 0.52 7568.72
531.58 493.19 0.43 7305.80
504.80 525.46 0.56 9655.07
445.62 478.03 0.30 7196.94
481.00 477.51 0.38 6248.45
477.59 514.25 0.39 7034.30
470.75 612.39 0.40 7711.19
468.65 445.89 0.39 7544.50
587.37 525.49 0.57 8016.69
507.05 532.59 0.50 7197.26
472.42 508.08 0.54 8419.00
490.72 424.42 0.41 6292.15
526.40 524.80 0.60 5803.88
423.40 500.82 0.53 5975.29
571.20 499.51 0.53 9306.26
440.15 503.86 0.52 6693.29
643.29 586.97 0.52 10664.79
542.59 468.30 0.60 6874.21
506.76 562.13 0.51 6217.31
530.23 439.61 0.48 6039.48
440.54 484.75 0.42 5631.17
522.69 419.61 0.57 7723.90
508.30 522.90 0.55 6391.32
423.96 552.19 0.47 8061.74
558.45 547.18 0.53 9080.22
509.63 475.86 0.48 6526.96
475.39 444.98 0.39 8354.98
466.28 514.77 0.41 7067.55
490.48 466.23 0.31 6653.71
405.05 458.40 0.49 5831.86
540.48 640.57 0.45 6050.18
535.23 463.22 0.33 5742.90
498.38 484.12 0.45 7611.71
488.55 526.84 0.44 6918.97
486.68 480.78 0.46 7343.27
525.94 586.58 0.51 8145.66
439.14 531.30 0.38 8021.77
378.56 560.33 0.52 4917.06
505.65 391.84 0.44 10610.89
477.21 486.44 0.42 5342.70
537.04 554.27 0.54 8066.84
477.01 495.34 0.51 5412.99
578.84 541.85 0.40 8661.91
493.93 510.60 0.60 9491.77
540.12 464.09 0.60 5494.47
459.97 488.23 0.52 5646.90
475.73 426.58 0.43 6900.40
507.39 483.13 0.60 6799.75
459.46 467.93 0.53 6079.88
425.34 516.08 0.52 7749.66
506.36 490.85 0.50 6595.66
563.89 484.29 0.42 8169.88
485.07 415.11 0.60 7698.56
487.37 414.54 0.56 5778.62
446.47 407.60 0.60 9931.72
519.10 420.37 0.47 9197.75
468.33 461.69 0.49 8396.49
486.50 484.94 0.60 6615.01
478.45 564.24 0.52 4813.69
589.14 494.11 0.47 4063.70
375.76 487.19 0.60 8007.76
580.17 481.22 0.52 6453.77
481.70 491.52 0.60 6401.90
500.68 450.03 0.46 5936.72
535.71 429.76 0.51 5000.27
512.09 550.87 0.35 6605.83
472.81 334.97 0.52 7941.74
483.16 523.12 0.39 7608.59
543.57 563.20 0.39 5506.76
484.14 449.59 0.42 8455.94
535.41 466.66 0.44 5323.90
494.34 514.55 0.52 5673.66
420.31 484.89 0.40 8550.70
549.28 599.63 0.58 6030.08
407.88 490.90 0.58 5873.76
562.78 421.60 0.37 7029.55
495.75 512.29 0.58 7335.56
515.84 418.70 0.60 5096.19
510.73 497.63 0.60 7727.87
544.58 440.92 0.56 7598.91
480.75 519.39 0.51 7816.09
504.45 496.91 0.60 8759.79
436.31 463.43 0.60 7235.24
480.40 492.12 0.43 7144.69
438.72 415.08 0.47 10382.57
484.24 520.09 0.51 4973.68
545.76 505.72 0.50 7348.95
510.04 439.05 0.60 6799.37
466.15 550.82 0.60 6729.35
477.69 579.60 0.55 6948.80
420.02 510.16 0.39 6057.60
528.50 444.76 0.44 7550.09
471.90 527.29 0.58 6535.58
497.30 537.76 0.45 4631.57
557.86 463.23 0.49 5967.20
520.30 476.56 0.40 6926.20
586.68 477.60 0.55 5624.24
475.36 508.54 0.42 6864.25
550.38 420.48 0.38 7144.62
469.58 465.45 0.57 7856.28
509.31 509.26 0.53 6776.95
501.51 583.34 0.60 8362.37
449.35 484.82 0.60 7946.00
501.06 451.69 0.46 6935.53
467.53 537.09 0.54 6082.21
453.05 574.73 0.51 5597.57
477.58 529.33 0.54 6760.27
464.35 422.56 0.60 7451.09
440.04 561.43 0.59 8194.52
526.68 493.40 0.60 5743.32
554.56 460.86 0.60 4736.79
459.89 486.28 0.49 5930.41
428.03 530.63 0.56 5569.99
471.71 454.60 0.41 6647.96
438.84 561.66 0.31 4762.74
509.88 411.09 0.52 7267.18
485.10 487.47 0.46 8531.90
428.59 470.81 0.60 6702.33
403.99 541.48 0.46 5029.84
557.20 484.45 0.60 5329.37
528.71 447.40 0.51 7254.46
497.75 432.89 0.51 7234.14
614.68 516.80 0.60 5951.28
465.71 352.49 0.52 8485.88
515.99 524.46 0.45 7585.41
518.40 512.04 0.45 5455.89
459.39 501.68 0.35 6588.21
489.20 516.05 0.60 7704.86
546.20 446.71 0.50 6409.71
486.91 452.76 0.24 5315.19
424.49 451.75 0.45 6954.95
478.68 534.05 0.16 7910.49
539.16 503.01 0.52 5953.61
474.13 434.57 0.50 8421.33
460.72 389.31 0.59 5825.09
