516.71 431.60 0.48 9836.99
525.85 472.02 0.49 5521.61
483.78 444.51 0.42 8871.42
479.59 563.54 0.35 7300.94
572.68 542.95 0.32 7489.96
602.37 473.92 0.60 5322.10
532.89 476.73 0.52 6744.18
471.18 463.11 0.29 8761.55
510.79 494.62 0.60 8677.57
559.42 487.95 0.60 4050.93
501.18 456.49 0.56 7151.41
439.03 442.10 0.35 10719.11
441.22 481.46 0.56 5682.79
568.88 564.61 0.58 9667.64
461.14 446.48 0.60 6804.61
495.66 469.43 0.31 9563.79
525.99 534.99 0.57 6276.50
440.17 447.48 0.47 6464.55
608.96 478.14 0.48 6113.28
477.83 469.02 0.44 9400.41
534.23 545.27 0.44 7305.86
525.54 423.97 0.50 5131.40
518.99 374.26 0.50 10800.00
569.40 494.61 0.40 6883.43
544.49 460.79 0.36 4409.97
537.37 406.75 0.45 7543.67
492.22 454.08 0.47 7610.33
327.85 427.85 0.60 6846.00
426.96 590.18 0.60 8305.78
509.04 515.22 0.38 7335.39
438.05 497.95 0.48 7458.88
450.98 511.93 0.49 9278.10
511.72 512.81 0.53 6853.70
450.43 470.80 0.46 6306.38
428.16 544.67 0.44 6343.03
382.10 509.00 0.60 7991.33
574.74 518.81 0.40 4635.28
542.90 471.26 0.49 5307.27
500.25 474.23 0.60 6952.17
492.16 547.63 0.53 6480.60
529.55 427.65 0.60 5509.66
477.36 426.47 0.45 6196.49
577.73 503.41 0.40 6182.54
465.61 464.00 0.44 7462.13
431.45 508.68 0.60 4397.01
424.46 447.42 0.43 6832.03
482.56 526.56 0.55 6243.80
375.06 549.09 0.55 7403.17
447.40 431.07 0.42 7259.38
503.54 557.07 0.55 6083.07
572.59 602.31 0.49 7880.21
561.56 482.56 0.49 8609.35
555.40 530.14 0.50 8149.32
536.41 522.51 0.47 6486.23
550.09 499.74 0.56 9839.23
532.67 535.67 0.39 5554.58
439.98 453.21 0.38 7471.29
529.42 557.07 0.57 10300.54
462.74 469.49 0.54 6132.05
467.30 473.61 0.33 5345.09
505.56 516.02 0.36 9036.99
508.99 498.94 0.34 6619.86
474.98 471.59 0.26 6098.54
498.13 543.09 0.44 5821.69
588.79 427.61 0.50 6534.12
402.74 489.48 0.60 5354.09
431.12 582.42 0.32 9280.29
438.27 456.94 0.53 5628.09
566.90 463.89 0.56 7682.39
480.18 503.24 0.53 7502.50
456.66 569.43 0.54 6941.52
539.35 464.77 0.51 5503.65
480.96 407.55 0.52 6439.63
491.95 625.87 0.44 9057.20
370.72 528.68 0.52 7509.00
557.05 477.22 0.55 6752.92
515.81 445.60 0.57 6080.54
537.00 515.67 0.60 8529.43
608.56 568.41 0.40 8647.69
492.94 568.75 0.44 10198.85
468.73 490.59 0.36 6050.80
493.51 387.44 0.60 6814.11
479.21 517.35 0.60 6426.69
427.79 443.44 0.50 6337.35
440.45 564.38 0.44 6781.91
486.08 499.80 0.54 5940.64
480.45 544.44 0.49 6021.82
521.90 547.24 0.50 6564.79
464.86 494.06 0.60 8820.08
548.10 587.57 0.35 9523.50
569.36 549.41 0.48 7478.27
566.44 487.46 0.52 4887.22
399.37 497.46 0.51 7346.65
515.15 542.90 0.60 10592.74
410.39 451.43 0.44 10278.29
520.84 513.32 0.55 9057.09
497.34 456.78 0.51 5007.79
477.07 496.42 0.32 5293.51
450.14 495.17 0.38 9758.99
568.66 466.77 0.45 5115.01
382.05 423.04 0.48 5297.59
519.65 451.66 0.36 7520.15
545.52 483.10 0.44 6096.20
534.80 478.87 0.34 9638.50
557.67 541.15 0.39 5703.61
500.63 510.46 0.54 6009.80
481.31 524.85 0.47 8541.15
498.18 484.28 0.58 7042.39
501.22 559.08 0.47 7191.22
487.91 586.29 0.59 5619.20
462.06 410.56 0.60 6921.32
538.07 483.44 0.51 4540.88
518.24 478.89 0.39 5919.94
566.07 452.49 0.45 9274.09
506.20 506.03 0.41 5841.08
507.24 563.04 0.60 6092.02
397.66 526.12 0.50 7247.51
610.53 502.95 0.50 6967.13
503.16 478.56 0.47 6730.57
509.81 654.32 0.34 7361.79
404.15 585.29 0.60 9056.63
548.32 541.13 0.32 9047.05
507.02 492.49 0.60 8066.37
452.87 451.63 0.60 6641.58
549.81 498.95 0.48 6678.20
464.20 579.48 0.54 6430.19
524.20 414.66 0.45 6815.06
428.51 496.15 0.44 6595.48
402.37 556.88 0.48 7059.22
566.32 425.49 0.49 5755.22
515.92 567.19 0.51 9099.74
440.60 485.74 0.53 7029.48
516.42 511.84 0.60 8143.09
563.80 504.54 0.54 6752.40
418.98 455.24 0.50 4028.38
530.98 441.55 0.60 6713.27
533.29 418.00 0.40 9091.24
505.31 558.07 0.53 4234.94
556.96 512.73 0.56 5556.23
424.93 396.66 0.42 5738.49
423.60 463.35 0.45 9458.55
471.30 513.99 0.42 5972.66
391.35 434.87 0.44 6371.43
506.73 428.37 0.32 7961.08
526.43 631.52 0.43 6045.33
489.01 582.10 0.39 5530.15
525.01 450.48 0.46 5760.22
505.07 510.84 0.36 7390.80
524.86 529.06 0.46 7394.69
493.30 451.98 0.60 7946.05
