481.60 498.27 0.31 5883.49
492.21 539.12 0.56 1992.54
556.35 471.24 0.17 3102.24
531.59 526.15 0.01 9988.11
423.63 525.05 0.11 9320.28
473.78 500.89 0.37 2055.07
524.14 497.56 0.17 10507.15
529.49 552.12 0.17 4567.28
422.20 564.80 0.46 4842.73
470.20 596.79 0.57 9943.45
451.89 449.50 0.39 4347.75
475.12 533.61 0.18 683.30
503.34 562.63 0.02 2105.55
511.76 444.93 0.43 3906.43
381.15 476.12 0.27 9814.62
362.49 531.24 0.06 8535.34
537.63 477.32 0.33 3882.85
609.00 448.84 0.18 2816.41
555.21 531.31 0.49 2693.95
529.48 467.03 0.01 4946.10
464.01 513.86 0.33 7612.30
495.35 459.56 0.05 4389.04
584.28 494.22 0.20 7628.54
527.68 541.44 0.57 6245.27
416.57 509.46 0.18 2759.26
489.85 527.15 0.02 5529.86
436.85 552.35 0.35 6738.65
566.67 573.31 0.04 10488.75
580.96 590.04 0.08 7015.11
487.36 473.53 0.56 8823.84
510.65 585.50 0.53 2831.28
461.49 471.51 0.33 2512.95
405.80 569.62 0.22 8921.71
497.27 583.61 0.35 3400.31
493.20 489.31 0.05 8332.61
493.10 471.96 0.23 9467.39
494.78 489.52 0.46 4416.09
507.15 496.08 0.24 5091.49
525.08 462.44 0.17 9967.50
507.02 513.38 0.21 10680.50
496.62 525.08 0.32 9622.61
576.63 432.16 0.28 8192.77
521.60 480.71 0.18 3532.44
529.36 526.76 0.40 673.11
540.92 473.90 0.53 5444.76
531.35 576.13 0.54 5389.04
538.74 539.65 0.37 8318.29
547.42 453.70 0.27 1909.40
600.71 430.82 0.16 8472.24
460.32 537.99 0.03 7504.29

23043.413744380316
