879.23 386.78 0.42 6238.66
679.44 838.84 0.41 7086.38
378.76 764.38 0.51 5186.08
359.23 398.44 0.50 7931.33
753.67 962.74 0.60 5625.36
421.42 619.52 0.48 6510.22
696.31 427.74 0.47 5731.82
418.03 620.85 0.54 6191.54
156.56 229.16 0.60 6608.20
434.43 298.55 0.45 7514.54
547.10 250.98 0.39 7065.21
229.36 292.83 0.60 8381.63
837.83 251.95 0.37 7833.97
739.80 208.74 0.55 8509.95
861.34 219.79 0.60 7553.10
471.57 350.23 0.53 7619.72
25.12 935.44 0.39 8058.37
886.68 869.00 0.59 8262.56
239.96 291.36 0.42 6626.16
37.10 319.45 0.41 6706.48
494.07 974.56 0.41 5784.27
954.45 767.89 0.50 5213.18
339.54 227.41 0.60 5146.09
672.36 528.82 0.51 8217.56
454.36 163.49 0.46 6882.55
223.65 352.09 0.56 7929.28
694.54 402.71 0.60 6189.06
478.83 802.79 0.50 6613.84
24.03 603.56 0.59 7557.87
397.20 344.17 0.60 7872.54
422.17 493.37 0.39 6382.43
754.64 430.26 0.48 6835.26
26.80 278.38 0.60 6733.03
831.83 657.63 0.50 6706.86
690.76 29.98 0.48 7878.97
860.65 975.13 0.60 7184.60
889.22 562.30 0.60 6453.07
477.30 78.58 0.60 6301.23
511.69 84.81 0.32 7120.70
70.74 9.17 0.52 7038.80
831.21 348.71 0.55 5850.11
174.90 863.88 0.47 7310.73
430.83 174.76 0.52 8776.92
765.46 636.10 0.32 7930.38
52.96 899.33 0.48 5847.89
79.71 980.62 0.40 5504.03
527.96 784.26 0.58 7635.58
505.56 553.33 0.59 5133.44
708.58 672.11 0.60 5945.11
388.48 939.75 0.46 7051.42
183.84 25.22 0.40 7175.86
662.59 117.31 0.60 7934.73
425.85 133.21 0.58 4983.96
264.87 994.21 0.58 6641.82
896.14 325.18 0.58 8612.99
14.44 877.28 0.53 8909.13
247.11 178.30 0.38 7016.41
185.83 258.38 0.56 7044.27
725.93 108.26 0.48 7361.02
568.22 744.27 0.46 7788.72
825.84 641.24 0.58 6593.36
748.54 78.85 0.41 8447.22
292.02 955.52 0.58 6675.02
276.93 378.26 0.48 6772.54
8.59 81.02 0.45 7230.86
701.44 148.51 0.60 5147.97
561.60 745.51 0.39 6044.02
139.79 648.47 0.43 8206.99
833.90 287.17 0.29 6929.01
140.25 43.20 0.43 7787.51
864.22 355.31 0.58 5575.51
991.99 28.17 0.42 7034.03
51.95 64.25 0.50 6487.14
246.19 933.88 0.47 7058.13
704.07 602.78 0.43 6368.16
407.30 866.08 0.32 6564.69
297.73 11.57 0.60 7049.60
395.62 495.38 0.45 9024.14
318.74 765.80 0.41 7188.49
986.11 301.16 0.30 8280.08
425.43 199.76 0.52 7367.82
651.35 667.01 0.54 5968.37
721.54 689.14 0.42 7530.04
904.36 6.22 0.40 6604.88
502.48 514.58 0.43 6854.93
400.20 845.28 0.58 6115.55
531.78 227.89 0.60 8171.35
969.07 645.52 0.43 6891.43
321.39 449.58 0.44 6950.28
434.33 381.10 0.60 7170.92
417.87 830.01 0.40 5532.29
134.13 963.09 0.35 6383.04
666.16 168.13 0.60 8137.16
571.25 227.73 0.60 7285.05
117.46 229.31 0.45 7658.85
564.27 452.48 0.52 7060.59
56.02 597.85 0.47 6787.98
967.26 321.30 0.60 7598.61
177.20 440.84 0.39 6510.58
499.40 969.87 0.60 7032.26

14991.90
