47 54 2 34 93 81 3 71 48 97 67 70 27 52 23 1 76 80 75 90 83 5 6 41 58 85 79 14 31 88 65 25 96 40 35 29 60 28 43 66 13 37 26 94 53 19 36 57 42 15 95 56 4 63 100 33 64 24 20 98 16 46 32 61 51 62 68 21 50 9 22 91 18 44 84 17 55 87 77 74 49 10 89 69 59 8 39 30 45 72 82 11 73 99 92 78 86 12 7 38 
Best fitness: 7.91
54 70 17 25 81 62 30 16 90 24 83 1 34 48 2 5 23 52 67 65 93 3 51 15 57 6 43 58 28 29 96 27 76 75 12 20 68 61 31 88 26 37 74 49 47 42 77 53 18 97 40 10 94 86 85 91 44 98 80 45 100 33 4 41 89 66 35 50 87 79 32 71 39 46 56 95 8 69 59 19 36 82 73 55 22 60 21 78 9 84 72 13 92 63 11 64 7 14 38 99 
Worst fitness: 9.78

Alpha: 0.50
K: 0.01
Crossover probability: 0.50
Mutation probability: 0.10
Change mutation operator probability 1: 0.15
Change mutation operator probability 2: 0.00