76 21 26 59 49 73 37 57 50 3 53 4 14 75 31 30 54 77 47 33 68 16 28 62 11 34 8 19 42 36 23 78 43 10 52 46 55 61 63 2 71 15 7 1 39 58 56 35 32 79 51 12 70 72 69 41 74 13 27 45 24 44 40 20 9 66 80 48 60 38 22 29 5 65 64 17 18 67 25 6 
Best fitness: 6.57
76 46 56 68 77 57 43 4 53 50 3 34 8 79 19 14 51 59 20 49 10 75 31 32 11 30 35 61 2 58 62 28 33 47 63 7 1 44 38 55 12 23 42 18 17 41 72 66 27 13 45 24 21 40 52 39 29 15 22 71 16 5 54 37 48 80 26 70 73 78 36 25 6 69 74 64 65 67 60 9 
Worst fitness: 8.03

Alpha: 0.50
K: 0.01
Crossover probability: 0.50
Mutation probability: 0.10
Change mutation operator probability 1: 0.15
Change mutation operator probability 2: 0.00