39 75 40 53 16 50 44 89 60 87 37 57 30 49 9 67 4 70 55 41 71 78 11 56 6 80 82 7 72 2 35 59 29 58 14 23 73 3 31 83 61 69 47 74 85 64 68 25 79 65 15 27 20 10 52 34 32 76 86 36 66 13 48 42 18 62 26 46 54 51 28 22 5 8 38 33 24 63 21 43 19 88 90 84 81 45 17 12 77 1 
Best fitness: 7.27
69 70 67 82 51 75 84 53 16 23 5 68 63 72 2 58 14 29 35 89 87 60 37 27 33 64 47 38 11 56 6 65 80 4 78 48 18 85 57 7 10 34 32 66 8 46 20 52 15 86 36 79 59 50 44 1 40 54 43 41 74 71 30 73 3 19 77 26 62 9 49 25 13 21 22 45 83 81 31 28 39 61 42 55 24 90 88 76 12 17 
Worst fitness: 9.76

Alpha: 0.50
K: 0.01
Crossover probability: 0.50
Mutation probability: 0.10
Change mutation operator probability 1: 0.15
Change mutation operator probability 2: 0.00