491.56 502.79 0.14 9071.81
528.50 516.31 0.47 4240.70
536.47 500.65 0.35 6677.80
590.60 530.26 0.18 9808.38
499.98 496.65 0.48 8337.17
409.26 519.01 0.58 5350.77
506.71 468.82 0.47 4829.60
579.55 417.54 0.54 6160.42
464.35 554.46 0.20 10795.70
487.65 500.60 0.23 5029.92
510.50 539.43 0.15 7165.04
543.40 515.57 0.55 5351.65
515.24 471.45 0.16 10425.07
507.52 498.77 0.48 5998.41
496.29 468.89 0.32 3021.07
430.66 414.18 0.08 9679.26
571.52 516.85 0.01 1599.49
504.39 519.38 0.32 1549.22
446.13 632.28 0.56 7558.03
432.13 440.82 0.08 4309.79
476.41 538.11 0.57 4508.94
387.98 538.04 0.19 5663.95
552.63 519.26 0.12 1907.51
458.75 574.25 0.40 4553.06
498.11 532.87 0.33 8275.45
442.83 490.98 0.35 3291.34
448.53 555.97 0.29 10413.43
439.30 529.21 0.13 5980.85
626.46 511.23 0.14 9745.60
505.43 444.25 0.50 4859.63
541.92 544.63 0.36 6879.11
531.85 489.34 0.22 8701.13
555.74 518.11 0.31 3478.65
582.94 526.28 0.55 5785.38
476.55 473.93 0.34 1900.01
557.68 507.30 0.55 3564.24
465.94 505.86 0.24 8546.71
500.45 484.85 0.54 2495.11
507.57 575.13 0.23 6605.78
475.15 518.06 0.56 4805.93
447.43 514.19 0.31 4250.52
342.29 534.85 0.13 10208.80
504.72 545.92 0.40 4326.48
485.35 460.67 0.49 4407.42
520.85 557.37 0.25 4247.41
543.87 536.46 0.59 2342.33
503.10 539.34 0.54 7340.41
510.03 507.96 0.32 2200.77
577.98 475.83 0.14 7042.56
523.07 531.79 0.06 6406.42
527.50 571.03 0.02 7760.29
498.95 602.42 0.49 2089.02
553.90 493.06 0.27 1231.60
590.17 516.79 0.37 10190.15
499.96 441.78 0.11 9128.59
502.19 631.06 0.04 6392.30
528.38 456.04 0.23 7804.83
530.27 501.64 0.57 3464.35
472.24 517.70 0.38 7482.33
518.11 508.24 0.51 6226.22
549.31 519.48 0.46 2016.05
502.69 487.23 0.60 3225.23
525.87 591.98 0.27 3500.45
380.50 529.45 0.24 1798.06
544.87 472.94 0.47 10384.81
438.00 490.14 0.11 10162.89
446.69 504.10 0.43 5148.38
480.40 586.43 0.38 7431.58
519.81 487.71 0.29 7472.42
537.36 556.37 0.10 10107.56
581.46 486.04 0.38 8618.15
425.67 549.55 0.29 6344.17
470.64 490.37 0.16 6755.29
589.64 540.26 0.11 7221.19
508.88 506.91 0.11 2851.69
458.44 495.99 0.35 6546.07
560.87 573.79 0.36 9144.59
376.78 446.89 0.52 2815.54
512.59 540.81 0.41 6638.80
459.11 539.22 0.25 4616.64
484.33 441.56 0.17 2209.70
451.90 400.99 0.33 9594.35
478.48 523.21 0.45 3808.48
449.67 568.41 0.55 4113.27
615.67 606.25 0.06 7323.43
485.92 499.08 0.30 4058.69
533.07 578.83 0.01 5887.48
529.26 489.81 0.16 2906.75
531.42 522.05 0.11 7661.14
486.60 543.35 0.43 3996.47
469.04 499.61 0.23 3781.24
378.71 549.91 0.15 9831.70
538.55 450.10 0.19 9917.63
513.89 552.48 0.56 8506.00
460.68 576.26 0.40 9192.84
504.63 509.67 0.29 8924.61
396.56 482.33 0.37 2817.14
435.60 519.05 0.01 4437.75
451.44 486.88 0.25 7922.83
511.84 482.52 0.48 8017.15
498.22 538.01 0.15 5928.79
471.52 542.72 0.41 6298.20
453.25 348.16 0.43 8132.25
541.67 571.36 0.55 9189.34
424.32 460.27 0.03 8290.73
567.98 461.44 0.20 8164.24
545.50 503.06 0.54 5952.62
439.07 499.22 0.51 4287.48
496.56 573.38 0.40 4557.93
403.21 607.89 0.54 8119.26
561.22 433.69 0.32 9886.71
529.42 588.68 0.03 9517.59
515.17 552.75 0.47 3844.48
529.82 537.73 0.51 3414.54
460.06 490.38 0.46 8409.17
358.87 477.34 0.56 3969.89
523.54 537.55 0.59 8628.57
483.13 491.36 0.27 4562.75
504.15 565.39 0.56 9431.94
621.21 506.56 0.04 7014.97
514.74 502.86 0.52 9663.93
388.74 471.22 0.40 2304.24
437.51 498.07 0.55 4276.36
524.67 519.11 0.35 4293.29
455.86 401.42 0.56 2092.08
453.98 498.11 0.52 5086.90
498.17 524.84 0.33 8670.18
388.96 472.13 0.24 9839.42
480.37 398.82 0.36 3161.98
550.04 450.76 0.21 7562.48
534.70 554.02 0.22 4178.54
513.26 485.66 0.17 10471.23
409.17 482.50 0.27 8854.84
510.79 506.93 0.38 9140.69
512.55 535.87 0.15 1317.99
438.65 581.82 0.25 10148.12
439.79 490.09 0.19 3087.55
453.83 511.18 0.25 1471.42
532.71 514.19 0.07 2311.86
566.93 514.88 0.04 8560.04
409.93 496.03 0.53 3563.20
511.07 510.77 0.14 4258.49
590.15 475.52 0.44 6404.88
545.34 421.11 0.01 9951.80
516.63 472.15 0.15 4921.71
554.76 583.22 0.38 2258.93
547.24 569.53 0.52 9388.13
472.89 478.06 0.08 9673.90
462.26 481.49 0.47 9137.07
497.13 561.91 0.23 1422.65
458.89 453.29 0.02 3040.52
480.80 496.00 0.32 9715.67
486.48 520.93 0.09 5093.01
511.07 516.59 0.49 2749.76
553.88 577.12 0.06 5184.81
439.53 505.46 0.59 5873.39
422.77 508.94 0.22 1165.38
493.75 593.37 0.03 9377.93
483.61 530.27 0.33 7787.06
463.65 419.79 0.26 10579.65
425.58 552.81 0.45 3636.00
522.01 539.20 0.25 3162.25
549.33 524.87 0.14 6011.59
429.03 526.94 0.49 3839.22
550.25 533.42 0.25 9186.33
529.96 470.16 0.02 10521.86
401.18 511.07 0.24 4554.32
522.06 403.88 0.58 6498.90
557.78 387.74 0.18 4650.36
417.81 517.13 0.39 8507.42
538.94 523.55 0.35 4069.68
531.60 488.82 0.55 7159.19
549.24 403.08 0.41 7162.65
560.07 418.02 0.04 4796.59
499.20 586.57 0.09 6983.10
