453.68 535.49 0.10 8259.32
526.98 580.86 0.47 10704.73
450.36 477.49 0.47 7733.79
453.04 499.54 0.59 2513.39
463.80 465.74 0.50 5272.01
587.19 551.08 0.24 3691.19
547.42 493.99 0.21 10675.56
495.15 500.77 0.52 6945.93
619.19 423.06 0.16 3565.14
499.17 483.34 0.27 5537.38
536.27 537.26 0.54 6573.10
530.44 521.66 0.59 9562.00
406.60 573.09 0.31 6791.79
543.57 416.02 0.39 5140.84
522.23 519.09 0.48 2544.68
458.32 476.18 0.26 6413.82
455.62 529.40 0.43 8224.02
507.03 495.93 0.58 8821.82
562.81 536.89 0.42 2151.94
610.69 421.87 0.41 5098.33
545.71 476.04 0.06 7785.13
528.50 525.14 0.06 905.98
501.56 428.02 0.06 5815.01
586.01 463.03 0.09 4014.27
486.45 489.70 0.03 4169.09
447.51 557.80 0.22 10183.53
490.23 541.66 0.08 10353.91
539.76 431.97 0.43 2512.38
475.42 571.18 0.33 7848.95
493.13 500.05 0.13 8274.90
527.76 564.23 0.23 7518.14
546.44 491.02 0.57 6873.95
513.10 516.67 0.36 9404.84
660.58 579.15 0.47 7217.23
558.44 518.41 0.22 10343.35
442.02 428.50 0.12 4481.27
517.56 458.71 0.19 1834.48
374.46 517.68 0.24 10660.58
426.89 453.28 0.26 10223.73
518.14 438.08 0.33 6089.63
474.66 497.72 0.34 9681.06
587.92 466.71 0.16 7462.45
551.54 519.84 0.57 6425.32
438.43 459.58 0.10 9355.95
475.65 514.34 0.08 9452.23
446.49 572.54 0.42 10711.80
475.14 431.92 0.42 5773.96
540.04 580.90 0.39 9619.12
491.94 478.76 0.22 10780.36
461.33 542.02 0.58 9512.56
482.60 569.20 0.46 10721.49
479.95 575.29 0.13 10433.37
511.52 438.75 0.10 3936.59
522.92 511.68 0.20 10217.52
492.22 538.52 0.50 7765.69
433.66 547.15 0.12 6828.34
543.79 488.69 0.17 2474.48
365.41 605.28 0.33 8867.84
542.07 546.91 0.59 4675.37
501.82 494.91 0.27 8347.82
601.50 493.52 0.16 872.17
487.63 482.34 0.31 1986.29
399.56 507.15 0.26 2577.84
456.79 553.08 0.42 10100.31
486.78 501.06 0.22 9360.24
553.41 477.52 0.26 10538.94
503.53 487.22 0.18 2186.23
401.09 544.18 0.26 4116.03
561.30 502.01 0.14 8620.61
493.50 428.37 0.30 10194.34
579.12 502.57 0.39 7679.80
478.32 508.12 0.12 9373.26
470.73 516.96 0.35 7798.60
512.27 452.75 0.37 8634.40
495.46 526.32 0.60 6542.61
495.32 489.20 0.55 5158.02
408.95 530.76 0.34 5640.01
494.19 448.44 0.04 6734.59
591.18 431.86 0.06 10800.00
426.36 562.83 0.03 5016.86
532.90 525.73 0.12 2215.80
414.34 493.73 0.17 8193.53
502.41 454.29 0.41 2012.17
467.54 584.58 0.30 7685.89
546.00 495.02 0.32 10139.24
446.93 544.16 0.40 5644.00
451.77 482.06 0.18 1278.24
540.63 507.56 0.12 7017.06
382.88 482.78 0.32 9140.01
487.30 569.00 0.31 8642.43
520.74 529.19 0.09 2281.03
436.09 554.37 0.16 10483.54
450.82 452.74 0.17 6013.80
487.73 482.78 0.49 8914.91
515.06 600.65 0.38 6717.67
409.21 572.22 0.25 5618.80
536.76 641.84 0.00 9158.19
446.44 517.19 0.37 4823.64
511.28 574.29 0.32 6153.49
539.02 509.22 0.35 9929.49
