597.82 439.24 0.52 10142.50
564.67 434.66 0.25 6276.17
606.54 511.19 0.59 6237.29
466.65 432.90 0.30 10217.80
535.22 466.11 0.54 8253.04
464.56 502.43 0.43 2447.26
473.81 511.90 0.44 9359.47
541.17 514.58 0.31 8401.05
509.07 594.04 0.38 3352.62
516.80 534.66 0.22 10144.89
551.35 514.03 0.06 9600.66
422.20 573.98 0.40 8654.28
438.87 442.29 0.50 7919.94
538.87 501.95 0.01 6750.16
469.64 514.93 0.28 1331.79
583.58 486.13 0.28 9884.02
595.33 437.83 0.32 1819.68
449.46 459.75 0.58 10405.91
560.73 459.16 0.31 10167.64
462.71 479.50 0.41 10078.20
437.40 556.39 0.10 5352.26
465.74 551.56 0.50 4475.80
520.52 521.50 0.51 7406.39
467.45 512.87 0.08 8714.16
528.64 433.10 0.20 9876.35
508.89 545.21 0.53 6290.32
535.37 436.76 0.27 3562.43
508.82 458.17 0.40 4083.59
490.60 436.74 0.17 7493.36
475.99 425.35 0.05 9683.90
627.17 459.85 0.03 3897.03
414.16 478.70 0.27 1904.31
541.57 500.68 0.59 7424.99
427.23 449.31 0.33 9980.69
515.57 524.92 0.59 8682.56
412.42 548.15 0.24 5021.03
443.50 476.66 0.34 9629.13
584.17 469.18 0.23 9850.99
440.80 520.79 0.33 10751.99
530.93 495.94 0.21 8843.96
474.39 528.36 0.21 8288.02
530.46 530.54 0.04 4380.38
574.52 560.59 0.32 9312.64
497.54 447.56 0.38 3826.86
508.35 447.75 0.29 1075.28
530.63 483.93 0.15 9264.37
477.92 451.21 0.46 1461.97
551.94 436.26 0.38 10556.33
565.86 501.93 0.06 9493.06
475.21 516.60 0.12 10634.66
447.45 492.13 0.20 10511.15
535.37 478.92 0.55 5277.01
433.25 439.07 0.20 3911.57
534.01 471.83 0.27 10302.87
550.45 449.27 0.14 1439.07
485.11 495.51 0.05 8401.85
525.66 462.88 0.33 8070.30
544.00 469.40 0.30 8483.02
498.37 524.50 0.26 4601.90
499.72 472.48 0.43 10055.49
571.01 569.70 0.36 4136.47
493.65 512.75 0.37 9893.23
475.54 562.43 0.04 10608.49
511.33 489.30 0.37 4735.79
550.37 539.87 0.37 8049.07
447.01 478.39 0.24 7610.06
512.09 475.61 0.28 10737.81
334.86 535.43 0.04 6873.78
482.94 530.29 0.29 4205.22
538.55 549.98 0.58 9241.63
525.67 505.72 0.42 5083.03
437.86 392.36 0.51 8168.25
491.50 445.58 0.28 2128.00
489.82 432.40 0.01 9005.56
461.46 507.17 0.10 8970.40
563.81 452.08 0.57 2992.22
534.76 518.09 0.46 10673.53
463.46 466.72 0.30 6725.63
530.96 470.03 0.47 9682.44
537.93 540.61 0.43 10627.51
586.71 476.80 0.46 5289.64
402.61 449.74 0.00 10800.00
556.19 483.90 0.07 4349.64
490.32 503.77 0.08 4514.71
472.01 527.42 0.09 2620.68
386.03 413.65 0.32 1593.81
608.30 509.99 0.24 3529.60
499.74 481.77 0.53 2348.47
437.44 442.71 0.35 7457.58
528.04 499.24 0.39 3185.93
504.00 509.31 0.34 3894.09
563.53 446.04 0.56 10526.25
526.96 470.17 0.32 8914.61
458.88 476.52 0.03 7721.52
511.80 505.06 0.05 1942.69
525.99 560.83 0.49 8124.18
455.10 556.25 0.20 10681.52
534.41 492.50 0.56 4114.78
519.82 518.88 0.44 9975.05
511.80 400.73 0.40 4069.79
523.75 448.78 0.33 3177.34
475.56 407.89 0.35 7817.06
512.75 477.54 0.19 6677.69
501.98 564.49 0.58 7358.91
480.08 472.77 0.53 1807.50
476.72 477.08 0.13 8681.85
466.86 497.40 0.55 2995.61
550.68 507.00 0.06 10018.48
524.47 541.92 0.44 4047.63
535.62 489.47 0.40 1479.95
552.78 542.04 0.46 4065.06
521.28 466.16 0.12 10593.96
457.28 501.32 0.47 5521.88
497.41 437.72 0.09 6142.27
508.61 546.85 0.40 3675.76
443.23 470.86 0.35 2449.02
508.51 424.98 0.56 8123.46
473.60 441.56 0.23 7723.09
595.00 424.63 0.05 9681.08
619.31 518.69 0.60 4941.20
464.16 599.36 0.47 8296.26
364.95 511.57 0.06 10674.18
431.58 508.93 0.14 1545.01
459.49 464.03 0.23 9637.54
505.05 486.75 0.38 8752.00
