498.34 597.06 0.52 4753.39
540.09 517.68 0.60 5676.09
474.80 471.97 0.08 3958.18
495.54 393.42 0.55 3882.35
524.80 502.49 0.23 9488.01
491.44 494.88 0.48 1826.90
517.22 589.09 0.01 7594.27
516.67 486.85 0.59 7988.59
525.58 495.81 0.53 6529.52
511.87 505.36 0.04 675.73
569.76 459.60 0.07 2219.31
500.50 476.92 0.56 5712.43
480.51 543.97 0.23 4637.39
455.65 448.40 0.15 7372.08
508.35 534.39 0.20 9088.18
486.08 556.12 0.01 4625.69
437.45 521.44 0.28 3033.20
569.80 629.12 0.42 6899.49
534.30 453.08 0.53 7724.76
490.79 505.90 0.27 3469.38
494.34 561.33 0.56 9557.45
553.20 510.33 0.28 4799.21
395.65 467.72 0.11 3660.08
508.15 471.54 0.06 6917.57
501.08 472.12 0.47 4502.39
526.62 521.08 0.33 10166.37
557.39 471.77 0.24 7386.61
531.50 562.52 0.24 2920.74
562.73 499.83 0.31 5869.42
506.34 561.89 0.46 9402.79
476.76 476.86 0.60 8151.81
445.09 522.61 0.30 8181.92
509.53 412.48 0.19 4765.92
552.47 549.95 0.17 8861.22
520.66 539.72 0.32 1987.59
498.45 476.85 0.23 6075.39
409.43 478.91 0.39 9456.68
449.06 485.85 0.24 2170.78
525.67 521.04 0.59 5895.04
504.08 471.11 0.48 9732.34
550.30 544.48 0.35 8421.55
544.91 523.80 0.49 9314.89
500.37 513.09 0.23 9754.26
432.59 453.30 0.35 3920.67
423.44 450.24 0.14 8323.46
544.54 448.90 0.23 2806.08
547.00 561.16 0.55 2201.79
471.18 442.07 0.36 6048.32
470.45 519.55 0.51 9461.28
563.43 556.19 0.37 6371.51
480.98 547.07 0.03 923.40
549.16 429.32 0.37 6296.53
454.95 495.46 0.18 5392.04
446.75 490.90 0.60 4541.63
482.71 500.78 0.04 10404.06
491.79 455.70 0.28 2158.36
537.59 456.17 0.22 6265.20
514.09 513.09 0.11 7615.49
509.08 480.07 0.02 7288.40
575.38 468.01 0.06 5011.50
556.15 537.69 0.34 10367.88
497.94 598.78 0.09 6842.40
477.44 456.20 0.48 9153.51
467.33 561.36 0.31 6206.07
527.66 458.27 0.23 6763.00
420.95 538.87 0.27 2316.92
478.08 453.84 0.08 3825.36
415.00 489.24 0.34 7466.10
581.95 487.95 0.48 3122.60
561.82 522.34 0.58 2604.62
433.14 602.78 0.07 2160.40
506.49 502.00 0.57 8454.45
521.42 493.57 0.30 8158.43
525.05 600.27 0.40 3929.20
518.06 510.21 0.41 9811.11
552.32 607.48 0.25 1894.81
431.45 486.76 0.10 9374.72
496.15 486.98 0.34 5498.38
455.09 558.68 0.17 2282.61
490.35 464.60 0.56 7572.34
566.80 423.38 0.57 6898.21
469.93 423.53 0.16 1459.21
512.16 512.50 0.15 2722.36
475.43 489.13 0.12 8995.42
547.31 509.20 0.47 8618.27
482.39 521.59 0.58 4598.27
457.31 467.64 0.12 2744.84
456.47 526.26 0.56 7902.83
447.75 470.65 0.39 3397.73
498.78 471.98 0.48 8493.51
468.49 504.91 0.47 3246.80
485.22 503.58 0.20 7289.22
543.42 529.81 0.54 8598.91
561.40 506.75 0.02 4359.33
523.85 369.53 0.42 4822.98
609.90 494.24 0.08 10083.52
521.14 438.01 0.19 2108.39
548.28 596.13 0.54 6405.47
546.38 483.19 0.35 7330.26
515.57 404.26 0.08 7224.33
577.84 534.01 0.12 9983.73
495.18 493.22 0.43 2731.75
467.40 510.92 0.26 3678.28
562.60 592.75 0.09 10315.20
538.42 471.46 0.48 3710.60
553.95 557.68 0.12 3876.75
542.27 476.96 0.41 7705.40
468.35 459.34 0.26 2570.81
455.65 408.24 0.34 3185.76
539.46 550.18 0.42 9804.19
423.12 414.54 0.18 1711.47
436.01 416.78 0.36 4424.87
495.87 495.50 0.25 6534.66
568.73 499.72 0.51 2769.12
546.86 483.82 0.26 5437.91
483.20 566.73 0.18 3166.54
442.08 600.36 0.51 6216.32
474.95 479.58 0.03 7379.10
467.45 472.39 0.34 1919.63
434.54 548.18 0.57 8321.80
533.09 566.62 0.26 9260.27
423.53 479.99 0.05 6504.92
573.22 481.32 0.51 2573.86
488.67 535.30 0.16 10705.35
573.69 600.33 0.39 5791.41
526.89 500.16 0.51 2593.76
454.13 507.66 0.09 9576.99
582.02 454.04 0.36 1482.72
526.65 427.41 0.20 8339.04
445.02 467.62 0.53 5073.23
543.35 427.15 0.51 2225.97
517.05 531.29 0.42 7218.10
457.50 562.46 0.50 3671.76
546.75 543.06 0.39 5155.93
502.50 596.86 0.48 1893.68
529.31 627.67 0.58 7902.80
516.20 432.87 0.38 9889.35
550.77 519.86 0.45 7454.76
522.93 423.54 0.46 8904.00
586.40 509.01 0.35 7013.94
552.85 506.33 0.36 8708.36
436.48 455.28 0.35 10035.36
423.28 461.86 0.33 3509.82
440.42 576.91 0.32 10431.34
502.52 498.16 0.02 8490.03
440.31 513.06 0.03 1735.74
531.63 503.18 0.47 6926.17
525.72 497.56 0.33 2202.55
572.27 518.70 0.21 5282.34
554.56 546.29 0.54 7371.23
448.76 577.76 0.18 8632.49
542.94 522.00 0.21 8704.50
541.10 498.91 0.43 1554.42
435.10 528.07 0.59 2781.32
406.13 493.85 0.17 3294.08
478.84 537.72 0.57 6463.90
531.75 544.29 0.33 9818.69
477.29 488.67 0.57 3379.07
555.36 483.16 0.05 9850.80
462.27 460.91 0.31 3596.53
611.57 496.21 0.29 4019.73
548.25 428.23 0.10 2944.41
506.19 480.99 0.22 9743.20
489.22 617.26 0.48 2943.47
464.04 555.08 0.24 2779.92
532.55 458.07 0.13 7676.52
536.95 527.13 0.04 875.19
457.10 567.63 0.19 10611.33
469.71 553.59 0.21 4401.51
452.29 504.11 0.22 10477.19
442.54 474.29 0.04 10464.70
470.57 496.66 0.07 6470.46
468.83 520.66 0.59 8257.35
536.74 527.55 0.28 6588.58
517.00 550.36 0.41 7687.50
522.61 489.11 0.27 1118.44
459.70 495.10 0.34 10418.08
575.90 570.06 0.58 2342.21
571.17 409.76 0.14 5577.21
428.71 373.13 0.06 5594.11
528.79 447.79 0.05 4782.64
428.61 440.08 0.58 5719.51
504.13 533.86 0.54 5080.78
490.15 429.51 0.49 2609.59
429.04 594.95 0.30 8220.77
499.37 505.35 0.12 10003.26
487.41 572.01 0.26 4013.02
503.27 493.25 0.20 7300.84
472.52 511.68 0.28 7583.49
475.51 536.39 0.57 9143.65
563.28 520.28 0.52 6846.38
562.14 548.37 0.37 6063.55
507.31 502.90 0.26 4049.20
460.01 564.82 0.29 1434.44
524.11 506.26 0.54 5387.42
495.89 470.78 0.48 2812.79
420.49 522.60 0.22 8761.64
551.75 441.41 0.42 8690.59
395.17 505.68 0.45 6441.29
523.00 482.71 0.33 7313.46
