526.92 436.41 0.11 3883.65
494.92 517.63 0.12 6859.72
460.46 505.02 0.20 1165.70
531.57 411.40 0.19 4101.04
406.78 488.96 0.33 8710.69
480.59 491.68 0.03 3080.17
532.25 392.90 0.16 5511.24
547.43 474.72 0.09 5269.73
562.73 506.22 0.34 3120.05
547.02 483.79 0.07 3546.88
510.88 534.15 0.34 5733.56
505.02 480.38 0.33 3590.01
570.85 517.15 0.11 8025.28
520.44 484.37 0.28 3212.98
471.25 623.85 0.25 8269.24
427.38 548.98 0.23 8053.40
428.77 473.04 0.25 9409.42
559.30 437.06 0.21 5375.67
510.16 488.28 0.26 3353.27
437.36 425.73 0.01 9547.45
490.22 446.75 0.25 5047.25
464.01 527.98 0.14 1740.35
560.04 501.84 0.30 1129.39
547.04 475.52 0.06 4314.64
500.71 575.80 0.25 6303.45
569.42 457.60 0.33 9348.25
451.76 502.01 0.13 6153.40
512.64 419.34 0.19 5043.49
548.07 511.48 0.28 3186.64
467.30 575.29 0.05 8064.67
531.61 522.56 0.06 8141.23
438.32 506.26 0.10 7335.26
504.75 622.04 0.21 5758.54
461.70 582.00 0.27 10764.18
557.05 460.78 0.22 10017.05
592.47 545.03 0.25 8011.46
507.71 468.06 0.11 6716.82
641.00 449.39 0.11 4337.47
558.21 501.97 0.25 2024.59
467.42 525.44 0.10 9715.35
471.95 507.58 0.30 5187.97
499.91 612.44 0.32 10160.33
487.38 536.15 0.29 10539.63
478.18 473.17 0.29 4122.62
467.18 449.53 0.17 4300.94
461.94 519.58 0.30 9315.57
479.68 484.42 0.28 1124.85
485.52 459.60 0.10 2920.21
588.29 491.43 0.23 1361.04
544.88 515.62 0.15 1653.27
470.80 539.11 0.13 9539.06
447.83 544.73 0.12 8683.58
553.82 472.69 0.21 6164.34
527.22 492.03 0.33 6832.12
446.41 472.23 0.38 1522.84
480.43 428.03 0.15 6353.35
518.11 428.80 0.16 6334.41
571.15 487.05 0.27 5266.39
532.94 485.34 0.20 7442.98
540.49 492.28 0.26 9037.06
445.48 487.62 0.10 5426.40
548.77 457.62 0.25 7503.29
523.55 477.94 0.11 6549.48
541.66 476.40 0.26 4579.37
535.83 561.86 0.08 1810.22
582.46 628.05 0.15 10408.21
515.46 434.24 0.18 2879.46
524.69 508.40 0.11 980.94
539.49 513.90 0.18 8209.34
513.55 491.58 0.20 8480.69
434.72 526.39 0.28 5400.85
495.44 510.65 0.02 5300.46
531.37 415.46 0.25 10095.84
430.00 483.58 0.23 10034.68
567.82 577.09 0.16 2586.08
516.07 507.88 0.25 5382.35
500.45 524.40 0.18 4797.99
475.12 431.71 0.39 3904.53
452.03 506.19 0.24 9725.18
528.06 392.40 0.09 10732.61
494.27 524.88 0.04 9479.29
419.53 530.14 0.21 8013.55
444.60 437.91 0.22 1938.85
505.19 392.01 0.23 1743.83
446.66 484.70 0.36 2531.05
530.04 542.60 0.31 8322.45
419.52 502.55 0.29 6692.04
566.11 487.81 0.24 1995.29
422.30 579.95 0.05 9902.08
516.68 536.41 0.17 6964.86
421.02 494.67 0.18 2063.14
582.49 457.76 0.30 9175.58
497.96 451.45 0.30 2429.74
460.00 531.69 0.18 1143.53
449.80 487.93 0.27 4859.41
516.49 458.50 0.11 5913.96
520.42 546.13 0.31 2181.06
534.24 535.02 0.24 6878.22
547.82 489.23 0.05 7826.13
519.80 619.67 0.21 9996.52
501.15 535.19 0.13 10233.53
453.88 526.15 0.18 8396.61
481.52 543.41 0.35 7749.74
427.49 570.81 0.15 4885.01
470.86 593.39 0.28 5323.18
487.08 425.20 0.29 5269.94
553.96 504.09 0.41 10080.90
485.11 555.88 0.49 2846.32
465.93 574.66 0.08 4494.47
511.98 588.69 0.13 1747.88
516.92 374.54 0.10 5748.84
511.53 476.60 0.13 1070.43
504.21 546.57 0.33 790.64
530.83 551.89 0.01 7440.08
511.63 479.77 0.06 3924.38
471.03 500.88 0.03 1902.13
447.14 548.32 0.24 8921.57
444.82 620.55 0.22 6306.16
456.78 562.65 0.09 8409.26
518.24 462.02 0.19 4425.70
549.39 446.90 0.19 10127.98
527.48 498.35 0.22 6526.99
536.53 560.95 0.31 5820.58
521.25 509.89 0.05 5706.99
575.45 407.61 0.14 4123.80

1982.5151984342224
