827.59 739.39 954.79 0.37 
1275.47 899.80 1679.38 0.38 
589.51 707.04 2109.49 0.51 
549.82 642.00 1540.06 0.32 
695.44 950.69 1524.18 0.45 
565.55 932.33 1501.87 0.39 
752.85 961.74 1181.98 0.32 
604.65 678.69 781.22 0.35 
797.78 767.10 1224.11 0.18 
641.19 1151.18 899.00 0.32 
636.41 928.83 1316.92 0.29 
639.89 551.37 2567.02 0.42 
577.92 1323.38 1072.26 0.29 
576.70 778.86 2308.11 0.30 
878.52 554.62 953.13 0.62 
759.15 818.94 1250.39 0.27 
971.20 738.12 1489.40 0.31 
989.97 852.43 1112.29 0.37 
799.09 580.79 709.50 0.30 
754.73 860.58 1098.91 0.51 
591.40 622.22 1334.94 0.30 
