418.600000 711.240000 0.440000 850.700000
370.210000 633.650000 0.070000 1953.390000
516.030000 547.360000 0.010000 3160.570000
613.550000 675.750000 0.190000 3518.150000
507.410000 447.980000 0.120000 1570.570000
525.020000 663.660000 0.380000 3130.230000
760.360000 488.380000 0.150000 2134.520000
505.020000 418.100000 0.150000 2681.240000
629.880000 535.860000 0.190000 1023.840000
339.020000 571.840000 0.330000 2213.990000
430.340000 480.360000 0.250000 892.090000
258.790000 626.730000 0.210000 1056.930000
701.000000 635.670000 0.170000 750.070000
251.480000 553.560000 0.160000 2175.210000
465.040000 543.870000 0.050000 725.160000
627.810000 485.720000 0.250000 915.560000
436.390000 657.510000 0.160000 1344.800000
546.540000 561.040000 0.120000 2368.270000
580.010000 329.050000 0.050000 2320.920000
617.980000 356.000000 0.190000 803.860000
495.990000 406.900000 0.310000 1538.350000
609.470000 463.740000 0.220000 1296.310000
300.410000 750.960000 0.380000 2406.660000
428.370000 498.590000 0.300000 1930.180000
210.880000 510.050000 0.380000 1047.760000
602.620000 836.080000 0.130000 1593.550000
549.490000 624.530000 0.040000 1300.610000
568.760000 481.430000 0.130000 908.890000
583.270000 550.750000 0.280000 1226.370000
450.660000 336.240000 0.040000 1878.510000
Schedule:17 5 24 10 23 18 8 6 4 3 
Number of Deaths: 20
Execution time: 0.060189Schedule:17 26 30 10 23 8 19 3 6 4 
Number of Deaths: 20
Execution time: 0.057646Schedule:17 26 2 10 23 8 19 3 6 4 
Number of Deaths: 20
Execution time: 0.078327Schedule:22 5 2 7 18 8 19 3 6 4 
Number of Deaths: 20
Execution time: 0.03163725 14 12 10 24 11 21 20 22 16 9 29 28 18 1 23 17 6 4 13 26 27 15 5 7 8 30 3 2 19 
Best fitness: 0.95
20 21 11 24 17 1 12 25 14 10 18 29 9 16 22 28 13 6 23 2 15 5 27 26 4 7 8 19 30 3 
Worst fitness: 1.14

Mean: 1.00

Standard deviation: 0.00
