948.35 938.35 0.51 7662.48
222.69 494.75 0.01 6889.55
31.90 164.89 0.33 7174.69
31.19 211.05 0.29 7125.85
611.40 633.75 0.29 5658.60
72.53 292.62 0.48 8149.11
558.58 337.27 0.53 7769.19
796.17 200.51 0.25 5347.48
431.06 842.65 0.23 7797.46
359.64 941.16 0.45 10795.05
910.31 749.80 0.54 3977.94
119.37 311.00 0.44 4625.97
371.31 189.06 0.32 8530.09
294.95 343.51 0.57 7731.58
999.65 543.49 0.16 7756.97
881.73 95.51 0.22 4102.58
422.87 764.49 0.24 5019.06
812.44 495.33 0.22 4195.77
987.86 947.33 0.02 6714.68
528.59 545.11 0.36 6293.52
995.48 413.55 0.11 6468.05
148.60 561.54 0.07 8651.53
850.95 897.97 0.55 7129.67
154.43 180.93 0.43 6544.77
583.80 625.47 0.12 6347.92
304.58 645.80 0.10 5508.55
69.50 211.92 0.48 5542.72
663.72 604.23 0.52 5653.72
715.43 528.45 0.52 5565.06
785.45 703.04 0.59 5794.10
352.48 674.92 0.24 6626.04
773.38 521.47 0.02 8158.42
328.88 183.22 0.40 5024.68
734.14 711.37 0.20 5681.16
207.28 430.57 0.35 5038.60
82.38 130.80 0.22 6553.12
213.76 605.45 0.00 5890.87
573.09 669.93 0.20 5361.10
708.81 835.79 0.03 6594.46
175.84 437.56 0.59 5583.48
85.64 908.76 0.03 4083.73
13.65 785.94 0.49 7637.40
902.43 939.84 0.58 4716.43
956.69 96.09 0.47 7186.75
414.70 611.79 0.33 5557.67
941.27 759.30 0.31 6738.48
434.79 617.61 0.10 7500.94
515.35 252.35 0.41 6838.50
650.51 166.77 0.23 5394.96
117.25 69.98 0.15 8492.55
19.12 806.05 0.45 4918.00
853.84 307.32 0.10 9540.85
966.40 884.74 0.46 4473.32
7.70 109.76 0.14 4738.97
780.52 774.67 0.28 5033.27
118.86 735.12 0.40 9816.20
866.71 218.06 0.58 6136.47
171.97 154.16 0.16 9452.24
886.74 524.18 0.06 8381.07
174.38 970.54 0.17 6893.24
753.99 485.59 0.26 5946.80
787.67 516.94 0.19 5662.80
921.12 690.28 0.54 4872.67
317.34 108.62 0.10 4885.45
606.28 793.28 0.07 4605.93
81.04 595.51 0.43 7204.91
402.42 83.42 0.47 5288.87
186.99 323.14 0.36 6828.09
423.21 144.41 0.35 6822.29
527.67 494.02 0.42 5780.54
707.67 894.88 0.36 6500.05
725.74 365.53 0.39 5222.97
633.58 498.84 0.24 5826.92
158.42 76.25 0.25 5964.36
636.40 855.77 0.09 5608.46
774.75 520.54 0.52 5703.30
917.56 403.08 0.46 4701.63
991.84 688.35 0.36 7214.53
917.00 847.35 0.10 10026.12
790.44 397.33 0.03 7061.33
542.74 301.85 0.41 6037.87
448.76 573.08 0.23 6466.64
959.88 240.69 0.32 7719.17
230.74 622.82 0.21 5128.02
621.48 481.27 0.44 8994.29
30.01 788.11 0.07 6425.42
840.52 94.46 0.37 7097.62
771.22 414.90 0.13 7341.67
449.40 872.35 0.05 8740.13
96.94 501.61 0.35 6286.08
368.85 576.54 0.53 6659.91
288.27 92.10 0.40 4374.17
331.94 970.74 0.47 5490.10
296.22 732.82 0.29 5514.62
683.55 748.75 0.59 10466.66
494.33 748.01 0.01 6572.40
728.86 581.22 0.09 6631.10
382.72 918.60 0.35 3946.43
959.29 946.99 0.48 5091.93
817.42 170.74 0.23 6280.95
723.48 239.03 0.25 6601.48
936.60 327.44 0.49 6471.56
313.32 184.85 0.04 5783.22
698.46 427.71 0.40 8333.65
539.53 883.92 0.06 6281.16
353.74 863.31 0.07 7911.26
140.68 613.15 0.11 6551.83
722.43 37.24 0.34 5806.59
791.10 91.74 0.39 7035.47
546.96 853.23 0.25 7804.76
19.97 174.38 0.31 6299.50
932.17 270.87 0.26 5998.05
129.87 593.27 0.28 5390.36
448.76 683.15 0.29 7470.34
303.26 528.17 0.42 4583.81
171.56 977.32 0.38 5587.75
213.21 489.28 0.25 7235.27
682.70 78.42 0.58 6465.91
377.85 695.45 0.48 7696.04
57.05 383.40 0.53 6067.41
114.93 728.28 0.54 9390.60
830.22 52.64 0.11 6098.37
282.39 31.12 0.59 3959.76
361.82 602.94 0.29 8058.24
980.56 534.70 0.13 5475.18
545.89 176.22 0.31 5532.72
506.98 105.10 0.17 5639.82
354.28 729.87 0.14 6880.72
173.35 962.56 0.04 4710.71
225.79 874.40 0.57 7141.35
708.65 346.92 0.59 10724.39
988.03 993.84 0.06 6551.72
699.42 481.70 0.57 7875.72
719.77 186.04 0.50 8703.00
124.51 507.66 0.40 6886.71
872.32 296.90 0.25 5191.77
967.70 1.94 0.14 7215.84
812.68 156.65 0.33 4310.21
579.09 4.73 0.28 6206.70
456.05 402.47 0.01 6710.37
970.46 885.42 0.46 4644.46
329.82 371.19 0.12 8134.69
51.84 93.11 0.38 5176.94
743.40 649.42 0.38 4538.19
811.88 243.92 0.42 5717.69
810.41 146.44 0.35 7633.58
666.98 395.74 0.17 4720.85
544.73 884.01 0.07 6816.76
864.33 345.62 0.24 6421.40
200.31 939.30 0.30 9928.99
127.15 944.34 0.40 4308.13
6.24 220.84 0.07 8229.55
775.39 130.89 0.38 5615.54
754.40 485.79 0.48 5120.15
432.01 11.40 0.34 6646.67
42.64 741.38 0.27 6380.78
517.60 540.30 0.35 5446.86
480.02 783.97 0.48 3800.78
247.84 859.25 0.09 6369.40
286.82 339.77 0.54 5318.95
399.73 283.38 0.24 6983.89
709.37 848.76 0.60 5475.37
371.48 286.27 0.46 5894.68
559.66 12.80 0.46 4900.19
543.36 523.86 0.49 6266.67
784.14 7.52 0.57 7259.04
862.96 527.13 0.23 6037.59
868.04 994.25 0.52 5505.86
109.43 487.15 0.20 6296.05
663.70 515.84 0.07 6238.95
17.87 644.57 0.42 6265.01
60.03 383.79 0.54 4556.52
7.88 329.54 0.23 6052.74
44.27 503.61 0.24 5405.77
199.30 172.72 0.37 5531.19
