588.30 628.14 6395.70 0.39 
628.75 572.95 4774.28 0.44 
591.42 755.37 3267.52 0.43 
724.86 590.79 7409.65 0.38 
545.08 649.65 5026.90 0.30 
544.15 595.49 7368.40 0.30 
688.99 558.52 4384.12 0.48 
575.20 545.70 3665.93 0.35 
617.79 577.67 628.52 0.30 
604.48 603.15 6979.98 0.28 
661.27 583.26 2334.89 0.44 
723.58 650.33 3607.20 0.51 
614.97 692.00 4266.78 0.22 
544.55 542.56 7524.26 0.37 
697.30 569.70 6582.96 0.32 
543.99 591.46 3164.76 0.35 
614.86 552.00 6407.54 0.47 
643.25 642.62 6634.58 0.36 
608.95 632.22 5336.67 0.50 
731.66 628.76 1779.97 0.56 
564.39 671.93 5237.04 0.39 
608.88 762.65 2878.69 0.31 
658.87 606.41 3655.21 0.41 
690.88 625.81 6087.25 0.26 
564.82 619.72 6053.85 0.36 
576.93 659.94 6575.05 0.48 
610.43 562.14 2499.49 0.39 
557.06 634.38 6544.17 0.16 
619.82 681.82 2876.51 0.35 
615.81 553.28 4342.51 0.40 
677.18 577.98 6021.22 0.45 
588.19 722.32 4256.83 0.56 
566.43 600.95 2724.99 0.40 
564.23 566.89 3475.18 0.49 
790.72 658.01 3582.45 0.47 
593.91 574.04 6556.41 0.29 
570.23 577.04 3025.10 0.41 
747.75 650.00 7095.59 0.41 
795.67 644.58 6586.42 0.37 
644.94 569.78 5063.39 0.48 
663.66 632.59 5454.60 0.55 
557.33 587.92 7143.99 0.34 
575.00 862.41 1535.93 0.42 
656.93 572.72 629.30 0.33 
579.50 687.67 3737.39 0.37 
608.82 614.73 1549.49 0.59 
673.90 610.49 5020.10 0.50 
609.68 640.56 3933.07 0.35 
713.45 549.87 7737.84 0.50 
681.94 603.75 2479.42 0.35 
621.93 605.08 5362.45 0.34 
626.46 619.73 6548.85 0.49 
622.43 544.50 2211.14 0.48 
606.97 722.66 4377.41 0.33 
722.64 564.05 1123.64 0.47 
753.89 604.32 5954.99 0.58 
568.78 623.32 1887.50 0.46 
600.48 578.88 5637.83 0.19 
577.44 689.04 2100.78 0.48 
628.44 597.73 3200.48 0.43 
599.94 673.92 3348.30 0.38 
548.22 572.85 1004.47 0.42 
561.00 614.22 4641.93 0.47 
620.77 561.88 3444.24 0.44 
600.31 556.34 6110.30 0.53 
661.81 621.13 2304.59 0.56 
565.68 630.95 659.13 0.56 
585.52 562.10 4654.98 0.46 
672.19 642.26 7830.45 0.30 
601.05 575.33 6136.26 0.41 
544.94 606.51 6296.22 0.43 
595.56 721.72 4585.21 0.27 
742.57 677.28 1058.39 0.58 
636.67 551.44 5416.21 0.58 
631.72 543.03 6228.69 0.38 
632.94 598.90 4211.42 0.19 
648.38 628.13 4216.21 0.16 
578.10 659.67 3168.41 0.22 
643.59 558.86 5882.19 0.25 
573.28 563.37 1284.36 0.60 
583.07 668.90 2715.73 0.24 
