696.79 630.70 6592.67 0.27 
574.73 685.55 5766.99 0.29 
599.68 602.75 3580.59 0.56 
568.11 694.41 2720.07 0.33 
606.28 669.58 3603.20 0.27 
589.44 556.83 5379.02 0.41 
624.11 549.29 3726.32 0.36 
550.60 678.49 4669.21 0.31 
558.34 601.24 6045.54 0.50 
560.49 606.91 4031.25 0.45 
624.22 596.51 2411.02 0.34 
629.33 679.71 7262.01 0.56 
626.83 608.99 7167.89 0.46 
597.84 604.80 2475.39 0.42 
641.19 590.80 774.56 0.60 
565.32 581.04 6538.33 0.36 
557.75 586.05 6148.30 0.27 
551.90 767.22 3576.84 0.40 
578.87 719.00 7877.09 0.38 
587.28 556.93 701.30 0.40 
665.39 600.88 5676.47 0.25 
639.65 639.60 1511.73 0.43 
639.72 608.16 916.93 0.27 
557.03 569.36 3213.36 0.51 
670.98 655.68 7209.41 0.42 
581.54 564.05 1028.45 0.49 
575.82 607.60 6781.28 0.42 
607.10 579.62 1669.32 0.47 
559.24 610.33 1871.43 0.31 
697.42 643.68 6712.69 0.37 
623.89 725.08 4838.79 0.51 
684.14 579.76 3939.63 0.40 
592.76 600.77 1164.02 0.29 
575.04 657.61 2017.83 0.24 
599.40 696.83 7516.11 0.34 
565.36 599.50 4631.30 0.45 
627.19 572.50 3186.98 0.33 
551.10 680.80 3892.10 0.39 
696.42 757.01 6984.28 0.46 
783.41 593.49 5622.93 0.36 
717.27 626.89 6448.62 0.52 
542.60 589.37 2908.26 0.30 
561.37 689.43 4694.89 0.42 
703.73 591.16 7835.59 0.40 
632.36 552.44 3639.86 0.34 
633.77 573.26 2902.15 0.45 
632.48 641.10 6590.93 0.40 
631.37 641.65 7941.68 0.47 
606.91 557.73 5744.86 0.34 
776.67 569.67 3552.32 0.36 
669.57 868.84 5912.59 0.32 
547.90 566.14 5950.48 0.45 
558.13 669.73 3058.80 0.48 
609.83 662.79 4184.39 0.42 
542.51 666.17 5744.60 0.24 
555.71 699.62 6740.68 0.43 
590.16 655.63 5642.82 0.45 
719.98 581.45 7401.35 0.37 
596.18 650.43 2588.15 0.37 
710.96 546.39 3017.91 0.33 
614.23 613.47 3885.27 0.45 
819.47 632.44 7063.37 0.41 
655.40 691.00 7888.20 0.35 
633.55 712.58 3618.41 0.26 
598.03 582.06 6458.72 0.45 
707.07 546.30 4449.67 0.40 
603.17 705.75 7424.44 0.59 
651.57 786.31 6238.59 0.37 
557.47 627.05 2243.17 0.45 
577.93 622.08 7708.55 0.20 
566.19 562.03 2243.33 0.30 
722.88 643.39 4344.86 0.42 
565.24 669.31 547.08 0.26 
553.16 599.74 1501.84 0.23 
573.99 588.31 6867.42 0.40 
575.59 569.43 7727.96 0.55 
710.65 585.37 6759.86 0.43 
604.96 565.19 3695.14 0.22 
573.11 863.36 3528.43 0.55 
705.83 555.39 2991.71 0.31 
604.32 564.37 7412.58 0.43 
553.35 564.78 1996.09 0.32 
608.52 664.92 7050.61 0.50 
571.53 602.34 547.41 0.60 
675.96 540.07 1126.23 0.54 
592.73 563.17 1579.74 0.44 
598.22 566.66 1882.46 0.41 
827.32 581.82 2741.98 0.31 
605.58 551.37 6591.54 0.44 
549.19 614.75 3602.18 0.39 
540.54 616.24 2956.31 0.35 
657.80 642.94 2580.34 0.47 
690.82 575.95 6968.38 0.40 
592.18 552.57 3391.24 0.45 
621.01 775.42 547.76 0.45 
595.47 565.69 6851.03 0.55 
593.17 615.59 4138.17 0.27 
806.63 720.26 1616.93 0.37 
724.47 680.04 789.92 0.38 
589.49 589.76 4007.29 0.42 
691.40 546.35 2628.51 0.25 
563.49 634.70 2022.93 0.62 
600.16 615.77 7411.08 0.22 
567.02 595.94 4615.81 0.55 
619.13 565.60 7895.64 0.54 
620.04 799.47 2965.51 0.46 
600.53 631.00 1628.58 0.52 
598.02 558.66 2179.83 0.33 
590.15 618.36 7357.43 0.39 
638.04 552.80 2456.33 0.51 
549.04 627.64 5026.52 0.42 
682.29 593.47 1454.41 0.25 
617.12 779.89 1917.11 0.34 
620.87 702.62 5261.75 0.35 
701.50 562.02 5470.58 0.41 
548.66 694.33 6077.50 0.41 
620.11 565.69 726.57 0.28 
632.71 546.27 5552.56 0.41 
581.04 592.96 7669.15 0.48 
584.14 736.30 2322.79 0.29 
571.47 627.64 4806.68 0.32 
616.92 694.85 1685.72 0.39 
544.68 590.99 7156.78 0.34 
565.97 602.62 6297.35 0.31 
714.19 744.82 5411.74 0.47 
552.08 608.49 4911.90 0.47 
553.54 683.70 2513.35 0.32 
669.27 618.16 1300.72 0.19 
565.72 597.46 7675.47 0.38 
651.76 693.71 7161.74 0.49 
544.26 546.02 2260.39 0.55 
570.53 856.08 5370.44 0.30 
563.64 573.74 6886.48 0.24 
545.19 641.44 4407.26 0.43 
728.57 640.46 6574.41 0.49 
618.47 594.07 2203.74 0.25 
716.14 571.42 7032.85 0.41 
769.41 649.11 6204.98 0.36 
761.69 577.14 7986.53 0.35 
774.41 547.30 3644.85 0.33 
596.98 635.46 4607.41 0.20 
696.17 599.80 6182.28 0.46 
591.23 590.35 2937.50 0.48 
563.65 579.00 7423.30 0.61 
574.20 560.79 6637.83 0.36 
569.01 583.03 689.92 0.42 
557.63 541.55 1547.67 0.31 
598.55 549.53 1959.61 0.32 
712.94 566.27 6239.26 0.54 
687.73 547.26 2829.70 0.28 
618.04 566.31 6562.59 0.55 
