724.54 862.16 3517.78 0.51 
567.03 543.22 3029.73 0.42 
565.00 648.33 6513.67 0.52 
543.06 683.89 2306.64 0.32 
610.26 608.33 3883.05 0.44 
633.81 726.54 2301.88 0.11 
577.55 720.70 4886.18 0.35 
563.41 566.71 6272.89 0.37 
629.14 614.99 2020.72 0.49 
656.29 723.69 6021.01 0.60 
799.71 581.36 7527.07 0.32 
758.45 668.96 6770.26 0.52 
688.66 558.46 3054.86 0.45 
566.52 566.31 6601.47 0.36 
621.00 784.43 3160.12 0.33 
758.36 577.59 630.09 0.19 
559.83 566.86 4766.20 0.31 
618.65 571.47 7039.50 0.33 
554.96 560.82 7613.56 0.36 
665.57 560.23 7836.76 0.41 
594.58 637.53 3862.48 0.29 
556.65 677.49 3853.42 0.39 
584.27 581.91 2257.49 0.47 
719.39 551.22 5566.78 0.46 
595.04 655.51 6639.62 0.55 
549.38 683.37 4048.54 0.39 
597.04 769.94 6558.97 0.44 
708.51 579.30 4077.81 0.40 
654.73 728.68 4011.14 0.49 
698.79 583.29 4359.34 0.46 
597.68 616.54 1091.11 0.60 
549.98 783.96 6086.82 0.40 
557.70 603.41 5170.39 0.19 
641.24 593.78 7256.09 0.27 
669.64 647.78 4931.22 0.41 
559.65 540.61 1526.00 0.41 
576.66 630.21 6185.77 0.45 
619.08 570.70 3731.35 0.31 
716.79 558.57 7480.16 0.21 
714.66 590.54 4276.91 0.37 
632.57 540.07 5292.61 0.41 
582.12 544.86 7042.91 0.34 
542.22 550.34 1770.04 0.36 
679.36 599.93 3618.79 0.30 
656.73 640.13 7636.90 0.54 
697.85 548.72 2984.02 0.38 
575.58 705.47 5340.75 0.35 
548.82 626.05 5905.10 0.44 
554.32 637.22 7925.95 0.41 
542.33 763.25 999.25 0.38 
677.21 728.89 6177.07 0.53 
602.22 607.73 7164.17 0.15 
602.71 617.97 5889.13 0.48 
543.26 571.30 3124.96 0.40 
578.11 564.74 3747.52 0.61 
616.51 634.26 3264.22 0.32 
582.13 542.98 2687.49 0.44 
579.62 582.11 4566.74 0.33 
695.26 718.40 5253.91 0.36 
620.85 685.83 3890.80 0.28 
693.70 572.64 4515.59 0.40 
557.59 664.60 4113.47 0.25 
627.06 668.08 6806.06 0.33 
650.10 544.67 6975.75 0.51 
544.83 578.27 1830.93 0.53 
563.26 657.11 1487.17 0.46 
603.28 550.67 4280.13 0.36 
697.20 548.70 3930.57 0.24 
679.73 708.18 4786.93 0.32 
709.31 621.05 2621.11 0.53 
676.21 752.74 6240.91 0.49 
588.30 701.54 2294.33 0.53 
671.47 549.84 5173.78 0.48 
616.03 582.61 1004.76 0.46 
577.71 556.18 3248.63 0.30 
546.97 765.23 2466.50 0.42 
711.67 700.35 708.35 0.35 
720.62 702.81 7273.50 0.44 
729.31 546.72 3488.85 0.30 
618.80 592.42 5718.45 0.21 
633.64 679.59 3978.87 0.28 
595.68 598.36 5093.50 0.26 
552.62 551.79 7000.63 0.30 
606.76 649.43 6603.81 0.44 
623.45 642.26 4283.28 0.34 
722.80 622.45 2397.51 0.43 
578.83 557.18 2812.37 0.33 
565.48 706.60 4197.65 0.42 
673.05 613.54 6800.98 0.25 
600.03 563.53 4166.40 0.40 
587.98 858.47 3947.50 0.42 
