545.23 728.52 1444.53 0.45 
586.60 547.12 6075.17 0.30 
810.65 703.49 6270.49 0.29 
651.30 784.66 3435.92 0.24 
668.89 673.43 5811.19 0.42 
591.93 560.91 3279.46 0.38 
610.52 749.04 6415.91 0.47 
767.22 625.00 4537.09 0.39 
576.61 563.68 1283.89 0.49 
570.67 579.84 1918.32 0.35 
697.08 627.17 7123.84 0.54 
586.68 568.01 3011.65 0.44 
540.99 613.62 773.44 0.29 
638.74 560.34 7616.50 0.39 
797.78 649.78 7791.94 0.26 
644.07 742.24 3997.81 0.39 
582.70 540.28 2901.71 0.44 
685.81 685.95 4193.21 0.52 
579.18 611.91 3669.24 0.46 
623.14 711.81 6513.60 0.41 
583.73 608.31 7963.44 0.23 
556.93 574.89 4744.30 0.48 
553.81 630.38 6327.71 0.47 
623.62 785.92 2799.90 0.47 
657.41 654.68 6681.68 0.24 
700.90 606.96 4708.25 0.59 
600.42 630.99 2745.63 0.39 
561.88 554.78 5925.42 0.45 
634.55 650.43 652.23 0.21 
616.47 670.02 5942.38 0.38 
571.25 663.34 1392.65 0.39 
760.81 556.93 5308.02 0.39 
680.13 660.92 7540.83 0.35 
569.79 547.05 4182.67 0.51 
616.12 708.61 4706.29 0.44 
598.96 604.44 5727.23 0.18 
638.97 554.36 1073.51 0.58 
766.22 642.07 3439.05 0.44 
589.92 613.60 7407.95 0.21 
647.43 603.70 5785.97 0.38 
582.59 662.96 7225.37 0.32 
617.95 593.22 1351.24 0.41 
608.94 596.18 1802.92 0.61 
926.78 607.61 5786.20 0.42 
673.11 609.13 4765.97 0.40 
625.96 572.63 1495.23 0.39 
608.37 552.96 4203.30 0.50 
624.47 614.72 7412.72 0.39 
655.80 586.96 1480.42 0.37 
591.95 586.67 4489.47 0.31 
669.93 551.84 2505.18 0.36 
594.96 572.43 672.00 0.52 
551.89 564.43 6274.53 0.42 
655.25 717.27 4881.53 0.43 
582.83 617.01 862.46 0.50 
627.31 583.17 7849.19 0.46 
559.80 637.41 1569.76 0.34 
623.70 542.72 6641.06 0.50 
720.58 541.65 3688.27 0.51 
660.67 713.76 4284.92 0.37 
728.75 594.38 7578.80 0.36 
628.86 613.62 3942.68 0.27 
543.52 665.92 1642.05 0.28 
626.92 605.73 5936.05 0.47 
543.06 540.82 2286.55 0.48 
551.49 710.54 1974.08 0.22 
578.27 589.07 6065.50 0.51 
693.48 777.60 6109.69 0.53 
576.63 586.90 4382.56 0.30 
564.87 599.20 4768.37 0.43 
582.44 546.87 7573.56 0.37 
702.24 590.47 3907.94 0.35 
640.36 660.90 4421.05 0.34 
596.57 551.37 3197.63 0.39 
668.76 568.09 5988.40 0.33 
623.40 578.49 5992.77 0.50 
633.07 547.76 6942.46 0.37 
552.94 642.61 5654.88 0.53 
568.66 606.08 2723.28 0.41 
640.35 543.00 3754.55 0.40 
632.67 611.85 7556.33 0.47 
692.34 712.30 6915.58 0.32 
553.04 738.10 3041.40 0.26 
636.71 637.22 7646.03 0.35 
659.95 664.83 4779.78 0.52 
579.35 540.82 1946.39 0.30 
650.54 661.44 2769.89 0.49 
565.19 586.64 5683.92 0.50 
657.78 574.34 2828.01 0.39 
724.03 594.68 4859.04 0.49 
607.58 598.91 5043.55 0.62 
676.71 715.48 2144.74 0.66 
570.16 574.96 2823.45 0.48 
595.15 570.98 6230.19 0.58 
810.64 687.60 6704.51 0.56 
594.22 629.39 3588.32 0.51 
647.28 779.50 4609.11 0.37 
589.33 791.51 6524.17 0.42 
613.92 692.65 6474.31 0.32 
582.35 553.87 4392.77 0.41 
600.07 678.37 4758.09 0.40 
580.50 548.18 5585.10 0.33 
653.12 578.11 7642.96 0.34 
757.07 618.91 4118.22 0.41 
589.26 671.50 5285.90 0.49 
617.40 569.94 3307.07 0.31 
595.63 665.59 7726.00 0.41 
656.70 601.96 5972.81 0.45 
840.30 672.93 7715.52 0.41 
601.86 688.57 3246.87 0.41 
685.18 669.16 4265.02 0.53 
650.17 634.41 854.53 0.45 
681.85 662.27 7715.79 0.41 
544.16 582.84 7512.19 0.31 
594.67 689.98 2709.75 0.21 
632.22 604.60 604.60 0.43 
589.07 629.54 7173.09 0.42 
593.23 640.70 2980.17 0.37 
625.19 693.52 1020.36 0.38 
793.14 568.47 1054.75 0.38 
601.98 551.97 883.43 0.28 
668.15 695.52 3076.22 0.17 
626.21 717.47 5947.70 0.61 
729.75 545.79 1578.98 0.42 
676.34 548.45 5327.66 0.34 
573.73 823.92 5190.85 0.50 
729.38 620.83 2026.10 0.46 
559.73 619.73 2893.19 0.37 
553.34 678.32 7235.81 0.46 
680.00 608.32 4793.69 0.46 
713.70 555.06 5648.28 0.45 
560.38 686.23 2240.73 0.35 
542.97 703.58 3158.44 0.49 
577.13 787.46 3617.95 0.48 
657.50 704.35 5445.52 0.19 
652.08 577.07 2020.84 0.30 
808.48 631.73 3802.52 0.43 
616.13 597.89 6936.32 0.41 
636.37 585.98 7147.09 0.23 
596.44 584.78 4038.00 0.36 
611.09 542.15 3017.39 0.42 
635.93 564.53 3149.46 0.44 
591.65 684.74 7002.91 0.46 
635.00 724.69 3695.15 0.36 
640.12 602.56 5972.19 0.36 
621.17 619.07 6862.48 0.47 
723.90 644.32 4720.62 0.38 
547.88 552.36 7261.32 0.37 
631.10 619.57 5690.64 0.43 
566.09 573.94 6570.94 0.38 
560.97 568.73 774.18 0.28 
633.27 756.83 3675.17 0.49 
601.27 646.16 7860.98 0.34 
611.84 640.04 7598.56 0.34 
587.51 607.60 5124.96 0.57 
569.18 605.56 3199.95 0.46 
563.21 555.18 2659.45 0.36 
669.26 590.57 1981.24 0.40 
666.80 613.66 4558.03 0.59 
551.45 704.90 7382.41 0.31 
576.78 555.56 4734.37 0.40 
650.28 677.90 2218.76 0.44 
685.51 554.60 4276.89 0.37 
627.73 542.69 848.63 0.29 
564.16 638.95 3454.19 0.53 
731.35 595.66 6854.35 0.45 
615.33 657.36 4717.51 0.42 
604.94 581.94 2032.90 0.31 
564.97 646.38 4028.04 0.42 
643.98 548.59 4395.10 0.40 
595.07 671.46 6859.57 0.14 
777.19 585.69 3802.48 0.42 
618.65 545.16 5579.94 0.43 
602.69 800.45 2791.65 0.52 
593.14 676.69 726.62 0.24 
796.63 563.88 7190.65 0.52 
712.53 559.43 7978.99 0.41 
565.20 553.37 4854.16 0.36 
659.50 575.42 1460.02 0.24 
566.55 579.06 4042.98 0.46 
658.46 568.26 2857.12 0.58 
642.68 559.78 7173.60 0.40 
766.30 658.17 3281.82 0.41 
784.52 655.79 2818.14 0.28 
581.79 758.52 4962.87 0.47 
854.22 898.14 3902.20 0.40 
603.85 587.19 7130.85 0.52 
626.37 569.65 1502.94 0.36 
855.16 552.03 3065.77 0.48 
615.20 618.25 7584.96 0.26 
546.68 573.62 5823.19 0.32 
543.79 609.85 5744.04 0.45 
660.40 542.31 1038.54 0.42 
566.85 708.84 3485.41 0.31 
566.51 549.94 3273.25 0.38 
642.98 653.26 7943.40 0.38 
680.89 645.99 5266.91 0.32 
560.37 568.81 1492.93 0.43 
613.53 699.62 3394.93 0.45 
582.72 597.74 7833.63 0.29 
562.50 585.20 5705.87 0.33 
