815.36 638.60 7206.29 0.41 
548.23 550.91 3297.33 0.15 
596.61 826.43 4276.65 0.27 
671.47 563.15 3269.40 0.30 
662.21 700.51 7814.06 0.38 
567.81 694.32 2246.65 0.37 
576.61 565.09 3312.06 0.55 
552.74 609.41 2828.78 0.39 
574.28 700.98 7469.68 0.49 
550.78 663.93 7729.67 0.31 
625.21 550.40 6375.03 0.28 
637.82 614.86 7959.81 0.26 
565.12 549.10 4247.73 0.45 
806.33 784.72 4434.75 0.32 
578.37 620.37 793.72 0.31 
617.21 557.44 4892.86 0.29 
629.10 541.70 1115.18 0.43 
786.75 641.43 2439.80 0.38 
540.73 634.09 1063.58 0.25 
767.93 542.54 1929.71 0.32 
654.95 697.17 2006.42 0.43 
