579.16 620.63 1105.42 0.53 
554.41 574.36 7918.80 0.56 
568.56 646.96 560.56 0.16 
777.76 657.82 7945.18 0.42 
650.90 658.42 2286.00 0.47 
669.16 580.34 5898.97 0.42 
554.78 566.03 1148.98 0.28 
602.17 624.67 3722.63 0.35 
652.98 585.26 981.63 0.47 
631.15 626.06 5918.31 0.50 
566.80 561.28 5399.31 0.31 
555.12 715.35 4834.16 0.34 
718.81 578.87 7383.29 0.30 
590.48 609.25 7840.32 0.51 
560.25 695.60 4411.29 0.35 
566.42 591.30 7062.00 0.56 
732.84 572.22 2878.54 0.46 
620.91 558.76 3184.71 0.42 
588.75 565.13 3728.65 0.48 
615.66 576.92 6988.51 0.37 
604.43 615.15 5083.04 0.52 
647.24 552.08 827.34 0.30 
692.93 646.91 2646.06 0.42 
587.43 650.97 4522.63 0.35 
581.73 796.91 6173.46 0.28 
599.61 642.26 3402.69 0.42 
540.72 674.78 3408.46 0.41 
605.41 608.59 3250.18 0.66 
570.61 777.59 5184.10 0.21 
546.77 607.45 1829.49 0.30 
727.88 573.92 7624.77 0.41 
586.99 752.23 6794.22 0.19 
683.11 690.97 7813.32 0.29 
635.90 566.78 1826.96 0.31 
660.05 567.38 7463.54 0.42 
637.74 725.69 7222.64 0.18 
659.74 592.61 3438.54 0.12 
571.17 581.75 5669.21 0.43 
802.04 753.23 1702.18 0.40 
643.09 810.69 653.97 0.45 
655.92 797.93 3878.77 0.25 
660.61 598.81 5838.24 0.40 
579.57 782.93 1783.26 0.30 
712.67 687.46 3849.76 0.50 
565.06 688.66 3252.12 0.49 
557.53 685.08 1842.47 0.63 
611.96 575.03 4811.43 0.44 
554.52 626.38 3101.94 0.42 
604.92 664.57 6192.60 0.34 
602.28 585.05 6306.48 0.28 
555.95 669.56 6362.81 0.35 
619.94 630.36 4227.05 0.47 
651.91 574.66 5935.18 0.45 
546.74 669.96 6270.85 0.46 
654.70 693.35 7675.08 0.48 
667.92 580.98 4605.79 0.40 
697.18 571.27 3830.91 0.21 
602.81 729.89 2365.80 0.46 
566.57 576.38 4780.78 0.40 
710.93 544.78 5855.69 0.48 
645.11 541.18 4735.11 0.36 
651.24 639.57 2641.57 0.36 
600.37 570.17 4619.22 0.53 
600.12 586.11 2437.91 0.49 
545.78 564.83 2680.72 0.41 
588.13 788.82 5030.07 0.44 
682.32 625.08 1152.85 0.39 
649.81 542.14 574.65 0.41 
561.23 722.32 4826.12 0.45 
644.16 665.01 3177.17 0.50 
594.59 616.84 3162.95 0.17 
