672.74 630.22 5435.51 0.46 
593.89 728.70 7447.28 0.25 
567.25 640.75 5448.20 0.30 
622.49 687.17 5176.01 0.38 
725.21 558.63 4116.91 0.44 
655.17 673.63 4621.58 0.50 
583.27 810.87 894.35 0.40 
615.59 720.72 6862.86 0.40 
602.94 567.18 6227.62 0.49 
688.10 569.95 6839.27 0.31 
559.43 577.76 2475.03 0.50 
557.54 605.60 5596.84 0.46 
632.98 750.07 3490.81 0.50 
543.07 592.84 4085.52 0.27 
632.56 585.80 568.39 0.44 
665.59 700.17 4448.98 0.50 
615.01 570.56 1232.67 0.32 
692.75 581.99 2673.38 0.27 
736.43 573.49 3993.62 0.14 
606.91 565.70 3561.16 0.33 
655.29 541.25 4559.01 0.34 
589.73 624.27 6081.61 0.42 
575.79 633.79 551.50 0.51 
698.26 671.19 2012.22 0.57 
553.56 582.42 2083.57 0.22 
558.07 672.18 6137.65 0.37 
650.45 540.54 4919.12 0.39 
609.96 546.49 1741.57 0.38 
595.57 558.79 2151.16 0.49 
540.50 609.80 5286.93 0.44 
552.38 621.07 3743.62 0.31 
656.50 630.15 7990.21 0.31 
572.16 700.00 1079.38 0.30 
600.19 602.27 4615.42 0.33 
753.47 601.51 3167.21 0.40 
645.78 586.45 2834.02 0.31 
612.43 574.94 7381.44 0.43 
674.00 540.96 4141.32 0.37 
644.93 652.79 1931.00 0.23 
684.41 682.03 7392.10 0.16 
611.75 750.63 7569.92 0.45 
557.03 543.55 6123.98 0.41 
575.79 725.59 888.80 0.32 
619.61 581.68 2634.30 0.34 
639.01 594.20 7775.87 0.37 
639.39 566.39 5093.51 0.33 
585.51 700.49 5673.65 0.62 
738.34 606.47 6106.31 0.48 
566.03 615.33 6491.48 0.39 
568.97 598.88 4902.59 0.43 
664.37 751.96 2579.78 0.51 
774.27 644.27 3058.09 0.31 
606.42 631.92 6575.26 0.33 
701.71 796.52 7003.86 0.45 
653.72 666.14 6390.24 0.62 
596.69 676.93 3082.07 0.44 
574.68 615.16 4368.74 0.31 
544.83 550.57 1060.62 0.24 
628.98 612.47 7997.01 0.33 
568.24 549.38 6901.23 0.25 
871.44 639.92 1600.89 0.51 
610.50 700.41 5266.57 0.27 
579.03 601.81 3784.04 0.21 
699.94 595.37 2313.84 0.54 
749.23 619.84 1722.34 0.30 
631.75 565.70 7640.92 0.38 
589.98 618.20 7136.34 0.37 
711.19 560.90 2761.87 0.43 
680.97 552.39 4655.33 0.40 
749.04 582.76 4539.44 0.37 
586.93 584.86 2358.42 0.23 
590.30 633.14 6842.79 0.45 
704.05 561.08 1247.19 0.41 
559.86 633.79 2699.04 0.61 
736.68 745.68 1313.94 0.44 
663.08 818.05 2631.05 0.58 
625.24 597.63 2875.50 0.44 
582.24 709.32 2613.78 0.24 
559.66 599.75 1995.37 0.33 
716.19 544.77 5994.45 0.57 
582.90 616.82 6330.94 0.19 
630.36 660.80 2203.46 0.48 
649.34 634.66 1656.68 0.36 
810.64 703.98 2563.47 0.38 
580.17 831.07 4040.43 0.46 
574.74 655.51 2802.65 0.33 
567.85 632.64 1975.63 0.50 
577.08 627.22 6236.74 0.40 
625.41 547.13 3647.71 0.46 
562.87 660.49 6207.43 0.33 
616.00 624.26 2932.81 0.27 
548.43 595.77 7265.03 0.45 
590.77 605.18 3840.75 0.36 
578.40 700.27 2190.10 0.32 
548.09 614.56 2383.86 0.32 
623.06 603.65 1247.40 0.34 
556.30 664.21 7486.58 0.42 
685.49 543.64 5287.69 0.66 
610.61 560.63 7118.80 0.48 
562.83 543.77 7658.72 0.33 
567.16 636.88 5922.45 0.43 
