547.57 634.80 5800.69 0.24 
556.75 624.32 3286.91 0.32 
663.63 593.27 2717.31 0.52 
755.91 546.69 7991.26 0.33 
633.06 552.12 598.45 0.42 
647.69 690.73 6966.47 0.41 
834.43 654.06 6737.82 0.37 
642.12 676.75 4357.84 0.32 
565.13 669.20 1716.73 0.40 
849.32 650.81 6739.13 0.45 
553.08 626.79 2062.43 0.40 
709.61 543.12 1240.59 0.36 
546.91 555.07 5617.19 0.31 
684.62 565.99 3197.79 0.34 
696.50 573.59 2844.50 0.30 
585.28 560.10 2081.68 0.39 
592.22 544.81 2850.08 0.37 
625.01 679.87 6808.98 0.39 
734.99 721.57 6098.84 0.49 
577.12 560.96 7573.73 0.37 
697.05 577.68 6665.67 0.43 
545.87 662.24 6482.20 0.39 
599.83 721.44 6217.27 0.40 
689.58 636.39 2461.33 0.39 
623.67 679.01 2343.81 0.35 
556.49 635.33 1284.83 0.25 
608.52 552.20 2159.90 0.64 
566.66 547.28 5261.57 0.40 
584.70 541.34 1372.39 0.31 
573.42 560.66 2839.50 0.36 
728.96 638.38 2212.27 0.30 
