586.60 673.17 634.46 0.37 
654.78 604.72 553.33 0.46 
573.52 621.35 6257.08 0.15 
608.61 689.68 833.93 0.30 
558.61 603.68 7100.63 0.41 
592.17 641.29 7205.28 0.60 
541.20 564.85 4740.31 0.45 
557.82 600.89 6628.54 0.46 
635.97 563.77 2682.49 0.51 
580.25 595.48 1928.26 0.31 
559.82 753.89 1768.44 0.43 
725.23 712.77 4651.48 0.63 
607.28 562.68 2735.70 0.65 
575.06 592.83 5628.20 0.43 
756.04 602.73 546.95 0.29 
637.72 643.59 2963.43 0.35 
574.94 609.08 1906.01 0.26 
582.96 622.83 2879.04 0.43 
762.60 669.08 3753.31 0.39 
597.15 618.78 5739.86 0.43 
601.03 665.34 5982.21 0.25 
594.69 564.86 7445.60 0.22 
557.20 640.76 2272.31 0.21 
546.21 580.52 2114.99 0.39 
596.02 552.34 957.02 0.48 
637.54 564.17 3008.55 0.45 
639.09 544.31 3838.33 0.47 
616.77 561.14 2060.30 0.42 
634.45 702.63 7900.71 0.52 
799.57 574.13 7686.58 0.52 
640.24 565.26 3284.30 0.25 
604.96 600.11 2705.95 0.45 
571.51 577.86 7651.76 0.33 
746.19 612.24 1638.58 0.60 
649.69 638.29 4168.67 0.45 
627.53 728.84 655.30 0.51 
726.58 584.04 3537.05 0.49 
593.10 572.11 7269.17 0.48 
706.08 648.17 1420.75 0.36 
636.15 543.47 6567.22 0.46 
713.71 559.61 3109.85 0.53 
