57 72 86 50 43 7 42 68 46 17 76 30 100 12 28 14 33 65 67 32 41 37 75 91 84 39 9 1 44 24 63 88 3 54 99 20 53 58 92 51 40 45 66 34 64 13 93 19 71 61 27 25 55 6 60 29 5 77 74 94 95 83 80 69 59 15 31 49 82 21 23 36 56 87 4 73 79 8 96 90 81 26 16 35 10 78 70 47 89 98 38 52 97 48 11 22 85 2 62 18 
Best fitness: 3.68
57 63 34 80 83 77 46 33 75 37 55 42 54 13 60 41 32 67 30 76 100 12 28 14 68 5 58 53 20 99 3 88 17 65 56 29 84 39 31 51 69 21 64 45 66 94 95 81 90 82 18 6 91 9 15 49 44 24 1 89 50 48 36 23 92 61 71 59 85 96 35 26 40 22 2 93 19 70 79 74 73 25 72 27 86 43 7 16 10 78 8 98 38 87 4 52 97 62 47 11 
Worst fitness: 4.77

Alpha: 0.50
K: 0.01
Crossover probability: 0.50
Mutation probability: 0.10
Change mutation operator probability 1: 0.15
Change mutation operator probability 2: 0.00