63 4 54 47 12 36 69 65 11 70 31 25 19 52 56 35 9 8 16 57 34 39 41 37 43 60 49 1 64 51 48 42 44 26 17 22 59 28 68 33 5 66 15 14 21 13 30 61 45 32 23 18 2 29 55 24 62 7 20 6 27 3 46 67 58 10 50 53 40 38 
Best fitness: 1.91
2 59 9 52 19 25 13 69 11 39 64 51 16 15 35 56 70 47 22 4 44 26 36 12 34 7 41 60 54 8 27 5 33 68 28 42 55 49 1 57 6 61 66 14 31 30 65 37 43 17 18 45 32 23 48 62 40 21 53 38 3 67 46 10 20 24 63 58 29 50 
Worst fitness: 2.50

Alpha: 0.50
K: 0.01
Crossover probability: 0.50
Mutation probability: 0.10
Change mutation operator probability 1: 0.15
Change mutation operator probability 2: 0.00