1 30 50 67 17 12 76 19 37 78 8 22 58 14 39 3 13 20 41 28 59 21 27 54 25 62 23 55 61 57 70 69 47 46 74 6 7 72 71 43 56 75 45 40 35 65 31 68 53 80 66 44 48 63 26 49 73 11 51 4 34 38 24 2 5 64 9 18 10 15 29 77 36 42 52 32 33 79 60 16 
Best fitness: 2.13
67 8 13 20 41 75 56 6 45 58 22 27 23 37 78 1 65 30 50 17 19 34 21 38 46 43 72 7 14 44 79 25 54 69 70 47 76 12 40 62 59 24 28 18 73 48 15 32 74 33 57 61 36 42 31 35 68 4 26 51 49 5 64 9 3 29 63 77 53 80 66 11 39 10 2 71 52 60 55 16 
Worst fitness: 3.08

Alpha: 0.50
K: 0.01
Crossover probability: 0.50
Mutation probability: 0.10
Change mutation operator probability 1: 0.15
Change mutation operator probability 2: 0.00