448.46 224.19 0.46 7530.41
645.90 813.30 0.11 7832.29
348.21 501.42 0.72 6627.23
794.07 942.52 0.97 5822.32
744.23 161.59 0.20 5619.31
357.65 614.90 0.27 8420.05
637.89 489.50 0.16 7958.35
995.86 221.34 0.14 6336.80
974.43 835.60 0.07 8671.12
444.20 955.67 0.68 8215.80
871.77 759.36 0.22 7010.38
976.97 366.34 0.70 6984.86
475.04 489.20 0.83 5260.31
525.03 721.68 0.59 6511.71
968.01 146.83 0.92 5537.12
970.14 383.19 0.08 7304.26
8.50 576.82 0.24 7732.35
653.02 282.75 0.84 7713.49
925.78 351.21 0.63 7321.08
157.08 790.73 0.10 7237.49
696.23 847.11 0.49 9451.25
502.99 73.29 0.53 6841.78
255.17 991.80 0.91 7760.94
331.43 875.81 0.83 6675.58
586.12 483.02 0.39 5643.08
666.10 90.24 0.17 6289.35
35.16 991.74 0.30 6717.22
628.16 885.54 0.78 6643.37
959.66 193.17 0.55 6910.90
813.44 877.97 0.49 7389.71
170.65 157.94 0.24 7088.80
764.96 191.99 0.55 9910.96
491.23 599.08 0.28 5453.99
626.36 633.20 0.78 5981.80
510.64 300.34 0.96 8729.01
878.59 472.36 0.93 8188.53
239.27 819.75 0.64 7201.00
563.70 383.05 0.24 5377.91
526.21 506.13 0.09 7078.41
738.09 472.17 0.19 7710.21
55.74 623.16 0.70 7590.83
196.69 501.81 0.48 7555.66
488.81 984.69 0.72 5548.27
197.31 89.00 0.44 6158.65
682.13 131.53 0.24 7836.13
250.38 698.52 0.74 6038.39
466.22 860.03 0.87 6063.24
370.80 582.56 0.67 8305.40
215.99 363.75 0.84 5407.64
332.53 924.21 0.45 7094.26
472.21 607.93 0.15 6359.17
468.48 596.99 0.09 7514.65
824.12 537.51 0.91 6249.42
282.17 374.23 0.85 7108.58
792.80 365.65 0.69 6015.86
584.63 794.66 0.55 6050.56
334.39 904.28 0.42 6613.82
158.01 709.42 0.51 5366.24
864.10 853.40 0.80 7176.21
750.38 891.63 0.65 9031.69
779.03 816.86 0.99 7026.62
824.04 864.42 0.28 6222.77
546.90 521.90 0.50 8061.13
975.35 993.02 0.35 6739.20
857.40 296.55 0.56 7331.76
201.95 828.38 0.95 7196.61
652.69 176.31 0.70 8266.31
726.26 866.38 0.27 6809.90
540.99 687.06 0.87 4865.27
462.62 17.51 0.08 4829.59
101.18 64.59 0.33 7542.15
633.33 224.50 0.13 4899.23
317.23 27.25 0.03 5369.30
117.69 966.39 0.84 6703.64
266.83 456.17 0.09 7906.32
976.70 827.59 0.73 5949.42
285.40 471.82 0.83 5850.32
909.22 116.71 0.98 8576.63
865.18 777.19 0.93 5431.11
899.46 870.70 0.20 7491.45
527.89 828.71 0.64 5502.00
671.42 627.14 0.92 6391.02
969.91 579.34 0.88 6585.58
21.16 14.46 0.25 8217.11
152.66 395.93 0.91 6475.48
709.77 33.86 0.90 6200.92
655.31 76.75 0.11 7099.18
884.01 77.41 0.09 7246.22
193.03 696.46 0.02 7498.83
922.53 166.88 0.36 7737.10
809.23 718.19 0.85 7691.79
121.48 832.59 0.46 7501.89
367.60 369.77 0.85 8040.99
739.77 192.91 1.00 5899.01
784.48 573.88 0.42 8156.63
494.62 483.47 0.43 5380.26
648.08 544.95 0.85 6889.66
309.92 17.43 0.11 6929.08
266.52 920.76 0.60 6672.85
618.83 83.31 0.16 8334.13
618.63 924.37 0.86 6190.44
440.41 44.90 0.47 7285.43
135.90 324.81 0.42 7245.68
912.44 188.36 0.72 7424.45
634.35 73.37 0.31 7023.05
325.67 79.87 0.63 4589.54
302.90 155.75 0.10 6871.49
162.50 909.03 0.24 5835.58
526.53 408.15 0.71 7791.23
380.48 44.54 0.91 8668.88
871.67 367.75 0.22 7244.93
779.77 421.18 0.14 7426.60
511.32 490.43 0.34 8927.69
60.70 226.85 0.10 5817.02
796.28 817.19 0.95 7606.63
667.70 189.93 0.33 7247.30
723.83 191.69 0.60 7013.93
188.05 976.35 0.97 6904.64
402.87 171.96 0.87 5796.20
521.78 302.35 0.48 8815.76
21.04 420.73 0.38 7547.47
297.96 725.93 0.54 8027.96
904.48 784.25 0.95 6664.24
894.38 620.80 0.58 7091.69
791.36 864.61 0.35 6535.21
799.52 731.03 0.96 7914.48
643.13 319.41 0.50 7333.47
297.79 415.22 0.26 6766.63
430.13 425.72 0.63 5471.66
853.45 621.65 0.86 6819.10
892.54 273.73 0.96 7238.47
439.03 816.93 0.40 8695.23
171.87 919.80 0.42 7681.61
230.47 138.78 0.78 7486.56
273.46 846.53 0.57 5637.32
973.78 181.29 0.31 7559.14
893.13 8.15 0.67 8587.25
293.75 975.30 0.47 8169.63
848.04 194.11 0.55 6709.68
676.43 757.59 0.52 6725.64
281.50 330.65 0.22 6987.99
927.29 752.45 0.87 7889.18
542.81 304.86 0.61 8655.91
84.99 324.87 0.86 7502.85
622.32 301.15 0.24 6015.01
281.63 923.33 0.15 7462.98
795.62 795.18 0.47 5972.95
202.83 306.06 0.71 6737.83
834.07 286.83 0.03 8240.34
192.75 447.24 0.98 6310.21
645.75 589.44 0.86 6865.42
432.23 363.77 0.84 8306.49
221.71 711.42 0.15 6540.30
277.04 759.49 0.16 6517.69
21.04 302.64 0.98 7028.42
833.67 814.88 0.90 6963.02
465.96 501.13 0.41 7418.22
676.30 756.10 0.66 7840.31
386.95 684.12 0.64 7010.56
248.60 902.03 0.07 7231.16
730.60 604.97 0.94 6686.86
184.85 302.06 0.70 6844.13
555.65 696.57 0.86 7166.31
223.61 723.47 0.13 8181.21
42.40 794.47 0.55 6172.24
316.53 407.82 0.19 7482.99
203.12 509.36 0.67 6326.80
851.19 900.19 0.12 8285.86
210.71 986.89 0.23 6397.76
587.46 498.84 0.28 6672.40
578.60 419.57 0.18 7371.79
939.14 771.94 1.00 6757.15
672.26 681.06 0.39 6733.86
641.19 780.84 0.74 7046.44
504.03 123.65 0.13 7497.25
