528.33 450.43 0.15 6739.09
455.98 451.21 0.37 7031.14
424.91 472.68 0.20 6213.10
461.67 467.79 0.39 7470.72
499.50 467.13 0.41 7028.22
497.59 549.71 0.21 7933.05
425.76 430.02 0.59 6305.74
409.27 566.10 0.14 8465.19
510.90 542.83 0.31 9757.81
526.76 528.78 0.02 5845.22
566.65 591.85 0.16 8968.50
558.53 449.02 0.39 10027.27
511.42 480.92 0.50 7336.54
482.81 411.93 0.54 6711.45
569.90 483.86 0.24 7627.70
495.36 404.03 0.34 7260.83
526.07 429.42 0.36 7272.98
577.86 443.36 0.14 8689.76
540.27 531.03 0.02 6907.22
501.39 572.31 0.07 5528.77
491.34 446.75 0.25 6964.13
539.89 438.20 0.08 7472.92
399.20 537.54 0.60 9666.23
506.23 420.84 0.27 9652.09
392.16 471.65 0.27 7362.57
504.32 490.48 0.10 7099.74
516.82 409.56 0.43 9229.13
560.15 531.87 0.60 9943.46
514.19 507.63 0.26 6367.55
497.28 533.98 0.35 6797.88
471.86 443.54 0.31 8538.79
690.16 407.69 0.46 8636.10
492.70 437.74 0.44 8107.08
514.00 547.89 0.28 9526.54
522.11 456.96 0.31 6776.95
409.28 459.69 0.22 7671.00
418.73 493.83 0.07 8083.84
517.28 495.76 0.21 7114.60
498.56 561.76 0.54 6756.71
524.03 457.33 0.16 6227.74
577.48 406.51 0.02 10667.90
485.61 428.41 0.15 10553.35
462.40 531.93 0.26 6733.95
478.38 537.83 0.07 9387.51
469.36 506.66 0.43 6527.88
476.96 480.95 0.20 6643.46
489.98 426.64 0.34 7390.92
559.17 499.64 0.08 8717.68
452.43 426.54 0.15 8531.60
474.97 477.17 0.26 5270.33
497.02 500.94 0.14 6798.70
587.20 500.15 0.56 7244.24
521.10 560.56 0.48 6708.41
413.21 533.31 0.26 7396.26
474.06 479.09 0.43 7051.01
571.53 487.70 0.12 9487.17
551.29 501.47 0.49 10563.42
488.16 506.01 0.37 10166.86
513.40 484.19 0.08 10410.49
526.01 453.62 0.33 7645.55
467.78 542.02 0.13 6572.68
474.86 460.69 0.29 4341.78
463.27 538.48 0.54 10375.00
514.31 492.90 0.10 5818.51
446.06 490.89 0.16 8629.45
559.54 532.88 0.02 7500.58
596.97 480.17 0.20 6594.06
487.08 472.38 0.24 8604.53
494.01 455.01 0.46 8502.49
499.89 508.59 0.26 6235.19
524.38 570.08 0.31 7488.23
494.62 461.34 0.51 8405.07
577.91 499.16 0.23 7196.96
435.13 490.55 0.35 7723.31
483.64 504.25 0.41 9973.14
442.28 529.32 0.14 9354.38
532.29 437.64 0.28 7149.33
468.56 542.71 0.23 5746.96
429.88 549.36 0.25 5617.38
400.78 500.39 0.04 6734.22
465.65 460.40 0.24 9657.91
408.48 399.36 0.09 7789.81
461.10 386.80 0.09 6321.48
399.42 435.47 0.41 6256.64
484.35 365.66 0.26 8274.72
611.88 546.62 0.31 8414.67
480.91 364.29 0.45 7894.57
518.69 525.40 0.11 6769.76
491.25 552.41 0.12 8738.51
532.36 501.35 0.52 7882.14
555.20 425.24 0.10 9153.09
492.72 503.51 0.16 10647.31
504.72 441.76 0.04 7475.75
497.19 503.46 0.35 6811.72
430.05 504.25 0.17 5623.84
511.46 530.11 0.00 6496.98
511.31 363.95 0.41 8898.01
382.73 490.74 0.17 6076.81
401.41 590.49 0.24 6533.91
512.40 442.04 0.07 7499.88
