547.87 513.73 0.41 7401.14
498.41 602.45 0.41 6513.60
513.50 465.46 0.18 7146.97
494.00 553.50 0.51 6718.89
450.90 552.48 0.42 8188.39
555.31 511.98 0.35 5337.49
488.58 453.31 0.13 7247.43
533.94 423.96 0.54 7052.29
551.38 434.05 0.08 7833.76
612.05 484.97 0.37 7954.09
540.33 532.97 0.08 7127.45
513.14 514.02 0.48 6256.74
406.27 515.69 0.19 8553.73
532.23 446.98 0.60 6441.74
520.26 509.14 0.35 5580.10
500.79 526.65 0.42 8097.08
473.90 479.65 0.60 9068.75
483.09 495.65 0.46 6894.22
577.41 498.46 0.18 5414.53
517.51 542.28 0.39 5688.54
531.92 486.18 0.05 7072.66
466.57 528.04 0.37 6646.24
500.57 517.34 0.57 5118.53
473.71 476.20 0.08 8716.56
472.38 475.92 0.59 6568.81
525.77 512.89 0.09 6359.10
540.18 488.92 0.24 7660.12
413.74 536.19 0.07 8319.86
523.62 569.12 0.25 7724.69
439.46 587.69 0.04 7204.31
559.44 462.56 0.43 9589.26
466.92 445.62 0.09 6108.27
530.92 516.06 0.23 5508.69
451.56 511.24 0.37 6741.01
483.48 467.71 0.34 6620.86
454.31 550.35 0.47 6530.60
505.48 524.75 0.34 7185.86
523.43 511.20 0.03 4796.61
439.49 465.16 0.24 8052.19
537.97 541.15 0.25 5603.36
536.85 502.70 0.45 6825.60
488.38 463.77 0.27 6001.53
460.78 458.38 0.35 6432.91
580.56 426.37 0.41 5130.59
591.04 423.93 0.34 7487.93
564.33 580.26 0.30 6690.53
606.42 470.33 0.51 5912.03
395.83 450.35 0.24 6862.23
472.53 522.13 0.44 6481.91
568.46 445.76 0.45 6206.97
494.64 445.47 0.17 8243.56
489.41 521.83 0.11 8346.84
489.24 507.13 0.47 7871.13
506.10 499.97 0.48 7311.47
527.02 416.41 0.14 6479.29
529.32 490.56 0.48 5009.54
524.62 440.39 0.38 7555.05
432.26 505.56 0.31 6915.78
435.94 490.92 0.60 5431.15
513.70 495.64 0.29 5933.97
584.71 493.10 0.09 7064.47
584.78 602.16 0.27 7503.39
516.06 444.10 0.32 5477.59
435.71 500.69 0.43 6640.64
453.37 565.23 0.09 5137.22
492.76 480.12 0.18 6143.73
581.78 412.47 0.11 7858.45
505.85 522.31 0.35 7016.26
533.64 526.32 0.43 7230.14
540.43 444.84 0.43 9693.55
606.81 513.36 0.17 7716.92
443.50 507.31 0.41 6595.83
515.29 434.22 0.07 6163.39
424.90 517.85 0.52 6287.12
459.93 556.75 0.58 6625.19
447.23 494.72 0.33 7024.88
533.17 510.30 0.37 6921.55
442.63 515.86 0.51 7030.14
462.79 466.90 0.58 9538.48
452.65 402.91 0.42 7322.42
615.57 479.79 0.57 5209.28
410.55 562.96 0.53 10426.20
516.36 521.03 0.08 8643.81
450.98 393.24 0.44 7587.47
540.77 544.56 0.51 7330.81
496.00 536.45 0.26 6732.02
488.05 526.53 0.04 8798.12
523.52 575.49 0.06 7586.29
583.01 524.54 0.58 5444.32
488.90 567.27 0.08 8851.92
504.37 492.35 0.33 6150.23
522.05 563.16 0.58 5513.90
453.52 568.76 0.60 9270.93
526.83 537.47 0.12 6683.33
461.54 564.15 0.45 5776.91
472.88 499.20 0.16 6344.55
382.10 401.77 0.13 6478.96
451.09 461.40 0.48 6456.61
443.12 440.04 0.55 6972.61
522.75 480.20 0.58 5641.49
466.16 556.26 0.58 6001.69
526.84 542.93 0.54 9975.85
441.49 481.44 0.09 7030.20
415.01 455.86 0.52 4991.77
620.22 514.74 0.45 6826.64
492.72 495.99 0.22 7757.89
447.38 500.37 0.45 7268.76
451.91 438.12 0.26 6978.32
553.06 536.76 0.47 8004.82
519.74 569.47 0.32 6650.72
541.99 517.28 0.50 6541.67
407.83 462.67 0.60 9654.35
491.48 527.92 0.44 6278.48
435.10 466.05 0.60 7471.03
519.46 517.77 0.06 6487.14
474.56 449.76 0.47 7575.17
495.36 472.84 0.30 9447.42
503.21 506.99 0.10 5326.33
549.02 506.15 0.30 10321.41
550.88 498.04 0.33 7054.75
445.92 526.91 0.52 6977.52
429.11 591.09 0.28 8430.93
508.18 448.27 0.38 6810.86
513.18 439.11 0.57 7177.45
524.70 563.43 0.42 10287.37
453.55 408.41 0.46 6679.17
423.27 489.19 0.53 5972.34
538.24 555.12 0.18 7371.82
510.72 471.82 0.19 7629.54
571.79 498.17 0.43 5465.10
559.77 533.83 0.34 6857.36
579.52 529.14 0.34 6069.05
524.95 492.28 0.41 6573.96
498.39 434.69 0.34 9667.72
487.99 625.99 0.09 8260.30
460.21 418.79 0.29 6060.81
481.59 530.61 0.33 8772.59
509.58 434.26 0.15 8746.71
522.68 590.14 0.25 6328.55
526.99 590.55 0.17 8117.78
559.44 480.45 0.32 6366.46
469.37 431.26 0.24 9991.96
515.89 576.34 0.52 7483.12
520.52 457.00 0.07 7241.89
461.58 502.41 0.59 4903.82
540.10 456.56 0.53 5911.73
417.66 423.38 0.50 8144.72
526.41 526.63 0.58 6137.86
432.21 504.84 0.60 6387.00
464.39 553.65 0.48 6865.04
526.50 545.11 0.26 6166.93
463.12 529.89 0.05 8336.16
523.65 602.76 0.18 5697.17
544.01 562.80 0.47 5625.65
571.01 561.17 0.05 7977.15
586.66 465.36 0.13 6395.90
439.62 511.19 0.40 7030.07
516.23 421.90 0.31 7178.02
538.14 563.05 0.18 7225.77
492.63 420.61 0.07 8119.83
536.71 573.44 0.59 6834.90
423.69 437.44 0.23 6934.82
519.92 502.85 0.36 7205.77
505.83 486.55 0.03 8743.70
468.60 568.54 0.21 7746.77
522.46 472.90 0.37 5898.19
487.05 493.90 0.18 6908.59
387.26 582.70 0.56 3962.12
432.21 479.39 0.04 5882.87
554.70 530.10 0.18 10074.17
420.89 503.97 0.32 7204.93
482.97 521.78 0.55 5315.74
396.06 497.66 0.19 9941.69
527.65 486.37 0.50 5702.66
503.95 525.61 0.21 6403.26
