540.93 567.49 0.12 7418.33
542.02 508.32 0.50 7031.70
413.23 505.39 0.56 7331.33
466.28 475.49 0.20 6702.52
467.40 529.13 0.03 5031.51
465.77 534.13 0.55 8112.68
556.52 525.84 0.49 7033.83
541.45 483.49 0.34 6340.96
505.67 477.86 0.54 6776.05
460.40 475.21 0.55 7237.56
492.42 568.90 0.15 7120.33
497.07 501.36 0.07 7653.53
514.67 450.93 0.42 8034.45
444.18 459.89 0.45 10705.76
509.37 599.88 0.28 8528.73
496.92 446.64 0.33 6119.01
528.62 511.42 0.50 5493.30
460.73 531.94 0.11 8144.52
557.03 519.55 0.30 4511.12
555.59 458.46 0.03 7794.03
507.98 519.14 0.31 6748.87
616.28 467.66 0.11 7444.88
500.43 494.02 0.47 9016.78
549.52 421.88 0.60 6718.51
538.69 484.45 0.34 7351.35
530.25 483.14 0.46 7111.32
617.45 483.70 0.45 7136.31
503.98 571.59 0.40 5986.05
563.79 487.83 0.05 6346.43
568.92 454.06 0.52 6261.15
538.98 434.97 0.09 7436.69
537.57 476.15 0.34 6287.10
547.89 481.12 0.18 8577.56
582.33 558.67 0.10 7008.64
581.96 478.33 0.32 6081.15
495.34 499.15 0.33 8043.88
440.24 455.70 0.44 7234.36
581.24 546.64 0.27 7740.27
530.15 497.80 0.35 7437.95
470.78 501.97 0.42 8086.90
426.83 506.63 0.02 9204.72
544.48 474.19 0.48 6402.39
488.92 465.99 0.18 7291.85
480.71 433.55 0.32 6387.10
497.88 550.37 0.36 7957.40
499.46 579.22 0.07 6256.81
502.95 501.52 0.56 5795.13
490.16 493.36 0.57 8697.99
475.65 562.32 0.59 6727.89
519.12 510.58 0.57 7252.72
457.82 467.64 0.36 8190.82
545.01 570.50 0.23 9120.11
527.58 545.90 0.43 4054.70
573.47 490.06 0.33 5582.31
468.63 459.72 0.28 6006.33
548.69 553.76 0.30 4750.22
471.66 420.07 0.21 6621.05
506.65 462.75 0.36 8091.68
530.76 422.83 0.52 7069.45
467.81 554.34 0.41 6322.45
482.44 429.93 0.42 7152.13
470.04 532.49 0.55 8410.47
564.22 489.36 0.15 7598.01
445.77 519.99 0.02 6718.36
535.45 565.45 0.04 7736.99
547.91 471.71 0.17 5935.46
474.74 587.30 0.47 7882.49
579.43 383.50 0.11 6791.91
546.35 514.45 0.42 6789.89
484.05 371.46 0.08 5629.84
568.75 589.21 0.43 9533.98
625.87 452.85 0.37 4227.66
604.37 527.71 0.13 6340.21
475.88 574.52 0.32 8374.26
492.43 500.29 0.59 7230.69
495.59 443.06 0.57 5977.65
532.68 558.00 0.13 8679.20
453.74 467.84 0.45 6867.02
457.20 527.91 0.16 6176.79
543.01 429.33 0.02 6655.71
516.32 511.20 0.41 7165.32
496.29 453.22 0.57 8565.09
534.16 456.78 0.44 5891.86
443.19 474.24 0.29 5226.40
415.14 547.18 0.06 5919.01
552.04 481.08 0.30 7862.24
518.32 479.93 0.50 7110.78
552.27 540.44 0.26 7536.71
543.74 502.96 0.57 4957.06
536.83 532.19 0.30 8099.11
414.86 427.22 0.35 6190.73
520.16 551.83 0.42 6418.87
471.37 447.66 0.06 8424.50
597.83 470.36 0.31 7033.11
507.92 460.04 0.36 6118.26
502.01 481.28 0.17 9849.94
485.97 545.59 0.12 6320.17
481.33 486.85 0.19 7393.48
543.78 539.94 0.38 8347.29
515.86 483.27 0.45 9544.03
480.98 531.50 0.25 6616.23
513.81 506.87 0.19 10022.44
559.55 429.02 0.27 5705.19
496.13 395.52 0.02 6608.63
574.52 572.14 0.45 7981.93
561.35 430.73 0.12 8451.94
476.44 478.02 0.48 7290.53
646.94 645.43 0.37 6636.95
530.30 509.68 0.52 7656.96
509.38 517.84 0.50 8171.87
521.86 550.50 0.42 5991.15
482.42 507.12 0.16 4008.00
500.63 531.99 0.33 6036.90
617.54 523.51 0.33 6503.02
544.44 532.69 0.11 7156.35
523.00 468.67 0.16 8349.31
488.01 514.81 0.45 8366.49
538.86 526.77 0.56 6032.85
507.51 383.97 0.50 7403.58
401.25 496.40 0.08 4914.39
558.75 615.93 0.48 6845.13
543.59 482.90 0.34 7941.30
424.66 462.38 0.12 8404.52
416.27 583.29 0.26 7077.57
487.63 518.33 0.40 5039.41
467.24 535.94 0.35 7385.68
450.99 514.88 0.13 7904.23
486.81 418.86 0.28 8008.74
451.45 484.41 0.60 5799.61
634.96 431.47 0.51 9326.50
508.67 507.57 0.17 8048.14
509.47 535.56 0.03 8211.99
547.97 523.35 0.53 7118.24
620.61 574.29 0.21 8013.73
571.39 520.90 0.38 7477.67
441.43 577.71 0.43 6731.57
520.02 587.39 0.06 6732.99
483.76 461.21 0.17 10138.29
627.84 469.63 0.22 9254.40
555.40 527.95 0.28 7099.78
490.70 519.53 0.41 6425.63
502.55 489.88 0.41 4584.24
519.07 433.12 0.26 7323.61
542.41 569.78 0.43 7544.62
464.04 424.19 0.09 3380.62
590.54 508.91 0.39 6889.96
511.15 544.92 0.03 7934.11
547.31 496.40 0.52 10181.81
435.20 434.67 0.25 7278.40
489.13 459.38 0.05 7051.35
449.32 421.80 0.45 8130.16
527.34 539.54 0.57 9229.78
498.13 470.80 0.42 6959.83
582.61 504.92 0.31 5721.74
467.74 499.82 0.30 7899.98
494.66 467.17 0.19 5506.94
471.84 550.73 0.20 5830.58
567.88 530.91 0.45 7432.33
555.31 524.27 0.02 7392.74
504.25 557.26 0.59 5638.29
559.38 498.73 0.08 6784.90
452.72 554.88 0.28 7019.82
514.48 482.19 0.47 2271.13
381.32 442.23 0.54 6668.77
609.53 396.81 0.60 6858.22
465.85 454.11 0.12 6910.80
499.96 493.80 0.16 6221.49
595.58 570.10 0.57 7788.92
559.40 472.05 0.10 6628.96
484.33 540.21 0.07 9792.33
484.22 508.77 0.07 6866.08
563.89 468.06 0.39 6478.26
458.81 382.91 0.22 7116.26
525.54 434.42 0.42 7767.14
473.16 509.08 0.34 6640.46
556.49 530.03 0.26 8490.30
481.95 440.38 0.20 7107.21
581.63 524.88 0.39 8159.15
466.90 528.49 0.56 6549.50
504.24 572.19 0.32 6036.51
434.79 530.50 0.56 10520.63
519.27 470.47 0.48 10539.87
482.22 629.54 0.10 7704.76
471.43 414.29 0.07 6815.73
617.19 479.96 0.00 3991.23
480.01 550.01 0.08 6929.95
549.79 387.03 0.49 5802.03
584.84 562.24 0.33 7482.69
562.37 469.51 0.35 5520.14
550.34 526.77 0.14 6569.35
401.10 509.01 0.13 7211.40
419.80 559.93 0.16 6541.71
552.55 424.28 0.33 6470.94
555.01 474.07 0.19 7014.04
457.02 483.90 0.37 8716.05
449.86 468.12 0.35 7453.91
483.27 489.28 0.25 7378.83
434.95 524.60 0.13 5338.08
542.25 490.56 0.44 9425.46
434.79 575.89 0.57 7651.39
