557.25 593.27 6426.95 0.34 
620.27 766.50 6413.68 0.53 
544.08 626.73 6742.37 0.48 
766.74 579.33 6603.35 0.48 
594.57 782.46 6885.51 0.34 
726.08 544.84 6354.71 0.44 
565.66 639.04 7161.58 0.42 
647.40 587.08 6700.15 0.23 
557.80 548.39 7115.96 0.29 
825.36 609.18 6497.82 0.35 
658.78 573.65 7266.53 0.42 
612.28 608.91 6069.16 0.49 
646.67 592.32 6919.34 0.37 
920.81 701.48 6099.46 0.48 
581.67 543.64 7789.32 0.34 
707.08 617.33 7209.63 0.32 
706.45 568.31 6916.57 0.45 
757.16 565.09 4671.38 0.41 
692.42 578.67 6831.06 0.41 
677.96 685.29 7628.40 0.23 
670.50 641.76 6171.93 0.51 
771.94 642.42 7916.12 0.31 
597.74 600.91 6418.62 0.41 
570.47 617.57 6352.63 0.37 
624.78 551.76 6435.64 0.35 
617.88 597.03 6134.45 0.29 
566.08 629.58 6584.10 0.40 
614.28 569.50 7372.80 0.43 
554.44 581.74 6714.87 0.45 
547.36 577.88 6943.21 0.45 
551.41 632.65 7072.59 0.57 
653.04 603.12 7590.95 0.45 
593.82 578.19 7493.12 0.14 
610.33 573.86 7298.92 0.41 
737.12 547.02 6916.64 0.30 
611.33 638.10 7028.64 0.33 
574.50 708.87 5964.54 0.45 
684.30 673.55 6537.06 0.41 
661.34 567.31 6582.92 0.40 
593.27 692.92 7545.04 0.63 
616.16 556.58 5988.91 0.44 
689.42 559.24 6102.13 0.24 
547.55 679.76 7503.46 0.52 
620.88 682.83 7430.09 0.43 
574.24 644.39 7520.55 0.36 
555.28 585.87 5542.15 0.50 
545.69 630.52 7050.54 0.33 
589.30 580.02 5796.09 0.29 
598.17 598.89 6336.34 0.42 
620.67 693.35 6621.78 0.22 
637.86 572.09 6255.04 0.32 
644.51 680.27 6026.37 0.31 
624.88 613.68 6749.58 0.19 
659.45 647.81 6949.48 0.44 
747.47 656.23 5380.68 0.55 
550.96 585.62 6535.69 0.46 
545.94 618.84 7475.56 0.27 
570.41 634.66 5294.00 0.35 
646.60 767.74 6072.57 0.37 
589.18 596.53 6740.65 0.51 
609.61 594.68 7306.38 0.50 
696.35 771.49 7157.98 0.45 
606.65 594.14 7887.27 0.21 
653.17 608.19 7527.20 0.37 
639.29 572.72 7523.39 0.51 
598.52 567.00 7494.32 0.23 
571.81 670.89 5553.77 0.37 
596.08 583.27 5964.60 0.36 
568.08 638.79 6214.75 0.35 
642.64 541.63 6795.19 0.37 
598.67 727.88 6560.59 0.32 
