629.61 856.13 5976.94 0.16 
648.16 563.62 5700.24 0.52 
587.19 549.24 6107.47 0.39 
710.05 610.76 7896.97 0.40 
668.50 561.17 5419.30 0.53 
571.58 671.58 6742.75 0.52 
584.81 632.68 6689.90 0.59 
608.86 592.84 7299.80 0.43 
646.73 731.42 7419.78 0.53 
635.07 649.44 5817.68 0.31 
602.98 689.39 6634.82 0.31 
674.13 549.97 6504.50 0.49 
571.93 600.49 6465.60 0.46 
760.84 706.00 6819.49 0.39 
626.72 640.74 6678.40 0.30 
718.29 543.19 5038.20 0.44 
606.14 673.79 5681.03 0.44 
642.01 566.09 6457.78 0.40 
602.67 609.32 7281.80 0.40 
605.81 652.98 6607.48 0.40 
581.80 587.96 5966.82 0.59 
644.06 549.98 7756.25 0.49 
557.23 610.07 7032.97 0.32 
548.52 665.53 5461.92 0.35 
643.18 572.31 6735.44 0.32 
569.99 605.71 5866.77 0.53 
632.62 540.43 7800.99 0.46 
617.43 693.26 5829.19 0.39 
685.16 681.99 6556.78 0.45 
781.96 622.36 5791.38 0.46 
718.50 561.15 6910.79 0.46 
