582.23 662.92 7427.86 0.46 
608.34 588.19 6683.66 0.49 
618.46 660.45 6004.24 0.44 
705.59 569.31 6446.54 0.19 
592.54 588.21 6232.73 0.58 
567.20 597.75 6355.22 0.36 
597.74 774.00 7134.79 0.20 
548.70 689.66 6937.46 0.47 
614.46 570.00 6657.99 0.33 
610.60 617.39 6292.95 0.25 
570.09 564.30 7478.12 0.38 
644.62 582.04 5947.46 0.15 
692.69 641.07 6369.21 0.44 
639.38 635.17 7070.99 0.47 
555.50 651.02 6773.42 0.37 
544.27 551.08 5777.50 0.40 
605.11 574.03 5833.10 0.39 
674.16 542.34 6629.16 0.44 
591.57 597.54 7353.29 0.39 
672.98 844.17 7006.05 0.43 
625.24 717.28 5963.32 0.29 
590.26 558.54 6390.43 0.49 
599.87 552.66 7504.07 0.28 
583.22 580.07 5901.31 0.58 
694.01 745.66 7076.06 0.36 
718.98 680.30 5225.34 0.18 
575.54 661.11 6621.21 0.26 
688.96 808.62 6254.04 0.50 
552.43 676.46 6779.39 0.38 
542.70 559.11 6215.03 0.40 
580.36 694.85 7087.55 0.45 
626.76 639.90 6394.01 0.34 
784.42 721.72 6647.38 0.30 
550.58 657.79 6604.09 0.54 
576.54 656.55 5988.56 0.41 
654.50 593.20 6374.23 0.52 
685.25 739.01 6512.33 0.37 
724.73 647.70 6474.22 0.55 
587.56 619.24 6383.24 0.51 
643.48 590.73 6258.41 0.20 
638.14 676.90 6330.16 0.38 
606.05 655.77 6727.90 0.40 
599.42 666.41 6834.38 0.46 
571.93 674.72 6562.19 0.40 
666.88 660.43 7551.99 0.12 
708.39 638.62 7150.94 0.39 
571.73 633.85 7349.60 0.59 
569.17 599.99 7036.68 0.29 
592.46 752.21 6594.85 0.43 
726.00 646.72 7488.97 0.43 
566.46 730.70 5350.58 0.35 
549.13 677.50 7437.96 0.39 
731.38 623.39 7139.68 0.60 
544.75 587.78 7768.44 0.45 
551.12 628.93 7428.78 0.36 
679.85 580.12 6363.86 0.27 
648.35 589.89 6993.24 0.47 
644.27 706.97 6732.79 0.23 
666.89 796.00 6073.87 0.49 
613.80 721.77 6190.16 0.49 
590.80 612.53 7060.64 0.25 
706.02 641.19 4838.29 0.38 
602.92 552.12 6910.43 0.24 
626.65 558.02 5454.90 0.53 
573.59 622.05 5914.36 0.45 
634.87 592.94 5911.38 0.26 
545.86 706.33 6445.53 0.37 
546.24 666.64 6169.51 0.39 
667.34 563.76 7012.61 0.38 
676.13 808.11 7432.68 0.39 
603.96 566.00 6047.99 0.48 
641.87 852.41 7042.67 0.22 
738.89 558.83 7891.83 0.52 
542.12 583.19 7264.16 0.30 
767.73 594.36 6367.61 0.30 
540.99 709.50 6624.58 0.48 
596.33 604.86 6834.67 0.19 
569.16 583.92 7611.92 0.35 
563.84 549.08 7034.42 0.43 
585.95 620.43 5216.13 0.41 
542.62 540.86 6358.74 0.37 
