654.11 547.14 5916.91 0.39 
560.05 601.55 5582.34 0.33 
694.69 635.87 6407.07 0.52 
753.60 574.10 5749.63 0.61 
543.99 598.21 7532.04 0.53 
559.88 710.41 4765.74 0.35 
600.37 599.61 6043.60 0.49 
543.90 768.00 6804.03 0.34 
607.28 684.20 6717.46 0.52 
559.45 625.69 5285.17 0.53 
603.90 657.33 5350.08 0.30 
624.45 570.93 6658.49 0.30 
588.98 569.88 6217.43 0.47 
544.82 609.75 7078.90 0.22 
766.73 725.00 6979.53 0.41 
829.42 542.60 7090.43 0.21 
679.93 540.36 7614.82 0.29 
648.72 656.38 7162.71 0.38 
550.18 595.34 5333.19 0.37 
563.15 823.06 5430.32 0.41 
609.50 569.57 5195.11 0.39 
702.68 542.99 5722.69 0.47 
687.24 576.79 7052.43 0.38 
600.06 565.00 6288.37 0.51 
666.04 637.90 5809.40 0.32 
704.21 686.47 7297.41 0.37 
589.04 580.09 6355.46 0.57 
575.18 569.06 6229.31 0.32 
670.31 563.52 6370.55 0.53 
769.25 558.27 7016.52 0.31 
695.71 631.12 6335.81 0.62 
648.99 688.60 6902.74 0.35 
697.77 573.95 5701.59 0.47 
558.76 541.98 7286.21 0.36 
724.29 752.95 7299.64 0.33 
745.15 795.70 6969.42 0.49 
571.84 598.02 5415.71 0.55 
573.97 640.08 7927.49 0.42 
655.87 565.00 5948.03 0.44 
553.55 610.37 6904.83 0.45 
747.69 589.64 5466.75 0.44 
722.72 568.00 6907.14 0.57 
632.52 624.65 6578.04 0.46 
641.39 675.10 7043.60 0.47 
690.80 747.75 6737.96 0.41 
556.74 623.70 5648.64 0.71 
665.01 660.23 5587.56 0.35 
561.79 704.46 7479.32 0.29 
639.74 554.20 7771.70 0.26 
550.82 581.98 6026.58 0.36 
581.30 590.18 6369.85 0.57 
583.33 587.70 6049.65 0.42 
619.03 626.09 5379.42 0.36 
553.69 540.97 6160.10 0.34 
609.77 623.07 7187.02 0.53 
661.09 698.97 6602.39 0.56 
566.71 572.25 7176.24 0.47 
581.54 662.43 6649.67 0.42 
626.23 892.11 7169.68 0.41 
551.73 763.83 6611.69 0.44 
806.63 683.42 6321.02 0.36 
632.57 581.59 6461.45 0.23 
575.16 760.62 6728.90 0.30 
626.22 551.27 6865.41 0.40 
557.00 550.55 6006.08 0.38 
583.14 548.95 7035.81 0.44 
596.00 723.88 7579.79 0.38 
550.06 604.68 5820.40 0.61 
673.73 542.17 5615.97 0.29 
545.85 576.48 5467.10 0.28 
659.68 600.43 6568.06 0.40 
729.45 608.40 6479.68 0.41 
607.12 621.34 7008.07 0.32 
598.99 584.23 5836.44 0.28 
600.62 553.82 6466.56 0.31 
574.73 542.39 6439.82 0.38 
604.53 610.64 5831.47 0.57 
614.70 715.68 6216.81 0.35 
589.52 609.13 5831.20 0.46 
701.53 737.89 7645.00 0.50 
777.88 596.40 6621.93 0.34 
642.98 601.53 6541.21 0.53 
590.62 582.93 6131.76 0.41 
567.04 545.95 6498.72 0.37 
636.61 583.31 6404.99 0.41 
633.27 616.88 6273.49 0.32 
644.29 593.52 5873.50 0.39 
646.80 571.69 6719.23 0.61 
654.99 663.18 7339.14 0.32 
695.50 543.05 6243.42 0.31 
550.22 633.40 6508.26 0.31 
549.06 567.70 6208.79 0.27 
581.19 556.02 6464.42 0.32 
668.51 577.19 5740.59 0.48 
618.99 602.28 5909.43 0.59 
557.47 622.08 6372.34 0.40 
590.91 588.63 7129.97 0.43 
569.07 595.00 7292.88 0.48 
624.36 604.59 7651.95 0.18 
594.75 574.93 5869.75 0.47 
642.06 577.17 7543.47 0.33 
