635.90 653.62 6716.81 0.35 
677.76 550.89 5145.58 0.51 
602.03 544.06 6732.42 0.28 
714.79 641.36 6959.20 0.48 
559.65 624.55 6257.55 0.35 
568.05 628.49 7225.83 0.37 
606.42 551.98 7931.27 0.19 
591.68 705.59 6536.00 0.49 
619.52 737.88 7313.91 0.41 
742.75 556.83 6916.87 0.40 
641.16 545.64 6397.09 0.49 
605.45 708.11 6524.71 0.51 
591.69 573.37 7102.97 0.44 
561.54 588.01 6658.02 0.37 
545.31 609.65 7101.69 0.41 
572.29 608.36 5987.25 0.25 
543.33 652.72 6657.80 0.50 
649.14 627.01 6421.82 0.43 
661.26 577.64 7297.86 0.29 
657.44 583.93 6260.89 0.33 
596.63 855.58 7114.34 0.53 
721.01 585.12 6535.05 0.53 
579.37 678.31 6717.55 0.28 
544.44 705.28 6348.73 0.35 
642.48 603.95 5880.66 0.49 
681.30 572.32 6562.91 0.47 
722.35 612.76 7063.78 0.44 
560.54 687.24 7217.98 0.40 
608.68 540.01 7814.61 0.63 
548.21 646.39 7003.30 0.40 
577.57 656.04 6557.26 0.29 
589.40 614.14 6686.81 0.61 
570.06 637.70 6544.04 0.46 
650.78 631.01 6563.06 0.39 
599.30 575.63 7037.38 0.41 
574.62 748.06 6851.21 0.41 
556.57 587.78 6768.58 0.55 
557.97 572.71 7793.22 0.46 
589.18 684.79 7073.20 0.44 
684.60 542.68 6482.57 0.61 
722.73 639.91 6971.39 0.36 
577.31 583.01 6055.26 0.40 
638.81 683.80 5905.25 0.48 
577.43 564.33 6292.35 0.29 
635.55 543.88 7306.53 0.40 
625.85 647.27 6823.16 0.38 
556.61 564.38 7229.89 0.27 
622.35 576.28 6572.59 0.33 
565.02 596.00 6850.42 0.44 
601.65 750.96 6992.14 0.45 
591.47 660.75 7495.51 0.31 
683.39 611.63 6783.50 0.49 
788.63 622.19 6873.55 0.50 
558.58 696.43 5498.78 0.57 
541.56 684.51 6708.13 0.29 
580.90 672.14 6933.97 0.53 
578.80 629.73 7059.38 0.32 
542.55 727.43 6546.55 0.49 
653.12 605.13 5725.24 0.28 
552.91 542.73 6560.59 0.27 
585.80 614.13 6996.73 0.54 
630.33 553.81 5414.24 0.32 
609.89 602.49 6853.81 0.40 
597.30 765.57 5918.72 0.40 
584.30 672.53 7436.85 0.40 
797.30 728.91 7025.96 0.36 
607.48 550.07 7413.30 0.47 
554.60 622.36 6475.40 0.50 
597.62 572.36 6113.75 0.24 
604.08 575.84 6418.86 0.47 
640.46 556.53 6279.62 0.58 
542.74 713.16 6315.07 0.34 
720.56 667.78 6463.37 0.37 
645.21 795.52 6642.30 0.38 
546.24 561.84 7467.31 0.45 
681.72 646.32 7100.79 0.56 
645.26 710.07 6203.80 0.29 
631.18 565.26 6856.12 0.46 
593.93 551.78 7475.84 0.42 
560.10 615.80 6938.74 0.48 
582.95 594.21 6326.61 0.32 
704.74 579.86 6642.54 0.41 
677.71 579.61 7047.19 0.39 
732.47 567.49 6212.84 0.55 
567.33 695.80 5369.08 0.37 
612.26 540.28 7121.89 0.42 
599.28 610.16 6173.37 0.47 
597.69 562.76 6950.03 0.51 
568.12 588.15 6719.28 0.37 
654.48 613.91 6732.50 0.37 
544.82 571.42 7019.11 0.36 
