644.68 634.64 6914.96 0.36 
665.41 609.24 6746.89 0.38 
566.10 659.31 7593.90 0.36 
734.20 645.81 7035.33 0.36 
661.17 632.39 6901.10 0.30 
552.39 567.77 6305.10 0.52 
615.98 578.44 6751.25 0.46 
698.26 630.11 6815.65 0.33 
753.25 802.02 6969.74 0.34 
586.75 632.64 6752.89 0.34 
568.05 626.21 6230.57 0.47 
588.33 610.67 6970.02 0.38 
540.65 760.61 6083.57 0.33 
581.26 581.80 6555.70 0.25 
560.05 612.71 7380.89 0.40 
558.24 596.01 6442.55 0.35 
693.11 591.32 6116.76 0.43 
673.44 573.47 6805.70 0.57 
569.31 707.66 5746.54 0.41 
600.03 671.97 6344.16 0.63 
699.40 576.77 6213.55 0.23 
597.82 555.97 6138.57 0.27 
557.11 616.41 6685.32 0.37 
558.68 553.33 6805.08 0.50 
584.85 544.63 5680.62 0.29 
602.37 633.71 7218.00 0.40 
579.15 598.32 7203.75 0.56 
624.06 556.63 6309.59 0.29 
622.18 584.60 5990.66 0.45 
598.41 554.97 5595.55 0.38 
780.13 659.41 7056.59 0.47 
542.29 597.00 7083.56 0.48 
576.96 648.33 7843.31 0.33 
757.07 661.61 5433.63 0.24 
660.87 641.45 5859.77 0.43 
605.06 769.28 6813.15 0.45 
628.54 562.22 7475.19 0.32 
752.87 542.49 7060.32 0.36 
626.30 755.49 6689.15 0.49 
781.18 648.82 6617.71 0.38 
556.08 561.24 5784.36 0.40 
545.39 575.76 6365.38 0.43 
577.38 678.78 6606.30 0.39 
626.39 603.40 7447.01 0.40 
592.53 545.21 7482.85 0.43 
548.54 711.40 7738.50 0.36 
554.46 554.41 6012.66 0.33 
654.98 654.01 5652.59 0.55 
635.43 568.24 6046.12 0.30 
540.76 630.14 7033.22 0.46 
660.40 693.27 6624.19 0.54 
681.74 553.63 6622.84 0.37 
616.02 544.48 6356.72 0.45 
599.13 697.14 7084.72 0.47 
604.48 632.16 6776.37 0.50 
574.70 664.63 6488.02 0.49 
627.48 713.19 7114.76 0.33 
653.66 832.59 6470.73 0.18 
587.89 566.76 6816.13 0.63 
596.37 562.04 7112.92 0.48 
670.93 692.62 5764.84 0.43 
605.91 556.40 7617.81 0.51 
543.87 743.33 6499.82 0.38 
571.66 569.73 5947.84 0.37 
545.91 630.86 7298.54 0.53 
644.38 669.33 6413.79 0.32 
591.52 574.64 6635.23 0.38 
641.71 581.18 7704.62 0.45 
585.58 699.95 7102.80 0.31 
648.57 794.66 5396.22 0.36 
634.53 682.85 6038.98 0.47 
545.22 728.31 6409.81 0.40 
570.94 557.54 6119.03 0.20 
574.74 569.62 6790.47 0.41 
618.44 612.08 6932.62 0.44 
574.58 801.64 7173.50 0.42 
580.75 726.38 6061.38 0.41 
589.22 630.67 7075.31 0.57 
587.42 816.39 6689.52 0.30 
787.91 585.04 7794.36 0.20 
747.00 834.39 6987.67 0.63 
628.81 759.50 6094.07 0.43 
548.43 670.23 7757.62 0.43 
598.41 743.09 6571.05 0.36 
605.30 575.09 6177.71 0.53 
557.53 697.00 6851.07 0.31 
588.38 632.41 7397.08 0.45 
566.17 656.39 5845.01 0.27 
566.72 805.88 7081.25 0.37 
552.41 603.86 6729.99 0.34 
601.33 672.10 7132.37 0.40 
663.69 770.59 6507.76 0.39 
692.48 571.15 6443.02 0.44 
701.75 563.45 7721.78 0.34 
711.87 595.99 6355.15 0.33 
552.38 758.29 5684.11 0.51 
651.46 552.12 6213.01 0.63 
570.78 589.67 7032.35 0.36 
571.95 568.92 7257.73 0.28 
540.69 567.44 6607.42 0.43 
544.84 613.65 7118.04 0.28 
719.16 682.55 6154.00 0.49 
571.29 710.00 6811.68 0.48 
559.00 542.28 7783.00 0.49 
546.92 554.03 6310.08 0.43 
695.83 669.11 6528.21 0.49 
699.72 696.30 6949.74 0.27 
767.18 714.30 7436.45 0.26 
577.78 621.09 7015.30 0.27 
546.59 782.80 6902.52 0.46 
663.48 599.09 6415.80 0.44 
592.67 602.96 6080.00 0.27 
564.44 738.68 6394.69 0.53 
568.80 622.60 6656.19 0.49 
592.90 545.50 6363.40 0.33 
633.63 735.77 6204.88 0.35 
616.37 550.91 6955.74 0.40 
639.79 643.30 4832.98 0.36 
613.12 558.20 7047.19 0.45 
620.19 705.59 7151.25 0.49 
635.78 574.49 6494.82 0.51 
630.77 647.13 6898.17 0.38 
577.41 636.35 6396.37 0.38 
631.11 595.57 7434.25 0.40 
668.63 582.32 6538.24 0.32 
681.66 694.77 6723.78 0.26 
556.78 643.03 7623.67 0.38 
572.41 568.63 7063.05 0.41 
584.81 787.18 5017.19 0.55 
677.22 671.24 7972.72 0.50 
596.75 781.02 7228.34 0.41 
750.72 743.34 7707.65 0.48 
553.34 587.97 6713.69 0.60 
614.98 633.85 6653.68 0.40 
696.88 604.52 7298.58 0.43 
548.52 552.83 6871.65 0.18 
550.33 562.15 5601.17 0.62 
658.50 669.25 5807.09 0.34 
607.24 675.96 7359.28 0.30 
602.07 740.71 6432.22 0.54 
646.74 636.15 6440.00 0.40 
732.25 666.26 6665.37 0.30 
611.98 633.46 7323.99 0.31 
577.55 543.84 6897.33 0.47 
548.77 627.44 6128.65 0.21 
619.96 595.70 5412.02 0.46 
614.70 578.68 6990.45 0.38 
658.57 943.65 7922.19 0.39 
755.48 671.77 5822.52 0.53 
784.04 624.09 7969.38 0.45 
579.79 610.97 7484.63 0.34 
623.06 606.93 6391.96 0.44 
658.16 630.95 7255.24 0.40 
564.45 617.46 5814.32 0.40 
549.43 674.62 6078.80 0.47 
592.73 566.41 6605.89 0.39 
572.19 605.29 7491.09 0.48 
825.45 730.30 6835.96 0.42 
549.00 715.05 7234.31 0.33 
641.81 643.12 6608.52 0.40 
574.47 740.48 6777.61 0.31 
605.12 703.74 7559.66 0.33 
715.34 582.57 6321.80 0.43 
645.78 569.91 6633.55 0.38 
651.90 686.45 7075.30 0.22 
631.44 626.84 5411.66 0.44 
603.85 564.42 7395.41 0.49 
554.11 576.80 6835.86 0.45 
829.79 755.57 6005.47 0.46 
641.82 547.06 6710.66 0.32 
548.40 568.97 6815.79 0.58 
716.47 767.94 6321.26 0.54 
701.53 794.26 6652.33 0.53 
621.39 656.62 7495.05 0.35 
574.59 579.80 7184.69 0.45 
590.32 605.61 6425.97 0.26 
582.40 621.88 7229.05 0.38 
691.63 594.46 7105.58 0.50 
541.89 558.28 6783.61 0.47 
572.81 574.64 7508.52 0.34 
619.12 557.93 7271.77 0.44 
572.13 551.06 6823.11 0.21 
579.49 547.96 7281.53 0.49 
599.53 559.11 6609.56 0.37 
573.67 564.65 6077.11 0.07 
677.02 544.01 5991.26 0.27 
823.09 562.26 6197.76 0.65 
572.75 549.38 7184.19 0.57 
590.35 620.57 4903.12 0.36 
676.14 707.93 6671.61 0.33 
722.19 653.00 6493.91 0.29 
695.95 579.56 6991.56 0.46 
600.42 572.10 6698.47 0.35 
649.48 697.42 5585.60 0.33 
542.30 695.86 6773.16 0.39 
629.33 654.50 7083.54 0.29 
656.95 658.25 7362.53 0.52 
607.22 579.09 7627.27 0.42 
554.08 632.41 7972.81 0.40 
710.23 592.02 7619.78 0.40 
611.59 550.70 6448.74 0.38 
