684.90 551.33 6956.71 0.45 
609.75 745.97 6407.10 0.43 
712.49 596.06 7462.33 0.56 
582.00 569.87 7949.58 0.29 
626.62 587.24 6624.00 0.49 
697.43 695.42 5814.18 0.40 
578.75 556.72 6407.21 0.51 
553.84 573.05 6404.10 0.46 
544.56 568.45 7065.92 0.34 
845.52 728.83 6195.70 0.37 
657.35 599.58 6676.11 0.39 
552.72 620.27 7458.59 0.34 
620.68 550.10 7009.86 0.62 
571.89 671.12 7346.89 0.35 
795.63 678.29 6959.90 0.53 
663.15 656.72 5791.54 0.40 
574.18 588.14 6999.02 0.32 
630.55 594.24 6853.78 0.37 
547.39 606.08 6832.23 0.55 
604.12 652.40 5800.68 0.35 
619.45 584.88 6444.65 0.50 
561.71 648.11 6834.99 0.27 
563.16 577.12 6645.87 0.57 
740.05 666.38 6142.49 0.39 
607.02 553.93 6092.63 0.39 
567.25 770.55 6120.99 0.29 
684.45 546.63 7895.37 0.29 
701.69 707.49 6954.24 0.33 
543.75 729.31 6105.99 0.44 
729.85 553.55 6392.84 0.34 
690.62 707.33 7171.25 0.43 
718.29 565.69 6513.15 0.43 
657.57 679.82 7339.75 0.41 
669.11 544.24 6109.11 0.37 
598.76 597.74 6389.87 0.32 
682.90 624.51 5935.60 0.36 
576.15 571.92 6572.29 0.40 
559.90 619.53 5240.54 0.45 
593.26 673.95 6880.34 0.45 
630.18 681.35 6963.50 0.37 
688.57 657.40 7469.84 0.45 
