546.79 551.39 6649.92 0.59 
636.46 653.71 6608.46 0.41 
689.67 708.79 7423.70 0.36 
619.90 659.66 7174.99 0.42 
578.84 573.64 5527.90 0.41 
612.97 656.80 5726.21 0.33 
653.08 653.63 6586.62 0.22 
701.30 713.54 7250.96 0.40 
752.33 715.16 6496.44 0.22 
754.96 634.42 7446.56 0.43 
584.25 655.33 6915.37 0.35 
579.64 576.72 5797.94 0.37 
570.00 699.94 5585.26 0.46 
575.57 543.38 5811.56 0.46 
739.10 615.37 7194.47 0.34 
687.34 591.02 7624.76 0.47 
666.37 557.22 5385.57 0.32 
603.87 688.37 7956.70 0.44 
635.48 660.92 6766.07 0.37 
649.35 794.75 5967.17 0.56 
571.70 569.06 5790.73 0.37 
593.90 703.03 6585.21 0.24 
643.47 587.59 7860.56 0.40 
543.83 603.97 6522.74 0.39 
607.10 722.24 5429.04 0.37 
554.70 638.44 6840.77 0.31 
558.96 582.94 7088.76 0.35 
574.74 662.25 6991.63 0.51 
752.44 562.35 6718.66 0.39 
619.80 651.45 7334.40 0.37 
628.27 662.25 6311.89 0.29 
619.19 557.26 7631.54 0.41 
644.36 607.90 6874.85 0.34 
573.01 576.26 7208.52 0.32 
587.66 701.28 6287.45 0.52 
660.59 585.92 6798.22 0.59 
558.86 640.75 7159.46 0.56 
593.42 669.05 7189.93 0.43 
631.66 543.13 7115.13 0.38 
709.82 594.63 6184.75 0.43 
733.61 643.65 6192.28 0.31 
644.97 610.89 7196.16 0.58 
576.56 580.91 6016.64 0.54 
541.85 622.75 5720.21 0.49 
546.12 743.08 7035.63 0.47 
626.21 655.54 7468.11 0.35 
549.82 746.30 7164.66 0.25 
622.89 657.84 6328.57 0.37 
573.50 557.94 6261.87 0.50 
609.26 698.53 5330.91 0.57 
642.10 591.89 5866.96 0.35 
582.29 660.56 6398.08 0.30 
663.62 726.63 7041.15 0.47 
595.30 688.38 7509.13 0.33 
632.22 665.19 6842.27 0.33 
715.69 672.24 7136.12 0.38 
620.88 553.16 6576.99 0.35 
691.74 777.30 6463.97 0.31 
574.50 548.69 7346.90 0.41 
635.30 540.15 6920.02 0.44 
825.49 587.73 6678.24 0.34 
580.38 579.99 6595.54 0.22 
556.04 546.70 5982.75 0.49 
601.05 802.43 7455.75 0.55 
596.70 595.12 5508.21 0.34 
554.78 540.56 6939.37 0.48 
578.84 617.53 7291.57 0.44 
574.13 547.39 6675.99 0.35 
688.97 665.48 6075.71 0.58 
635.89 571.95 6552.94 0.30 
558.35 800.67 7014.34 0.41 
642.37 686.21 6434.27 0.37 
724.02 580.67 6850.11 0.33 
760.62 729.73 6899.24 0.49 
601.03 761.35 6317.18 0.27 
655.55 642.78 5932.84 0.29 
572.79 673.95 7566.53 0.41 
745.58 605.83 7441.59 0.38 
660.09 597.60 6975.52 0.43 
696.89 585.48 5825.89 0.43 
707.42 642.92 6137.15 0.41 
611.74 578.80 6753.79 0.55 
705.02 614.18 6993.70 0.37 
562.54 546.95 6831.22 0.44 
618.43 608.76 7530.51 0.51 
636.55 700.41 7177.32 0.33 
581.46 623.47 6681.50 0.45 
609.07 546.18 6035.68 0.37 
570.67 673.49 6139.93 0.38 
644.74 543.30 7041.02 0.36 
580.86 627.54 5599.75 0.33 
550.21 758.86 5613.12 0.54 
614.54 600.41 5772.02 0.20 
663.03 586.43 6778.10 0.20 
551.80 549.57 6635.62 0.39 
630.92 553.80 6277.48 0.43 
743.85 563.97 6805.97 0.50 
686.98 626.52 6658.31 0.29 
672.67 670.47 6882.54 0.38 
718.91 625.05 7873.71 0.25 
564.63 649.94 6832.92 0.27 
926.12 556.28 6584.94 0.27 
627.40 540.66 5628.18 0.34 
640.01 570.20 5624.49 0.46 
684.82 615.31 6878.62 0.25 
660.24 610.38 5979.20 0.57 
666.24 646.61 6749.27 0.43 
658.30 724.34 6729.20 0.39 
592.44 604.04 6721.48 0.24 
644.85 600.63 7391.33 0.34 
732.43 566.97 6337.32 0.32 
656.50 543.12 6590.38 0.37 
622.89 646.29 5842.80 0.43 
652.43 663.16 6228.06 0.52 
580.66 590.05 6879.47 0.55 
701.23 667.12 6869.07 0.48 
857.55 808.87 7545.74 0.49 
727.01 543.07 6854.70 0.30 
572.73 642.55 6348.78 0.38 
587.15 621.72 6368.39 0.61 
663.87 650.30 5360.54 0.53 
589.62 686.52 7295.75 0.34 
608.60 659.62 6685.68 0.42 
623.11 623.95 5644.41 0.48 
546.06 600.38 5849.31 0.41 
580.11 548.10 6172.32 0.48 
560.73 567.41 7221.05 0.37 
828.98 706.69 5509.83 0.39 
617.60 594.61 6895.64 0.25 
655.88 595.96 5358.46 0.43 
616.58 601.39 7374.38 0.46 
597.56 813.48 6682.52 0.71 
545.39 691.86 6311.52 0.46 
573.35 543.08 5721.87 0.28 
575.30 641.29 6474.26 0.37 
560.65 607.07 7237.63 0.44 
575.26 542.05 5701.19 0.35 
554.80 599.90 5969.97 0.50 
637.76 650.27 7303.65 0.32 
552.97 632.65 6646.24 0.51 
747.25 633.76 5847.83 0.42 
667.45 679.94 7231.82 0.20 
606.47 544.68 6986.51 0.57 
577.36 587.01 6950.05 0.34 
569.68 555.47 6815.95 0.54 
605.60 767.59 6632.43 0.31 
550.72 591.52 7015.30 0.48 
622.52 758.24 6880.57 0.37 
545.28 606.04 7459.22 0.54 
669.59 567.66 5771.49 0.55 
676.26 605.83 6235.77 0.43 
