848.48 567.56 7017.54 0.57 
560.75 657.06 6615.60 0.27 
547.15 543.17 6008.92 0.52 
586.97 683.70 5362.09 0.31 
748.92 606.36 6010.37 0.41 
547.60 609.04 7599.21 0.29 
649.15 584.45 5528.50 0.42 
611.25 590.26 6521.04 0.37 
558.04 613.84 6904.44 0.38 
589.03 676.57 7815.28 0.41 
705.04 719.27 6033.07 0.39 
642.39 670.21 7378.59 0.29 
582.91 671.91 5735.26 0.40 
547.34 691.85 6665.65 0.44 
600.02 653.07 5318.15 0.31 
656.15 557.52 6961.70 0.50 
604.33 648.16 7214.10 0.43 
626.20 587.63 6814.50 0.42 
728.05 576.03 7373.23 0.38 
707.84 553.44 7001.38 0.49 
591.09 959.00 7415.00 0.36 
