606.94 669.18 7715.91 0.43 
673.00 635.63 6638.54 0.39 
544.58 541.42 5214.68 0.42 
635.51 711.04 6715.67 0.30 
680.90 663.62 7307.72 0.38 
577.96 668.44 2915.19 0.37 
656.81 605.31 5391.14 0.46 
763.73 564.89 4757.44 0.38 
540.67 557.42 3631.63 0.25 
685.69 636.73 2543.05 0.27 
755.08 716.67 6193.54 0.23 
598.80 606.78 2288.44 0.36 
626.66 582.81 2415.49 0.36 
725.45 640.69 4386.79 0.26 
546.81 576.40 6370.41 0.59 
875.77 613.22 7075.07 0.42 
586.43 631.00 6001.09 0.40 
753.83 728.71 1279.34 0.12 
567.68 591.01 7206.73 0.42 
570.33 718.22 7545.59 0.34 
563.82 548.22 1706.53 0.49 
650.14 551.69 2453.51 0.44 
644.53 630.59 7808.42 0.30 
568.15 633.79 1604.48 0.39 
923.99 564.19 3336.93 0.40 
671.80 738.11 1319.92 0.30 
659.58 546.19 5029.41 0.54 
645.54 556.50 6956.52 0.46 
641.12 580.22 6936.92 0.44 
643.17 742.99 1563.51 0.33 
640.26 553.52 5351.30 0.54 
742.14 679.38 3733.85 0.44 
689.76 646.68 6676.53 0.45 
594.29 654.76 6094.82 0.51 
591.18 621.03 1976.96 0.45 
564.34 687.74 4629.49 0.44 
591.86 609.89 4771.85 0.47 
606.79 611.64 5552.74 0.31 
584.48 587.42 2151.65 0.23 
540.97 595.35 6995.81 0.36 
571.78 634.69 1481.22 0.49 
670.71 579.23 5830.67 0.41 
602.78 548.71 7457.62 0.42 
697.59 593.65 7147.47 0.52 
688.53 672.28 6388.40 0.26 
672.10 659.39 7489.65 0.26 
684.41 688.66 2561.73 0.25 
550.69 542.98 5195.10 0.34 
576.52 630.59 6265.45 0.37 
559.52 594.85 4228.51 0.38 
672.71 658.45 3269.38 0.44 
662.82 558.98 6227.83 0.59 
548.06 553.87 5399.38 0.42 
688.06 618.08 2984.11 0.35 
696.73 547.00 7992.67 0.36 
646.54 571.69 5341.06 0.36 
596.88 565.34 5209.47 0.54 
717.79 622.32 1072.34 0.49 
603.41 671.81 4035.86 0.42 
666.69 612.33 1448.95 0.27 
548.16 550.10 6474.67 0.43 
572.40 596.90 2394.84 0.37 
680.50 555.26 1797.08 0.40 
697.89 755.66 1690.45 0.39 
713.24 666.47 1314.57 0.28 
609.40 583.87 7845.34 0.32 
879.50 575.17 2881.44 0.45 
602.63 691.30 712.10 0.41 
611.52 565.26 2881.27 0.35 
679.46 542.77 4314.89 0.44 
728.79 546.16 1418.01 0.46 
