901.02 596.75 5926.59 0.27 
634.94 1225.48 3714.09 0.34 
626.91 648.41 990.19 0.38 
729.17 618.70 7923.21 0.56 
656.90 848.81 2180.78 0.24 
607.94 600.66 3320.25 0.58 
558.33 744.84 4891.95 0.49 
697.17 604.13 3497.17 0.19 
898.45 775.03 1152.04 0.53 
583.95 577.52 4182.99 0.37 
729.59 848.41 5856.93 0.45 
625.90 772.37 7955.02 0.50 
677.58 878.50 7656.28 0.46 
690.78 685.50 7794.50 0.48 
1150.62 605.95 6242.48 0.47 
849.36 556.63 1370.81 0.53 
733.01 695.82 4038.26 0.46 
1330.33 935.87 2763.10 0.24 
705.94 588.53 1982.45 0.52 
597.22 693.88 7308.92 0.37 
663.58 1074.25 7226.59 0.25 
545.93 909.66 3342.61 0.58 
625.78 641.49 2072.11 0.32 
802.98 596.33 1022.87 0.39 
616.44 905.69 5395.21 0.59 
541.29 723.58 4696.77 0.51 
661.71 579.83 7295.21 0.31 
599.39 767.61 2077.27 0.56 
560.02 933.28 7164.77 0.46 
741.16 875.58 1781.23 0.65 
644.33 634.34 1521.60 0.43 
626.26 677.27 717.81 0.48 
665.87 672.48 3691.29 0.39 
695.10 541.15 1140.18 0.35 
564.78 782.61 1189.07 0.29 
597.53 545.59 750.66 0.33 
697.44 622.93 3330.62 0.20 
663.08 542.79 1459.18 0.40 
643.64 678.38 4343.44 0.46 
864.53 694.73 5271.00 0.30 
618.70 575.97 2592.47 0.28 
