664.12 670.48 7308.98 0.41 
672.03 694.38 4007.91 0.37 
690.90 679.18 5203.32 0.54 
1080.06 731.00 1657.49 0.48 
825.35 558.64 7816.58 0.52 
629.15 886.79 5682.98 0.14 
567.81 763.57 1949.26 0.56 
722.31 562.89 1905.07 0.52 
565.22 636.08 2540.41 0.51 
911.54 672.08 5213.26 0.54 
546.28 1005.47 881.81 0.40 
639.94 691.13 2353.08 0.39 
559.13 876.11 7944.41 0.39 
779.54 646.09 6658.33 0.38 
718.58 832.80 850.76 0.35 
647.15 800.27 6144.00 0.33 
599.18 673.02 2254.96 0.32 
628.54 622.24 704.25 0.36 
1172.67 845.71 880.32 0.46 
707.37 575.17 2703.90 0.43 
551.83 618.66 848.02 0.40 
