21 36 33 4 10 29 50 13 24 38 23 28 15 39 30 6 3 45 7 26 5 40 11 37 31 41 8 47 2 1 34 35 22 12 17 48 49 27 19 9 14 32 44 25 43 18 20 42 46 16 
Best fitness: 0.08
28 50 29 47 2 1 31 37 39 26 36 33 30 13 8 41 38 24 23 15 18 11 40 5 7 45 3 6 4 14 19 48 12 10 9 44 46 22 20 25 34 17 27 49 21 42 35 16 32 43 
Worst fitness: 0.09

Mean: 0.08

Standard deviation: 0.00
45 21 36 3 33 4 13 50 29 35 37 39 26 18 28 15 11 40 5 7 6 30 48 19 14 17 12 22 10 31 34 25 23 38 24 1 2 8 41 47 44 9 27 49 42 43 20 16 46 32 
Best fitness: 0.08
45 29 22 10 36 21 48 19 14 33 4 37 11 40 39 26 5 28 15 34 41 13 31 30 7 3 6 50 35 12 17 9 47 8 24 20 23 25 16 38 1 2 44 27 32 49 18 42 43 46 
Worst fitness: 0.09

Mean: 0.08

Standard deviation: 0.00
