954.31 857.33 0.18 6885.83
727.50 480.70 0.25 5590.67
695.15 977.78 0.10 6838.21
774.40 303.93 0.20 7402.26
444.14 910.39 0.17 9037.48
871.93 778.26 0.17 6259.93
666.61 267.08 0.20 5824.10
600.53 243.32 0.25 8961.60
520.49 191.38 0.05 5871.14
8.87 337.68 0.26 6058.78
448.95 451.57 0.32 5850.40
242.19 662.33 0.21 5089.79
561.27 505.74 0.43 7289.86
218.34 339.24 0.07 6843.83
83.28 547.42 0.18 9515.91
338.32 998.00 0.19 8122.53
718.87 168.68 0.14 7986.07
105.70 431.42 0.29 7091.23
27.18 407.30 0.13 6756.50
706.82 280.91 0.27 6132.09
722.19 336.88 0.09 8076.04
856.70 762.26 0.12 7059.43
70.34 763.17 0.07 5918.96
717.94 364.59 0.26 7102.84
851.64 481.66 0.23 7033.86
864.44 476.54 0.08 6477.12
419.16 410.56 0.18 6235.73
860.49 43.33 0.15 7825.54
309.15 535.13 0.31 7172.16
690.81 921.65 0.26 6577.64
269.01 410.81 0.16 9119.51
43.54 447.54 0.32 6029.75
72.15 251.72 0.33 9548.80
214.00 876.25 0.10 9146.80
408.94 851.71 0.40 6715.76
476.23 628.26 0.29 6913.47
349.40 977.73 0.10 6961.87
330.75 11.72 0.09 7457.94
432.69 696.75 0.16 6838.24
70.53 80.50 0.07 10740.34
301.59 609.94 0.16 8165.96
470.94 594.18 0.14 6461.55
559.55 822.12 0.27 6833.63
800.42 820.19 0.13 4573.78
672.48 928.89 0.21 6108.44
951.57 958.98 0.20 7099.53
138.84 822.10 0.23 5816.62
368.45 591.79 0.21 5850.16
347.83 689.74 0.17 7151.12
716.60 420.35 0.10 7891.70
714.44 605.26 0.06 7013.20
330.74 335.53 0.15 6739.57
553.69 376.09 0.17 6917.15
424.18 384.53 0.04 6880.39
246.05 594.48 0.14 5016.11
741.71 39.78 0.15 7165.68
739.32 922.59 0.24 10781.71
256.74 423.60 0.28 6088.17
974.94 8.12 0.18 6762.57
726.71 207.10 0.32 6042.42
336.18 120.46 0.22 5415.76
666.54 905.69 0.20 6962.13
42.81 959.87 0.26 10143.16
649.24 952.75 0.31 10341.92
890.27 179.55 0.19 8978.10
258.43 885.34 0.21 6933.02
199.85 619.92 0.05 8055.38
904.97 767.84 0.14 6894.98
135.90 198.39 0.22 5938.66
80.81 320.96 0.50 8979.56
481.13 912.70 0.07 7034.59
894.31 917.15 0.28 5381.98
702.35 315.04 0.16 4421.70
610.50 139.36 0.11 7127.20
150.24 734.03 0.17 6547.78
599.27 581.38 0.31 6954.28
515.97 790.18 0.03 7006.22
860.14 997.58 0.14 7256.60
336.89 860.47 0.31 8739.19
328.29 858.50 0.33 5383.06
3.11 894.23 0.19 6606.33
745.92 709.63 0.33 5015.93
985.44 523.91 0.16 7636.20
930.35 96.51 0.17 6788.25
898.10 157.34 0.14 6219.32
316.84 696.96 0.15 6717.47
554.40 81.36 0.30 5535.09
227.46 699.70 0.22 8521.53
717.69 53.62 0.09 8470.14
529.96 405.13 0.17 5698.05
253.49 970.95 0.14 9214.98
959.97 240.18 0.22 6223.02
69.32 439.29 0.13 7057.75
909.48 463.13 0.30 10146.40
521.65 376.07 0.17 5611.51
176.03 845.09 0.26 7243.79
11.42 757.61 0.13 8172.73
896.68 783.71 0.27 6624.94
598.78 313.54 0.27 5473.50
446.07 191.86 0.31 5591.22
575.29 397.22 0.27 7777.41
829.97 592.79 0.22 6524.63
5.13 852.80 0.21 5658.28
287.63 816.43 0.03 9229.89
461.65 540.91 0.02 5799.18
732.06 837.87 0.15 6223.50
64.15 5.27 0.08 8146.86
697.01 38.66 0.11 7005.54
562.96 353.78 0.20 7121.59
223.84 725.83 0.04 4794.22
11.92 111.22 0.25 4787.73
474.77 912.70 0.17 7760.92
156.34 272.78 0.07 7272.86
316.28 87.49 0.31 6810.83
0.67 889.83 0.27 7821.48
64.40 841.10 0.20 8056.19
657.87 863.73 0.11 7257.32
645.66 352.96 0.22 6483.18
504.70 382.22 0.29 5168.28
419.64 603.95 0.08 6485.35
815.56 796.38 0.05 6353.46
5.63 286.41 0.08 7640.48
651.76 539.89 0.26 9861.30
731.44 707.15 0.25 7404.11
637.39 460.18 0.16 6567.52
984.66 810.58 0.23 6923.40
616.79 245.74 0.31 8547.60
135.08 677.85 0.14 6404.89
541.67 232.78 0.18 5460.30
241.13 313.46 0.05 4996.54
186.85 299.42 0.09 5729.93
976.12 594.70 0.27 5120.33
883.53 610.73 0.07 7288.31
492.05 875.49 0.19 6223.65
228.19 826.81 0.33 6549.90
896.95 104.21 0.40 6796.69
248.00 274.28 0.17 6254.49
747.81 741.14 0.17 6639.75
178.00 337.34 0.37 6660.60
906.41 571.27 0.15 6963.60
38.56 180.57 0.23 4213.49
772.28 96.27 0.14 7230.24
491.46 139.78 0.23 7077.77
844.32 743.89 0.17 6259.92
169.12 966.91 0.35 5588.98
994.78 797.93 0.27 8360.87
958.61 26.66 0.11 6457.02
900.90 727.22 0.36 7882.49
531.92 265.92 0.24 5678.76
157.64 861.29 0.01 6712.82
962.27 198.06 0.08 7843.36
103.49 827.28 0.27 5809.26
1.31 447.85 0.20 7955.97
451.23 761.66 0.07 6069.88
135.39 513.95 0.18 6882.07
24.99 662.90 0.21 5611.48
827.33 159.41 0.44 5504.92
897.77 203.61 0.14 6849.69
609.69 892.97 0.32 8613.64
461.44 592.63 0.08 8440.07
491.50 598.02 0.08 9927.02
244.62 598.55 0.10 7012.34
921.11 511.80 0.11 8164.04
160.24 531.23 0.17 6729.69
973.82 211.62 0.28 8012.21
624.66 917.61 0.31 6942.00
921.60 657.24 0.43 7157.56
855.48 394.79 0.32 6319.81
361.34 138.13 0.23 7485.65
776.44 977.55 0.35 7766.13
991.20 473.88 0.06 7170.28
27.38 509.35 0.19 8431.67
297.64 601.55 0.20 5785.33
216.23 556.68 0.30 8946.19
545.80 8.64 0.07 6169.93
