607.19 992.37 0.21 7639.96
722.09 984.79 0.25 6285.22
665.87 80.69 0.29 6050.70
333.90 131.63 0.27 7238.08
192.79 790.45 0.17 8051.46
567.82 763.24 0.05 6957.58
728.78 640.14 0.28 5051.62
845.08 127.18 0.11 7004.79
22.42 197.55 0.15 8120.01
169.29 908.21 0.18 7372.06
54.42 710.97 0.16 6231.72
475.47 690.51 0.13 6729.46
355.12 900.24 0.21 6025.90
760.61 683.21 0.24 8146.24
354.92 914.40 0.12 8899.59
817.53 666.37 0.15 6503.83
752.64 947.81 0.15 6625.99
930.46 425.57 0.33 8245.58
870.35 556.79 0.19 5442.17
730.14 592.57 0.24 5457.82
591.16 110.11 0.11 5194.39
813.91 766.55 0.17 5956.40
422.67 244.52 0.17 6285.03
866.87 817.99 0.13 6073.83
295.77 400.93 0.28 9209.92
882.20 735.30 0.16 9555.50
624.93 314.72 0.25 6615.54
907.62 175.95 0.41 6610.60
775.95 940.24 0.25 6691.79
247.66 43.98 0.21 6822.81
919.27 759.57 0.09 5646.79
687.51 936.87 0.23 5954.40
143.90 111.56 0.27 8464.24
238.27 345.11 0.22 5067.41
278.70 556.29 0.19 5591.90
474.65 490.11 0.31 9544.76
735.53 539.98 0.12 8247.85
738.55 897.83 0.33 7145.64
215.39 110.34 0.24 7379.10
525.88 780.48 0.09 9010.91
353.67 687.98 0.15 9700.61
15.31 326.27 0.21 9464.01
622.93 597.36 0.14 6575.55
385.07 629.16 0.22 5768.11
778.92 833.92 0.32 7235.40
941.97 951.55 0.18 9677.04
905.09 391.16 0.42 8841.21
599.74 112.55 0.24 6031.47
459.91 513.63 0.18 7868.17
270.72 202.11 0.03 5815.26
444.50 542.64 0.14 7951.70
526.12 581.49 0.13 6107.66
759.83 183.36 0.14 6585.53
47.94 506.14 0.21 10678.55
790.90 944.74 0.33 5180.16
460.39 377.46 0.01 6928.81
684.18 945.80 0.12 7689.59
649.03 103.81 0.35 10600.55
140.54 354.48 0.15 7180.30
989.21 318.24 0.31 6724.41
184.28 605.70 0.16 7671.48
820.06 391.18 0.10 8784.12
433.05 413.54 0.17 3994.57
827.02 321.25 0.20 6804.23
276.35 339.60 0.14 7025.71
256.66 312.43 0.16 10166.83
772.87 564.92 0.18 10545.54
419.06 609.99 0.17 7543.89
119.28 628.98 0.27 7046.55
392.47 138.80 0.41 6262.04
735.26 192.15 0.30 7342.62
235.13 154.03 0.40 6155.57
144.21 561.75 0.15 10668.43
79.71 873.15 0.10 6072.09
393.83 769.29 0.09 6527.56
601.04 654.96 0.14 5592.69
203.73 678.70 0.37 6375.17
627.59 621.97 0.04 6499.31
204.16 963.96 0.18 6918.48
918.53 451.16 0.14 7135.55
535.53 930.44 0.26 7826.20
380.96 669.04 0.24 6233.85
359.90 119.93 0.12 8456.76
196.76 391.13 0.22 7350.49
92.65 486.71 0.30 6680.59
233.18 679.18 0.16 4830.17
503.85 31.41 0.28 8348.03
908.21 840.46 0.14 7617.42
689.03 654.96 0.18 6596.81
192.65 98.79 0.09 7956.70
765.08 671.05 0.09 8278.74
693.49 551.17 0.03 3938.22
202.46 404.07 0.18 7658.90
21.74 524.82 0.10 8010.52
752.02 434.50 0.20 5205.67
612.51 470.35 0.14 7424.13
575.29 312.32 0.37 7068.89
688.69 563.67 0.25 6879.80
191.52 714.58 0.26 6273.67
720.39 729.62 0.21 6499.28
325.09 801.97 0.29 7458.09
792.71 490.04 0.16 8561.35
259.35 18.87 0.21 6336.00
99.22 676.28 0.17 5681.50
475.20 40.29 0.03 6595.92
813.16 464.72 0.12 5792.80
841.96 16.80 0.06 7869.83
185.73 145.93 0.22 6638.75
576.09 850.99 0.01 6831.75
610.88 106.00 0.18 7518.20
595.25 741.09 0.35 6314.39
710.48 976.43 0.20 8359.36
913.23 425.23 0.31 8087.49
933.41 108.75 0.26 7062.94
429.11 652.16 0.16 10627.97
466.78 310.09 0.05 8221.13
813.60 796.17 0.29 7561.28
297.78 949.62 0.12 6127.95
391.15 607.03 0.15 9848.66
254.72 239.02 0.03 7847.77
730.68 689.91 0.41 5435.10
735.11 545.62 0.11 4615.36
698.44 300.71 0.17 7431.03
669.74 238.80 0.16 10489.13
0.22 337.58 0.16 7316.31
