62.56 299.57 0.01 4043.92
603.81 367.65 0.17 7870.83
715.12 79.54 0.12 7094.24
328.63 740.09 0.14 6853.45
308.88 368.23 0.25 5936.79
589.42 466.62 0.32 7590.85
727.51 702.65 0.49 5811.01
414.00 440.19 0.19 6881.27
771.82 232.34 0.31 6484.65
131.57 490.50 0.24 6783.45
237.68 664.29 0.33 6362.75
632.29 540.12 0.31 7637.96
324.85 1.40 0.21 4788.81
34.06 950.07 0.13 8709.19
359.28 53.50 0.26 6300.04
209.83 512.85 0.15 9810.64
856.17 918.61 0.12 10245.93
394.01 365.37 0.32 9029.51
977.62 866.15 0.19 5926.58
649.24 328.88 0.32 7762.78
191.84 914.65 0.25 5354.37
254.17 988.14 0.15 6183.34
956.58 170.54 0.13 6660.84
962.41 298.81 0.21 7498.39
616.89 358.15 0.18 6216.72
518.99 333.24 0.15 7073.38
35.27 261.38 0.29 5753.73
798.31 946.44 0.30 9658.90
979.32 659.50 0.11 10542.35
961.00 8.30 0.04 6877.42
2.15 320.31 0.30 8116.79
181.61 447.00 0.17 7331.78
820.03 630.49 0.25 10433.30
774.86 996.38 0.10 9918.27
360.54 820.99 0.15 7170.50
251.01 920.14 0.09 8436.13
809.79 928.01 0.02 6455.76
115.10 304.21 0.26 6835.08
15.44 417.40 0.29 6433.30
647.70 881.59 0.24 8680.64
859.17 730.34 0.31 8797.88
602.17 694.28 0.12 6116.51
856.98 511.91 0.40 6104.38
827.26 671.02 0.09 8057.65
159.57 283.93 0.25 6080.44
990.31 164.04 0.29 10787.01
683.91 558.05 0.30 9223.69
499.98 453.15 0.04 6162.99
162.54 688.99 0.19 6267.68
619.04 79.09 0.13 7099.10
401.96 244.30 0.30 6571.62
602.89 556.57 0.34 4714.98
299.64 513.59 0.18 8693.29
353.64 110.17 0.38 6060.41
69.76 846.14 0.23 8439.76
648.65 626.98 0.32 5634.07
940.14 727.07 0.26 9276.45
296.94 698.65 0.30 5474.94
920.98 167.93 0.35 6271.79
633.50 636.84 0.19 7852.13
903.20 933.91 0.21 9384.30
35.96 922.13 0.01 5319.47
106.46 309.58 0.20 5463.40
507.17 866.43 0.37 6337.04
296.95 82.27 0.02 7510.63
630.00 283.63 0.18 6182.34
528.44 622.06 0.23 6929.71
754.46 402.43 0.14 6216.49
636.53 824.82 0.08 6568.10
476.70 703.36 0.43 7597.32
427.10 1.04 0.01 6511.85
683.99 185.19 0.22 10781.43
809.80 752.06 0.14 6673.83
513.30 178.99 0.19 7263.96
686.84 230.81 0.08 6210.06
770.75 135.11 0.20 7708.07
536.21 530.66 0.14 5941.34
337.79 119.28 0.04 7320.55
510.51 430.25 0.17 5947.87
38.36 320.99 0.01 8661.64
652.03 370.33 0.44 8037.54
14.75 280.18 0.18 7584.49
453.68 484.01 0.30 5830.84
796.19 36.17 0.17 8549.50
783.04 245.99 0.22 7118.51
402.02 724.46 0.23 6080.80
92.53 750.46 0.26 7181.23
420.68 220.51 0.19 6760.79
227.59 448.00 0.18 6093.13
239.20 847.61 0.21 5294.81
742.69 356.35 0.40 7642.92
938.38 830.10 0.11 6415.88
271.93 460.89 0.21 5875.39
908.46 732.18 0.12 6333.26
219.78 304.21 0.45 7570.86
515.43 109.12 0.17 6846.01
649.19 29.73 0.16 9961.38
413.89 593.90 0.01 6202.76
408.72 781.43 0.23 6108.05
939.05 13.33 0.39 6718.16
