353.84 67.09 0.35 7583.45
136.82 49.30 0.28 7780.74
368.58 757.74 0.08 9453.72
256.40 255.89 0.28 6883.26
663.16 826.01 0.28 5496.35
896.28 363.24 0.20 9076.64
907.45 94.11 0.20 6887.93
932.08 766.45 0.01 7864.22
886.20 994.02 0.30 8978.58
477.03 615.50 0.23 5394.28
878.85 136.75 0.07 8245.03
165.11 397.92 0.02 7142.78
517.23 46.92 0.14 4837.60
219.68 804.59 0.35 6689.10
876.38 640.37 0.19 7790.41
931.17 873.07 0.27 7102.85
456.63 639.13 0.23 7840.36
154.49 72.72 0.25 5726.65
433.49 858.37 0.27 6582.28
367.94 958.26 0.24 9396.26
160.89 188.38 0.24 7195.18
682.09 644.50 0.08 9092.51
779.42 265.57 0.10 5851.19
638.74 377.00 0.22 6670.88
832.26 590.56 0.16 6744.06
868.58 473.41 0.35 6652.47
934.13 632.44 0.14 6155.22
767.12 33.51 0.21 10544.76
227.75 437.18 0.01 10686.92
966.30 145.62 0.27 7165.11
697.36 108.99 0.20 8868.24
837.62 769.66 0.06 5940.48
117.96 416.65 0.12 7618.02
936.22 327.30 0.26 7383.66
41.54 273.66 0.22 8457.28
720.38 284.14 0.23 6891.55
966.45 120.21 0.24 7670.55
811.99 274.36 0.02 8107.85
984.49 122.42 0.29 5736.53
248.34 502.56 0.28 5908.42
264.80 269.51 0.22 8242.52
828.82 681.33 0.10 8506.36
83.80 667.81 0.24 6211.54
302.47 100.34 0.15 7212.08
183.49 584.94 0.04 7011.04
451.63 938.16 0.24 5658.76
669.08 97.30 0.28 6673.53
937.83 713.73 0.09 10468.07
6.30 541.04 0.15 5008.77
278.89 677.47 0.27 7039.59
626.11 590.21 0.14 5259.25
954.81 952.76 0.11 5958.53
813.34 138.40 0.29 6783.23
695.92 121.30 0.37 7021.46
744.43 779.23 0.18 7549.39
729.87 199.74 0.34 5145.52
163.30 456.58 0.16 4898.23
116.14 201.58 0.25 6986.06
59.14 838.61 0.27 7707.03
746.96 721.31 0.43 6593.30
674.55 812.39 0.24 10376.89
121.01 560.91 0.20 6134.16
386.31 772.40 0.25 10115.05
339.96 720.68 0.11 10665.30
569.00 201.86 0.26 6252.63
190.93 536.93 0.04 8350.32
237.17 212.23 0.30 6425.61
802.45 239.52 0.15 6086.96
280.49 44.27 0.33 6543.22
372.40 329.39 0.26 7765.07
843.25 757.90 0.07 6798.45
713.77 782.65 0.32 5759.86
228.66 981.14 0.19 5780.24
354.16 898.32 0.26 6614.57
0.53 330.38 0.30 6665.02
779.20 81.45 0.16 5208.57
916.07 694.95 0.28 8161.27
230.53 972.78 0.24 5799.37
818.15 270.75 0.17 6320.33
151.06 224.98 0.05 7161.13
892.01 502.16 0.15 6002.32
141.09 949.50 0.31 5429.29
826.78 132.79 0.24 7103.45
323.63 551.14 0.10 7786.59
213.68 426.12 0.14 7160.49
814.61 596.03 0.02 6652.01
922.35 813.39 0.15 6274.06
91.73 479.68 0.12 7140.11
989.69 309.97 0.20 6880.01
937.62 26.46 0.17 8285.86
12.91 355.37 0.22 6795.82
367.68 369.98 0.03 6589.49
171.95 968.20 0.08 7494.96
162.46 608.26 0.30 6929.96
402.49 160.14 0.23 8833.89
399.55 567.80 0.13 6515.18
423.91 714.05 0.34 7485.53
630.18 199.68 0.27 10097.53
974.54 772.98 0.08 7082.46
379.90 581.86 0.04 7396.21
329.56 459.85 0.24 7295.29
35.96 198.65 0.24 6946.62
809.93 680.02 0.43 5196.64
598.84 738.55 0.16 5901.86
880.21 866.31 0.17 7164.09
367.82 122.24 0.35 7021.93
99.25 184.73 0.40 5515.96
880.60 90.04 0.23 6446.69
453.26 264.90 0.10 6373.94
533.82 145.93 0.24 6288.14
239.58 680.99 0.13 8150.71
347.08 803.49 0.16 5164.52
244.11 205.09 0.13 7585.87
48.27 548.87 0.13 8458.74
24.97 500.77 0.07 9468.18
837.75 704.46 0.22 6616.53
351.55 917.49 0.17 8489.98
450.99 733.77 0.20 8341.49
879.83 70.73 0.15 8255.84
715.12 769.02 0.11 5791.47
550.33 331.30 0.09 7191.71
196.61 937.66 0.32 5040.69
137.75 939.20 0.24 7397.38
356.22 820.92 0.03 8067.15
769.39 929.59 0.22 7628.21
790.01 510.69 0.16 6173.56
236.83 541.55 0.20 5194.91
965.41 214.44 0.11 6170.82
199.82 525.94 0.14 6922.40
267.26 741.70 0.11 7301.79
528.40 328.17 0.18 7153.21
364.76 28.81 0.38 6634.26
279.89 783.70 0.27 7957.29
180.26 312.52 0.25 6140.25
101.71 510.53 0.27 6765.34
411.67 805.66 0.31 6835.14
381.15 992.23 0.34 8263.81
342.91 958.92 0.25 7051.16
291.92 113.51 0.30 5102.66
254.59 739.55 0.11 10683.37
679.64 720.98 0.33 6529.75
661.42 707.56 0.27 6966.91
156.89 17.00 0.21 6363.33
127.13 665.31 0.14 9444.88
311.20 310.68 0.09 6893.46
137.83 982.22 0.25 7261.20
491.02 417.08 0.02 7042.52
882.32 307.37 0.12 4977.92
958.84 569.88 0.20 7897.40
401.66 976.20 0.14 6091.41
