601.89 598.80 1760.69 0.35 
964.53 669.36 662.29 0.38 
642.17 816.91 604.62 0.34 
755.31 593.96 1292.55 0.56 
728.88 728.73 898.12 0.40 
864.67 771.00 1036.61 0.58 
608.74 842.99 1446.31 0.46 
607.57 770.37 1986.36 0.44 
792.67 559.16 1476.72 0.44 
629.92 642.61 892.10 0.53 
752.02 567.59 708.47 0.38 
616.21 665.55 1085.05 0.51 
568.08 812.19 1245.89 0.43 
645.59 659.65 969.87 0.45 
563.81 813.45 1579.97 0.29 
646.53 849.47 2334.36 0.37 
551.40 654.67 549.28 0.28 
918.00 734.00 911.84 0.31 
883.72 822.41 1458.42 0.52 
547.39 1080.27 1574.24 0.58 
685.69 626.84 2149.18 0.24 
874.10 766.16 1374.53 0.34 
882.24 815.90 2424.97 0.29 
733.32 939.63 1816.98 0.38 
629.10 651.85 2899.62 0.28 
541.13 626.93 750.30 0.47 
726.14 544.60 1807.87 0.33 
767.95 762.03 1675.45 0.22 
579.39 954.04 1981.02 0.27 
604.16 1239.69 1252.11 0.33 
768.72 613.38 1025.13 0.36 
940.66 701.93 3026.32 0.44 
801.58 598.24 1682.52 0.32 
702.74 866.12 817.79 0.46 
882.39 560.45 1119.41 0.52 
670.06 782.00 2229.16 0.49 
899.57 1152.79 564.57 0.42 
588.20 878.45 1517.04 0.34 
829.61 881.35 909.00 0.22 
764.44 859.54 1253.50 0.54 
738.70 833.84 2606.13 0.41 
