703.99 561.29 1601.01 0.50 
604.57 682.68 731.46 0.47 
832.18 765.62 1232.40 0.51 
827.85 610.56 2202.50 0.43 
613.49 754.22 1335.90 0.29 
557.39 742.89 1248.55 0.18 
549.82 835.34 1769.73 0.39 
863.83 907.30 1338.56 0.34 
767.30 632.54 679.96 0.35 
707.25 852.82 1298.32 0.47 
773.31 805.76 1289.17 0.54 
867.35 692.10 1040.25 0.47 
820.48 546.01 1019.00 0.44 
542.76 965.60 1009.79 0.36 
944.33 591.11 921.76 0.26 
972.11 569.27 1899.00 0.34 
631.22 684.78 1381.77 0.60 
588.55 637.86 1050.75 0.35 
624.72 635.31 1293.69 0.51 
676.16 633.29 1344.35 0.48 
925.78 1168.60 1360.77 0.37 
619.77 1073.01 2139.26 0.30 
597.91 669.20 1653.73 0.33 
597.52 991.84 959.48 0.51 
565.26 966.15 776.88 0.46 
660.68 687.54 2503.07 0.32 
565.69 920.00 1623.76 0.49 
879.27 661.24 1308.68 0.26 
734.85 660.64 1217.61 0.39 
559.61 767.72 1878.58 0.32 
678.15 781.55 968.80 0.48 
717.70 790.81 2146.29 0.39 
556.26 630.38 1878.20 0.56 
936.81 709.71 1084.39 0.41 
596.45 809.25 1903.82 0.46 
1279.44 647.75 2340.82 0.30 
775.52 922.48 1124.59 0.31 
541.00 712.61 1868.19 0.46 
794.89 894.12 2148.98 0.39 
657.59 540.31 1229.72 0.45 
601.77 864.28 982.83 0.40 
677.23 821.57 707.92 0.30 
601.65 562.75 2905.84 0.47 
670.09 917.24 1458.95 0.40 
654.49 956.49 2648.76 0.50 
633.90 584.71 2416.51 0.24 
546.58 852.05 619.80 0.41 
583.33 1193.67 1114.52 0.52 
1173.51 783.10 1643.51 0.29 
555.27 667.74 1529.13 0.31 
750.72 728.48 927.05 0.44 
688.56 639.82 1210.16 0.47 
574.17 890.43 1551.16 0.38 
683.17 763.46 846.04 0.37 
668.38 640.98 860.20 0.35 
1093.39 646.78 705.10 0.59 
781.47 574.86 1979.45 0.35 
542.67 674.87 1028.04 0.45 
721.51 985.12 1189.21 0.39 
682.56 564.78 3117.92 0.36 
678.25 1025.36 2135.62 0.34 
739.01 792.79 1054.59 0.31 
805.71 1070.50 2286.08 0.48 
1179.60 901.33 623.21 0.34 
626.05 621.64 602.31 0.37 
667.00 851.48 1721.42 0.46 
838.20 792.85 1802.72 0.54 
653.64 594.49 978.56 0.49 
554.10 823.63 972.97 0.41 
820.47 833.79 1151.20 0.31 
666.66 579.44 1363.87 0.45 
695.81 590.06 613.22 0.43 
641.45 686.82 678.46 0.40 
620.27 608.31 2272.73 0.36 
801.64 638.70 1576.96 0.23 
735.93 693.28 695.17 0.41 
642.83 876.79 1841.87 0.32 
713.05 1145.19 2962.97 0.41 
769.08 603.79 1065.63 0.58 
557.46 575.86 1399.48 0.35 
554.77 833.30 1921.59 0.36 
542.90 759.83 813.43 0.38 
662.26 962.64 2148.12 0.46 
631.82 676.40 1634.51 0.40 
613.98 884.27 2865.53 0.51 
737.73 733.62 2218.41 0.46 
861.90 929.32 1353.67 0.44 
557.61 868.68 1730.87 0.57 
665.45 562.01 1664.01 0.44 
577.28 825.09 2035.69 0.25 
739.42 624.88 1225.90 0.28 
907.92 868.86 1197.03 0.34 
657.53 562.89 624.49 0.32 
540.92 603.79 2455.57 0.29 
760.98 605.54 1928.54 0.42 
591.63 1037.41 1983.92 0.48 
684.37 914.78 937.68 0.37 
655.09 561.90 1091.80 0.35 
685.16 995.69 1281.40 0.44 
607.01 931.30 751.31 0.29 
653.57 728.86 944.64 0.48 
694.72 678.36 2165.25 0.46 
586.35 688.37 2074.17 0.45 
553.80 546.01 745.63 0.45 
772.95 787.45 1398.63 0.52 
675.97 739.37 1209.12 0.39 
691.25 547.31 727.00 0.29 
594.12 558.12 621.47 0.35 
676.20 694.38 2153.08 0.33 
608.66 647.05 1765.32 0.37 
995.18 870.47 1538.69 0.23 
804.20 642.99 2114.66 0.36 
686.06 627.28 896.28 0.35 
602.34 657.23 626.50 0.52 
1028.13 724.08 2087.32 0.54 
1000.74 578.17 619.75 0.33 
868.75 642.67 1576.63 0.16 
884.24 844.98 696.97 0.50 
737.45 671.16 924.50 0.30 
542.45 577.59 1421.04 0.41 
901.84 716.31 1464.48 0.31 
565.65 891.06 567.78 0.40 
873.73 568.78 1853.63 0.29 
1237.76 704.37 790.10 0.50 
715.52 674.60 1840.76 0.37 
654.52 951.21 1942.25 0.45 
562.80 944.15 2477.82 0.32 
592.90 644.29 940.36 0.34 
849.99 1135.17 1128.13 0.29 
699.22 687.29 2160.44 0.41 
789.22 653.47 1368.90 0.42 
555.17 726.59 933.35 0.32 
727.43 684.17 2533.52 0.39 
654.94 694.36 1179.82 0.33 
633.90 700.04 790.82 0.48 
559.06 587.03 2199.58 0.36 
541.44 1145.14 1128.37 0.33 
600.38 655.57 683.83 0.44 
718.37 703.13 916.41 0.34 
710.43 638.18 1400.98 0.39 
789.09 708.25 1331.06 0.28 
592.04 941.88 2172.34 0.28 
814.23 596.60 2256.21 0.35 
747.38 581.70 1998.46 0.28 
714.78 982.42 557.63 0.47 
812.25 581.90 855.73 0.53 
645.12 662.06 1201.98 0.28 
619.70 638.01 1782.01 0.44 
718.26 639.77 821.99 0.49 
711.54 560.44 1795.37 0.60 
941.39 684.00 1694.37 0.44 
