684.60 692.35 2487.64 0.33 
573.79 793.39 2172.00 0.20 
541.59 1048.87 1560.36 0.49 
753.54 936.67 1812.33 0.52 
733.65 924.58 2031.33 0.56 
823.87 809.60 993.23 0.38 
572.73 650.11 865.55 0.51 
593.02 610.56 1190.38 0.45 
965.11 583.76 950.13 0.31 
975.60 687.29 1436.36 0.51 
574.68 636.40 1957.04 0.33 
586.42 988.97 1530.22 0.31 
583.96 1080.98 1547.43 0.39 
561.90 783.82 1707.25 0.47 
867.76 554.46 1584.02 0.47 
942.61 815.30 1912.67 0.39 
990.10 973.64 1444.04 0.27 
881.74 697.24 2161.73 0.49 
543.02 625.69 2501.28 0.17 
740.08 1224.23 1601.53 0.24 
646.31 842.82 1247.02 0.51 
