834.90 649.81 664.32 0.49 
607.08 628.21 1469.99 0.34 
578.28 617.73 1737.69 0.47 
560.39 801.06 1259.39 0.45 
775.48 627.69 1140.76 0.51 
643.73 634.44 1594.74 0.41 
1154.30 848.62 1662.64 0.49 
840.87 863.48 663.49 0.39 
777.44 927.17 1999.22 0.44 
1012.56 996.38 1936.05 0.43 
671.93 602.32 1325.63 0.35 
619.58 628.66 1854.83 0.57 
910.88 696.11 1631.69 0.33 
933.04 746.17 2554.52 0.32 
557.67 837.85 1077.92 0.32 
684.54 736.16 1403.10 0.32 
638.65 720.56 1589.35 0.40 
1080.45 973.65 2054.71 0.46 
1139.76 983.41 2697.53 0.51 
788.08 807.94 647.35 0.51 
807.83 818.55 1488.76 0.33 
676.28 653.81 1117.72 0.28 
675.05 770.81 945.87 0.30 
730.89 716.01 1676.43 0.49 
555.95 550.34 750.08 0.37 
691.06 646.56 1165.91 0.46 
617.97 799.18 1157.53 0.49 
671.03 888.94 1398.06 0.50 
843.81 758.06 1184.91 0.33 
791.80 597.96 1982.75 0.39 
584.09 1185.33 1431.87 0.32 
574.41 931.61 2233.51 0.59 
848.54 580.43 683.67 0.27 
721.57 1034.96 1009.37 0.44 
853.99 845.57 605.69 0.53 
716.96 553.23 1589.64 0.42 
832.76 919.52 1198.46 0.45 
956.07 691.55 1098.91 0.42 
814.88 667.11 1287.33 0.30 
926.39 995.49 936.47 0.41 
893.62 770.40 2110.16 0.31 
576.57 593.61 674.45 0.51 
547.53 624.10 1194.74 0.30 
572.40 805.81 877.49 0.38 
941.05 684.28 658.86 0.45 
859.16 772.23 1319.67 0.45 
626.96 821.65 1469.48 0.25 
629.04 644.34 1378.39 0.55 
720.68 906.08 1686.51 0.36 
585.83 567.52 830.05 0.62 
565.81 814.71 1033.70 0.53 
623.39 569.61 1142.87 0.53 
599.51 891.65 2396.17 0.54 
707.27 550.82 1060.97 0.38 
645.77 634.55 2041.04 0.38 
692.29 662.90 1122.85 0.51 
618.08 844.56 728.48 0.24 
722.95 629.71 978.54 0.53 
602.92 966.29 691.14 0.29 
681.52 808.99 2117.79 0.51 
958.66 1119.53 1409.54 0.47 
977.42 799.35 2031.42 0.34 
735.45 872.78 1572.45 0.33 
543.93 625.50 1487.42 0.52 
614.73 937.61 935.24 0.35 
687.88 883.00 1242.63 0.47 
852.78 627.01 680.97 0.45 
934.18 947.69 2182.46 0.40 
566.78 545.94 1884.19 0.42 
583.80 971.83 1885.48 0.51 
553.82 556.25 625.30 0.25 
1291.56 594.37 2028.72 0.37 
742.69 918.94 1786.70 0.54 
571.88 710.57 650.13 0.51 
1072.65 575.77 776.42 0.40 
763.51 895.93 1311.90 0.60 
684.69 579.88 1105.09 0.39 
724.53 632.85 1437.13 0.41 
740.67 647.21 1191.86 0.43 
829.92 665.14 1568.32 0.20 
830.90 727.22 852.29 0.31 
619.78 829.50 1115.27 0.43 
906.65 562.98 1243.70 0.36 
682.86 777.86 795.48 0.34 
962.75 622.59 1854.58 0.44 
632.25 725.22 1641.75 0.45 
833.14 760.42 1538.01 0.41 
777.10 544.95 2216.49 0.51 
778.95 545.15 897.91 0.25 
635.20 1017.84 1774.83 0.42 
828.84 1080.30 1012.99 0.41 
577.24 911.65 1578.27 0.36 
663.37 899.62 702.03 0.52 
733.99 541.91 1429.04 0.32 
569.94 866.49 1999.66 0.28 
813.91 764.06 1251.85 0.37 
606.67 704.57 1357.19 0.50 
730.35 852.51 1094.14 0.57 
540.86 647.86 2741.44 0.40 
904.68 611.93 711.81 0.34 
625.17 648.53 1666.79 0.34 
1072.67 598.05 633.62 0.49 
569.71 680.64 1212.68 0.45 
853.20 791.81 1565.18 0.38 
819.44 609.70 752.07 0.35 
826.45 668.82 1326.25 0.43 
664.84 621.29 665.64 0.43 
816.00 720.22 1349.43 0.15 
742.95 588.73 848.14 0.55 
908.83 669.35 2329.81 0.28 
544.87 780.65 827.25 0.44 
911.79 552.59 1941.71 0.17 
1007.66 908.48 824.19 0.19 
1090.73 629.27 1005.68 0.43 
716.68 855.45 2412.38 0.50 
677.70 646.13 2080.03 0.41 
745.21 624.11 1634.98 0.57 
732.27 1175.57 2266.24 0.37 
771.48 1210.49 1298.96 0.39 
807.84 684.78 1678.93 0.37 
602.57 971.00 1742.58 0.36 
595.95 618.70 750.75 0.43 
559.74 785.19 2272.80 0.38 
591.88 848.02 941.98 0.51 
639.20 546.78 741.65 0.26 
598.86 723.76 2347.46 0.47 
681.24 614.47 671.87 0.43 
825.59 759.55 1625.50 0.35 
596.31 751.70 1128.37 0.58 
850.18 633.05 1226.04 0.32 
963.75 546.63 1643.59 0.30 
670.98 817.20 2008.54 0.54 
553.68 576.30 2179.44 0.47 
567.33 637.95 2425.28 0.47 
630.95 660.89 2163.77 0.24 
659.50 845.85 865.23 0.36 
667.95 566.95 1125.52 0.32 
739.09 570.65 1607.99 0.23 
986.42 967.32 1234.01 0.34 
788.30 602.83 1914.26 0.40 
908.94 683.86 1666.78 0.26 
1257.45 654.35 710.36 0.38 
575.07 753.38 1700.47 0.31 
562.04 851.81 646.73 0.33 
720.25 792.38 1711.39 0.58 
690.87 712.02 2236.30 0.38 
623.07 593.43 1407.86 0.34 
564.12 795.35 1533.73 0.37 
735.50 677.35 1355.08 0.36 
676.25 558.66 2758.94 0.53 
618.19 642.59 2694.26 0.36 
772.23 816.68 1651.00 0.30 
807.79 921.15 2836.37 0.59 
1032.54 754.80 1313.78 0.41 
1146.89 578.47 2009.63 0.50 
918.77 897.92 1516.11 0.35 
975.63 647.54 1811.09 0.41 
844.56 977.98 1290.72 0.43 
707.36 816.74 2242.04 0.42 
569.43 816.33 1377.75 0.45 
901.31 733.84 1446.75 0.29 
714.47 601.59 918.59 0.33 
761.87 584.49 2199.73 0.39 
689.45 865.62 2580.93 0.32 
615.52 561.81 1823.52 0.50 
565.01 612.50 1541.18 0.32 
621.01 575.11 1882.61 0.38 
922.43 950.32 1039.79 0.38 
780.12 571.54 675.32 0.37 
868.33 661.70 1171.28 0.19 
546.55 557.79 2833.30 0.44 
799.47 698.88 885.61 0.36 
928.67 1052.57 1272.36 0.41 
553.23 805.92 1750.21 0.33 
612.45 826.39 1533.08 0.33 
785.88 553.45 1676.65 0.40 
566.41 554.77 2045.31 0.50 
684.07 664.27 2225.59 0.30 
671.39 864.23 1830.36 0.52 
703.89 576.12 1285.17 0.30 
673.02 671.51 1019.42 0.41 
799.27 550.53 1849.40 0.29 
849.89 713.60 2021.86 0.35 
716.08 900.51 1143.60 0.41 
996.26 729.70 1886.47 0.21 
784.84 666.26 877.60 0.38 
674.66 576.74 1961.09 0.54 
788.22 877.74 1576.79 0.59 
623.85 672.44 711.90 0.46 
588.85 1075.77 2124.43 0.50 
597.88 789.22 678.49 0.34 
633.19 822.19 1002.67 0.60 
645.75 950.05 1116.90 0.33 
774.43 719.57 819.86 0.36 
560.91 591.42 1476.83 0.42 
897.55 936.05 2133.95 0.30 
608.01 1023.65 1593.67 0.44 
832.00 932.19 828.70 0.36 
738.41 593.69 1384.71 0.44 
606.68 561.60 851.11 0.31 
774.92 740.12 1704.07 0.33 
