841.84 955.37 0.27 7506.95
164.74 675.00 0.22 5928.83
99.96 430.59 0.55 6347.17
692.79 902.58 0.35 6817.79
872.43 172.63 0.19 7690.26
384.03 352.68 0.41 6245.64
676.89 602.83 0.50 6159.92
411.92 291.22 0.40 6732.42
961.01 969.20 0.55 8113.13
277.54 39.28 0.20 6039.97
179.77 419.00 0.46 7396.70
471.57 465.66 0.15 7715.86
533.33 783.38 0.42 6498.41
521.21 362.01 0.45 6743.94
630.79 343.38 0.50 5683.13
104.96 178.37 0.36 8019.53
345.40 328.64 0.42 7466.34
890.43 662.48 0.24 7184.05
271.67 299.27 0.46 5883.51
373.45 759.39 0.58 7224.43
200.17 266.39 0.51 7011.76
185.81 528.89 0.39 6850.96
443.93 621.74 0.45 7746.53
611.52 894.38 0.30 5664.06
754.10 819.17 0.41 7123.37
