926.17 371.66 0.10 2452.92
229.78 260.84 0.14 4068.04
472.61 624.89 0.47 3452.59
306.75 52.19 0.58 4222.22
550.21 206.97 0.22 8119.23
713.16 19.10 0.33 4702.23
42.56 409.29 0.44 8088.47
937.41 799.80 0.49 8814.77
809.57 160.89 0.24 4314.11
315.15 370.80 0.20 10782.76
326.48 16.41 0.28 892.94
518.68 539.57 0.31 3178.91
472.67 26.43 0.27 6337.43
853.34 358.82 0.07 2423.99
143.97 540.51 0.06 830.36
525.60 882.14 0.46 2865.74
977.91 932.91 0.17 8687.61
964.72 456.90 0.46 834.42
252.02 642.48 0.22 6094.76
985.36 809.98 0.32 1406.39
956.47 365.29 0.24 3327.72
653.18 57.36 0.44 1617.12
472.22 289.23 0.26 2210.06
216.26 325.25 0.44 2843.50
362.32 417.61 0.30 9091.64

22875.448946547654
