512.20 505.51 0.60 7986.11
547.53 534.34 0.45 6350.41
504.67 541.19 0.46 8158.81
595.13 527.70 0.39 8087.32
541.20 525.34 0.22 7762.13
490.94 502.76 0.58 8247.08
491.03 508.18 0.48 7687.80
452.02 499.77 0.50 7657.37
585.74 479.13 0.46 8345.59
550.36 464.27 0.58 7662.31
542.32 533.06 0.37 6844.06
543.13 538.84 0.17 7094.21
572.23 497.72 0.11 5761.69
516.06 516.36 0.30 7202.71
516.19 457.17 0.31 5775.80
529.13 466.82 0.41 5408.77
532.96 423.83 0.53 6469.13
517.60 612.94 0.50 8215.24
432.69 466.26 0.37 8432.46
493.41 508.63 0.19 6331.76
491.97 506.79 0.48 6271.40
442.97 613.20 0.58 9041.40
571.47 452.65 0.40 8223.40
544.66 508.90 0.56 7473.77
443.71 461.71 0.45 7123.35
482.86 490.44 0.43 6408.23
440.41 535.96 0.37 7256.85
486.50 553.08 0.49 8004.52
523.25 451.38 0.40 8715.82
480.84 485.45 0.44 7064.74
588.64 483.08 0.51 5012.66
515.48 477.70 0.36 5064.07
475.57 482.38 0.38 6740.74
477.03 547.30 0.48 6781.69
531.18 478.61 0.44 7242.56
513.17 513.27 0.11 5291.13
379.71 552.15 0.52 6530.73
484.33 504.96 0.31 8244.45
506.34 549.16 0.48 6576.12
545.48 516.60 0.55 8518.01
486.09 499.16 0.50 7172.68
568.72 530.67 0.49 7867.78
553.26 460.68 0.37 8742.12
548.37 447.81 0.44 6322.36
497.95 378.86 0.36 6716.51
468.64 476.04 0.45 8007.64
537.58 536.50 0.42 8931.79
542.21 517.43 0.49 6386.48
516.52 534.50 0.24 5522.80
422.28 544.76 0.55 6878.93

21850.51582634458
