19 44 29 80 32 31 82 28 58 16 1 52 49 64 75 26 17 70 43 85 77 98 47 95 59 35 72 23 90 41 53 8 76 45 12 56 74 3 39 96 11 27 50 93 68 92 21 84 67 9 79 4 33 60 48 61 51 15 5 6 20 69 22 42 66 99 91 55 57 30 78 86 63 38 18 62 89 37 2 7 46 87 65 10 13 73 24 94 25 34 88 71 81 14 100 40 97 83 54 36 
Best fitness: 2.18
5 19 95 38 86 68 30 84 11 58 45 3 76 42 53 6 67 15 29 59 47 26 77 85 28 89 82 27 50 32 41 43 17 70 98 63 73 75 1 25 94 62 55 72 23 31 66 8 2 65 20 60 22 69 33 48 80 90 51 44 57 35 21 9 4 40 97 79 96 56 18 16 12 7 39 34 52 49 64 100 10 74 87 46 92 99 78 24 14 88 71 37 91 61 13 93 54 83 36 81 
Worst fitness: 2.88

Alpha: 0.50
K: 0.01
Crossover probability: 0.50
Mutation probability: 0.10
Change mutation operator probability 1: 0.15
Change mutation operator probability 2: 0.00