51 37 66 48 1 55 17 69 41 19 42 52 25 68 13 11 18 35 61 50 43 57 24 39 44 20 26 23 38 59 33 4 27 67 6 46 15 5 8 9 29 64 45 2 36 63 49 58 56 3 40 47 7 65 22 31 10 12 14 32 30 62 16 21 70 28 34 53 54 60 
Best fitness: 1.04
39 33 6 45 29 36 44 13 25 51 37 41 19 42 66 48 17 69 55 23 24 50 61 57 43 11 59 56 40 3 46 5 8 9 35 18 30 32 68 10 1 67 27 4 28 65 47 22 31 12 21 38 52 58 20 2 63 49 26 14 16 60 7 70 54 53 34 15 64 62 
Worst fitness: 1.48

Alpha: 0.50
K: 0.01
Crossover probability: 0.50
Mutation probability: 0.10
Change mutation operator probability 1: 0.15
Change mutation operator probability 2: 0.00