377.78 221.12 0.59 1744.37
587.22 274.65 0.35 7167.59
223.17 938.98 0.52 5504.16
272.14 89.74 0.37 4537.85
613.18 887.38 0.50 4885.02
508.01 374.79 0.25 8583.36
920.21 355.12 0.02 3771.83
489.94 5.98 0.26 9232.85
239.90 66.97 0.56 2911.47
714.03 220.83 0.46 5625.19
910.12 79.20 0.39 9543.31
751.47 976.57 0.46 9342.31
29.53 917.31 0.34 7146.71
761.18 988.57 0.48 5596.84
689.40 986.22 0.60 3386.19
301.63 729.65 0.59 9453.85
57.84 952.11 0.54 8401.46
309.34 393.30 0.58 8919.09
54.91 886.00 0.41 5101.31
451.69 845.18 0.56 4890.85
322.01 497.39 0.39 6294.42
877.40 586.97 0.38 9631.34
181.11 388.48 0.24 1046.85
579.24 365.09 0.58 4324.61
95.54 853.99 0.27 4456.64

22130.125889487805
