479.13 433.52 0.42 5226.05
454.38 493.04 0.33 3637.83
500.58 496.22 0.41 7964.28
556.09 524.14 0.47 7371.37
506.74 514.28 0.28 6657.73
593.37 360.21 0.54 8553.29
448.99 527.54 0.44 5733.75
547.97 516.75 0.55 6480.19
534.46 494.16 0.57 7421.52
463.96 446.51 0.60 9066.82
469.36 496.80 0.41 7626.54
483.94 546.27 0.42 10312.80
381.74 510.06 0.54 8487.51
551.60 498.31 0.47 5478.25
469.60 393.24 0.47 8723.03
461.78 480.69 0.51 8313.83
419.68 504.35 0.60 7794.23
523.30 529.05 0.39 8316.64
430.40 520.62 0.47 6984.16
469.85 442.59 0.35 7824.86
519.65 526.34 0.54 9820.28
547.97 439.99 0.35 8985.92
545.30 555.47 0.60 8442.70
499.07 480.95 0.49 6576.74
575.65 546.26 0.58 6956.51
553.86 524.84 0.60 7109.74
473.67 440.53 0.44 10482.46
491.95 492.64 0.39 6653.44
473.83 505.75 0.39 5710.32
488.26 542.04 0.49 6724.48
523.62 491.44 0.34 6072.94
543.96 476.79 0.56 8323.47
509.38 553.51 0.37 9281.66
481.05 403.04 0.49 7818.46
513.35 504.72 0.48 5597.29
491.31 511.55 0.48 7696.93
520.18 549.05 0.47 8435.67
497.92 459.27 0.47 9709.34
504.52 493.12 0.44 7128.36
509.11 422.33 0.53 5250.06
550.05 469.16 0.50 8359.75
582.93 488.84 0.60 10315.70
525.24 553.38 0.31 8354.46
485.79 591.56 0.34 8925.66
477.61 473.79 0.60 5928.99
472.54 475.13 0.34 7829.72
492.95 547.41 0.44 6186.54
379.95 503.48 0.53 9376.19
418.16 475.92 0.34 9884.92
524.52 526.89 0.46 7318.16
580.27 498.71 0.58 10020.77
439.48 526.52 0.46 7566.60
436.07 530.97 0.55 5055.67
487.75 482.88 0.60 7621.71
517.43 492.55 0.43 6970.08
478.10 426.19 0.46 5282.83
446.05 527.21 0.43 9922.95
590.29 540.64 0.49 7745.05
474.86 416.58 0.60 6903.68
490.27 577.51 0.53 8920.72
560.48 485.18 0.43 10377.93
530.04 319.09 0.47 10800.00
473.08 481.70 0.60 9192.57
504.86 470.89 0.40 7015.69
529.27 457.98 0.52 8266.55
490.46 461.10 0.45 6991.36
440.03 401.22 0.47 8995.63
538.95 558.77 0.43 6330.71
446.82 493.84 0.39 8234.87
434.57 513.43 0.50 6582.48
501.74 410.85 0.49 6702.33
458.83 476.56 0.60 7702.06
470.14 481.17 0.59 9550.49
535.67 492.35 0.37 6849.85
547.92 566.04 0.47 7325.45
494.57 469.19 0.52 9963.10
474.15 494.36 0.39 5867.24
403.04 545.86 0.56 5623.74
497.44 480.84 0.60 5296.98
558.50 533.63 0.60 5343.31
501.43 472.66 0.49 9759.94
441.84 366.71 0.45 6979.80
529.30 494.96 0.55 10382.27
455.82 551.36 0.52 7235.43
530.20 465.34 0.53 6072.35
539.64 554.32 0.36 7205.75
431.01 479.82 0.55 10113.60
463.27 470.27 0.37 6604.07
545.34 489.66 0.50 7989.22
537.57 471.56 0.55 6888.21
587.42 389.45 0.51 9018.47
543.48 557.15 0.37 7356.68
527.26 497.52 0.42 9187.74
543.54 538.84 0.30 9583.82
572.22 454.07 0.33 10660.62
497.00 422.18 0.45 6285.38
493.93 426.70 0.55 10162.29
484.99 452.76 0.44 9471.51
544.73 525.16 0.51 8982.85
455.79 522.76 0.37 6097.68
