464.60 450.12 0.57 6673.01
437.71 497.78 0.60 6158.68
532.24 441.38 0.57 9180.15
537.15 529.79 0.60 7920.65
534.70 392.70 0.39 5428.21
615.84 418.92 0.60 10324.42
456.29 535.21 0.50 6306.12
432.50 545.26 0.60 9933.21
482.03 422.39 0.37 9002.62
489.86 519.42 0.53 5681.68
590.33 504.05 0.41 8346.25
476.29 418.91 0.45 5821.17
382.72 496.90 0.45 9029.70
541.06 520.14 0.51 8010.62
542.49 445.10 0.49 10295.39
531.91 518.42 0.53 6730.22
370.19 582.44 0.32 4878.28
457.00 513.38 0.48 6071.05
466.76 528.14 0.41 5200.04
601.69 538.03 0.60 6148.25
478.69 498.09 0.60 6122.41
556.56 599.56 0.46 10304.38
492.89 558.61 0.41 8503.85
512.69 431.04 0.39 10524.38
478.98 504.25 0.58 7567.80
514.27 482.30 0.48 9723.72
532.24 509.38 0.60 8546.28
580.86 571.83 0.60 7601.28
534.60 494.27 0.51 10594.45
477.14 458.76 0.60 6348.97
428.38 566.87 0.57 10618.59
425.84 536.53 0.41 5951.41
455.25 350.59 0.44 10347.41
570.92 444.60 0.54 6397.46
474.96 479.93 0.42 5415.80
493.86 517.37 0.46 6693.24
527.14 452.86 0.50 5408.07
425.19 511.58 0.53 6054.48
567.08 509.58 0.54 6363.68
522.02 481.14 0.60 5797.23
604.04 505.82 0.35 7056.12
551.55 481.07 0.29 9091.97
434.80 583.54 0.58 4548.69
506.23 385.91 0.60 6515.76
509.67 453.16 0.35 6290.51
565.50 474.13 0.60 6061.26
571.12 461.77 0.53 8574.43
487.57 517.19 0.40 5419.94
507.11 476.18 0.41 9314.14
527.55 553.37 0.50 5026.74
494.04 481.82 0.45 6570.40
511.08 539.67 0.53 6585.71
571.41 632.19 0.47 9764.07
509.19 541.37 0.57 7474.25
468.24 466.22 0.43 10031.66
465.23 575.20 0.52 6458.54
433.98 510.50 0.49 6092.01
563.86 474.68 0.46 8187.59
560.44 542.83 0.43 6639.16
481.00 579.43 0.49 6448.09
487.05 507.43 0.60 7081.52
433.16 470.45 0.56 7925.51
482.50 524.00 0.35 8902.21
492.72 503.56 0.47 9665.75
500.60 505.66 0.53 6546.72
473.89 511.07 0.55 6101.13
432.96 444.08 0.53 8792.82
507.71 341.25 0.42 8130.03
495.45 545.22 0.49 9895.61
563.18 471.21 0.36 5164.29
476.41 503.14 0.44 8866.50
570.10 575.16 0.45 7429.29
470.90 462.26 0.34 6117.75
588.30 501.06 0.60 6710.72
447.77 530.12 0.38 5824.81
515.64 562.10 0.60 6306.09
468.90 414.95 0.40 6428.25
447.82 430.34 0.42 7811.81
452.30 486.61 0.39 7792.18
458.25 463.82 0.37 9349.27
520.55 522.52 0.60 5150.81
544.03 592.55 0.60 6027.06
414.92 573.68 0.50 6818.90
504.61 470.67 0.32 8569.01
474.78 485.67 0.51 7499.80
549.00 472.71 0.45 9011.34
536.56 461.59 0.45 7059.78
337.45 516.94 0.54 8495.60
410.59 404.11 0.55 5543.11
500.18 573.01 0.32 6300.23
479.34 346.56 0.55 6976.59
504.91 533.81 0.36 5641.36
531.00 469.84 0.49 5048.99
444.40 509.16 0.47 4962.39
563.44 461.01 0.59 6814.61
474.34 452.25 0.50 7114.21
459.77 540.74 0.36 8071.52
525.51 413.44 0.47 10420.71
461.62 512.05 0.57 5619.32
426.78 463.46 0.59 6142.87
539.10 455.04 0.52 10441.55
482.26 492.61 0.41 8297.94
543.43 498.07 0.50 5020.40
492.85 577.92 0.45 8601.70
495.65 494.83 0.60 5888.72
538.39 587.60 0.60 5178.07
469.06 487.06 0.59 5797.08
460.52 394.35 0.35 8061.81
486.36 516.45 0.46 6565.90
582.63 393.43 0.59 9900.81
440.34 510.48 0.60 5780.29
470.06 462.04 0.57 6305.89
387.59 524.78 0.57 7403.30
566.60 547.76 0.60 10446.50
460.66 463.09 0.57 8190.41
455.69 559.66 0.60 3986.57
522.16 522.97 0.58 8241.28
415.88 429.24 0.45 6157.83
460.75 400.43 0.42 10418.04
498.68 494.53 0.45 9822.53
499.21 465.73 0.42 7868.98
577.20 512.90 0.60 8323.92
444.95 537.54 0.60 5461.92
476.53 577.38 0.55 6570.55
500.31 471.97 0.41 10510.01
