889.66 607.20 581.09 0.35 
871.35 916.79 729.55 0.33 
1124.61 754.13 1623.72 0.34 
638.62 1082.18 2184.04 0.45 
734.62 770.80 1426.88 0.28 
648.71 548.96 1160.04 0.30 
944.70 940.44 1094.28 0.21 
892.32 720.98 973.11 0.48 
743.43 1078.54 1680.91 0.26 
663.25 675.83 1551.00 0.37 
564.81 574.67 1106.51 0.45 
818.86 677.56 2232.74 0.53 
949.65 980.94 2381.72 0.51 
583.88 739.10 2415.05 0.40 
690.39 784.55 992.91 0.53 
1033.34 585.40 1282.06 0.41 
559.34 990.90 2434.15 0.49 
775.01 745.93 2072.15 0.41 
656.97 1235.91 928.36 0.40 
1357.88 989.13 2768.18 0.55 
637.47 574.31 1588.47 0.36 
749.48 652.99 916.04 0.50 
972.08 818.25 727.67 0.38 
1004.09 832.75 1942.54 0.45 
863.17 1187.23 1379.20 0.26 
575.39 774.88 747.30 0.24 
655.95 1362.04 734.59 0.53 
1161.73 940.84 1032.03 0.53 
604.11 771.26 891.18 0.63 
646.39 1170.04 1211.27 0.23 
978.21 913.96 2188.18 0.23 
1045.07 881.47 2772.49 0.47 
638.04 553.73 2371.59 0.44 
1024.91 1377.30 2554.25 0.32 
903.68 802.17 934.41 0.57 
735.37 1910.37 2173.85 0.38 
1476.63 772.94 2283.39 0.57 
1137.49 669.02 1140.49 0.29 
920.95 606.92 1278.00 0.54 
550.75 825.02 748.11 0.45 
810.69 910.20 1598.86 0.27 
558.83 604.69 872.08 0.55 
1090.49 1180.37 2022.12 0.34 
579.30 1457.04 991.84 0.48 
545.14 942.63 1496.94 0.19 
679.19 607.64 1193.23 0.42 
734.63 646.42 1886.65 0.44 
849.31 620.42 1167.06 0.31 
894.20 560.53 1433.97 0.64 
845.99 997.03 1895.60 0.51 
1396.67 641.48 2076.96 0.23 
1010.02 825.39 1723.41 0.23 
1051.81 567.82 1120.68 0.30 
823.15 722.22 2061.02 0.58 
1154.50 809.43 1739.72 0.41 
1276.06 842.48 1364.69 0.32 
942.34 541.43 1646.22 0.62 
715.96 817.33 543.15 0.28 
586.11 743.31 1610.94 0.36 
881.99 1141.52 1680.42 0.34 
1425.07 1020.99 1336.73 0.34 
1033.72 1146.05 1442.93 0.40 
954.32 1046.69 1367.24 0.40 
878.63 670.12 2270.14 0.35 
639.24 706.01 2296.56 0.30 
870.01 569.35 1681.26 0.44 
759.09 1163.30 1871.80 0.60 
559.99 842.48 2311.23 0.48 
742.80 839.16 1670.46 0.37 
921.54 654.77 1048.10 0.34 
785.18 614.36 976.41 0.37 
609.32 1054.81 1601.79 0.48 
783.61 1099.99 1076.36 0.50 
573.22 1019.36 805.19 0.30 
931.47 689.91 591.72 0.46 
1355.24 1128.95 1520.24 0.45 
1045.78 722.51 1714.23 0.20 
781.68 812.89 953.77 0.49 
928.47 921.57 2364.39 0.26 
1274.23 760.04 862.20 0.36 
727.52 700.94 2018.93 0.37 
