962.51 797.50 1350.06 0.39 
853.88 1114.69 2540.92 0.32 
679.13 596.45 1165.41 0.47 
545.63 1129.61 1653.97 0.28 
761.18 652.05 1314.08 0.42 
1051.51 567.88 1839.23 0.34 
838.14 898.04 2211.52 0.32 
1068.18 821.59 727.99 0.55 
571.62 668.48 1798.95 0.40 
577.84 949.91 2055.08 0.19 
917.13 592.11 2470.82 0.44 
1076.85 793.56 1977.44 0.28 
927.75 632.95 933.33 0.51 
682.66 910.11 1073.16 0.43 
579.97 864.61 1085.44 0.41 
622.43 1200.33 754.55 0.40 
762.72 656.13 2690.46 0.28 
1255.06 924.76 855.82 0.55 
1127.06 1173.14 2420.22 0.40 
1146.12 676.85 2275.57 0.55 
660.08 622.67 1711.47 0.42 
1135.42 598.26 1585.33 0.52 
569.63 741.24 2089.94 0.41 
716.29 713.21 652.21 0.32 
962.50 1125.46 558.83 0.52 
1052.60 803.91 1389.57 0.44 
862.63 750.37 2182.89 0.47 
921.27 1057.48 1783.74 0.42 
771.39 589.22 1864.61 0.30 
928.58 767.67 2234.25 0.41 
1242.31 911.60 2106.62 0.45 
927.51 573.27 853.86 0.44 
631.43 710.05 2102.06 0.41 
1052.61 823.03 1196.04 0.46 
623.53 1041.27 1575.09 0.35 
1275.38 685.66 1113.56 0.44 
627.82 714.85 928.15 0.56 
649.16 826.45 2057.66 0.20 
600.65 667.01 1542.06 0.53 
924.11 553.11 1537.61 0.44 
784.55 654.46 1291.98 0.50 
1131.90 670.07 1797.43 0.38 
635.91 1438.29 2577.63 0.42 
863.58 918.01 1103.58 0.48 
1071.34 771.08 1356.68 0.39 
867.64 863.05 639.74 0.34 
561.53 627.96 1364.42 0.33 
550.47 658.00 1323.07 0.24 
1034.37 747.27 941.65 0.34 
663.55 844.50 929.86 0.49 
808.16 694.38 1033.17 0.31 
841.36 1263.34 1024.22 0.43 
602.39 1090.49 2645.60 0.32 
562.27 884.78 1149.92 0.41 
783.12 675.18 1854.18 0.43 
808.47 1540.96 1643.93 0.35 
915.10 1797.63 1678.91 0.57 
838.36 826.50 1967.68 0.41 
1041.75 660.00 2210.17 0.41 
1213.06 664.67 868.44 0.43 
610.06 575.68 821.05 0.21 
1042.41 683.54 1500.45 0.36 
703.70 916.03 1057.61 0.32 
1133.29 638.88 2001.38 0.53 
851.24 1280.88 1881.37 0.46 
603.79 1187.57 3351.56 0.46 
740.35 581.72 812.56 0.25 
862.89 995.91 1116.35 0.31 
571.94 631.94 660.27 0.29 
993.29 682.11 1114.55 0.32 
1212.32 1368.30 1759.12 0.27 
617.48 849.45 1072.50 0.45 
1507.69 640.21 1688.93 0.19 
677.05 1132.77 1778.59 0.39 
1018.95 799.79 1305.94 0.36 
795.79 988.89 1107.45 0.33 
1437.44 686.72 1297.55 0.54 
1098.10 1154.64 1286.40 0.33 
751.36 751.80 1209.80 0.43 
811.49 594.22 1981.28 0.58 
807.97 1081.09 910.09 0.42 
592.47 935.51 1375.69 0.41 
981.67 1079.33 1195.10 0.17 
683.98 613.23 734.12 0.43 
611.38 1087.78 1498.63 0.41 
648.06 1343.78 1223.09 0.46 
651.36 1282.94 908.97 0.44 
862.63 601.21 977.09 0.48 
1069.43 1079.94 2601.54 0.57 
844.44 644.89 2053.35 0.63 
799.39 1006.15 2799.23 0.45 
