583.06 662.89 884.93 0.62 
820.34 585.77 1472.78 0.36 
742.06 978.58 1005.66 0.30 
944.29 1334.78 625.27 0.31 
1042.27 797.74 986.90 0.35 
1278.17 558.60 601.90 0.49 
613.53 712.80 951.41 0.42 
734.33 1159.62 3391.87 0.34 
909.77 850.99 1515.64 0.40 
548.27 929.62 1712.84 0.18 
969.82 633.45 1718.22 0.49 
964.41 965.38 1893.19 0.30 
922.74 1071.12 797.21 0.35 
733.99 765.53 1705.44 0.27 
710.62 828.02 2710.83 0.44 
1065.01 804.20 2509.00 0.34 
940.06 1412.84 1521.42 0.59 
829.96 717.69 1466.57 0.50 
786.94 957.26 1842.56 0.34 
701.83 567.13 1396.49 0.39 
1022.56 885.69 2132.71 0.44 
1035.99 602.77 1819.04 0.47 
744.71 753.56 830.89 0.48 
762.22 808.67 827.98 0.49 
920.56 655.67 1161.93 0.59 
1021.70 1014.39 1943.59 0.42 
615.65 599.50 942.60 0.36 
825.90 562.89 1290.33 0.49 
1443.61 894.13 1701.41 0.43 
859.70 703.38 1164.16 0.43 
692.67 878.29 1465.44 0.44 
567.73 669.37 2208.57 0.32 
626.24 544.80 2905.88 0.45 
637.73 628.63 1854.39 0.31 
963.16 698.63 1601.16 0.44 
868.97 625.93 2042.83 0.38 
723.24 616.83 960.39 0.17 
1057.12 638.65 1944.94 0.38 
816.91 833.41 2775.36 0.52 
579.97 612.63 1104.85 0.38 
667.71 645.89 2257.82 0.42 
658.64 561.05 2374.88 0.39 
767.02 878.54 1997.42 0.27 
1188.60 937.52 2067.49 0.31 
627.22 917.12 1907.40 0.68 
1343.76 753.30 2539.96 0.46 
944.64 639.47 2488.95 0.46 
980.81 769.55 1572.59 0.39 
733.50 576.13 1475.34 0.45 
725.41 691.63 1277.40 0.34 
1582.10 649.30 545.04 0.51 
880.07 851.06 1377.00 0.44 
543.99 837.34 1157.73 0.25 
859.70 1299.46 1805.95 0.27 
1093.32 1312.51 1051.92 0.31 
989.31 702.53 2449.17 0.53 
683.26 541.52 685.01 0.38 
608.47 1104.42 862.76 0.43 
988.78 723.84 1135.83 0.34 
703.49 1133.06 615.07 0.30 
673.80 979.50 1307.45 0.30 
634.76 957.73 541.37 0.32 
1112.71 1533.52 1611.12 0.11 
1387.46 1113.89 589.10 0.47 
969.46 970.93 1976.82 0.40 
956.22 595.51 1015.17 0.46 
833.65 1073.77 1937.48 0.36 
1090.15 700.95 1559.24 0.40 
549.42 789.58 2072.99 0.41 
776.78 1060.79 1453.90 0.56 
751.68 1112.22 1724.58 0.33 
643.33 759.57 935.47 0.28 
1289.78 866.56 2842.89 0.30 
598.77 707.21 1711.35 0.69 
1090.84 812.72 2054.63 0.40 
589.97 559.96 1354.66 0.47 
1132.36 1053.58 717.12 0.40 
609.95 849.58 2140.88 0.38 
681.05 845.80 1409.73 0.61 
1047.95 1004.48 1800.78 0.74 
633.27 795.67 1110.50 0.47 
702.71 669.52 1047.18 0.35 
732.28 1095.58 1825.85 0.47 
570.41 612.35 743.28 0.40 
1438.69 698.41 1397.71 0.40 
986.04 741.40 1626.46 0.34 
882.42 765.37 1331.50 0.45 
889.52 881.21 873.36 0.52 
988.56 774.10 1757.83 0.32 
789.89 658.21 1697.60 0.32 
1006.40 915.97 2187.95 0.48 
575.42 862.53 1049.57 0.34 
579.60 618.59 1096.38 0.31 
672.98 592.44 2308.85 0.27 
1407.29 798.24 1724.31 0.38 
558.41 1036.38 1021.27 0.53 
571.33 659.44 1300.66 0.43 
602.47 582.10 1376.86 0.31 
1242.45 970.44 870.36 0.33 
772.15 1399.21 799.90 0.19 
801.85 1365.88 588.59 0.44 
