710.24 553.25 4690.29 0.48 
541.42 962.96 3495.79 0.46 
824.12 870.07 3631.95 0.28 
948.43 541.19 4651.45 0.42 
580.59 729.21 2842.90 0.40 
677.64 1212.31 3040.63 0.61 
847.45 571.33 4989.16 0.52 
645.02 1452.78 3213.77 0.47 
992.13 578.12 4313.49 0.19 
566.83 1000.05 4797.52 0.44 
980.40 866.05 3776.61 0.24 
744.41 542.77 4414.80 0.49 
719.82 685.69 3993.93 0.35 
920.66 810.05 3324.00 0.34 
551.90 544.65 5132.28 0.42 
665.04 1019.89 3593.39 0.32 
556.57 912.94 4179.92 0.33 
754.75 808.91 4255.00 0.39 
571.77 542.18 3245.54 0.26 
891.27 667.93 4814.43 0.29 
772.94 607.04 4249.69 0.31 
932.38 740.05 4073.36 0.36 
612.90 761.17 5156.33 0.40 
904.38 907.59 3568.35 0.48 
824.18 1282.81 3579.72 0.46 
680.40 736.44 3426.92 0.36 
968.99 785.60 4040.50 0.43 
1022.32 758.25 3942.45 0.38 
759.55 639.29 3995.28 0.39 
702.21 1244.24 3537.87 0.37 
802.96 558.65 4044.96 0.36 
594.50 552.66 4627.31 0.41 
875.04 1318.55 4574.32 0.37 
694.48 1083.36 3246.23 0.15 
1120.24 815.35 3621.87 0.27 
705.16 942.12 3352.55 0.48 
695.67 612.50 3051.72 0.39 
814.43 579.21 4183.21 0.43 
549.25 591.79 4805.70 0.40 
674.64 650.55 3502.15 0.36 
1123.77 608.08 3703.06 0.38 
794.14 1258.49 1974.53 0.30 
545.81 544.58 4035.96 0.35 
629.63 858.73 2942.37 0.28 
976.43 1229.16 5055.66 0.29 
831.46 1220.73 4368.23 0.44 
656.21 890.12 3748.93 0.35 
853.84 1038.55 3253.96 0.46 
1247.01 837.71 3968.24 0.33 
634.95 614.84 3632.33 0.30 
1024.65 1060.18 4130.44 0.29 
867.64 1111.96 4573.07 0.25 
831.67 672.65 4092.26 0.58 
1500.06 627.13 3293.51 0.63 
927.90 650.51 4121.65 0.30 
831.82 632.70 2808.37 0.22 
1024.63 988.14 3157.95 0.30 
775.33 1376.34 5062.39 0.35 
1331.10 971.53 4106.04 0.48 
1045.79 561.37 2652.38 0.43 
554.85 728.13 2993.53 0.28 
737.24 869.08 3813.90 0.44 
821.10 798.50 4589.11 0.43 
563.67 1401.02 4921.36 0.36 
1047.08 547.43 2988.78 0.55 
1030.72 656.86 4277.84 0.46 
783.71 876.17 3712.44 0.39 
805.14 905.76 4179.61 0.37 
670.64 899.40 4570.24 0.37 
1343.71 680.06 3185.75 0.39 
859.51 841.73 5299.43 0.50 
575.85 885.45 4818.68 0.55 
634.54 859.90 4655.06 0.38 
757.04 829.84 4944.43 0.37 
1076.71 896.00 4320.76 0.47 
840.74 629.21 3493.09 0.52 
977.91 770.82 3607.60 0.37 
566.57 1181.59 4227.33 0.29 
1043.83 676.87 4351.32 0.37 
873.03 550.29 3371.57 0.47 
689.53 1018.10 3724.09 0.47 
662.59 643.11 4251.90 0.41 
543.08 799.37 2950.97 0.46 
578.66 1424.51 4116.58 0.32 
618.32 837.58 4230.79 0.46 
758.88 551.17 4901.39 0.38 
1161.33 757.67 3811.66 0.42 
840.65 543.01 3963.16 0.46 
752.59 682.71 3170.83 0.27 
621.12 714.16 3895.92 0.23 
816.31 1064.53 3836.28 0.47 
838.18 834.32 3948.02 0.34 
611.01 676.18 3258.43 0.21 
844.51 1033.29 3057.64 0.51 
691.65 835.19 4567.06 0.44 
610.24 1263.64 3994.15 0.57 
1132.82 788.14 4359.19 0.39 
1064.98 697.83 3060.93 0.42 
1219.38 752.95 3818.87 0.32 
715.79 894.35 4833.33 0.41 
608.45 867.52 4605.45 0.33 
590.18 824.33 3494.06 0.36 
826.62 649.28 3065.46 0.47 
1010.48 1129.81 4063.81 0.37 
820.54 1558.43 4377.16 0.50 
1203.90 867.80 4600.22 0.38 
869.06 678.50 3331.04 0.38 
671.88 825.98 5181.60 0.54 
770.92 542.31 4353.52 0.46 
546.15 1320.00 3547.67 0.65 
855.78 576.04 4918.15 0.44 
960.32 1622.45 5253.65 0.48 
1253.35 1386.84 3287.31 0.43 
765.80 724.83 4377.96 0.47 
651.24 642.76 4749.27 0.27 
1050.00 1497.69 4367.19 0.58 
1204.12 774.74 3400.91 0.34 
809.75 1407.40 4906.75 0.43 
809.48 943.57 4075.12 0.52 
629.17 1691.58 3798.95 0.48 
894.88 610.34 2884.09 0.40 
979.91 636.37 3113.50 0.40 
578.64 1291.44 4223.97 0.49 
827.54 779.20 3634.21 0.47 
568.68 1124.46 5066.38 0.32 
541.71 1096.89 4687.85 0.44 
799.11 970.87 4442.18 0.41 
687.01 709.95 4952.03 0.50 
675.78 821.11 3769.74 0.46 
598.30 958.22 3316.43 0.39 
1075.85 913.92 3912.18 0.48 
675.11 1052.20 3908.28 0.53 
842.30 561.67 5717.11 0.33 
729.33 1287.69 3862.86 0.42 
664.66 898.13 3947.78 0.39 
1124.02 594.42 4014.81 0.53 
756.07 708.19 3962.77 0.52 
769.48 1435.46 3785.02 0.47 
809.73 677.32 4205.86 0.44 
552.28 729.64 3668.16 0.48 
813.58 843.46 4965.04 0.48 
857.13 606.31 3847.56 0.54 
918.97 1140.13 3926.44 0.43 
1027.44 973.78 4607.72 0.50 
668.84 1325.53 3245.56 0.35 
666.14 721.95 4765.20 0.55 
812.73 719.57 3983.89 0.49 
977.05 1098.50 3207.97 0.39 
563.43 993.85 3442.09 0.21 
875.29 598.65 3307.35 0.37 
662.70 933.85 3863.82 0.25 
