1067.27 696.21 3905.23 0.35 
1228.29 604.26 4120.76 0.31 
1002.10 1064.03 4734.85 0.19 
757.30 1076.75 4716.94 0.49 
720.50 1279.34 3419.17 0.60 
683.61 756.94 3332.97 0.43 
740.50 735.44 3418.48 0.28 
775.41 540.96 3766.48 0.51 
795.44 655.60 4531.71 0.39 
874.12 877.02 4816.73 0.28 
802.11 577.24 4388.80 0.34 
888.76 710.86 3808.87 0.49 
693.00 788.15 3625.78 0.43 
562.98 949.78 3818.27 0.66 
938.31 579.73 3774.03 0.32 
614.02 616.24 5118.35 0.42 
626.36 914.99 4541.26 0.43 
711.53 675.36 5436.39 0.32 
1090.08 818.81 4380.24 0.31 
847.17 641.70 4194.60 0.32 
707.96 621.04 2875.07 0.46 
799.25 1092.46 4526.93 0.30 
1003.98 1321.88 3451.88 0.46 
981.88 1244.64 3724.18 0.34 
635.56 763.81 3273.77 0.49 
626.31 747.11 3536.13 0.28 
1008.35 1546.56 3638.17 0.32 
550.87 1193.44 4515.92 0.33 
640.04 665.22 5477.75 0.59 
659.07 606.47 3722.45 0.45 
652.83 702.68 3939.57 0.26 
697.35 560.88 4265.76 0.28 
581.79 794.65 2550.86 0.24 
600.38 659.94 2331.17 0.48 
785.70 887.80 3884.99 0.38 
587.70 584.26 4033.57 0.25 
621.51 711.84 5263.48 0.34 
606.61 651.99 3924.07 0.62 
810.20 662.23 3271.24 0.33 
1117.15 668.56 3633.05 0.35 
580.67 1462.64 2698.30 0.27 
