647.71 688.91 3702.34 0.33 
1153.94 985.46 4058.93 0.39 
597.16 1222.53 3844.99 0.49 
790.75 573.84 4730.40 0.35 
783.44 672.90 4603.76 0.64 
870.55 840.60 3207.63 0.32 
893.30 889.67 4324.24 0.52 
625.05 725.87 2923.49 0.27 
1172.16 561.69 3286.35 0.51 
737.20 1063.53 3174.98 0.52 
888.96 942.25 4903.84 0.35 
1204.17 1005.55 4368.90 0.38 
559.69 545.07 3662.68 0.21 
1268.49 891.38 3512.94 0.38 
557.36 652.65 3563.62 0.34 
648.39 1039.65 3498.10 0.38 
668.18 767.83 3957.46 0.40 
565.81 765.88 4533.90 0.27 
1193.11 790.17 4487.28 0.45 
683.16 773.32 4226.52 0.30 
592.53 903.85 4831.89 0.33 
767.34 731.12 4365.95 0.49 
610.64 980.87 3647.51 0.54 
1247.61 834.54 6066.55 0.58 
1233.92 870.30 2900.14 0.56 
668.25 595.78 4535.93 0.41 
835.90 928.56 4776.77 0.56 
1264.33 572.81 3509.19 0.38 
1409.77 551.48 3300.67 0.22 
1138.66 765.49 4062.39 0.35 
939.82 583.70 3809.74 0.49 
578.30 898.05 3029.17 0.37 
1539.66 597.00 3488.74 0.33 
626.84 996.45 3756.40 0.44 
614.10 607.65 4529.01 0.41 
629.23 1388.31 3536.06 0.53 
828.33 776.69 4007.00 0.53 
570.93 993.01 4248.93 0.43 
742.60 948.67 4379.18 0.29 
1109.27 640.13 4175.55 0.33 
1461.76 784.36 4250.19 0.53 
617.09 648.51 4047.45 0.19 
960.13 980.03 3219.12 0.45 
838.74 1580.14 3498.09 0.42 
1498.37 729.52 4339.16 0.35 
690.93 1219.73 4848.36 0.57 
862.79 647.18 4697.68 0.40 
901.00 952.54 3615.54 0.48 
749.12 679.38 3002.50 0.43 
1022.24 770.38 2896.62 0.61 
815.17 1006.22 3542.19 0.22 
1022.22 942.84 4226.49 0.41 
1038.39 819.19 3687.97 0.57 
603.45 717.65 4302.01 0.15 
1196.72 572.59 3279.47 0.41 
664.78 925.59 3475.69 0.41 
1002.68 608.87 4302.06 0.41 
707.98 1075.67 3717.19 0.57 
656.86 1113.38 4136.16 0.25 
827.08 730.85 2978.31 0.36 
859.14 1323.89 3224.67 0.36 
693.27 638.35 4146.96 0.37 
587.93 899.66 5380.25 0.41 
719.02 946.25 4400.48 0.56 
663.35 912.87 4509.49 0.41 
1294.96 1041.19 3288.54 0.40 
619.91 710.43 3452.02 0.47 
971.13 1083.44 3350.18 0.24 
973.26 1001.57 3359.77 0.40 
869.47 838.65 3864.70 0.38 
795.55 820.43 3122.70 0.37 
642.23 1129.69 5652.60 0.41 
751.82 1049.35 3470.48 0.30 
628.41 617.82 3104.70 0.42 
1164.77 816.07 3992.83 0.26 
683.68 1008.60 3951.74 0.44 
884.93 705.06 4262.89 0.44 
969.34 607.18 4424.58 0.18 
1080.92 1014.92 4514.27 0.56 
829.87 856.70 4771.13 0.58 
576.13 721.82 4320.74 0.32 
