562.40 821.44 4880.79 0.41 
577.43 1413.53 3800.44 0.58 
688.15 624.91 3514.41 0.40 
634.53 634.98 4696.00 0.50 
556.84 1142.81 4393.96 0.42 
726.42 846.51 4064.03 0.40 
782.78 760.71 3858.00 0.40 
881.41 927.11 4222.45 0.29 
654.34 658.10 4387.85 0.45 
982.76 845.42 5963.90 0.33 
694.78 649.28 4411.12 0.24 
1176.53 579.19 3549.82 0.36 
1000.32 632.57 5096.22 0.35 
797.23 622.60 4840.09 0.30 
752.92 1035.04 4928.14 0.37 
849.75 755.68 3398.24 0.52 
1110.10 1143.11 4214.79 0.32 
684.06 843.43 4183.11 0.26 
1018.76 834.38 4159.86 0.57 
670.95 605.82 5423.74 0.36 
583.15 825.20 4492.77 0.40 
719.41 652.88 3207.84 0.26 
1142.37 760.60 3034.68 0.24 
990.93 890.02 4035.30 0.44 
990.36 879.89 3952.09 0.27 
584.93 1633.46 3779.46 0.35 
568.55 607.04 5149.13 0.42 
557.34 1154.40 3817.79 0.38 
849.72 823.57 4733.27 0.32 
674.90 652.49 3701.93 0.46 
818.52 828.14 4150.18 0.42 
624.72 581.58 3032.94 0.17 
698.67 655.00 4739.11 0.47 
581.89 733.26 4190.48 0.31 
681.65 637.79 4196.54 0.46 
876.50 658.20 4011.40 0.38 
705.07 758.70 5066.72 0.51 
1072.72 681.08 3958.32 0.48 
619.10 779.45 4090.21 0.47 
815.74 1246.31 3229.80 0.34 
714.59 566.81 3680.18 0.41 
677.84 576.95 3545.41 0.34 
718.79 571.96 5297.96 0.15 
614.34 811.74 4075.09 0.49 
543.17 758.04 3398.13 0.30 
611.57 591.62 4194.40 0.47 
729.52 608.63 4193.58 0.40 
1525.48 788.81 4309.24 0.35 
628.10 973.12 4328.31 0.37 
716.81 1112.45 5403.03 0.45 
842.37 591.81 4138.29 0.52 
542.48 1098.62 3663.58 0.45 
1064.08 1074.69 5329.44 0.32 
744.09 830.19 4771.61 0.34 
689.13 634.37 4074.27 0.28 
873.99 540.86 2974.44 0.36 
1239.67 594.58 4882.65 0.51 
593.23 1064.50 3558.45 0.30 
693.51 1007.55 4428.79 0.30 
712.90 711.23 3588.91 0.51 
871.29 975.60 4225.21 0.46 
559.21 725.26 3259.90 0.52 
634.31 945.13 4120.61 0.53 
1036.75 588.51 4689.96 0.36 
708.25 728.22 3846.22 0.49 
815.38 1145.40 3431.01 0.52 
583.70 564.35 3784.18 0.59 
796.70 1212.43 3753.68 0.40 
735.91 713.04 3085.76 0.44 
643.83 780.13 4540.10 0.25 
644.61 771.23 4678.11 0.48 
554.38 557.70 3442.39 0.41 
968.29 944.29 4699.90 0.42 
791.17 887.33 4073.18 0.19 
793.99 681.44 4141.19 0.32 
613.44 878.73 4333.60 0.33 
939.63 935.22 3686.47 0.50 
1022.35 943.82 3353.37 0.28 
1028.40 928.34 4279.76 0.19 
1010.38 729.03 4301.20 0.41 
1180.47 829.09 5117.15 0.26 
809.20 653.07 3702.92 0.49 
687.03 821.93 4091.34 0.63 
612.58 591.83 3567.01 0.68 
786.08 900.63 3895.36 0.51 
677.74 847.53 5254.21 0.39 
821.79 878.01 4163.44 0.41 
586.04 786.56 5405.48 0.36 
652.55 782.03 3178.01 0.56 
587.29 748.30 3337.07 0.29 
779.35 1222.56 3796.41 0.39 
847.29 575.83 2934.11 0.55 
870.69 1351.13 3719.00 0.44 
702.45 542.47 3542.93 0.34 
1271.55 675.34 4351.65 0.36 
821.35 735.41 3923.71 0.31 
1134.24 1117.55 4400.74 0.43 
872.35 850.00 3887.11 0.45 
1141.93 573.03 4026.67 0.42 
1166.61 873.00 4839.79 0.37 
600.44 681.31 4236.72 0.34 
866.16 577.37 3890.35 0.25 
1219.04 1035.57 3565.85 0.46 
686.70 828.54 5050.10 0.34 
1092.44 783.23 3845.37 0.52 
851.74 729.59 3037.82 0.34 
1255.99 790.79 4224.01 0.32 
804.56 1375.08 3899.43 0.48 
874.92 937.16 4623.46 0.22 
1207.34 776.53 4066.90 0.48 
553.98 1136.23 5305.35 0.31 
894.11 880.75 4284.32 0.36 
800.65 910.71 4579.18 0.38 
1037.00 704.78 4565.75 0.57 
876.50 1258.81 3733.66 0.30 
654.22 911.85 4415.57 0.31 
582.19 870.89 4544.96 0.11 
677.32 729.23 4270.49 0.55 
1079.00 631.33 3316.09 0.37 
1097.56 579.59 3225.55 0.39 
1308.50 801.61 2665.53 0.39 
1198.07 578.21 3822.06 0.51 
852.99 1332.77 4244.82 0.39 
544.01 639.14 3535.20 0.35 
836.81 971.47 3794.05 0.34 
588.13 853.09 4247.71 0.56 
699.64 1226.72 3710.50 0.28 
831.57 991.06 3517.16 0.44 
778.18 865.08 4837.94 0.38 
755.54 1366.61 2509.10 0.40 
1298.72 603.33 3707.47 0.53 
589.12 890.98 3875.34 0.33 
682.93 611.71 4300.85 0.25 
773.68 615.64 3067.00 0.26 
629.75 818.48 4296.42 0.56 
541.63 1050.72 4140.50 0.35 
857.74 964.02 4296.41 0.49 
889.49 763.49 3592.11 0.46 
948.77 664.98 4584.77 0.47 
568.08 1333.13 4078.36 0.41 
549.89 833.88 4189.11 0.47 
936.85 1181.48 4091.36 0.50 
1317.19 903.37 3292.64 0.43 
927.49 701.16 4036.05 0.33 
714.48 556.18 4483.35 0.24 
803.15 818.09 3333.51 0.48 
792.99 605.87 4503.61 0.59 
769.57 792.77 4775.62 0.34 
596.27 693.38 3351.50 0.45 
599.58 821.17 4134.96 0.47 
766.79 1062.69 3382.73 0.45 
1132.34 1172.13 4079.80 0.44 
557.19 864.91 4252.86 0.37 
832.08 965.75 4285.41 0.41 
543.22 733.19 4052.65 0.26 
902.78 695.10 3900.82 0.49 
931.83 794.24 3674.88 0.52 
583.62 1008.28 4212.43 0.55 
683.00 1365.36 2940.80 0.49 
793.82 646.39 4141.25 0.51 
1070.07 829.75 3011.54 0.40 
789.33 604.24 3074.21 0.41 
838.28 891.68 3617.70 0.40 
569.55 658.97 4727.49 0.46 
788.23 1482.29 3294.07 0.59 
773.38 741.03 3833.98 0.32 
869.61 610.97 2770.69 0.48 
649.14 1017.30 2930.20 0.32 
933.24 550.42 3412.91 0.34 
890.62 616.25 4418.25 0.46 
830.96 809.40 3502.80 0.39 
990.35 613.29 5156.68 0.41 
592.50 812.71 4361.85 0.47 
745.56 587.63 4384.20 0.63 
882.19 745.36 3382.01 0.58 
965.20 700.84 3777.54 0.31 
569.00 1617.49 3732.55 0.43 
727.47 743.25 4098.56 0.43 
565.63 713.27 3059.35 0.54 
1109.89 887.86 2368.38 0.58 
663.22 643.32 1995.73 0.47 
1524.33 697.05 3793.01 0.45 
721.18 575.13 3873.86 0.37 
713.64 837.28 4160.47 0.36 
1078.96 1041.02 3772.77 0.42 
628.10 1427.74 3984.32 0.31 
610.02 701.44 5006.74 0.52 
1104.17 1314.94 3963.44 0.45 
927.89 954.82 3760.05 0.29 
580.73 570.40 3451.05 0.48 
551.67 984.18 4523.73 0.47 
982.36 1128.63 3460.78 0.37 
668.27 577.11 5170.23 0.39 
623.84 1516.96 3695.06 0.54 
580.99 555.37 4377.13 0.29 
827.06 670.93 4788.45 0.45 
1119.17 1319.27 4493.29 0.44 
1285.91 718.99 3477.95 0.34 
858.95 719.05 5627.66 0.25 
728.48 541.03 4488.92 0.49 
577.13 780.23 3265.63 0.30 
