597.27 737.56 2728.72 0.55 
708.25 1147.87 3404.59 0.45 
619.40 861.25 4655.35 0.39 
618.79 542.31 3325.09 0.37 
659.64 936.28 3769.52 0.37 
568.94 814.61 4099.43 0.46 
801.60 709.78 2951.49 0.39 
563.55 743.61 3959.66 0.39 
1074.33 984.38 4399.59 0.36 
669.06 758.97 3723.73 0.32 
1638.45 1210.03 5142.85 0.37 
857.11 870.05 3986.02 0.37 
1090.53 678.06 3086.77 0.43 
851.22 689.67 4503.85 0.40 
742.79 737.97 4536.49 0.40 
1180.23 1086.09 4493.81 0.42 
863.95 1157.27 4430.25 0.44 
544.64 986.40 4466.19 0.41 
540.37 612.01 3892.81 0.43 
798.46 616.68 3295.04 0.32 
1020.42 789.00 4564.15 0.34 
789.84 821.14 4632.46 0.42 
758.94 698.31 3364.62 0.37 
1210.52 966.37 3618.85 0.52 
1371.34 557.20 3708.16 0.28 
1504.91 686.49 5021.34 0.40 
687.83 618.18 5328.73 0.37 
782.74 649.87 4416.63 0.53 
1000.19 766.66 3397.84 0.40 
609.58 574.90 4081.48 0.42 
586.68 732.82 3611.09 0.43 
725.92 779.52 3395.54 0.57 
714.59 612.62 3424.98 0.56 
942.55 747.64 3736.13 0.51 
990.80 745.39 4442.04 0.44 
851.00 864.35 4079.64 0.39 
1077.57 550.56 4061.51 0.44 
599.50 793.23 4381.22 0.45 
799.27 1316.83 4656.61 0.46 
867.15 705.78 3434.81 0.29 
582.79 822.76 4691.27 0.17 
687.99 668.75 4385.46 0.43 
1287.94 583.57 5801.80 0.47 
629.00 1355.12 3925.93 0.26 
687.88 627.68 4537.71 0.36 
723.61 742.31 2980.89 0.38 
717.68 1024.10 4276.19 0.47 
1154.94 999.63 5591.78 0.28 
817.26 707.89 4172.66 0.26 
997.07 788.58 3662.95 0.48 
977.65 628.97 3130.12 0.64 
670.73 1149.65 4979.10 0.48 
615.54 543.73 3300.11 0.61 
618.67 570.39 3133.13 0.66 
603.00 714.28 3449.72 0.44 
1358.87 675.49 4284.40 0.36 
708.56 627.40 4728.67 0.58 
813.45 755.35 3550.19 0.46 
838.90 812.72 3577.46 0.30 
1128.50 593.36 3393.89 0.49 
722.87 806.73 4406.37 0.22 
821.46 1067.91 4834.23 0.51 
1460.10 630.59 5354.51 0.38 
989.21 723.27 4136.21 0.44 
696.96 1608.31 3051.78 0.42 
541.11 682.16 3734.32 0.39 
545.41 683.20 2808.37 0.25 
552.98 590.39 3407.71 0.41 
665.53 815.54 4198.79 0.47 
562.25 1471.21 5332.99 0.40 
904.26 701.39 4238.65 0.45 
