672.56 959.74 2791.40 0.40 
827.79 680.82 3744.79 0.43 
807.80 767.67 3368.10 0.48 
877.11 915.13 3914.81 0.21 
1587.55 698.78 4614.40 0.32 
715.73 645.03 3422.36 0.43 
679.75 762.90 4507.97 0.34 
890.81 860.64 3617.69 0.42 
788.99 935.39 3859.53 0.26 
1070.64 841.85 5331.79 0.25 
577.49 752.45 4230.22 0.46 
572.72 606.62 5106.08 0.35 
597.04 1029.13 4101.65 0.23 
607.89 859.97 3714.91 0.43 
569.84 1049.15 3908.64 0.35 
630.14 695.10 5357.23 0.31 
663.04 693.40 2654.75 0.37 
1016.70 817.64 3197.82 0.47 
776.51 675.06 3750.99 0.41 
580.87 569.95 4570.33 0.42 
766.54 641.46 4915.42 0.39 
829.63 1076.91 4030.15 0.47 
720.48 603.68 4864.38 0.64 
849.16 881.24 5175.28 0.32 
837.72 580.74 3676.16 0.39 
659.31 1517.48 4096.92 0.32 
1147.00 965.43 3545.42 0.60 
820.08 931.82 2948.18 0.37 
1387.22 1048.63 4009.05 0.51 
668.03 541.28 4704.31 0.51 
690.97 1040.07 5971.94 0.41 
