1373.60 829.32 3859.61 0.45 
1454.22 674.48 3968.52 0.40 
1067.26 836.62 2834.74 0.58 
704.66 727.15 4276.96 0.40 
1135.62 1627.74 4585.27 0.32 
1016.05 596.20 4067.60 0.47 
841.97 1339.24 3883.26 0.41 
627.36 1029.78 3053.56 0.40 
544.32 865.87 4722.64 0.33 
597.12 785.00 4623.24 0.40 
592.55 753.69 3496.92 0.42 
767.74 558.64 4829.18 0.18 
637.36 588.58 3872.06 0.50 
640.76 611.43 3985.83 0.41 
556.34 905.91 3305.12 0.32 
861.65 869.40 4198.53 0.29 
916.54 589.84 3429.85 0.46 
594.55 801.11 4290.76 0.36 
924.47 763.20 3015.71 0.45 
866.66 560.16 5356.78 0.44 
636.30 631.84 3879.60 0.29 
