575.12 931.71 3464.35 0.46 
1126.10 626.99 3760.87 0.42 
634.25 757.10 3754.31 0.51 
854.75 727.11 4612.96 0.48 
674.34 981.73 3501.33 0.48 
879.99 845.02 4111.82 0.38 
708.15 660.40 4598.98 0.27 
580.67 974.07 3303.80 0.44 
1182.66 1021.22 4960.31 0.42 
1082.11 723.86 2882.91 0.28 
1328.30 1332.42 4489.04 0.41 
1054.10 1427.74 4176.62 0.49 
923.99 1067.22 3559.13 0.42 
924.27 1078.78 4653.98 0.30 
674.52 580.19 2452.03 0.44 
703.57 614.60 3740.08 0.56 
1125.47 602.90 3501.09 0.45 
597.13 668.96 3714.52 0.53 
1087.44 761.02 3373.62 0.40 
637.50 845.95 5016.47 0.58 
815.50 804.40 3201.79 0.56 
859.88 1136.07 3661.89 0.42 
669.83 1139.59 3820.01 0.34 
915.91 938.05 3614.09 0.42 
679.99 779.34 4257.64 0.37 
1111.83 667.48 3545.62 0.35 
1033.59 645.15 3477.31 0.30 
1226.60 540.43 4402.99 0.45 
667.57 906.23 2748.88 0.31 
655.30 694.25 3394.80 0.33 
1010.97 648.74 4748.25 0.33 
823.33 708.85 2845.74 0.40 
772.09 660.84 4105.73 0.55 
814.04 1130.70 4341.64 0.43 
580.68 895.72 3631.39 0.51 
873.75 707.76 3078.35 0.34 
1067.30 965.28 5161.87 0.31 
699.68 864.54 4724.07 0.40 
1516.84 1085.70 2843.42 0.42 
767.44 1025.17 4908.86 0.26 
559.81 632.12 4101.41 0.56 
599.63 587.98 5193.76 0.38 
926.05 905.32 4389.05 0.44 
1126.29 671.44 4559.40 0.62 
603.85 556.15 3862.46 0.50 
1148.18 796.50 4023.98 0.32 
556.08 828.11 4919.47 0.46 
819.69 1573.81 1846.30 0.44 
669.22 1187.82 4530.12 0.43 
715.59 791.28 5228.24 0.27 
1053.83 1087.06 3900.34 0.43 
756.04 1110.61 4650.30 0.39 
670.90 941.44 4187.13 0.44 
1094.88 592.56 3024.60 0.22 
731.10 833.91 4848.92 0.31 
653.38 791.24 4262.21 0.38 
1338.26 687.48 4174.49 0.43 
780.71 937.86 4597.02 0.40 
1248.50 755.17 3792.97 0.31 
540.57 1007.74 4453.24 0.41 
823.76 748.29 3834.07 0.46 
1246.17 602.22 4370.14 0.41 
548.99 895.77 3503.75 0.42 
763.09 832.69 4884.33 0.23 
586.41 718.30 4549.04 0.51 
811.92 1237.55 3382.38 0.33 
990.03 722.88 3167.92 0.29 
700.51 634.65 3730.00 0.47 
1054.01 673.68 4390.96 0.28 
936.69 586.90 2924.45 0.42 
685.76 961.78 3620.77 0.28 
692.77 671.81 3628.70 0.25 
691.74 706.54 4199.21 0.27 
904.08 595.98 3854.43 0.35 
816.13 966.05 4373.14 0.46 
1030.19 894.41 4124.91 0.28 
1284.46 920.23 3254.01 0.26 
549.33 721.43 4108.02 0.51 
1183.95 652.18 5055.62 0.32 
844.81 894.98 3720.28 0.43 
1198.74 957.83 3462.38 0.35 
818.09 980.92 4898.54 0.24 
765.75 742.78 3722.97 0.38 
1147.10 743.67 4874.34 0.56 
738.37 683.18 3397.17 0.28 
695.91 1063.15 3211.30 0.38 
1029.75 810.13 3905.41 0.45 
725.22 653.93 4801.56 0.40 
886.47 650.86 3906.49 0.29 
775.46 690.46 3793.40 0.27 
604.05 946.34 4548.90 0.45 
854.58 615.40 4190.26 0.38 
644.96 572.23 3090.16 0.47 
861.96 953.40 4026.45 0.43 
881.68 1440.65 3240.90 0.46 
705.74 925.75 3682.82 0.52 
936.56 767.73 4597.98 0.42 
909.58 998.20 4309.16 0.41 
557.80 1051.94 4360.11 0.44 
720.52 1240.60 3873.17 0.42 
665.69 999.25 2518.77 0.39 
