733.92 643.40 5146.70 0.47 
621.92 558.68 4544.14 0.27 
654.14 862.78 3532.77 0.47 
1066.11 566.73 2944.89 0.27 
718.38 975.46 4663.34 0.26 
617.76 544.17 4938.55 0.31 
559.73 540.86 2681.17 0.37 
721.71 997.07 4061.98 0.18 
875.13 898.92 4247.40 0.34 
656.95 822.41 2989.04 0.42 
955.60 679.96 2822.72 0.48 
958.20 1161.34 3354.62 0.32 
861.70 709.84 3339.58 0.34 
834.18 627.28 3960.42 0.39 
556.46 553.54 5057.02 0.54 
559.31 1185.61 5420.17 0.35 
1163.56 804.78 4525.04 0.39 
647.88 861.66 3673.57 0.42 
1145.69 1344.43 5316.63 0.36 
872.20 980.96 4862.71 0.38 
1050.75 627.36 3520.58 0.39 
696.55 822.01 3388.26 0.24 
723.91 602.88 3862.87 0.38 
542.67 966.78 4257.37 0.56 
1483.43 908.83 3589.37 0.43 
591.88 602.44 3787.11 0.45 
692.53 591.51 4511.47 0.60 
656.34 924.23 3281.13 0.39 
1100.96 1439.85 4093.34 0.29 
797.01 680.50 3348.05 0.37 
899.30 541.66 3497.58 0.45 
671.65 1128.41 4013.52 0.46 
800.13 1542.61 4407.97 0.31 
600.55 928.84 5594.09 0.42 
888.84 590.35 4462.91 0.33 
762.57 764.00 3336.45 0.44 
565.02 844.62 3329.62 0.25 
784.52 989.60 4027.62 0.31 
1227.27 711.54 3106.13 0.24 
643.22 909.55 5184.71 0.59 
922.21 924.28 3208.99 0.25 
1121.15 687.82 4972.52 0.46 
836.90 578.78 5347.11 0.30 
808.00 862.87 3816.85 0.47 
967.65 635.49 3651.24 0.38 
606.94 1186.69 4185.94 0.42 
582.10 828.00 3756.56 0.37 
619.06 1188.74 4420.26 0.39 
591.35 775.02 4084.87 0.41 
984.34 1120.37 4398.16 0.35 
744.17 905.82 3097.50 0.21 
940.48 824.63 3144.41 0.31 
628.63 689.14 3403.07 0.34 
623.94 772.76 4082.66 0.43 
579.68 624.36 4374.07 0.43 
830.94 920.45 4706.58 0.34 
888.93 841.64 3763.65 0.33 
999.41 909.49 3898.42 0.30 
1263.46 840.16 3210.07 0.06 
899.02 839.72 5926.84 0.38 
803.96 860.19 2000.90 0.41 
875.71 576.40 3518.35 0.50 
831.39 682.50 3342.06 0.53 
621.42 1144.13 4105.99 0.39 
606.00 1110.59 3358.16 0.23 
941.99 908.95 3304.55 0.27 
656.41 729.76 5055.47 0.55 
769.70 640.35 3571.70 0.43 
890.06 570.08 4527.40 0.43 
797.96 742.98 4707.83 0.32 
591.76 992.12 4691.26 0.33 
1113.05 690.13 3351.33 0.60 
817.15 563.45 4355.02 0.17 
654.24 743.30 3714.21 0.35 
839.54 834.41 4669.32 0.46 
711.52 881.62 4747.00 0.21 
746.64 873.61 4289.28 0.30 
666.55 1004.94 3358.80 0.43 
574.99 1113.95 3716.15 0.35 
1209.27 963.19 3947.23 0.50 
943.84 1140.91 3521.72 0.53 
907.26 864.57 3341.25 0.16 
872.03 1252.83 3004.86 0.33 
624.12 1124.57 3648.70 0.32 
966.50 900.55 4621.51 0.45 
1127.99 700.55 3351.66 0.38 
838.65 766.03 4348.12 0.33 
915.27 572.83 3096.59 0.34 
572.19 602.65 3283.78 0.37 
698.95 768.00 4053.69 0.43 
735.92 542.03 2961.58 0.30 
