465.880000 521.000000 0.070000 4268.800000
542.070000 618.980000 0.110000 4079.090000
555.180000 523.300000 0.110000 7212.100000
538.730000 509.610000 0.250000 6026.980000
474.280000 578.180000 0.270000 5101.350000
493.730000 490.300000 0.070000 1587.930000
338.710000 496.940000 0.330000 4952.040000
538.310000 480.800000 0.250000 1722.410000
476.840000 505.540000 0.160000 5631.940000
489.440000 503.340000 0.270000 1458.050000
487.440000 490.660000 0.260000 7418.810000
475.320000 537.540000 0.160000 893.400000
398.510000 588.570000 0.120000 3319.120000
473.530000 519.890000 0.040000 5038.030000
499.740000 484.400000 0.100000 5002.570000
486.610000 532.320000 0.370000 3101.260000
429.620000 529.790000 0.220000 4115.540000
490.740000 511.400000 0.020000 6619.290000
548.370000 511.770000 0.210000 3743.080000
529.840000 522.280000 0.310000 1448.730000
446.800000 426.920000 0.320000 6429.920000
483.140000 379.170000 0.130000 1140.140000
420.620000 484.130000 0.190000 5272.590000
428.740000 507.900000 0.160000 7174.930000
404.090000 584.430000 0.140000 5648.750000
503.800000 436.300000 0.300000 7607.480000
477.950000 457.410000 0.360000 3363.850000
451.920000 493.190000 0.230000 3111.900000
481.270000 565.340000 0.330000 2549.030000
578.280000 477.200000 0.210000 7196.750000
509.340000 488.860000 0.100000 2838.710000
469.530000 503.580000 0.200000 7535.720000
490.620000 487.170000 0.190000 7622.060000
455.010000 497.270000 0.170000 4348.980000
528.110000 553.070000 0.170000 7962.010000
545.890000 510.680000 0.110000 913.630000
473.960000 493.530000 0.040000 2692.560000
510.950000 467.260000 0.180000 3277.610000
463.880000 580.320000 0.370000 6550.080000
608.190000 416.620000 0.200000 3094.310000
544.950000 449.500000 0.340000 1582.900000
478.790000 517.350000 0.230000 1931.170000
525.720000 434.500000 0.220000 2326.050000
588.110000 552.940000 0.310000 7599.630000
569.570000 490.490000 0.200000 7165.030000
479.580000 488.730000 0.140000 2762.180000
493.320000 494.140000 0.100000 5324.910000
609.950000 548.560000 0.180000 7367.000000
505.240000 485.760000 0.340000 3516.880000
555.710000 545.890000 0.180000 1316.550000
540.670000 471.490000 0.260000 7343.780000
500.210000 490.000000 0.150000 7000.190000
454.780000 388.490000 0.030000 2786.890000
393.800000 491.260000 0.240000 7467.120000
497.250000 456.790000 0.370000 944.010000
472.300000 551.780000 0.230000 5755.910000
441.100000 488.140000 0.180000 3100.130000
444.980000 514.500000 0.380000 1159.240000
501.580000 536.870000 0.230000 2401.700000
602.910000 547.860000 0.310000 4932.720000
502.930000 516.370000 0.150000 1169.090000
567.850000 462.290000 0.190000 2555.640000
455.290000 481.550000 0.330000 5252.520000
536.650000 509.590000 0.170000 1720.900000
497.050000 519.030000 0.420000 1921.480000
469.700000 616.260000 0.200000 3511.940000
472.040000 536.110000 0.290000 6732.830000
508.510000 401.410000 0.320000 7124.100000
487.900000 506.550000 0.200000 6214.730000
556.690000 425.020000 0.130000 7424.650000
596.010000 474.650000 0.120000 7561.240000
443.200000 506.230000 0.480000 2176.330000
525.130000 479.210000 0.090000 7141.070000
497.930000 493.960000 0.250000 6373.360000
445.350000 615.830000 0.220000 1948.330000
521.710000 501.710000 0.090000 7762.950000
448.390000 495.570000 0.180000 2235.430000
488.320000 545.470000 0.190000 2381.350000
558.820000 505.940000 0.140000 2043.890000
584.940000 551.960000 0.100000 939.200000
509.140000 549.930000 0.240000 6180.070000
550.340000 503.490000 0.140000 908.230000
467.330000 475.300000 0.320000 1483.060000
580.700000 516.850000 0.080000 2887.610000
520.090000 459.010000 0.180000 6732.640000
480.660000 468.380000 0.210000 3447.580000
508.820000 480.550000 0.250000 1277.220000
532.810000 594.680000 0.170000 7437.790000
450.770000 494.660000 0.010000 1749.670000
466.280000 603.840000 0.280000 4380.990000
432.770000 450.670000 0.170000 1699.130000
466.950000 509.690000 0.190000 6240.720000
379.850000 490.410000 0.270000 7425.550000
512.440000 480.280000 0.290000 7060.260000
464.130000 529.560000 0.110000 1023.630000
485.870000 576.670000 0.080000 5137.690000
488.310000 485.120000 0.330000 6376.590000
453.580000 501.920000 0.230000 5731.130000
440.560000 490.580000 0.210000 905.910000
394.430000 382.440000 0.240000 4504.850000
22 55 27 86 83 63 99 72 58 92 12 67 69 10 47 38 41 8 87 49 61 16 95 20 65 59 64 50 36 82 62 43 78 56 90 75 29 76 79 80 44 2 35 31 28 77 17 42 32 34 98 57 91 68 97 33 46 15 94 19 4 39 96 66 5 81 74 18 1 14 9 11 52 6 51 73 89 23 93 7 21 26 40 85 30 84 60 45 37 24 54 100 53 70 25 13 88 3 48 71 
Best fitness: 1.72
100 41 30 62 55 99 72 58 10 65 12 29 79 82 50 20 64 8 87 74 52 83 63 61 49 43 51 31 18 16 42 14 69 21 53 27 86 9 78 95 91 77 34 1 59 81 80 36 19 3 5 67 37 97 26 22 68 11 46 57 28 33 94 38 98 90 66 92 6 47 35 75 39 56 4 76 73 40 70 45 84 17 24 23 7 93 13 25 60 44 54 32 85 15 88 2 96 48 71 89 
Worst fitness: 2.04
100 86 83 55 87 49 47 6 74 10 78 29 58 72 99 77 95 16 12 61 20 65 42 36 82 41 43 22 53 21 92 28 63 34 46 27 38 8 4 64 80 84 60 50 59 18 32 91 97 57 17 56 67 14 11 94 19 90 66 75 7 93 54 26 68 62 79 96 5 35 39 81 76 40 51 73 31 15 52 33 98 9 69 23 24 13 37 30 45 44 88 2 89 1 85 70 71 3 48 25 
Best fitness: 1.75
91 58 29 95 69 10 61 96 39 5 83 87 55 82 36 65 12 52 94 41 50 59 78 16 42 98 99 72 28 49 27 6 20 64 45 84 60 44 85 43 8 62 51 80 19 79 30 40 22 68 67 56 47 38 63 34 77 57 86 97 15 11 46 21 23 75 4 92 90 66 7 93 17 81 31 73 74 33 18 1 32 14 26 37 89 54 13 100 9 53 70 76 24 2 3 48 25 88 71 35 
Worst fitness: 2.14
100 22 55 86 83 27 87 41 43 67 12 58 72 99 92 42 65 61 20 36 82 8 97 63 91 37 11 10 29 96 95 28 77 57 34 98 9 16 59 50 80 19 62 45 79 64 4 73 85 49 94 15 6 47 78 5 17 24 14 56 39 75 90 66 1 32 46 21 52 51 40 68 38 33 74 31 81 44 60 26 23 7 13 69 18 35 84 30 54 93 89 25 2 3 88 48 70 76 71 53 
Best fitness: 1.75
55 15 16 12 95 99 87 8 4 64 20 61 10 32 65 50 36 82 74 72 58 41 62 38 94 83 27 53 22 63 78 59 29 6 49 31 42 46 28 77 89 34 98 17 57 91 86 37 9 14 1 97 47 18 80 60 26 68 43 19 79 92 21 100 93 7 39 90 66 75 69 11 52 51 40 73 81 56 96 5 67 44 3 30 70 76 35 13 23 54 2 88 84 45 85 24 33 25 71 48 
Worst fitness: 2.00
91 99 72 58 95 61 65 10 69 16 12 67 20 87 38 55 27 83 41 62 8 50 80 71 79 36 82 64 59 29 90 75 92 77 14 42 49 76 19 60 81 78 43 21 22 74 73 15 31 86 37 34 28 63 46 97 33 6 47 52 4 96 39 5 66 13 7 17 98 57 54 93 32 9 11 26 94 51 85 40 70 68 53 23 100 56 1 89 84 30 45 3 44 2 24 18 48 25 88 35 
Best fitness: 1.71
91 20 61 65 42 12 18 69 15 55 97 33 6 46 83 86 49 94 87 99 72 58 10 73 8 36 19 45 79 64 29 67 56 16 59 51 41 82 77 57 63 95 32 52 74 11 4 62 85 43 47 14 78 81 80 50 27 38 26 37 28 34 24 92 31 22 100 21 98 89 5 75 66 54 23 17 25 13 39 90 1 96 2 44 48 60 40 71 68 93 7 9 76 30 84 88 3 53 35 70 
Worst fitness: 2.03
