563.690000 233.640000 0.350000 1230.790000
341.770000 441.380000 0.260000 6857.310000
400.970000 268.770000 0.200000 4242.070000
545.510000 211.180000 0.320000 1042.510000
520.270000 588.440000 0.190000 1833.320000
394.690000 441.390000 0.380000 7548.190000
435.780000 428.330000 0.390000 6481.540000
499.710000 426.720000 0.300000 5576.320000
440.980000 409.030000 0.280000 702.270000
678.210000 739.190000 0.280000 1825.800000
385.290000 637.740000 0.190000 1393.800000
880.260000 121.340000 0.190000 774.200000
481.800000 715.640000 0.070000 3724.480000
508.150000 408.600000 0.400000 3207.550000
541.430000 588.790000 0.420000 4181.820000
370.040000 375.560000 0.340000 4016.180000
666.870000 904.000000 0.310000 2028.110000
419.030000 520.870000 0.320000 4938.070000
574.350000 505.060000 0.310000 1359.090000
539.280000 428.750000 0.230000 4723.630000
647.180000 504.730000 0.160000 5086.470000
583.150000 443.270000 0.050000 1811.880000
547.390000 503.030000 0.310000 1387.750000
519.840000 344.550000 0.110000 6485.420000
673.870000 423.880000 0.190000 2043.750000
280.420000 517.840000 0.400000 6856.400000
525.500000 467.170000 0.210000 4520.360000
508.530000 384.600000 0.180000 7106.430000
526.740000 840.300000 0.260000 729.310000
614.020000 463.090000 0.230000 7768.160000
754.140000 408.330000 0.030000 7047.450000
391.000000 288.720000 0.250000 1266.920000
837.110000 393.670000 0.210000 6981.570000
602.010000 555.410000 0.200000 6355.190000
750.010000 753.500000 0.240000 7908.930000
344.990000 169.460000 0.210000 1023.550000
611.080000 472.410000 0.340000 4963.020000
730.140000 598.080000 0.120000 2195.700000
628.650000 476.600000 0.110000 1019.990000
514.960000 611.760000 0.160000 5217.000000
517.830000 264.820000 0.190000 5307.340000
434.240000 297.650000 0.200000 7893.150000
546.520000 484.750000 0.110000 2431.750000
323.210000 438.130000 0.190000 5053.400000
504.000000 621.000000 0.250000 1792.440000
605.820000 543.000000 0.130000 6043.580000
361.290000 545.610000 0.280000 6506.280000
435.430000 324.180000 0.070000 2804.700000
255.490000 276.040000 0.190000 4436.700000
392.330000 320.240000 0.190000 3404.590000
610.230000 485.160000 0.220000 3645.140000
655.370000 314.940000 0.080000 5876.390000
241.550000 585.930000 0.040000 4381.840000
392.620000 484.870000 0.300000 4035.790000
261.600000 270.740000 0.160000 4368.870000
504.630000 712.460000 0.250000 7545.240000
520.590000 722.420000 0.060000 2892.330000
315.200000 650.830000 0.200000 6243.820000
264.250000 341.530000 0.150000 3920.430000
231.810000 781.480000 0.170000 6889.460000
296.350000 863.800000 0.120000 1758.430000
221.670000 507.900000 0.180000 2286.790000
453.750000 620.460000 0.370000 3718.710000
662.460000 370.830000 0.300000 7985.800000
219.720000 555.820000 0.290000 4506.550000
644.190000 705.100000 0.210000 1479.760000
713.430000 683.540000 0.190000 5541.400000
352.140000 484.010000 0.430000 1602.590000
435.560000 194.600000 0.010000 7439.350000
497.700000 700.640000 0.230000 2744.760000
627.470000 422.000000 0.280000 6304.560000
707.580000 422.000000 0.320000 1516.820000
494.660000 385.060000 0.190000 6576.000000
593.590000 448.990000 0.130000 4892.570000
519.470000 470.100000 0.080000 3155.810000
756.810000 568.740000 0.220000 5564.840000
335.330000 542.610000 0.260000 1076.860000
349.840000 496.110000 0.180000 4847.120000
795.390000 369.830000 0.260000 6403.690000
553.200000 676.640000 0.040000 5236.970000
551.230000 373.750000 0.130000 2852.890000
476.240000 676.730000 0.220000 1783.160000
388.880000 586.520000 0.180000 2762.640000
537.430000 606.230000 0.360000 5135.460000
572.620000 322.640000 0.280000 7292.150000
363.750000 613.700000 0.180000 2837.820000
382.900000 628.100000 0.150000 6556.850000
417.780000 452.380000 0.260000 5342.980000
499.340000 655.830000 0.290000 2528.690000
437.770000 325.720000 0.290000 6491.410000
630.530000 485.170000 0.210000 7846.810000
411.240000 528.050000 0.130000 4577.180000
624.590000 487.260000 0.300000 2446.470000
447.890000 463.240000 0.300000 3156.750000
529.420000 327.960000 0.050000 5316.460000
448.790000 329.220000 0.150000 6556.120000
643.910000 437.750000 0.120000 616.350000
786.520000 280.680000 0.170000 2033.260000
587.140000 442.070000 0.140000 5101.640000
640.980000 499.740000 0.200000 3815.880000
36 41 1 97 19 23 94 68 77 9 4 90 16 6 50 32 14 45 89 29 17 70 63 82 11 62 65 78 54 88 93 39 91 20 84 15 5 40 66 21 51 37 30 72 12 25 24 7 18 83 86 10 100 44 2 26 92 81 3 8 43 34 71 27 75 85 95 98 64 31 99 22 74 76 38 67 35 61 57 56 58 49 59 55 96 87 46 13 79 33 52 80 42 48 28 73 47 69 60 53 
Best fitness: 4.79
4 1 36 44 68 26 77 70 82 89 23 97 25 72 11 45 10 66 29 62 53 58 61 63 83 19 39 37 8 9 94 93 43 27 18 5 99 28 14 20 32 6 47 78 54 7 64 98 12 74 22 73 16 50 69 84 15 51 81 24 95 100 17 86 65 55 96 88 79 33 71 30 91 76 38 41 85 48 90 3 75 46 21 34 35 67 87 56 57 40 92 2 49 59 42 52 31 80 13 60 
Worst fitness: 5.78
36 4 1 9 20 19 23 84 63 83 11 77 44 68 16 32 93 100 72 97 7 94 66 10 17 29 57 89 82 15 45 27 75 14 8 54 78 26 65 62 5 46 51 39 25 64 98 12 79 31 52 74 22 71 30 76 91 21 37 43 18 86 6 88 67 38 70 80 47 58 56 40 2 50 3 90 73 85 81 99 28 48 49 55 41 96 59 92 61 60 13 34 35 33 53 87 42 95 24 69 
Best fitness: 4.30
32 36 9 78 47 77 5 15 23 97 72 25 4 41 68 54 19 20 24 1 39 38 14 81 93 27 18 82 29 89 10 37 84 45 92 11 7 90 50 3 42 71 99 100 51 94 16 79 12 98 74 30 6 2 86 83 63 66 70 13 17 57 56 8 28 73 85 95 43 75 88 34 21 76 40 62 59 44 49 26 65 61 64 96 52 33 55 91 67 35 87 58 53 48 69 22 46 80 60 31 
Worst fitness: 5.94
36 3 32 9 45 89 84 5 19 23 18 77 68 7 6 94 97 4 1 25 72 39 93 37 14 20 63 82 70 17 29 11 83 86 47 54 88 16 15 80 66 10 38 31 98 12 67 100 51 74 50 41 71 22 30 91 46 34 43 8 73 99 64 85 81 27 90 42 48 44 92 78 62 26 55 49 59 96 65 2 28 24 95 21 40 76 79 33 75 87 56 13 61 58 35 52 69 57 60 53 
Best fitness: 4.27
24 28 96 90 32 4 72 39 30 97 71 99 9 7 68 88 23 89 45 19 81 1 41 14 57 29 77 11 63 94 36 25 66 10 5 82 65 62 18 16 50 73 54 6 8 20 37 51 46 15 84 70 83 21 100 91 93 38 43 27 75 87 86 58 2 78 26 42 22 74 85 12 98 79 17 61 13 40 56 47 49 3 64 80 48 55 59 44 53 92 34 67 76 69 52 33 35 60 95 31 
Worst fitness: 5.96
69 1 4 25 71 23 74 22 43 19 51 37 75 9 32 16 2 68 7 94 14 20 27 97 72 100 91 39 93 15 84 89 45 82 17 29 10 66 78 92 5 63 86 11 77 18 88 6 54 52 12 98 36 55 50 46 70 83 8 99 81 85 90 3 73 80 57 40 26 65 62 44 59 49 60 61 58 47 34 30 79 31 64 24 96 42 41 48 21 38 67 35 76 33 28 95 56 13 87 53 
Best fitness: 4.71
4 12 72 93 84 40 23 100 15 45 11 82 10 67 38 9 63 83 5 19 97 39 66 29 17 25 1 85 43 77 68 54 86 87 89 70 37 34 14 16 36 3 8 94 92 78 2 7 88 6 50 32 44 26 62 47 18 95 41 96 90 99 64 98 76 51 27 20 22 74 30 71 81 28 75 58 61 65 73 42 55 69 24 91 31 79 21 56 60 59 49 48 80 35 13 57 46 52 33 53 
Worst fitness: 6.20
