528.33 450.43 0.15 6843.55
455.98 451.21 0.37 7173.81
424.91 472.68 0.20 6315.72
461.67 467.79 0.39 6295.64
499.50 467.13 0.41 7092.69
497.59 549.71 0.21 7521.89
425.76 430.02 0.59 6377.55
409.27 566.10 0.14 8409.38
510.90 542.83 0.31 8726.16
526.76 528.78 0.02 5673.70
566.65 591.85 0.16 9079.58
558.53 449.02 0.39 6733.90
511.42 480.92 0.50 7206.31
482.81 411.93 0.54 6863.46
569.90 483.86 0.24 7683.16
495.36 404.03 0.34 7488.44
526.07 429.42 0.36 6302.90
577.86 443.36 0.14 7300.92
540.27 531.03 0.02 6780.70
501.39 572.31 0.07 5180.84
491.34 446.75 0.25 7070.49
539.89 438.20 0.08 7503.92
399.20 537.54 0.60 7092.54
506.23 420.84 0.27 6840.67
392.16 471.65 0.27 7462.87
504.32 490.48 0.10 6666.41
516.82 409.56 0.43 6151.33
560.15 531.87 0.60 7537.93
514.19 507.63 0.26 6516.46
497.28 533.98 0.35 6859.33
471.86 443.54 0.31 7452.53
690.16 407.69 0.46 8491.02
492.70 437.74 0.44 7502.12
514.00 547.89 0.28 7084.45
522.11 456.96 0.31 6906.19
409.28 459.69 0.22 7675.97
418.73 493.83 0.07 7109.76
517.28 495.76 0.21 6943.04
498.56 561.76 0.54 6854.53
524.03 457.33 0.16 6367.98
577.48 406.51 0.02 6250.26
485.61 428.41 0.15 6678.98
462.40 531.93 0.26 6883.26
478.38 537.83 0.07 8072.91
469.36 506.66 0.43 6659.80
476.96 480.95 0.20 6640.51
489.98 426.64 0.34 7526.06
559.17 499.64 0.08 7731.68
452.43 426.54 0.15 6839.26
474.97 477.17 0.26 5347.28
497.02 500.94 0.14 6904.35
587.20 500.15 0.56 7370.98
521.10 560.56 0.48 6797.52
413.21 533.31 0.26 7625.61
474.06 479.09 0.43 7180.52
571.53 487.70 0.12 6491.47
551.29 501.47 0.49 9199.04
488.16 506.01 0.37 8087.58
513.40 484.19 0.08 5944.89
526.01 453.62 0.33 7795.98
467.78 542.02 0.13 6236.11
474.86 460.69 0.29 4339.29
463.27 538.48 0.54 6026.52
514.31 492.90 0.10 5843.63
446.06 490.89 0.16 7495.14
559.54 532.88 0.02 7139.90
596.97 480.17 0.20 6668.56
487.08 472.38 0.24 7166.48
494.01 455.01 0.46 8648.90
499.89 508.59 0.26 6357.11
524.38 570.08 0.31 6423.62
494.62 461.34 0.51 8568.78
577.91 499.16 0.23 7118.49
435.13 490.55 0.35 7856.60
483.64 504.25 0.41 7098.40
442.28 529.32 0.14 9367.95
532.29 437.64 0.28 6924.18
468.56 542.71 0.23 5735.14
429.88 549.36 0.25 5721.96
400.78 500.39 0.04 6314.20
465.65 460.40 0.24 9451.68
408.48 399.36 0.09 7181.70
461.10 386.80 0.09 5710.97
399.42 435.47 0.41 6304.97
484.35 365.66 0.26 8398.39
611.88 546.62 0.31 7447.11
480.91 364.29 0.45 8006.25
518.69 525.40 0.11 5848.98
491.25 552.41 0.12 7882.61
532.36 501.35 0.52 7913.13
555.20 425.24 0.10 8506.76
492.72 503.51 0.16 7481.76
504.72 441.76 0.04 7502.72
497.19 503.46 0.35 7029.91
430.05 504.25 0.17 5715.16
511.46 530.11 0.00 6496.98
511.31 363.95 0.41 7788.13
382.73 490.74 0.17 6131.95
401.41 590.49 0.24 6417.05
512.40 442.04 0.07 5766.45

3448.55
