32 46 9 6 16 28 17 21 1 44 5 22 40 31 33 19 3 30 2 14 49 48 15 47 43 29 35 39 27 13 10 38 8 12 23 50 42 24 25 34 36 4 41 20 26 7 37 18 11 45 
Best fitness: 0.44
32 46 16 6 9 28 22 17 5 1 49 2 30 23 40 31 44 12 42 33 19 3 47 15 29 35 39 13 27 48 43 10 8 4 14 36 41 38 26 50 24 7 21 45 20 37 18 11 34 25 
Worst fitness: 0.60

Mean: 0.52

Standard deviation: 0.00
32 9 6 16 22 17 5 44 1 12 28 42 46 33 23 19 3 30 2 11 48 47 35 39 27 49 36 14 15 13 21 38 8 26 31 40 4 43 29 41 20 10 7 50 24 34 18 25 37 45 
Best fitness: 0.48
32 9 16 28 42 46 17 1 26 22 40 3 30 49 39 35 47 19 23 33 31 27 15 29 43 48 14 5 6 44 12 20 38 8 10 13 21 2 4 36 50 24 25 34 41 11 18 37 7 45 
Worst fitness: 0.59

Mean: 0.53

Standard deviation: 0.00
