74 50 33 20 9 27 14 10 45 70 46 52 2 58 39 41 29 54 34 6 73 22 15 19 21 68 23 36 38 32 17 18 59 48 60 47 44 43 55 12 11 63 42 25 8 72 56 53 40 30 35 24 62 7 37 5 57 13 66 65 31 61 16 3 49 75 64 4 51 71 67 69 26 1 28 
Best fitness: 1.49
74 9 10 20 41 29 22 65 46 38 32 18 34 60 73 70 40 4 15 33 2 36 45 53 21 51 68 19 14 43 50 39 44 25 8 6 52 55 11 42 7 64 24 17 23 56 48 30 59 62 54 61 28 66 31 13 49 69 37 1 63 72 16 3 12 47 5 75 57 26 27 67 71 35 58 
Worst fitness: 1.90

Mean: 1.67

Standard deviation: 0.01
10 23 9 20 45 19 21 70 38 46 33 2 50 43 41 29 60 22 34 54 44 7 42 49 39 63 58 11 55 74 26 73 6 8 48 36 62 18 59 17 24 32 28 66 53 68 56 27 3 52 12 72 47 1 75 25 5 30 40 35 4 15 31 13 57 64 37 67 16 14 71 51 65 69 61 
Best fitness: 1.47
67 29 6 60 22 20 72 39 44 34 38 70 9 50 33 2 10 19 21 46 45 36 15 65 13 32 17 64 8 40 74 55 11 43 48 41 58 12 23 53 28 66 42 54 62 24 18 59 47 25 7 52 3 14 16 68 56 31 30 35 37 69 63 49 5 73 71 61 4 75 1 57 26 27 51 
Worst fitness: 1.94

Mean: 1.70

Standard deviation: 0.01
