62.56 299.57 0.01 3924.82
603.81 367.65 0.17 7910.07
715.12 79.54 0.12 6157.29
328.63 740.09 0.14 6573.56
308.88 368.23 0.25 5974.38
589.42 466.62 0.32 7975.46
727.51 702.65 0.49 6080.75
414.00 440.19 0.19 6935.86
771.82 232.34 0.31 6783.75
131.57 490.50 0.24 6302.28
237.68 664.29 0.33 7045.31
632.29 540.12 0.31 7024.07
324.85 1.40 0.21 5178.12
34.06 950.07 0.13 8313.58
359.28 53.50 0.26 6385.90
209.83 512.85 0.15 7689.55
856.17 918.61 0.12 6549.60
394.01 365.37 0.32 7034.66
977.62 866.15 0.19 6091.25
649.24 328.88 0.32 7832.83
191.84 914.65 0.25 5689.95
254.17 988.14 0.15 6342.27
956.58 170.54 0.13 7161.19
962.41 298.81 0.21 7996.90
616.89 358.15 0.18 6401.07
518.99 333.24 0.15 6224.88
35.27 261.38 0.29 6195.36
798.31 946.44 0.30 5614.54
979.32 659.50 0.11 6099.56
961.00 8.30 0.04 6878.15
2.15 320.31 0.30 8553.13
181.61 447.00 0.17 7071.43
820.03 630.49 0.25 7741.44
774.86 996.38 0.10 8613.27
360.54 820.99 0.15 7260.48
251.01 920.14 0.09 7987.43
809.79 928.01 0.02 6507.76
115.10 304.21 0.26 7240.00
15.44 417.40 0.29 6691.76
647.70 881.59 0.24 8083.00
859.17 730.34 0.31 5253.83
602.17 694.28 0.12 6410.79
856.98 511.91 0.40 6419.50
827.26 671.02 0.09 8403.38
159.57 283.93 0.25 6472.33
990.31 164.04 0.29 7893.91
683.91 558.05 0.30 7307.90
499.98 453.15 0.04 6174.53
162.54 688.99 0.19 6670.58
619.04 79.09 0.13 7054.81
401.96 244.30 0.30 6796.08
602.89 556.57 0.34 4959.93
299.64 513.59 0.18 7761.55
353.64 110.17 0.38 6481.62
69.76 846.14 0.23 7425.98
648.65 626.98 0.32 6031.14
940.14 727.07 0.26 9622.82
296.94 698.65 0.30 5673.00
920.98 167.93 0.35 6572.68
633.50 636.84 0.19 8100.07
903.20 933.91 0.21 9877.13
35.96 922.13 0.01 5329.22
106.46 309.58 0.20 5774.58
507.17 866.43 0.37 6338.77
296.95 82.27 0.02 7549.35
630.00 283.63 0.18 6361.55
528.44 622.06 0.23 7028.61
754.46 402.43 0.14 6330.98
636.53 824.82 0.08 6601.12
476.70 703.36 0.43 7812.46
427.10 1.04 0.01 6421.12
683.99 185.19 0.22 6815.13
809.80 752.06 0.14 6265.64
513.30 178.99 0.19 7463.61
686.84 230.81 0.08 6104.01
770.75 135.11 0.20 8121.46
536.21 530.66 0.14 5263.35
337.79 119.28 0.04 7382.56
510.51 430.25 0.17 6003.24
38.36 320.99 0.01 8676.43
652.03 370.33 0.44 6271.08
14.75 280.18 0.18 7594.58
453.68 484.01 0.30 5924.01
796.19 36.17 0.17 5072.20
783.04 245.99 0.22 7294.01
402.02 724.46 0.23 5866.11
92.53 750.46 0.26 6663.13
420.68 220.51 0.19 7134.89
227.59 448.00 0.18 6358.82
239.20 847.61 0.21 5574.88
742.69 356.35 0.40 7963.32
938.38 830.10 0.11 5874.92
271.93 460.89 0.21 5902.78
908.46 732.18 0.12 6559.28
219.78 304.21 0.45 7614.69
515.43 109.12 0.17 7161.01
649.19 29.73 0.16 6618.43
413.89 593.90 0.01 6203.75
408.72 781.43 0.23 6218.35
939.05 13.33 0.39 7036.18

10910.44
