63.90 100.51 0.40 6448.82
160.26 22.13 0.46 1579.00
88.61 61.60 0.60 900.16
108.51 56.42 0.60 1493.44
55.34 155.98 0.55 5187.39
112.56 91.84 0.60 7894.43
126.20 93.41 0.55 4626.53
89.86 179.09 0.59 4310.90
138.18 229.31 0.29 2284.04
148.39 294.16 0.42 10746.64
97.78 325.09 0.28 3077.75
96.71 417.89 0.54 3595.80
111.92 247.39 0.49 4546.38
168.05 335.53 0.44 4897.32
138.52 350.99 0.48 9156.66
92.77 310.21 0.38 9710.62
0.39 511.25 0.53 5313.83
156.74 511.02 0.43 7675.09
125.83 447.58 0.38 2947.91
246.39 525.80 0.60 3682.73
1.70 497.86 0.49 7289.87
27.77 492.67 0.42 2770.66
152.63 575.04 0.37 1464.19
47.19 608.16 0.55 5491.39
66.24 686.73 0.60 3533.04
104.72 699.67 0.37 4284.33
152.35 698.09 0.44 7135.00
97.65 691.34 0.45 7544.77
11.74 558.88 0.42 6188.69
100.71 731.58 0.60 5572.16
26.89 686.02 0.60 4763.65
89.73 601.41 0.52 6461.29
40.06 836.82 0.46 2246.95
148.42 903.25 0.49 2192.30
40.53 910.08 0.50 6479.20
80.67 895.43 0.49 10282.75
128.18 878.84 0.48 5377.11
109.66 789.21 0.54 10552.78
180.02 838.04 0.56 7976.50
64.54 791.95 0.47 2402.15
404.23 129.39 0.33 7101.86
268.46 114.42 0.45 1073.66
373.06 96.11 0.36 10265.46
248.14 36.19 0.53 4864.63
344.55 30.69 0.60 1362.77
266.01 111.49 0.46 2018.59
244.63 61.85 0.51 6007.60
238.40 99.65 0.36 6778.34
270.62 237.41 0.30 1020.64
325.73 329.57 0.57 8729.47
280.41 256.09 0.38 5495.53
183.57 198.62 0.57 3599.97
309.71 248.77 0.57 6861.39
256.14 275.17 0.60 1232.38
279.07 412.53 0.45 2722.69
350.42 359.04 0.52 5674.55
335.50 507.28 0.52 4835.66
262.24 595.24 0.51 1616.11
295.01 483.91 0.41 821.32
255.70 450.51 0.46 4500.38
283.25 494.62 0.32 3857.73
282.40 547.07 0.50 8573.23
230.87 506.69 0.40 2453.11
407.70 449.37 0.54 9192.22
320.20 675.01 0.47 9213.66
307.93 708.61 0.46 3899.96
225.68 646.98 0.60 2586.34
258.63 580.24 0.45 1943.39
315.61 710.94 0.32 9344.63
285.77 739.49 0.45 4192.52
324.22 743.12 0.46 7102.57
322.51 666.36 0.30 8316.34
265.27 910.53 0.52 3356.24
398.57 898.22 0.57 9893.89
351.48 881.52 0.40 6709.28
246.87 866.76 0.38 2993.96
230.42 814.80 0.60 1692.23
325.34 894.82 0.55 2242.69
346.37 912.52 0.32 5730.62
362.54 919.98 0.25 1756.23
575.60 72.94 0.38 917.07
502.02 31.52 0.55 10551.13
432.30 196.38 0.42 6795.04
466.30 99.29 0.54 1888.49
541.74 41.41 0.59 8243.64
527.80 95.22 0.49 9345.40
528.04 83.93 0.59 1354.48
504.08 44.85 0.58 2918.25
489.39 300.06 0.54 5709.27
453.81 325.67 0.49 3230.17
481.21 265.86 0.58 1253.11
480.67 341.40 0.47 5114.02
433.67 348.41 0.60 9070.70
588.37 257.93 0.60 6754.26
500.57 334.84 0.46 5773.14
496.31 217.34 0.60 7496.46
552.30 555.05 0.47 6660.55
552.55 562.45 0.54 4358.43
562.20 455.72 0.33 5602.37
362.71 586.04 0.49 4563.10
592.80 425.56 0.54 6131.88
494.12 467.02 0.60 8105.42
452.03 593.36 0.51 3120.40
524.92 423.74 0.60 6327.77
469.75 752.53 0.60 8233.36
549.50 759.28 0.60 7422.54
525.09 633.05 0.43 7522.08
521.91 755.28 0.49 8602.04
489.73 678.03 0.37 1960.43
558.24 693.82 0.60 4927.39
569.50 735.60 0.59 2899.18
547.67 691.95 0.52 4839.55
567.39 884.38 0.54 880.02
512.16 956.86 0.60 3364.00
449.44 855.66 0.56 5572.39
503.73 955.86 0.60 3736.62
491.57 872.80 0.57 2917.33
574.47 977.92 0.60 9143.72
452.82 908.47 0.53 970.98
513.88 965.17 0.60 1356.52
763.68 26.28 0.60 7054.99
739.13 134.83 0.51 8307.41
653.12 116.09 0.47 4569.42
706.23 88.49 0.37 5626.79
633.09 156.69 0.30 2403.88
713.53 168.16 0.47 10360.78
678.79 154.72 0.59 4219.68
701.82 52.83 0.47 2588.86
669.10 331.99 0.51 8049.01
759.04 318.77 0.60 3333.29
690.48 334.39 0.41 5070.95
799.87 319.35 0.60 3559.41
626.27 278.57 0.40 10526.87
756.44 249.62 0.60 9748.02
757.38 215.63 0.35 2346.16
680.55 232.97 0.60 9154.16
749.02 543.39 0.59 10154.97
649.53 495.61 0.56 3401.40
676.78 558.34 0.54 9295.93
596.93 534.55 0.55 7011.39
635.32 551.17 0.60 10457.32
663.10 555.17 0.59 8977.56
681.84 437.74 0.47 10709.04
679.11 603.06 0.51 4257.16
683.68 666.16 0.60 10188.56
660.06 730.56 0.57 10559.62
661.06 628.88 0.54 6690.65
808.46 662.55 0.41 3954.24
708.08 725.49 0.50 9701.19
692.53 739.84 0.60 9965.78
663.37 823.87 0.51 5620.01
740.50 658.56 0.42 8849.93
630.64 810.46 0.42 10241.29
718.90 955.53 0.48 9667.96
696.03 962.32 0.48 5579.57
741.74 767.48 0.50 3577.95
629.79 855.34 0.44 6320.50
734.00 932.19 0.52 8487.52
739.44 981.03 0.58 4013.70
698.62 979.70 0.33 4030.80
976.49 164.54 0.54 3965.12
950.91 86.99 0.49 2287.54
839.73 59.43 0.50 6206.61
818.53 112.69 0.60 684.45
912.22 80.80 0.45 6938.92
910.96 52.16 0.58 1373.76
850.75 80.85 0.40 7034.68
843.74 42.82 0.29 5699.59
875.74 344.59 0.45 5948.59
942.56 336.31 0.60 10457.20
948.30 315.62 0.51 3839.53
915.44 349.51 0.60 10709.79
875.67 264.92 0.30 6986.10
896.01 276.50 0.52 6536.49
942.54 262.39 0.55 3007.31
924.98 256.94 0.57 909.98
840.07 514.45 0.49 6119.55
922.92 445.20 0.38 5135.05
914.66 469.09 0.34 5156.38
930.97 539.44 0.60 7630.45
858.25 526.78 0.60 1946.66
973.19 559.33 0.57 6527.73
811.60 452.26 0.51 949.89
868.19 462.36 0.39 9327.46
885.09 666.08 0.46 3072.18
923.03 668.11 0.36 3268.23
911.56 677.11 0.39 3897.36
980.19 737.58 0.53 1418.14
980.22 630.86 0.54 8481.40
957.94 674.20 0.44 5453.24
866.30 639.80 0.57 6130.17
895.37 631.91 0.59 2123.43
815.47 867.58 0.46 10664.49
815.86 914.79 0.44 6726.27
988.84 839.50 0.46 3623.46
904.20 919.57 0.57 4131.91
844.71 882.91 0.51 2945.75
853.67 990.39 0.50 5430.20
910.78 908.59 0.33 7543.76
956.75 878.18 0.59 2138.43

23263.30
