477.080000 506.520000 0.250000 2696.540000
335.120000 514.810000 0.220000 3140.360000
625.250000 522.790000 0.090000 2071.860000
202.430000 435.240000 0.130000 3739.570000
520.080000 641.890000 0.390000 3559.970000
486.450000 673.740000 0.170000 2303.840000
516.240000 419.660000 0.250000 3554.710000
407.070000 469.760000 0.230000 3076.970000
378.830000 460.360000 0.290000 2699.630000
453.350000 363.940000 0.030000 625.280000
632.100000 617.560000 0.340000 4331.350000
478.100000 573.970000 0.120000 1727.500000
514.510000 543.870000 0.280000 2685.320000
581.910000 429.030000 0.170000 3071.940000
361.820000 624.800000 0.260000 3843.100000
590.760000 596.450000 0.280000 4085.220000
430.960000 660.280000 0.110000 2211.980000
331.410000 444.500000 0.090000 4023.070000
411.330000 359.380000 0.310000 3317.190000
435.970000 440.640000 0.170000 2093.300000
620.300000 561.740000 0.300000 1967.980000
567.850000 598.270000 0.390000 3113.680000
560.480000 441.960000 0.280000 2776.210000
597.670000 465.130000 0.440000 4335.410000
387.030000 337.600000 0.090000 2487.010000
311.320000 719.360000 0.030000 4820.310000
596.860000 539.460000 0.010000 2684.750000
506.920000 471.430000 0.360000 2821.880000
280.750000 504.900000 0.170000 3098.290000
591.530000 363.410000 0.190000 3932.610000
500.500000 487.100000 0.260000 2948.180000
546.000000 424.150000 0.150000 5227.020000
594.340000 741.520000 0.270000 3488.290000
539.870000 493.630000 0.010000 3765.290000
628.550000 535.500000 0.040000 2079.220000
595.590000 554.480000 0.090000 1915.410000
217.630000 513.820000 0.010000 787.390000
512.300000 466.270000 0.160000 3603.210000
572.370000 503.570000 0.190000 3501.080000
508.370000 461.560000 0.230000 3466.970000
571.450000 551.440000 0.070000 3236.320000
320.690000 278.410000 0.320000 3765.540000
637.690000 516.860000 0.230000 3272.070000
347.080000 534.890000 0.350000 1867.610000
713.860000 344.680000 0.160000 2606.180000
617.780000 659.720000 0.100000 1971.340000
489.110000 439.360000 0.250000 2554.720000
568.100000 478.760000 0.220000 1974.180000
568.590000 541.400000 0.100000 2297.860000
474.680000 568.510000 0.290000 2867.440000
436.640000 568.940000 0.120000 967.280000
585.720000 387.640000 0.370000 4421.440000
694.190000 419.470000 0.120000 3641.540000
464.460000 511.680000 0.260000 3648.870000
592.870000 438.910000 0.140000 3179.300000
526.450000 525.710000 0.170000 3474.240000
500.650000 539.050000 0.070000 2527.610000
572.380000 646.800000 0.260000 2731.850000
562.580000 630.740000 0.250000 2744.440000
548.680000 420.010000 0.080000 1523.830000
351.090000 487.140000 0.130000 5028.750000
476.050000 578.410000 0.010000 4353.400000
573.320000 358.950000 0.380000 3399.670000
632.700000 476.640000 0.210000 2945.930000
433.940000 492.440000 0.260000 2634.230000
454.870000 699.120000 0.210000 3343.330000
422.820000 429.900000 0.380000 2776.880000
584.720000 489.710000 0.220000 2538.760000
493.560000 533.050000 0.230000 5313.390000
578.820000 349.920000 0.150000 4773.230000
625.110000 363.860000 0.170000 1490.160000
568.130000 610.260000 0.370000 3412.670000
608.160000 662.210000 0.240000 4119.420000
350.530000 561.760000 0.360000 3600.760000
750.300000 596.390000 0.120000 3549.580000
705.530000 631.050000 0.310000 2466.450000
411.260000 408.580000 0.220000 3822.640000
470.210000 538.850000 0.140000 3740.460000
434.870000 594.000000 0.440000 1267.070000
536.220000 337.290000 0.170000 2505.100000
473.740000 562.020000 0.200000 3235.550000
551.050000 471.500000 0.260000 3200.380000
453.860000 507.290000 0.140000 4938.180000
461.660000 467.110000 0.340000 1692.460000
620.620000 354.970000 0.080000 2125.430000
600.820000 489.330000 0.330000 1346.600000
691.470000 488.380000 0.140000 3655.710000
720.650000 322.230000 0.240000 2494.160000
625.870000 453.590000 0.020000 3978.670000
612.680000 477.970000 0.320000 3989.940000
530.720000 623.180000 0.300000 2364.880000
349.990000 439.320000 0.150000 4830.270000
563.070000 506.380000 0.270000 3197.950000
561.260000 526.400000 0.150000 2537.440000
308.010000 531.040000 0.150000 4681.980000
703.890000 457.060000 0.150000 3194.820000
454.450000 587.020000 0.230000 3781.400000
601.190000 577.970000 0.250000 3296.670000
474.160000 466.350000 0.310000 2982.120000
445.520000 376.560000 0.310000 1722.400000
100 20 84 23 86 90 43 21 13 79 78 83 1 57 5 91 58 59 72 93 48 82 28 99 44 74 66 6 51 50 12 81 22 98 71 30 63 7 77 19 9 67 8 65 47 54 31 38 14 24 68 76 33 73 49 94 56 40 80 52 60 62 97 69 34 39 16 46 11 27 3 36 41 64 96 88 45 85 10 2 15 29 25 42 32 55 53 70 75 35 17 26 92 61 4 18 89 87 95 37 
Best fitness: 7.95
44 100 19 14 71 23 84 67 28 68 86 90 43 22 59 6 79 83 9 20 47 40 48 99 65 51 1 54 5 91 13 82 38 31 69 97 62 72 11 76 21 98 27 49 94 93 12 15 50 81 57 52 63 7 92 2 66 64 24 39 56 78 74 8 25 77 10 60 53 96 36 46 33 73 58 16 87 75 41 35 88 45 30 55 3 89 85 42 80 32 61 95 4 37 29 34 70 18 17 26 
Worst fitness: 9.62
2 44 65 84 31 38 86 90 64 24 68 39 93 79 91 21 22 72 59 16 13 28 99 67 8 19 100 47 7 48 23 14 60 63 70 49 98 11 58 5 6 97 62 12 50 1 20 40 32 52 35 43 94 56 57 81 54 69 82 55 71 30 80 9 74 51 15 29 10 88 45 36 3 83 78 89 87 96 75 76 34 27 46 73 33 17 92 77 18 4 42 25 41 95 37 66 53 85 26 61 
Best fitness: 3.25
100 99 47 3 43 24 48 40 38 28 94 68 64 90 86 12 17 5 91 79 84 44 50 93 41 21 98 51 13 23 82 32 60 63 7 67 74 6 59 72 22 16 58 36 39 34 20 8 31 1 62 81 69 52 85 14 55 73 33 97 78 9 65 54 83 92 19 96 87 57 56 49 76 46 11 88 45 71 30 70 80 29 2 18 77 10 66 15 95 42 4 61 25 53 35 75 27 26 37 89 
Worst fitness: 4.00
42 44 79 50 13 1 20 100 63 60 14 89 86 68 81 51 65 67 84 99 28 23 48 24 90 93 47 19 9 57 31 94 21 98 22 91 5 58 59 11 76 43 64 96 88 71 30 85 52 80 7 55 82 38 40 8 74 15 6 66 72 27 36 3 39 56 62 2 97 41 16 73 78 54 69 12 17 33 53 45 87 49 34 77 61 29 92 10 70 25 18 83 4 95 32 35 46 75 37 26 
Best fitness: 2.29
20 86 16 58 91 5 79 78 83 84 67 80 85 88 71 63 48 31 7 100 44 9 47 23 65 1 28 24 76 11 72 59 51 50 81 99 82 64 21 98 22 13 93 68 52 55 19 77 10 38 39 46 33 36 41 94 90 14 40 57 12 97 62 54 8 74 17 56 32 60 69 2 15 49 3 35 30 34 43 87 45 42 66 6 73 61 29 26 89 96 75 53 70 4 18 92 95 37 25 27 
Worst fitness: 2.85
100 44 95 2 15 79 51 50 81 13 86 48 84 7 28 69 1 78 65 99 20 67 19 47 23 60 52 63 80 71 24 21 91 5 58 72 59 16 98 22 49 82 31 38 40 14 64 90 68 39 93 94 11 76 46 6 12 54 8 9 29 62 17 74 66 33 41 56 36 73 75 87 96 55 3 43 88 45 89 77 92 10 83 97 57 70 85 30 42 4 34 32 53 27 35 18 61 25 26 37 
Best fitness: 1.56
19 7 91 5 44 61 9 81 13 78 54 83 1 79 51 84 67 20 100 2 29 95 28 93 68 86 24 47 99 31 32 48 69 50 12 97 15 74 8 65 72 76 11 21 40 23 52 63 64 35 98 22 16 73 58 59 46 43 90 71 88 53 39 82 60 55 80 45 14 36 27 49 94 56 3 75 87 96 85 42 6 66 17 92 77 25 38 57 33 18 10 30 70 4 34 89 26 37 62 41 
Worst fitness: 1.89
42 10 19 23 7 54 44 61 9 77 67 20 84 65 1 12 81 50 97 79 51 100 63 52 71 30 60 40 28 47 99 31 86 82 48 24 68 22 72 59 58 5 91 62 93 90 35 21 16 73 98 34 88 96 76 11 69 57 13 56 17 15 74 8 78 38 94 36 3 43 64 6 66 26 2 95 29 83 55 85 45 89 32 49 41 39 75 87 53 14 25 80 70 27 46 33 92 18 4 37 
Best fitness: 1.08
42 86 27 93 13 39 90 30 88 24 21 98 72 79 84 99 47 63 71 48 68 34 54 51 91 59 22 44 8 65 82 60 28 1 74 61 9 67 100 19 20 52 23 94 5 66 17 97 50 12 57 56 40 31 78 81 6 11 16 49 58 62 69 2 92 77 15 83 10 38 14 96 43 3 36 55 85 80 45 53 76 75 33 46 73 64 7 29 4 95 35 87 70 25 37 32 18 89 41 26 
Worst fitness: 1.34
100 50 79 74 44 51 13 39 68 86 43 22 16 72 21 32 80 10 19 9 67 20 84 28 31 23 71 88 63 52 24 90 93 56 12 81 1 47 99 40 7 14 48 11 58 59 91 6 54 60 82 94 41 49 36 98 5 97 66 15 95 2 8 69 78 65 92 77 30 55 64 89 87 76 46 33 73 27 3 35 96 75 38 61 29 17 26 62 42 85 45 53 70 34 57 83 18 25 4 37 
Best fitness: 0.82
42 20 99 7 23 82 68 39 47 84 1 67 77 2 44 79 86 90 48 63 100 19 50 6 5 74 18 8 28 54 65 9 31 40 52 14 93 22 13 78 49 3 27 21 91 59 58 33 72 16 43 64 51 66 12 38 55 24 94 36 98 56 69 37 95 92 25 10 80 46 73 76 11 32 81 62 17 97 57 34 60 96 53 85 30 88 71 45 87 70 89 41 35 15 29 61 4 75 83 26 
Worst fitness: 1.01
