698.72 543.63 6961.29 0.31 
719.81 623.52 6621.60 0.41 
596.92 542.85 6810.79 0.54 
553.88 656.99 6753.14 0.30 
578.12 588.58 6735.04 0.49 
583.46 625.20 7044.04 0.39 
644.93 604.86 6736.36 0.64 
599.10 656.85 7714.84 0.33 
614.02 709.51 5647.74 0.29 
673.90 638.49 6058.89 0.32 
581.43 586.32 6402.07 0.36 
544.38 557.32 5688.91 0.34 
563.86 591.95 5623.39 0.54 
609.54 726.08 5810.88 0.26 
552.45 595.55 7042.92 0.39 
564.62 726.55 7326.36 0.34 
592.65 636.83 7433.15 0.36 
554.20 674.20 6307.45 0.24 
674.74 645.97 7505.74 0.48 
718.56 545.00 5985.98 0.47 
626.15 664.25 6595.27 0.54 
578.27 582.73 6698.00 0.35 
564.72 678.61 6443.79 0.40 
677.93 629.97 7446.89 0.36 
616.10 643.10 6142.81 0.37 
576.36 686.32 6512.13 0.36 
544.40 720.95 7151.73 0.25 
548.56 622.72 7081.08 0.37 
707.10 545.91 6122.37 0.22 
723.08 575.92 6282.07 0.53 
602.27 628.78 7515.70 0.43 
543.30 562.32 6201.83 0.27 
655.74 573.21 5345.60 0.52 
632.46 571.89 6489.73 0.51 
682.47 618.88 7205.84 0.45 
620.63 786.82 6337.96 0.44 
616.70 643.33 6608.41 0.41 
620.77 650.71 6927.65 0.50 
641.42 874.05 7163.57 0.39 
679.70 588.07 6409.13 0.31 
594.46 541.62 6672.79 0.40 
590.74 651.95 6547.51 0.29 
569.34 623.20 5520.12 0.34 
764.62 566.52 6518.61 0.48 
663.80 641.63 5819.44 0.55 
601.21 560.85 7874.66 0.43 
591.99 611.35 7472.29 0.34 
566.02 649.31 6197.68 0.44 
886.88 594.42 6929.40 0.39 
670.57 591.33 4891.59 0.35 
614.21 720.82 7390.54 0.44 
625.43 692.12 6655.52 0.35 
600.89 666.06 6274.52 0.42 
765.54 697.08 6850.46 0.45 
596.72 549.16 6730.75 0.51 
568.84 597.06 7176.70 0.25 
746.20 641.08 7507.85 0.49 
669.06 658.16 6004.32 0.41 
628.88 701.86 5020.24 0.34 
807.58 775.90 5912.66 0.33 
648.97 565.63 6365.08 0.43 
658.63 703.77 5279.21 0.45 
669.09 717.88 6734.99 0.50 
582.65 763.51 6210.96 0.59 
551.20 678.10 6271.94 0.64 
704.11 576.94 5749.85 0.39 
646.03 683.39 6271.61 0.30 
611.96 582.60 7888.18 0.41 
638.18 623.61 6672.81 0.39 
543.39 694.08 6781.88 0.25 
608.43 628.82 5824.26 0.41 
686.28 663.98 7289.01 0.30 
638.01 604.41 6555.92 0.35 
614.13 653.98 6574.22 0.30 
570.62 583.40 6741.64 0.39 
763.58 590.07 7027.79 0.37 
668.77 627.47 6940.52 0.30 
814.62 591.81 6439.86 0.34 
644.42 653.85 7259.50 0.34 
622.19 569.58 7276.73 0.36 
653.51 708.67 6147.88 0.48 
544.92 593.68 5682.77 0.40 
575.17 557.80 6583.34 0.55 
560.87 680.84 6257.81 0.46 
768.96 585.20 6494.40 0.37 
626.54 629.20 6488.46 0.39 
575.57 697.88 6472.75 0.44 
571.44 573.88 6816.79 0.33 
649.21 577.28 7256.40 0.46 
592.36 588.24 6355.94 0.35 
636.87 676.21 7210.13 0.55 
601.80 636.92 6112.82 0.58 
644.86 605.47 6613.13 0.24 
632.13 771.52 6546.06 0.40 
675.85 632.28 6939.10 0.60 
566.97 547.34 6770.23 0.41 
597.87 651.79 6126.62 0.39 
694.02 582.69 6231.42 0.44 
798.95 567.49 7629.92 0.53 
541.31 650.69 7152.67 0.56 
571.80 607.82 7210.84 0.40 
546.68 588.81 6753.42 0.31 
570.13 588.26 6601.01 0.35 
568.57 679.26 6757.85 0.42 
594.67 636.64 7592.62 0.48 
642.06 557.06 7075.69 0.53 
726.80 610.89 7492.43 0.54 
582.07 660.67 6376.12 0.36 
667.50 648.06 6808.72 0.41 
548.06 673.02 6033.84 0.49 
561.19 594.56 6671.37 0.42 
840.66 598.10 6919.33 0.31 
699.82 578.60 6385.03 0.46 
574.87 690.53 7154.12 0.39 
557.71 596.56 6401.24 0.28 
602.70 586.10 6603.56 0.67 
540.18 719.35 7270.29 0.45 
640.54 600.88 6660.15 0.38 
650.42 727.20 6977.70 0.26 
575.07 599.39 6358.61 0.45 
671.42 664.09 6679.94 0.46 
552.98 682.91 7611.81 0.63 
649.59 785.53 7968.33 0.55 
747.64 629.24 6574.05 0.48 
643.18 582.76 7786.02 0.38 
675.75 567.46 6747.89 0.27 
646.64 800.09 6915.03 0.48 
616.23 614.05 6174.73 0.29 
602.85 750.15 6756.26 0.41 
563.97 567.19 6242.84 0.46 
588.46 584.94 6414.25 0.38 
628.42 615.66 7047.32 0.37 
613.06 703.32 7477.99 0.48 
634.71 598.33 6866.43 0.29 
687.30 683.70 6188.26 0.40 
638.01 541.78 6155.49 0.39 
603.66 545.32 7172.89 0.45 
629.00 564.05 6973.71 0.35 
690.64 577.96 6664.99 0.47 
563.52 558.93 5551.87 0.38 
663.28 691.30 6814.32 0.45 
576.83 564.75 7151.08 0.33 
850.12 879.52 7231.73 0.47 
625.26 628.55 6870.48 0.37 
605.52 682.31 6301.09 0.30 
704.78 651.58 7473.83 0.63 
550.36 679.75 7621.24 0.53 
583.77 543.15 5751.82 0.47 
668.85 595.98 7305.02 0.32 
671.93 695.95 6250.26 0.42 
558.23 677.04 5799.09 0.44 
12 32 5 38 58 121 74 144 71 116 55 41 61 134 34 33 106 131 120 140 96 148 90 103 115 13 92 84 104 48 83 3 137 136 11 102 111 31 91 10 95 26 114 4 151 65 36 64 87 122 147 110 23 21 81 133 73 89 7 128 100 97 86 46 75 130 82 69 118 85 44 76 146 35 19 67 62 63 119 94 117 27 16 18 108 17 135 45 132 105 25 150 141 59 79 109 24 107 124 40 50 98 20 30 139 37 52 145 51 9 8 42 6 22 47 80 138 1 113 149 72 77 93 68 43 15 88 142 56 101 28 53 70 129 14 57 2 126 29 125 66 99 49 112 78 54 123 127 39 143 60 
Best fitness: 4.70
130 148 83 125 7 128 144 64 129 114 122 22 11 44 76 45 35 131 31 105 5 90 19 107 113 34 6 43 92 26 42 21 84 147 104 52 38 8 71 33 138 116 68 15 13 82 111 3 106 136 20 29 95 91 51 87 65 110 108 48 151 100 101 120 140 142 55 53 133 81 150 141 10 80 61 40 66 121 37 89 137 12 28 63 119 59 97 69 88 96 46 41 115 56 75 47 77 98 30 146 67 17 73 50 54 72 58 109 134 132 126 139 2 85 78 124 62 94 16 70 117 23 102 32 86 118 103 24 79 74 25 93 4 145 9 57 99 49 1 149 36 14 27 18 127 123 112 135 60 39 143 
Worst fitness: 5.51

Mean: 5.08

Standard deviation: 0.03
