545.92 610.62 7448.71 0.38 
886.17 631.59 6726.95 0.30 
724.74 621.64 6526.33 0.57 
812.32 568.86 6437.75 0.38 
551.52 614.71 6674.95 0.42 
695.26 587.28 6976.91 0.30 
699.39 696.22 6505.21 0.29 
552.14 626.99 5207.83 0.31 
561.91 627.94 6122.53 0.36 
562.17 668.87 5912.87 0.47 
587.48 558.48 6722.93 0.60 
614.33 807.64 7269.17 0.45 
738.76 601.91 7484.97 0.58 
550.21 553.33 6860.51 0.32 
682.78 568.11 5944.20 0.30 
557.52 563.74 6642.98 0.38 
565.00 710.03 5800.18 0.43 
675.27 603.81 7652.64 0.34 
768.44 555.18 7147.29 0.43 
570.89 704.85 6614.62 0.48 
540.73 544.07 6119.90 0.36 
771.06 720.50 5942.40 0.50 
545.07 594.33 7324.69 0.55 
623.28 746.89 6799.61 0.26 
604.98 642.73 6989.81 0.47 
789.57 566.27 6534.37 0.40 
541.61 611.45 7978.81 0.38 
671.11 619.14 6578.10 0.36 
641.62 643.78 6358.27 0.49 
703.46 568.94 6886.55 0.47 
578.72 736.38 7447.81 0.42 
659.48 554.85 6504.12 0.44 
555.36 627.04 6752.17 0.27 
546.91 586.99 6803.06 0.33 
621.70 553.61 6501.33 0.18 
577.27 679.75 7269.07 0.37 
639.34 646.18 6733.73 0.53 
690.78 774.69 6297.83 0.41 
572.65 588.36 6519.35 0.36 
547.19 632.71 6841.97 0.39 
707.45 597.67 6268.30 0.33 
643.15 580.15 6357.36 0.42 
638.95 749.02 6868.70 0.44 
769.36 703.51 6677.02 0.33 
595.39 583.92 6273.18 0.54 
561.43 735.70 6845.59 0.46 
541.30 680.96 6734.94 0.32 
545.12 586.85 5758.75 0.42 
670.48 628.96 7044.80 0.38 
540.31 635.14 6785.59 0.28 
543.01 569.51 5577.20 0.42 
610.62 656.79 6234.66 0.31 
569.94 568.25 6871.44 0.27 
685.27 727.81 7873.94 0.41 
695.72 763.13 6185.74 0.29 
574.20 678.96 5960.60 0.31 
614.61 580.57 6178.05 0.43 
639.83 607.13 7513.69 0.39 
550.22 571.53 6587.14 0.32 
575.05 606.79 6862.09 0.51 
544.03 651.60 7132.81 0.27 
545.15 694.83 6079.44 0.35 
571.98 614.69 6363.63 0.50 
652.17 608.49 7733.51 0.49 
550.38 796.81 7265.27 0.32 
665.81 655.37 6224.87 0.45 
579.95 546.41 5763.22 0.60 
573.40 570.47 6396.47 0.51 
549.62 651.43 6460.37 0.43 
591.30 654.50 7367.77 0.41 
587.06 784.57 6838.12 0.25 
590.35 713.91 5803.03 0.45 
599.52 661.68 7370.84 0.16 
642.22 611.11 5145.04 0.32 
548.13 545.80 7226.27 0.33 
598.30 667.12 6663.81 0.28 
561.89 615.80 7182.68 0.53 
633.17 656.52 5793.28 0.41 
542.77 733.41 6913.18 0.47 
585.87 627.37 7717.60 0.47 
833.64 747.56 6072.40 0.20 
771.45 764.19 6809.43 0.40 
611.14 598.62 6817.03 0.55 
541.55 755.07 7848.67 0.40 
578.79 655.19 7170.67 0.56 
770.76 580.88 6985.12 0.48 
813.07 653.48 6750.37 0.49 
559.81 618.51 5859.97 0.50 
595.17 586.88 7492.35 0.45 
721.70 660.22 6358.05 0.50 
631.96 545.12 6795.32 0.38 
555.69 576.45 5528.59 0.41 
832.00 588.45 6923.56 0.50 
696.01 614.10 6882.38 0.38 
618.17 637.40 5999.10 0.47 
637.24 682.51 7168.93 0.47 
611.86 640.34 7501.39 0.34 
623.56 729.86 7101.78 0.41 
604.99 851.46 6574.77 0.50 
577.45 696.92 7055.50 0.35 
552.21 612.93 6732.81 0.58 
542.60 664.21 6635.61 0.45 
546.56 647.67 5903.24 0.17 
542.37 749.81 6904.15 0.61 
546.33 615.38 7302.43 0.32 
549.60 801.56 5834.33 0.33 
704.82 552.83 7314.85 0.55 
663.93 594.58 6891.30 0.34 
628.99 616.47 6312.41 0.49 
553.90 561.59 6546.93 0.43 
709.52 715.23 6340.87 0.48 
557.35 659.70 5367.44 0.44 
554.82 711.62 6210.91 0.40 
663.98 557.94 6513.35 0.47 
650.39 746.14 7566.48 0.30 
720.03 666.49 6798.49 0.38 
583.28 562.82 6346.61 0.48 
705.41 744.85 5472.02 0.54 
632.95 749.31 5950.38 0.40 
552.97 601.01 6586.49 0.40 
561.76 614.61 7146.65 0.58 
658.12 737.85 6743.62 0.30 
557.26 547.07 7014.40 0.37 
620.92 572.83 7049.71 0.46 
561.38 670.59 5591.52 0.37 
550.35 580.70 6014.69 0.25 
584.78 598.76 5897.01 0.27 
659.69 603.70 6824.67 0.33 
659.12 583.42 6852.67 0.40 
558.38 543.12 6516.02 0.41 
585.56 595.14 6430.01 0.49 
637.76 587.21 6786.57 0.55 
565.93 612.83 6374.58 0.43 
804.32 544.47 7624.74 0.11 
572.80 605.98 6402.66 0.43 
684.75 610.13 6300.31 0.37 
543.42 703.96 6657.27 0.16 
580.90 652.56 5666.68 0.39 
579.53 544.27 5946.49 0.37 
582.02 607.46 6835.97 0.45 
552.27 591.87 6688.49 0.29 
592.97 823.40 7091.35 0.23 
626.36 593.44 5761.49 0.39 
548.38 581.15 7148.42 0.37 
559.67 735.41 6972.74 0.13 
730.47 578.25 6149.51 0.17 
629.20 663.09 6846.04 0.39 
540.93 571.58 6782.83 0.45 
613.95 688.61 7338.23 0.45 
566.19 603.43 6831.97 0.23 
553.53 601.83 7618.44 0.26 
657.43 557.81 5838.48 0.31 
629.93 701.87 7761.26 0.31 
653.80 694.81 6475.01 0.43 
627.13 705.06 6566.09 0.45 
610.60 608.42 7165.56 0.25 
565.17 561.86 5767.67 0.34 
583.35 654.89 6212.44 0.36 
546.33 575.44 6994.76 0.35 
596.90 722.56 5583.54 0.52 
722.82 561.05 6102.51 0.38 
563.82 583.64 6622.44 0.52 
695.22 543.86 6753.55 0.35 
657.85 553.42 6708.32 0.27 
555.61 754.55 6418.10 0.39 
596.96 690.89 7115.07 0.35 
646.69 551.33 6129.42 0.40 
768.71 691.77 6178.62 0.25 
659.50 577.63 6944.52 0.32 
592.15 664.28 6031.68 0.29 
580.41 617.69 6505.87 0.51 
652.51 699.24 7012.13 0.28 
614.76 600.47 7034.08 0.54 
601.69 621.97 6592.38 0.48 
609.89 777.18 5334.16 0.53 
575.22 616.43 6204.83 0.41 
686.22 579.86 7743.25 0.40 
603.93 652.22 6442.65 0.59 
557.94 814.18 7629.19 0.43 
560.50 668.46 6731.51 0.45 
579.72 620.81 6263.04 0.44 
642.89 564.23 7446.46 0.36 
542.20 707.95 6459.96 0.37 
572.56 588.78 6659.87 0.33 
755.80 556.90 6116.80 0.32 
573.06 595.10 6218.16 0.49 
605.41 723.96 6812.18 0.45 
554.55 603.85 6277.32 0.32 
714.79 543.38 6791.57 0.37 
564.63 579.28 6281.12 0.51 
587.26 701.00 6303.42 0.45 
607.21 668.80 7383.66 0.19 
646.50 646.36 6630.17 0.38 
733.61 564.26 7135.60 0.42 
563.53 645.29 7297.85 0.48 
612.24 553.80 7428.00 0.25 
605.67 783.18 6824.29 0.37 
590.11 550.33 6179.54 0.49 
681.16 686.77 6271.91 0.48 
720.68 568.29 6644.95 0.52 
632.81 571.49 5567.42 0.34 
117 45 104 46 79 145 170 112 160 66 64 49 7 72 165 84 12 38 55 43 111 176 16 144 120 188 40 88 121 39 92 162 184 1 34 23 126 159 59 51 148 196 6 200 32 114 96 78 147 10 181 68 67 141 133 63 60 195 9 27 101 171 83 173 201 91 35 124 15 107 182 167 109 143 95 178 97 125 140 89 14 123 130 110 157 186 57 42 41 3 86 13 136 54 187 52 149 135 190 77 8 48 105 70 36 73 37 29 193 102 137 180 113 17 158 25 58 74 53 11 139 198 131 30 161 119 154 166 100 191 183 62 31 20 132 128 189 169 129 174 50 61 69 85 47 56 76 192 153 199 80 103 21 75 33 150 127 98 175 155 28 156 94 185 18 19 108 116 90 172 5 151 138 71 99 197 164 152 118 22 44 82 93 194 177 122 87 4 163 146 179 106 65 142 115 26 2 168 24 81 134 
Best fitness: 8.63
130 11 17 191 136 114 35 198 186 96 112 169 107 30 32 64 10 46 84 62 181 133 45 173 156 109 56 72 115 50 88 124 189 3 90 57 83 68 150 171 101 153 160 174 140 89 37 193 29 66 98 175 142 70 143 42 58 147 155 172 95 138 180 100 40 63 121 69 25 20 122 111 118 78 178 85 170 9 51 126 65 179 104 187 102 113 21 157 92 77 94 28 144 148 127 131 67 162 39 8 33 60 80 158 36 183 125 14 48 23 132 129 108 15 41 86 26 116 199 154 120 190 1 188 151 5 135 54 55 22 163 167 200 19 13 201 152 49 177 6 128 97 52 47 176 184 117 141 74 164 75 27 105 59 53 16 110 159 34 123 76 192 195 196 182 161 194 146 149 12 197 165 31 166 119 7 168 79 145 137 61 103 91 18 4 82 38 24 43 106 71 81 93 185 2 44 139 99 134 87 73 
Worst fitness: 10.23

Mean: 9.51

Standard deviation: 0.10
