626.16 584.18 6471.65 0.26 
590.84 623.57 6166.07 0.50 
594.69 586.10 6284.92 0.52 
578.28 784.22 7785.27 0.47 
622.25 566.71 6401.28 0.60 
578.93 641.49 5941.56 0.24 
619.73 801.67 4992.65 0.72 
545.46 786.31 7119.91 0.42 
600.44 766.62 6016.10 0.48 
647.19 544.28 7477.95 0.33 
575.19 542.07 5231.46 0.32 
546.78 551.56 6231.00 0.43 
557.00 679.04 6653.71 0.35 
680.93 553.86 5746.55 0.42 
652.18 653.32 6431.84 0.50 
552.97 571.57 6923.81 0.35 
607.60 591.92 4783.55 0.52 
573.60 550.00 6312.15 0.44 
642.29 556.56 5890.73 0.17 
582.45 593.18 7118.55 0.38 
646.46 541.81 6624.41 0.30 
671.99 627.32 7564.16 0.33 
556.17 610.78 6663.38 0.40 
690.76 760.68 6377.09 0.51 
544.24 575.99 6138.92 0.28 
579.89 568.66 7464.02 0.42 
660.98 556.87 6216.69 0.40 
602.90 544.35 6104.68 0.43 
589.88 714.08 7127.05 0.31 
557.21 540.62 7211.28 0.42 
577.01 549.71 6975.68 0.39 
543.08 681.31 5984.09 0.40 
566.35 766.50 5342.13 0.40 
623.25 698.61 5318.25 0.45 
667.53 712.03 6067.12 0.28 
555.80 547.12 7091.66 0.33 
642.81 578.44 6262.24 0.49 
581.54 650.13 6540.72 0.34 
573.94 579.70 7408.41 0.47 
573.33 558.31 7154.65 0.37 
703.17 544.22 6289.35 0.43 
12 36 30 18 26 39 20 17 3 5 37 27 14 41 28 11 31 40 16 23 2 15 34 29 33 8 4 9 7 24 35 13 32 6 38 1 10 21 22 25 19 
Best fitness: 0.45
17 34 7 33 32 38 2 3 5 28 40 26 39 12 11 18 31 1 37 22 27 19 21 10 14 41 15 9 4 8 24 35 23 20 36 30 16 25 6 13 29 
Worst fitness: 0.55

Mean: 0.49

Standard deviation: 0.00
