30 51 5 77 52 47 34 74 23 26 8 46 1 12 49 27 57 24 32 73 14 40 41 18 63 59 79 31 17 28 38 10 65 80 39 55 19 29 7 37 45 33 21 9 22 62 72 60 3 15 54 2 42 4 56 58 66 67 48 53 71 13 43 76 36 16 70 11 44 35 75 20 69 6 61 68 25 50 64 78 
Moving time: 278.18 438.84 550.58 676.46 919.12 1108.30 1215.85 1288.19 1327.41 1442.88 1481.81 1547.71 1587.94 1715.77 1890.83 1975.04 2093.28 2126.02 2152.75 2251.76 2389.81 2453.70 2520.58 2552.81 2632.41 2685.01 2771.61 2805.29 2960.81 3090.40 3238.91 3373.73 3549.61 3727.95 3901.87 4002.37 4190.00 4310.43 4379.68 4524.39 4608.42 4689.03 4805.03 4867.90 4915.71 5021.51 5195.94 5403.88 5591.97 5650.95 5789.84 5954.38 6068.27 6100.85 6133.32 6206.85 6227.63 6281.78 6309.97 6430.68 6479.93 6509.29 6528.18 6630.55 6783.90 6971.35 7084.26 7181.45 7299.96 7374.85 7446.86 7490.89 7584.39 7714.22 7892.84 8076.88 8201.03 8253.48 8369.75 8432.89 8655.24 
Best fitness: 0.00
Worst fitness: 0.0
Average fitness: 0.00
Alpha: 0.50
K: 0.02
Crossover probability: 0.50
Mutation probability: 0.10
Change mutation operator probability 1: 0.15
Change mutation operator probability 2: 0.15