647.23 439.87 0.15 2378.18
509.21 291.55 0.21 4078.46
176.38 898.31 0.24 10213.71
804.41 243.79 0.15 6572.88
231.90 866.94 0.07 10261.75
167.54 503.18 0.16 3241.99
44.24 413.98 0.20 5685.15
307.45 822.80 0.18 911.55
147.61 661.06 0.38 9692.54
60.52 265.78 0.32 2338.37
365.39 404.03 0.38 1062.70
45.69 466.81 0.28 1789.23
810.17 119.76 0.05 7929.96
52.09 316.16 0.39 4225.20
53.06 518.26 0.30 10634.40
647.72 225.33 0.14 8565.45
883.96 192.22 0.19 4236.20
16.03 807.01 0.12 8924.85
860.49 464.23 0.18 5302.11
647.18 548.49 0.23 1944.79
866.15 888.63 0.19 4802.01
368.39 589.48 0.21 7639.24
171.16 171.77 0.19 4699.74
165.43 488.62 0.30 10120.50
344.65 507.44 0.11 9986.91
697.13 781.88 0.07 9422.91
981.71 59.99 0.05 1425.92
711.28 27.31 0.13 1386.21
924.61 173.14 0.15 7913.99
629.31 456.87 0.28 3197.44
975.71 807.41 0.28 6062.39
283.40 193.75 0.33 4373.76
467.76 720.30 0.32 2614.88
999.44 49.85 0.18 847.92
92.00 499.00 0.08 9698.35
472.05 863.75 0.27 2235.16
331.03 530.71 0.15 6314.17
365.60 555.14 0.16 10506.37
986.16 944.06 0.29 8643.51
300.05 762.79 0.07 7118.84
490.15 791.87 0.23 1548.09
522.61 922.31 0.28 5060.71
100.71 793.40 0.07 3462.74
421.10 229.76 0.05 10684.48
974.81 474.71 0.14 9880.14
665.91 969.90 0.33 8055.00
349.28 289.63 0.36 8455.19
591.69 596.11 0.12 7489.60
439.31 323.85 0.22 8745.64
62.04 127.11 0.26 5953.28
706.92 593.90 0.09 1515.14
722.16 801.92 0.29 2068.36
646.58 331.17 0.35 8869.83
116.91 938.92 0.06 2441.18
656.47 404.03 0.07 1993.84
501.87 671.54 0.43 4930.76
273.74 781.93 0.30 4622.73
815.57 960.56 0.28 7037.32
274.01 688.36 0.17 5057.19
504.56 203.23 0.30 4873.30
216.28 708.54 0.28 10389.19
237.37 57.38 0.28 3756.23
293.03 746.75 0.23 7677.98
982.13 516.30 0.40 6092.53
315.84 9.65 0.20 10479.01
135.28 43.67 0.23 5718.70
345.70 711.83 0.05 1503.25
616.50 941.11 0.15 1791.28
621.41 26.42 0.21 10753.36
77.80 792.77 0.26 3087.66
830.55 296.23 0.20 4576.48
733.81 548.87 0.19 2959.22
680.44 456.76 0.26 4044.35
929.32 226.29 0.35 1077.77
732.93 823.97 0.19 6247.82
403.38 290.18 0.14 8186.95
813.74 939.03 0.12 4169.63
858.04 865.13 0.03 3180.78
177.30 651.36 0.15 3891.05
527.65 718.70 0.36 5256.56
833.01 777.49 0.18 2398.60
34.12 768.91 0.01 3451.00
108.25 787.40 0.10 6268.75
592.21 257.72 0.04 7641.85
273.50 251.05 0.30 7204.72
909.44 589.01 0.18 7654.82
813.22 465.90 0.16 6365.09
907.03 728.34 0.30 4505.12
305.59 374.51 0.26 9686.00
807.48 160.38 0.23 3590.87
773.25 869.28 0.23 7449.21
194.36 702.35 0.04 5664.98
364.73 85.04 0.17 7168.45
215.29 849.99 0.11 1689.49
469.57 269.64 0.21 9389.18
765.87 926.00 0.22 5301.75
903.60 558.92 0.13 2502.13
182.67 988.21 0.03 9421.00
546.78 91.74 0.05 3578.34
74.41 124.83 0.16 9637.53
622.34 550.34 0.29 9210.61
259.58 430.85 0.22 9729.84
185.18 478.70 0.29 10177.14
628.34 702.25 0.22 7333.83
19.46 36.48 0.17 8414.36
473.79 206.43 0.05 3464.82
664.44 973.89 0.25 7748.45
795.49 607.08 0.29 3380.54
343.74 722.02 0.02 9173.09
354.27 9.25 0.16 2184.36
824.33 55.22 0.25 6830.57
364.14 499.64 0.06 7762.86
369.70 375.11 0.27 7008.87
344.02 370.90 0.23 6745.81
145.38 854.96 0.26 9263.34
426.93 301.43 0.07 5628.76
806.42 37.23 0.02 7515.95
76.25 229.40 0.01 3622.35
143.72 609.41 0.08 5860.64
322.80 375.84 0.23 2980.82
420.21 776.19 0.11 6881.48
680.42 621.35 0.08 4967.91
256.72 747.57 0.38 1138.45
127.28 468.84 0.13 9428.25
459.52 236.06 0.21 7483.02
574.43 948.74 0.19 7811.27
439.93 508.41 0.30 1912.48
55.98 728.47 0.23 3768.77
471.64 874.47 0.20 8569.58
233.58 813.99 0.16 10647.12
76.30 356.20 0.13 9604.83
281.60 903.58 0.10 743.98
200.64 621.74 0.36 9355.07
669.62 132.97 0.39 4744.84
522.47 31.72 0.22 9807.85
478.21 667.30 0.23 9015.12
537.39 408.64 0.15 10243.65
999.15 942.07 0.30 8719.68
799.45 395.40 0.26 7532.35
235.26 144.48 0.04 3771.71
548.90 820.68 0.29 8271.69
904.78 965.84 0.13 9757.25
263.07 723.29 0.20 2404.80
405.17 874.38 0.31 1608.89
298.68 398.57 0.22 5014.34
208.22 404.42 0.16 1424.30
416.04 379.41 0.19 1241.90
578.19 671.02 0.26 9594.09
667.38 152.33 0.17 5746.49
944.44 268.27 0.30 7279.17
