529.82 63.00 0.69 5224.00
199.62 455.67 0.26 5553.52
580.49 452.60 0.91 5897.27
233.14 772.35 0.57 7703.33
814.53 492.37 0.86 6335.89
975.81 720.27 0.76 9052.98
63.01 635.62 0.04 8382.93
192.97 414.65 0.39 7077.24
352.40 138.15 0.09 8876.95
868.17 859.95 0.77 8012.65
855.21 750.39 0.77 6550.21
776.94 165.60 0.36 6578.85
582.51 558.16 0.25 6865.13
324.38 311.38 0.74 7762.91
584.76 533.58 0.36 7859.68
513.90 478.27 0.42 8026.81
354.36 906.86 0.84 6696.85
386.26 645.71 0.03 7003.82
964.04 927.79 0.70 7442.15
754.76 608.22 0.05 6824.33
490.37 183.08 0.09 6795.00
915.52 533.75 0.96 6202.64
799.67 446.53 0.65 7130.19
18.89 167.11 0.19 6649.67
526.18 28.37 0.66 5233.02
639.94 699.90 0.81 7915.89
224.15 160.93 0.03 7801.22
831.80 398.98 0.61 6573.04
295.88 933.37 0.35 7739.76
266.01 647.00 0.50 6368.54
437.87 916.86 0.62 5930.50
140.31 136.22 0.81 6631.94
691.27 491.57 0.06 7675.83
478.71 716.52 0.21 7400.10
439.87 21.66 0.98 5343.56
391.58 667.68 0.53 7556.42
78.76 851.90 0.75 8165.46
708.42 416.63 0.81 8532.53
271.59 865.21 0.24 7518.03
647.42 361.37 0.06 4667.37
570.52 381.61 0.47 7261.87
433.96 514.78 0.56 6910.20
970.00 361.10 0.77 5644.73
63.11 830.12 0.50 7905.20
813.40 213.07 0.11 5936.50
3.21 408.05 0.56 5479.18
222.70 106.38 0.25 6125.71
270.30 737.15 0.41 6024.13
169.13 613.77 0.88 6724.19
290.17 93.04 0.83 7041.29
780.21 416.15 0.07 7731.52
300.01 399.43 0.52 7120.22
849.45 613.01 0.59 8171.80
511.01 368.82 0.51 6691.29
512.98 222.56 0.54 7503.47
369.44 8.36 0.19 7410.45
686.87 97.58 0.75 7084.04
152.26 444.69 0.30 7139.76
402.81 734.46 0.21 6493.82
245.14 645.05 0.55 7856.52
781.23 916.76 0.43 7128.49
26.69 412.00 0.18 6530.48
681.27 654.99 0.12 7419.95
662.34 409.84 0.48 6947.58
331.89 174.25 0.49 7414.56
482.58 291.29 0.57 6807.70
365.59 720.75 0.12 7871.73
275.31 862.63 0.73 7293.08
148.47 611.25 0.16 7727.89
528.98 717.55 0.10 6448.01
926.08 897.92 0.89 6040.63
970.20 741.82 0.47 7069.64
745.70 458.94 0.33 6930.65
162.28 308.49 0.38 4918.04
519.28 841.44 0.44 7222.45
325.87 977.15 0.57 6740.09
500.23 732.28 0.69 6911.09
633.98 228.04 0.88 8017.62
130.67 276.69 0.41 6553.86
519.75 376.90 0.02 8906.83
326.74 221.21 0.33 6459.10
743.10 985.56 0.44 9520.32
197.62 377.88 0.49 7813.46
397.06 925.07 0.96 8503.31
186.94 501.29 0.31 7648.79
994.46 187.69 0.27 5983.40
992.93 69.49 0.90 5927.52
713.65 196.13 0.29 6695.70
643.70 838.56 0.82 6238.54
260.50 287.33 0.63 7613.63
15.64 734.50 0.81 6988.39
898.77 939.89 0.08 6825.77
295.76 489.04 0.55 5556.51
263.78 140.80 0.34 9292.59
641.02 40.20 0.52 7454.12
402.80 432.32 0.53 6293.93
229.21 606.51 0.25 6434.68
504.69 309.88 0.10 5923.53
284.34 451.13 0.41 8500.23
385.86 148.06 0.63 8348.24
807.48 625.16 0.31 7275.49
21.14 185.91 0.31 6358.64
932.26 985.77 0.12 7638.15
383.14 311.77 0.84 5813.71
142.55 907.24 0.63 8695.65
11.55 168.41 0.58 5842.13
136.33 117.41 0.76 7691.65
63.26 128.31 0.07 7910.99
727.87 281.11 0.08 7362.15
918.69 441.76 0.05 7255.51
83.83 420.10 0.25 7379.75
135.93 481.41 0.08 6598.14
328.29 104.96 0.72 8313.62
291.09 214.65 0.04 5030.49
934.51 321.41 0.39 6713.47
657.27 422.61 0.29 8793.12
108.41 321.94 0.20 7075.14
543.62 195.46 0.43 7563.04
200.33 849.58 0.87 8038.68
807.32 192.93 0.41 6697.73
538.31 375.70 0.85 7047.83
864.66 862.19 0.76 8304.06
594.24 468.45 0.60 8632.56
618.73 724.86 0.45 7961.09
220.83 310.30 0.34 8520.52
44.69 111.17 0.64 7129.24
177.10 668.50 0.69 8332.18
169.16 439.99 0.33 7178.91
168.11 635.31 0.58 6003.55
857.62 270.18 0.68 6694.80
136.95 577.70 0.88 6855.66
471.06 80.04 0.95 5748.46
487.57 171.83 0.89 6389.67
51.26 792.08 0.16 8677.53
513.11 509.79 0.43 7333.47
2.83 734.04 0.67 6278.58
202.74 600.00 0.61 7746.71
75.10 893.23 0.77 5211.76
342.30 408.17 0.34 5885.54
997.15 620.39 0.85 5235.89
294.23 230.33 0.77 6852.13
223.26 447.34 0.62 6420.36
118.42 840.81 0.31 8646.22
530.40 484.74 0.81 6252.13
363.40 477.73 0.72 7309.01
12.69 656.95 0.60 6781.68
210.95 629.34 0.52 4539.46
376.39 665.12 0.87 6636.52
37.89 991.15 0.44 8722.09
469.72 993.01 0.98 8111.24
28210.558346431295