948.35 938.35 0.51 9270.00
222.69 494.75 0.01 6929.85
31.90 164.89 0.33 7186.64
31.19 211.05 0.29 7139.03
611.40 633.75 0.29 7049.30
72.53 292.62 0.81 6904.89
558.58 337.27 0.67 8432.55
796.17 200.51 0.25 7386.86
431.06 842.65 0.23 7823.53
359.64 941.16 0.79 5972.23
910.31 749.80 0.86 7318.62
119.37 311.00 0.44 6364.69
371.31 189.06 0.90 9464.74
294.95 343.51 0.57 8731.79
999.65 543.49 0.16 7974.19
881.73 95.51 0.65 5078.21
422.87 764.49 0.86 5108.66
812.44 495.33 0.22 5234.35
987.86 947.33 0.02 6891.03
528.59 545.11 0.36 6728.76
995.48 413.55 0.11 7229.27
148.60 561.54 0.76 6160.67
850.95 897.97 0.55 8874.87
154.43 180.93 0.43 7734.53
583.80 625.47 0.12 6961.32
304.58 645.80 0.90 6012.50
69.50 211.92 0.48 6495.47
663.72 604.23 0.52 7463.57
715.43 528.45 0.52 8030.30
785.45 703.04 0.59 7257.14
352.48 674.92 0.24 7691.21
773.38 521.47 0.02 7685.54
328.88 183.22 0.84 6196.42
734.14 711.37 0.73 5940.11
207.28 430.57 0.90 6854.56
82.38 130.80 0.22 7710.15
213.76 605.45 0.78 5890.87
573.09 669.93 0.78 6863.01
708.81 835.79 0.03 6763.44
175.84 437.56 0.59 6722.96
85.64 908.76 0.86 4155.54
13.65 785.94 0.74 7716.03
902.43 939.84 0.58 8219.96
956.69 96.09 0.47 7012.82
414.70 611.79 0.70 6315.12
941.27 759.30 0.31 8049.29
434.79 617.61 0.75 7534.70
515.35 252.35 0.41 6937.95
650.51 166.77 0.23 6837.70
117.25 69.98 0.15 6071.08
19.12 806.05 0.98 5873.98
853.84 307.32 0.10 6859.85
966.40 884.74 0.90 7093.04
7.70 109.76 0.14 5745.32
780.52 774.67 0.28 6655.29
118.86 735.12 0.40 6589.00
866.71 218.06 0.58 7084.76
171.97 154.16 0.63 8093.22
886.74 524.18 0.99 7879.73
174.38 970.54 0.17 7217.19
753.99 485.59 0.26 7553.07
787.67 516.94 0.19 6446.37
921.12 690.28 0.88 6226.25
317.34 108.62 0.10 5688.05
606.28 793.28 0.78 5232.64
81.04 595.51 0.43 8067.51
402.42 83.42 0.47 5905.15
186.99 323.14 0.36 7484.89
423.21 144.41 0.35 7085.61
527.67 494.02 0.42 6758.28
707.67 894.88 0.36 7377.60
725.74 365.53 0.39 6857.86
633.58 498.84 0.70 6667.21
158.42 76.25 0.92 6899.38
636.40 855.77 0.09 5402.60
774.75 520.54 0.76 6183.45
917.56 403.08 0.46 5436.07
991.84 688.35 0.66 6848.59
917.00 847.35 0.10 8901.03
790.44 397.33 0.87 7331.92
542.74 301.85 0.41 6218.51
448.76 573.08 0.75 6561.39
959.88 240.69 0.65 8774.58
230.74 622.82 0.21 5223.92
621.48 481.27 0.44 7573.50
30.01 788.11 0.07 6711.79
840.52 94.46 0.37 7330.85
771.22 414.90 0.13 7917.50
449.40 872.35 0.05 7552.09
96.94 501.61 0.85 6944.06
368.85 576.54 0.53 6830.58
288.27 92.10 0.61 5532.27
331.94 970.74 0.73 5600.04
296.22 732.82 0.29 6634.55
683.55 748.75 0.63 4861.18
494.33 748.01 0.67 6496.03
728.86 581.22 0.09 7143.41
382.72 918.60 0.81 6525.02
959.29 946.99 0.48 5576.99
817.42 170.74 0.23 7345.14
723.48 239.03 0.25 6620.22
936.60 327.44 0.49 8425.24
313.32 184.85 0.64 5898.26
698.46 427.71 0.40 7919.29
539.53 883.92 0.83 6543.36
353.74 863.31 0.79 7352.77
140.68 613.15 0.67 6528.65
722.43 37.24 0.61 6705.38
791.10 91.74 0.39 6858.86
546.96 853.23 0.75 7580.51
19.97 174.38 0.31 6882.73
932.17 270.87 0.26 7543.04
129.87 593.27 0.28 6013.23
448.76 683.15 0.29 7730.06
303.26 528.17 0.42 6756.03
171.56 977.32 0.38 7001.53
213.21 489.28 0.80 7443.92
682.70 78.42 0.86 7345.21
377.85 695.45 0.48 7867.33
57.05 383.40 0.70 7049.55
114.93 728.28 0.54 7088.46
830.22 52.64 0.11 7088.50
282.39 31.12 0.59 6825.65
361.82 602.94 0.87 8150.04
980.56 534.70 0.13 6380.21
545.89 176.22 0.31 7472.13
506.98 105.10 0.17 6666.54
354.28 729.87 0.99 6262.51
173.35 962.56 0.86 5006.71
225.79 874.40 0.57 7888.54
708.65 346.92 0.59 4942.54
988.03 993.84 0.80 6828.63
699.42 481.70 0.57 9599.69
719.77 186.04 0.50 9049.15
124.51 507.66 0.40 7641.03
872.32 296.90 0.74 6540.96
967.70 1.94 0.14 8037.66
812.68 156.65 0.33 6541.70
579.09 4.73 0.28 7408.91
456.05 402.47 0.01 6775.69
970.46 885.42 0.46 7254.33
329.82 371.19 0.88 8230.86
51.84 93.11 0.38 5185.04
743.40 649.42 0.73 6240.92
811.88 243.92 0.42 7106.67
810.41 146.44 0.35 9155.33
666.98 395.74 0.99 5775.24
544.73 884.01 0.07 7154.29
864.33 345.62 0.98 6800.82
200.31 939.30 0.30 6829.15
127.15 944.34 0.40 6283.99
6.24 220.84 0.07 7850.04
775.39 130.89 0.38 7226.82
754.40 485.79 0.95 6683.86
432.01 11.40 0.72 7565.29
42.64 741.38 0.27 6975.81
517.60 540.30 0.87 6263.40
480.02 783.97 0.48 6126.70
247.84 859.25 0.09 7127.69
286.82 339.77 0.54 6267.48
399.73 283.38 0.24 7458.89
709.37 848.76 0.60 6943.48
371.48 286.27 0.46 6138.32
559.66 12.80 0.74 6873.30
543.36 523.86 0.67 6861.62
784.14 7.52 0.89 7309.41
862.96 527.13 0.64 7626.29
868.04 994.25 0.52 7134.61
109.43 487.15 0.86 6671.32
663.70 515.84 0.07 6819.15
17.87 644.57 0.84 7047.22
60.03 383.79 0.98 6074.80
7.88 329.54 0.23 7785.59
44.27 503.61 0.24 5862.06
199.30 172.72 0.78 6194.32
29744.686697054825