515.00 454.12 0.16 7934.25
450.15 512.82 0.06 10459.24
488.85 503.15 0.22 7580.43
619.34 525.66 0.20 6134.82
470.85 436.27 0.15 8905.13
527.38 558.72 0.17 10310.49
487.26 503.59 0.22 2670.10
564.82 592.72 0.19 708.25
525.94 564.83 0.26 927.34
423.89 440.15 0.09 10109.48
509.22 494.63 0.30 7207.36
437.27 444.92 0.09 10044.26
428.76 570.59 0.27 4926.13
441.62 529.35 0.19 10625.45
401.58 485.60 0.01 7686.23
434.98 506.33 0.22 5814.69
494.00 550.70 0.14 850.37
472.39 447.53 0.23 10680.85
504.81 565.84 0.51 5334.42
548.82 509.75 0.18 10195.20
498.11 484.78 0.25 1320.81
544.17 592.59 0.04 8041.59
467.18 529.93 0.04 2279.11
534.95 453.51 0.13 8290.93
477.07 467.37 0.18 6679.85
506.15 473.00 0.12 5586.24
502.75 490.87 0.37 3187.60
558.75 471.03 0.31 792.13
540.35 472.57 0.06 4871.11
571.38 527.61 0.08 2503.84
447.87 494.28 0.27 5910.57
552.70 546.54 0.21 2798.37
489.30 461.77 0.12 8465.66
477.82 491.66 0.08 686.44
541.63 515.53 0.24 3210.25
462.40 431.62 0.15 5256.81
539.68 610.86 0.12 8137.67
496.94 547.22 0.29 10729.80
534.58 521.85 0.28 5554.70
520.68 530.09 0.36 3518.18
494.39 546.94 0.27 6948.07
339.85 531.89 0.21 8821.69
454.83 500.16 0.05 5594.76
553.14 530.61 0.12 4164.45
515.54 506.19 0.17 8312.67
449.66 532.44 0.18 10112.00
469.45 498.69 0.07 9491.53
541.57 437.63 0.18 1896.81
536.62 514.56 0.30 8032.00
581.80 519.95 0.33 7951.41
562.90 535.56 0.18 715.63
528.70 492.62 0.47 6710.24
442.07 519.72 0.06 9778.68
520.89 521.90 0.19 4083.10
559.07 531.66 0.22 6356.66
369.45 458.21 0.09 3683.49
554.97 594.89 0.34 5870.22
493.75 551.24 0.26 6408.24
453.16 508.59 0.07 755.04
514.35 580.86 0.24 10066.99
483.94 512.56 0.27 4582.55
534.36 513.84 0.17 2100.95
425.11 486.80 0.13 8233.88
498.43 560.62 0.22 10682.52
484.78 503.11 0.47 3141.35
493.95 403.29 0.22 9690.89
463.28 531.05 0.15 9097.66
490.92 426.28 0.23 5110.56
514.35 551.26 0.28 2742.73
516.87 407.79 0.11 8685.69
550.90 430.28 0.13 2214.80
487.94 478.41 0.28 8648.68
548.59 554.33 0.28 5931.46
530.61 400.19 0.13 9997.85
511.62 607.03 0.27 7297.10
585.46 535.53 0.17 6745.01
456.41 482.82 0.19 5097.95
401.48 440.43 0.23 10133.79
439.11 543.12 0.28 10233.32
544.08 476.74 0.29 1968.07
451.14 492.86 0.18 7822.50
472.19 482.69 0.20 8733.87
458.52 494.30 0.25 7575.78
486.46 474.67 0.10 9683.02
465.19 494.10 0.36 6910.79
480.32 525.17 0.16 1119.35
426.61 505.21 0.12 6057.58
487.77 484.52 0.25 5483.68
530.05 385.79 0.43 3856.11
563.16 523.54 0.28 6801.41
493.82 422.55 0.11 9398.74
549.09 562.03 0.24 6780.79
458.93 499.32 0.28 3438.22
457.28 444.29 0.27 6612.20
402.30 508.79 0.05 6917.47
521.72 452.44 0.26 7050.67
563.02 590.83 0.32 2514.92
505.13 505.43 0.18 1771.51
413.32 500.59 0.02 5066.55
506.10 497.49 0.12 10547.52
