583.92 656.68 4241.68 0.26 
583.32 634.03 3577.36 0.37 
645.24 545.58 4795.05 0.30 
659.29 618.86 3624.12 0.45 
591.18 558.89 3541.02 0.46 
767.50 554.19 4729.36 0.32 
541.10 603.00 3101.10 0.45 
619.51 707.15 3776.85 0.26 
545.49 565.79 4096.04 0.40 
699.43 611.03 4218.81 0.41 
549.24 599.33 4332.02 0.39 
591.06 732.67 3133.15 0.56 
662.21 669.49 4074.32 0.29 
905.26 688.96 2915.11 0.38 
673.27 578.34 3332.40 0.49 
831.53 776.70 4616.63 0.49 
637.00 561.75 4606.70 0.43 
696.00 643.19 4042.15 0.55 
661.39 573.02 3852.04 0.58 
551.69 550.38 4174.03 0.26 
589.14 558.46 3505.62 0.35 
577.67 552.11 3574.66 0.46 
614.43 639.90 5066.46 0.48 
585.50 567.42 3945.63 0.50 
886.04 893.90 5097.12 0.37 
656.72 542.67 4630.68 0.48 
567.20 549.76 4706.80 0.59 
658.74 565.92 5355.63 0.32 
608.69 624.14 3394.31 0.61 
620.49 559.28 4405.85 0.43 
738.10 599.74 4158.46 0.44 
610.27 585.52 3276.43 0.36 
643.29 629.57 3618.09 0.33 
643.90 627.99 3569.03 0.33 
603.48 742.81 4211.76 0.39 
787.00 599.51 4742.45 0.42 
652.25 692.95 3525.78 0.21 
629.64 558.99 4436.06 0.52 
850.27 779.09 3751.24 0.47 
589.45 599.93 3722.71 0.38 
601.71 636.98 3456.08 0.33 
698.33 889.62 3262.81 0.33 
654.80 576.56 3666.26 0.29 
631.41 739.26 3196.26 0.28 
548.89 598.64 3992.88 0.37 
592.46 613.74 5163.58 0.32 
559.58 656.72 4029.66 0.46 
580.59 606.42 5019.88 0.46 
599.12 634.23 4523.54 0.47 
549.26 550.90 4511.28 0.28 
653.73 542.75 4564.93 0.49 
599.53 601.19 4079.54 0.31 
611.04 587.78 3339.06 0.44 
657.27 590.55 4062.52 0.42 
592.86 653.39 4821.83 0.47 
550.97 554.67 3284.08 0.33 
575.83 681.93 3684.51 0.44 
635.11 692.98 3704.82 0.42 
744.82 594.80 4661.88 0.30 
560.97 584.32 3609.67 0.39 
760.04 654.56 3859.14 0.23 
658.83 545.15 4118.46 0.49 
664.87 551.03 3522.54 0.43 
616.12 732.50 4924.52 0.34 
588.58 812.51 3777.97 0.49 
661.89 682.81 3765.74 0.46 
572.74 625.62 3773.85 0.72 
610.71 683.05 4510.17 0.43 
619.53 591.45 4793.01 0.49 
661.14 583.89 4580.74 0.52 
684.57 633.76 3892.18 0.48 
721.32 580.67 4676.10 0.40 
655.90 667.89 3660.84 0.53 
853.70 564.73 4586.89 0.35 
615.62 691.49 3981.24 0.30 
596.65 559.31 3924.85 0.39 
642.50 575.80 4745.53 0.39 
605.10 620.33 4229.79 0.55 
570.32 585.93 4965.93 0.41 
556.62 562.98 4509.50 0.64 
732.62 599.16 4361.75 0.32 
707.77 639.75 4762.84 0.45 
628.94 697.28 4008.70 0.25 
727.02 698.64 5028.42 0.30 
735.38 540.56 3816.51 0.45 
562.94 553.58 4079.92 0.35 
635.05 576.98 4794.81 0.42 
681.65 655.49 4901.40 0.05 
545.00 644.78 3782.98 0.47 
638.70 702.86 3971.13 0.35 
715.25 694.12 4590.58 0.52 
