576.80 734.25 3756.65 0.31 
606.90 571.24 3119.35 0.40 
627.78 591.99 5499.86 0.42 
564.39 566.00 3315.27 0.49 
621.18 785.87 4165.08 0.48 
657.79 569.06 3292.38 0.28 
687.42 797.85 5043.78 0.33 
669.94 561.65 2878.95 0.37 
643.48 653.94 3506.97 0.34 
565.46 617.06 4194.68 0.39 
814.63 585.20 4694.80 0.42 
666.99 543.98 4004.80 0.50 
552.90 550.77 3638.63 0.36 
557.42 643.79 3969.28 0.37 
569.25 637.86 3794.51 0.49 
640.08 561.63 3779.51 0.37 
576.90 599.40 2831.81 0.42 
648.22 638.55 4310.01 0.34 
617.58 725.49 3570.28 0.51 
592.10 699.01 3781.67 0.37 
619.11 631.87 3214.65 0.49 
784.98 688.16 4202.65 0.47 
656.29 665.89 3599.41 0.44 
566.25 603.21 3532.50 0.30 
584.68 698.28 3639.69 0.47 
581.81 654.90 3859.56 0.41 
791.24 553.22 3815.40 0.43 
567.92 587.86 3909.34 0.31 
547.63 576.70 4366.01 0.35 
713.66 700.12 5049.40 0.45 
565.27 627.51 3087.83 0.50 
563.62 583.41 4502.08 0.37 
632.60 595.09 5796.51 0.40 
614.61 604.53 4365.57 0.50 
674.31 559.32 4897.32 0.25 
575.00 726.77 5112.02 0.29 
558.67 623.71 4125.40 0.40 
652.65 605.77 4389.93 0.21 
644.28 724.81 4568.57 0.34 
676.21 647.58 4337.77 0.32 
622.64 753.23 4789.11 0.35 
626.99 607.30 3335.58 0.59 
571.15 722.49 3529.66 0.33 
552.74 620.59 4346.40 0.51 
563.68 681.36 3706.09 0.31 
561.06 650.98 4324.25 0.48 
800.49 712.51 3853.25 0.45 
671.95 630.74 4291.03 0.36 
634.95 806.56 3688.58 0.35 
637.50 546.45 4563.11 0.47 
678.47 573.93 2444.29 0.37 
608.92 558.00 4126.05 0.45 
576.57 735.87 4224.29 0.31 
552.77 637.20 4360.55 0.48 
541.07 627.84 3334.06 0.40 
841.95 543.92 3575.64 0.43 
734.62 752.79 4026.85 0.38 
676.64 617.00 4169.46 0.46 
632.39 672.68 3332.72 0.40 
563.34 645.05 3253.33 0.32 
703.30 719.58 3760.62 0.48 
644.74 623.11 3595.21 0.61 
604.61 556.49 3657.54 0.40 
708.18 671.87 3708.29 0.38 
690.63 585.50 3980.45 0.51 
544.16 615.66 4228.51 0.48 
631.72 635.23 4424.73 0.41 
688.89 562.63 5548.21 0.25 
617.94 599.70 2857.49 0.54 
580.70 627.72 3950.86 0.28 
662.58 562.13 3791.13 0.43 
636.42 589.40 3490.49 0.53 
646.93 627.24 4056.16 0.45 
592.64 582.54 3426.44 0.45 
667.11 665.91 4226.40 0.34 
567.19 595.33 3258.84 0.49 
653.49 579.11 3463.87 0.33 
600.66 586.50 4214.97 0.30 
547.27 592.11 4041.12 0.49 
552.06 550.66 4711.19 0.37 
557.72 763.40 4895.16 0.39 
743.37 596.51 4827.11 0.44 
581.86 555.44 3011.52 0.55 
610.75 624.56 3878.81 0.30 
604.41 556.61 3806.54 0.50 
598.10 549.18 3726.90 0.39 
602.52 575.14 5205.95 0.34 
613.75 570.35 4887.78 0.41 
575.93 716.69 2564.87 0.21 
648.51 609.29 4187.23 0.36 
628.29 546.07 3605.27 0.43 
575.50 606.17 4656.18 0.40 
750.94 544.84 4620.34 0.40 
571.14 552.16 3252.64 0.24 
662.85 829.74 3966.63 0.38 
654.77 610.91 4082.60 0.48 
627.63 580.75 2861.67 0.42 
544.49 680.24 3893.07 0.30 
771.67 558.59 3412.04 0.38 
575.76 681.63 4191.30 0.46 
559.83 657.73 4479.04 0.50 
647.30 709.40 4346.00 0.46 
540.14 642.57 3458.25 0.37 
677.89 610.85 4731.71 0.45 
731.56 574.61 4686.96 0.42 
557.34 554.65 4489.34 0.36 
647.35 777.42 3550.95 0.39 
624.50 600.67 5395.64 0.40 
665.55 632.25 4490.87 0.31 
583.34 730.88 3495.99 0.36 
618.16 723.10 3357.23 0.28 
583.83 594.44 4290.19 0.31 
690.09 545.28 4819.68 0.33 
678.41 568.25 3513.85 0.47 
798.18 630.61 4475.17 0.42 
605.13 816.52 4181.56 0.49 
634.04 679.19 5281.09 0.46 
736.82 583.54 4321.85 0.41 
567.80 579.19 4924.64 0.41 
554.51 584.96 3373.24 0.37 
591.01 547.57 4068.14 0.30 
603.14 722.17 4687.34 0.32 
781.09 619.52 4300.81 0.45 
569.10 554.67 5033.83 0.39 
695.14 599.01 3964.29 0.48 
583.26 551.94 4343.40 0.31 
596.16 612.86 3905.07 0.60 
620.97 579.26 3195.08 0.29 
653.49 605.58 4101.14 0.53 
595.37 614.04 3581.39 0.61 
558.07 683.51 3926.35 0.31 
612.50 577.34 4219.52 0.40 
586.08 681.05 3901.53 0.39 
543.10 611.77 4227.75 0.37 
671.83 623.33 3254.36 0.28 
749.30 647.12 4896.25 0.50 
614.68 616.55 3413.95 0.57 
589.03 566.66 4098.83 0.57 
614.38 632.29 4748.95 0.43 
628.13 553.48 4180.62 0.37 
579.76 785.27 3762.40 0.36 
701.86 600.34 4469.72 0.27 
732.36 564.00 4808.77 0.51 
784.29 776.60 4150.40 0.63 
654.22 710.50 3104.49 0.32 
585.35 542.68 4049.33 0.45 
670.43 624.21 4693.02 0.40 
588.74 574.56 4614.15 0.34 
566.38 582.19 3992.74 0.51 
587.44 580.91 3566.46 0.38 
633.68 609.20 4809.39 0.36 
