645.38 675.77 3526.19 0.42 
612.80 554.98 4565.25 0.72 
694.52 634.56 4139.83 0.47 
590.28 630.59 3371.57 0.27 
596.73 552.92 3138.74 0.35 
565.80 625.60 4927.18 0.54 
671.47 617.41 3722.35 0.43 
618.56 660.35 3737.73 0.49 
684.84 622.97 5148.04 0.46 
672.42 595.20 4694.70 0.44 
797.03 573.66 2791.14 0.44 
590.54 585.70 5151.12 0.47 
621.95 554.95 4405.12 0.37 
617.08 557.93 4624.65 0.39 
548.41 571.25 3581.55 0.44 
597.87 720.18 3052.79 0.56 
609.84 730.40 3726.46 0.45 
695.95 587.73 3508.84 0.44 
635.40 550.07 3186.87 0.30 
704.16 568.18 4465.22 0.26 
646.56 606.81 4656.02 0.24 
613.25 683.22 4049.25 0.25 
607.68 612.29 4500.09 0.38 
745.92 558.36 4090.44 0.18 
560.53 595.44 4037.50 0.45 
610.90 603.62 3056.70 0.59 
656.47 716.97 5168.74 0.34 
596.25 598.39 3012.68 0.33 
571.92 646.42 3094.85 0.51 
693.81 621.70 3821.73 0.53 
541.41 606.04 3835.69 0.40 
627.88 691.77 2658.03 0.38 
619.49 626.35 3026.71 0.59 
621.64 549.87 2393.43 0.37 
622.90 666.86 3086.77 0.28 
697.90 563.37 3726.50 0.43 
607.87 607.64 4882.54 0.53 
579.05 653.35 4979.03 0.29 
695.89 688.02 4453.06 0.28 
718.11 687.04 4246.29 0.33 
590.43 558.38 3681.24 0.56 
572.28 589.85 4211.85 0.46 
647.90 670.93 4276.77 0.39 
565.73 576.73 4396.47 0.34 
569.44 674.63 4346.26 0.36 
567.00 583.61 3661.75 0.44 
753.35 650.96 3433.72 0.49 
553.74 570.67 3587.90 0.41 
604.53 583.58 3281.41 0.26 
832.15 569.84 3588.33 0.51 
634.62 570.04 3183.89 0.33 
589.20 608.16 3761.73 0.31 
719.74 654.61 3769.02 0.49 
724.17 540.77 3499.57 0.12 
625.62 728.55 4820.14 0.30 
648.59 652.73 4679.50 0.26 
665.13 692.02 4894.27 0.48 
680.37 576.11 3092.36 0.19 
599.56 708.40 4618.95 0.26 
544.12 633.82 2661.62 0.38 
554.46 593.58 3640.96 0.26 
680.37 635.80 3533.40 0.55 
542.49 610.98 4880.89 0.44 
618.41 597.03 3825.51 0.19 
592.79 588.18 3904.67 0.36 
573.84 584.44 3670.52 0.35 
748.66 661.08 4375.07 0.19 
577.02 676.97 5707.57 0.29 
758.22 620.29 3113.70 0.40 
587.07 589.46 3153.72 0.33 
555.88 544.08 3796.51 0.36 
683.80 720.86 2402.49 0.36 
644.48 573.28 4742.87 0.44 
585.76 582.86 4316.41 0.44 
647.95 633.39 4970.10 0.48 
646.90 614.11 3629.64 0.32 
610.93 650.64 4159.16 0.39 
553.80 560.92 3900.00 0.21 
640.80 652.43 4230.57 0.28 
699.65 609.85 4607.46 0.41 
611.05 556.11 3785.23 0.37 
