867.06 326.09 0.47 3613.95
810.38 49.76 0.41 4960.51
593.78 849.69 0.36 1084.00
73.96 836.65 0.59 3601.31
778.10 878.40 0.44 6883.49
494.29 137.81 0.56 7751.35
334.99 551.57 0.47 1716.82
566.97 725.40 0.43 6196.78
547.85 211.19 0.42 3917.51
27.17 916.91 0.42 5167.32
832.20 122.57 0.60 4206.78
578.30 626.78 0.60 9351.81
605.98 546.62 0.53 6627.97
175.92 606.93 0.60 1188.86
753.52 37.60 0.45 8770.51
781.94 250.17 0.47 7158.37
952.96 630.62 0.60 1569.63
627.71 746.55 0.54 795.82
625.91 554.54 0.59 2758.37
64.74 732.29 0.40 183.61
986.98 549.85 0.52 3742.84
613.67 618.74 0.49 2960.45
35.37 558.38 0.60 4559.03
412.40 702.65 0.40 5842.04
312.94 726.81 0.60 3152.72
809.81 452.72 0.46 9428.40
370.90 855.76 0.52 6962.74
600.75 300.53 0.59 2909.48
193.74 314.54 0.50 5941.97
750.94 977.88 0.41 6202.14
489.59 128.51 0.43 4882.87
855.45 586.61 0.47 3000.40
236.90 50.89 0.56 6712.22
286.34 517.93 0.37 6370.97
578.03 7.42 0.58 7648.40
463.94 1.39 0.45 6678.69
194.10 25.57 0.50 1160.90
692.89 500.93 0.52 4187.60
738.29 99.94 0.46 5003.70
637.24 408.53 0.51 6705.13
922.48 645.01 0.54 4352.71
682.17 928.48 0.35 5268.01
995.79 786.61 0.39 6321.67
967.93 420.67 0.48 2121.51
368.08 485.07 0.52 5705.88
532.51 915.76 0.38 1990.90
849.20 113.25 0.35 545.33
503.26 553.55 0.56 413.69
389.38 773.63 0.60 1279.09
517.71 371.50 0.55 3832.81
600.69 204.23 0.53 5216.79
332.50 43.99 0.60 8105.30
10.83 415.69 0.54 7287.13
80.34 667.40 0.55 1726.28
145.66 658.41 0.60 7142.23
957.38 847.70 0.46 2887.48
743.44 389.53 0.58 7043.45
264.66 679.55 0.52 5844.51
3.10 447.56 0.53 5152.56
474.88 427.10 0.53 3026.04
477.81 39.28 0.60 740.24
529.32 839.80 0.39 8211.83
535.06 227.32 0.42 8560.24
424.38 559.12 0.60 6683.99
992.21 518.57 0.60 5206.51
630.51 25.98 0.34 5989.82
445.88 711.80 0.60 3107.77
444.03 638.98 0.39 1910.59
528.19 487.00 0.39 4381.85
656.88 620.95 0.53 2693.92
922.56 946.63 0.35 2061.69
481.33 580.90 0.50 8801.87
915.05 840.93 0.60 4915.37
621.59 865.01 0.45 4090.48
370.84 566.69 0.37 4460.65
837.77 949.99 0.59 4441.14
709.90 399.03 0.60 7130.92
186.44 153.94 0.41 2656.03
821.10 444.02 0.39 8324.12
133.63 194.98 0.36 3464.70
23.95 113.03 0.38 1960.17
824.33 265.93 0.38 4221.70
613.80 755.34 0.46 5551.76
713.93 193.79 0.30 2802.79
868.26 449.12 0.33 3014.17
817.17 99.28 0.38 8742.78
496.48 137.56 0.48 5954.53
414.91 313.17 0.54 7473.47
947.97 304.90 0.48 3170.57
808.74 708.42 0.41 6200.61
84.54 187.34 0.39 8294.02
554.36 46.26 0.45 7858.79
821.83 590.24 0.42 6747.55
562.76 203.06 0.30 6365.03
121.48 411.42 0.59 5543.22
178.48 363.20 0.55 7690.72
959.94 151.83 0.32 6703.56
972.89 61.35 0.38 5282.73
798.14 349.22 0.36 152.36
952.48 419.24 0.53 10658.62
