451.77 475.83 0.24 6194.48
446.51 536.06 0.04 5759.07
496.74 508.32 0.38 6228.56
494.76 497.22 0.14 7276.35
457.24 492.12 0.19 9297.89
489.49 480.10 0.33 7049.50
506.68 552.87 0.41 7759.09
552.34 549.89 0.58 6062.13
510.78 426.18 0.31 6435.53
443.27 515.44 0.31 5248.55
418.81 425.70 0.01 9701.78
473.31 567.59 0.13 10431.87
541.56 545.60 0.45 6687.84
496.59 480.55 0.17 7274.53
515.30 532.46 0.07 8275.20
520.68 446.27 0.48 8573.28
530.81 433.99 0.12 8099.51
545.47 579.39 0.38 5550.78
399.67 448.58 0.30 6894.66
512.33 433.06 0.15 9669.13
524.38 523.09 0.12 7647.43
484.78 549.33 0.04 6416.76
560.51 484.66 0.12 6515.52
438.75 515.30 0.48 4431.20
467.46 569.04 0.20 7708.42
514.17 421.61 0.03 6092.22
538.57 611.75 0.57 9171.30
506.91 495.13 0.17 10251.54
566.62 600.63 0.22 8186.06
442.56 427.47 0.04 7710.87
537.04 593.36 0.56 5812.97
439.92 439.11 0.42 7826.88
531.18 471.65 0.25 6819.62
400.25 512.09 0.04 8395.28
472.94 540.46 0.38 8702.37
540.20 454.06 0.44 8027.78
552.22 452.53 0.12 8363.35
531.87 501.17 0.60 6102.35
526.32 513.83 0.07 6975.10
483.81 530.70 0.50 7305.86
545.07 511.14 0.14 6213.01
479.63 489.24 0.29 6617.48
442.96 458.72 0.29 5779.43
504.60 513.30 0.24 7027.45
443.53 458.11 0.49 5615.10
417.22 493.25 0.27 8505.59
513.21 479.45 0.60 9108.62
504.46 437.63 0.24 6782.00
531.63 467.80 0.56 7112.21
400.02 500.52 0.45 6089.63
560.02 520.49 0.51 5828.60
468.95 504.45 0.13 8144.48
430.88 463.70 0.23 7202.06
517.80 444.62 0.46 6922.26
430.67 470.97 0.42 7778.06
475.10 432.07 0.30 5519.73
539.66 486.06 0.37 6422.71
529.20 473.70 0.57 7129.88
474.41 519.70 0.07 8596.25
483.64 505.74 0.57 5921.79
473.96 576.62 0.21 6731.11
629.78 437.69 0.20 6925.91
533.55 547.55 0.07 7878.56
496.90 491.03 0.56 6806.78
550.11 499.17 0.42 7187.75
475.46 596.89 0.41 8817.68
539.73 531.67 0.45 6352.42
539.90 552.78 0.06 5541.36
502.86 470.68 0.15 8603.43
516.72 532.41 0.52 7274.82
505.97 502.12 0.55 8785.44
463.76 452.10 0.20 8450.34
470.03 383.69 0.01 6390.67
490.27 529.77 0.23 9941.88
423.49 428.74 0.34 7006.44
394.86 520.00 0.42 9692.52
454.26 445.44 0.14 8292.14
540.36 549.06 0.47 6746.64
574.06 418.44 0.53 9010.69
558.11 450.81 0.04 8401.97
492.32 456.30 0.30 6869.15
505.59 458.43 0.00 6355.79
494.79 562.72 0.16 7356.07
546.60 520.11 0.41 6990.34
542.24 465.72 0.40 6698.83
468.78 561.17 0.22 6499.57
428.10 471.89 0.27 8051.02
598.75 411.41 0.56 7005.95
596.67 486.04 0.45 5756.38
530.93 425.17 0.53 7125.84
536.10 475.48 0.02 7222.46
444.04 417.19 0.11 9375.61
534.16 515.97 0.18 8660.10
485.41 476.67 0.22 8085.96
545.72 522.30 0.36 5716.98
533.72 446.25 0.42 9891.95
515.84 495.85 0.55 7218.50
569.92 462.29 0.44 7446.56
520.00 504.18 0.26 6843.39
473.08 586.79 0.51 5570.51
475.36 475.49 0.21 9698.06
433.49 532.52 0.29 7298.56
505.32 474.02 0.22 7316.33
493.56 516.14 0.13 8312.55
499.97 424.89 0.41 8296.61
600.78 489.74 0.20 9258.80
470.18 466.32 0.39 10311.55
429.90 529.24 0.45 7777.36
447.70 516.95 0.24 10495.61
580.40 503.79 0.46 7405.11
544.42 436.11 0.52 7194.79
552.53 491.92 0.10 8541.71
547.71 549.50 0.21 5709.76
426.82 494.05 0.10 8977.73
427.10 514.31 0.33 6397.03
422.69 590.09 0.05 7294.27
448.87 557.40 0.59 10101.79
518.62 333.97 0.44 10112.54
519.68 428.12 0.33 7257.80
628.78 471.57 0.27 9626.34
467.24 442.94 0.08 8292.32
510.34 490.08 0.52 7347.85
527.85 449.76 0.32 6958.92
482.04 473.06 0.15 6660.42
500.26 456.21 0.47 6341.04
