531.49 508.69 0.39 8596.24
495.35 501.59 0.11 7071.28
548.60 614.16 0.02 6192.29
528.38 553.71 0.12 8541.09
533.66 416.00 0.54 5952.78
464.50 576.37 0.05 7308.37
544.97 515.09 0.46 7019.52
583.68 459.62 0.10 6442.91
471.21 472.07 0.49 5798.65
489.49 537.35 0.45 5805.83
532.78 459.35 0.00 5964.50
436.65 493.33 0.54 7251.42
499.42 519.02 0.53 10113.75
490.51 551.76 0.50 5561.30
490.30 520.30 0.59 7744.25
555.17 408.84 0.47 8952.25
530.70 426.64 0.25 9171.06
530.55 474.55 0.24 8041.32
467.83 474.33 0.57 6180.66
568.76 468.07 0.37 6849.31
357.61 464.35 0.21 5828.93
565.42 551.50 0.36 6775.05
487.45 546.49 0.09 6336.98
502.58 488.06 0.41 6146.70
453.26 500.20 0.26 6811.79
537.48 574.83 0.39 5982.97
462.58 381.26 0.18 7782.57
470.72 468.14 0.10 6073.07
501.79 471.97 0.33 10177.67
512.67 407.43 0.16 8140.10
503.42 498.60 0.29 6517.17
480.67 459.45 0.51 8151.63
457.44 477.37 0.53 10456.58
537.30 498.60 0.29 9382.61
497.49 553.45 0.20 8490.83
505.34 525.68 0.22 6506.71
508.93 569.67 0.33 7672.65
411.85 497.04 0.28 6100.23
500.95 561.74 0.31 7482.42
483.22 528.24 0.08 7320.82
541.75 484.92 0.50 6658.05
598.93 439.39 0.18 7906.43
368.76 439.80 0.56 10388.43
549.49 472.98 0.44 9106.20
431.92 523.02 0.33 8061.84
496.54 573.38 0.07 10625.10
536.07 511.74 0.36 6427.66
561.28 458.53 0.40 5210.74
478.53 463.41 0.57 6478.56
497.16 491.10 0.49 9224.57
458.52 457.43 0.42 5694.80
462.91 482.73 0.29 6215.29
479.81 441.65 0.15 7800.56
442.48 494.03 0.03 7740.66
482.59 572.63 0.16 7022.53
483.35 487.06 0.35 6943.80
549.43 463.21 0.46 7909.14
543.81 495.46 0.43 7070.28
403.29 476.45 0.43 6152.73
463.48 506.72 0.46 7897.17
504.86 437.00 0.45 7883.99
519.77 526.85 0.20 8300.29
463.66 504.36 0.28 6006.82
451.43 402.38 0.52 7130.78
500.68 469.50 0.02 5006.63
458.71 575.52 0.13 10166.58
392.21 571.72 0.32 6759.30
513.71 484.06 0.52 6806.86
490.78 567.52 0.56 9765.56
545.26 471.57 0.07 6813.08
407.05 437.66 0.60 6533.15
434.65 584.57 0.56 7977.92
557.96 479.84 0.37 8134.38
533.17 484.14 0.26 5674.60
463.65 399.72 0.55 7290.17
467.06 474.38 0.48 7539.60
456.43 519.56 0.11 7576.01
575.69 477.39 0.36 6773.93
494.36 528.82 0.38 5249.49
508.31 470.43 0.46 10538.95
530.57 502.83 0.38 5931.37
483.57 475.63 0.25 6441.99
476.20 458.19 0.58 7671.06
510.37 517.58 0.31 8320.08
490.89 520.56 0.60 5504.02
480.55 500.12 0.25 5690.18
581.05 490.51 0.06 7029.02
543.99 598.15 0.53 7406.24
465.10 467.03 0.31 7561.63
434.99 360.74 0.58 7212.72
520.76 515.49 0.37 6986.72
490.37 445.32 0.48 6953.06
521.89 508.19 0.41 9092.81
417.78 455.57 0.47 9320.95
553.17 469.92 0.25 7964.86
493.10 478.75 0.26 7575.28
458.44 544.97 0.24 6147.20
546.47 544.39 0.18 9719.07
498.16 528.87 0.27 6636.09
522.51 521.12 0.56 7809.87
468.28 461.80 0.19 7377.40
480.62 486.98 0.34 6916.58
456.65 476.79 0.17 7125.20
603.82 532.82 0.05 6376.05
612.06 520.10 0.52 8683.96
497.85 498.05 0.37 4744.88
487.22 466.06 0.58 6033.10
533.20 466.27 0.54 6380.14
541.09 580.60 0.59 6668.61
518.72 508.93 0.51 6709.21
547.79 501.97 0.33 8254.73
538.69 465.80 0.53 8609.43
551.28 379.91 0.19 6740.04
515.74 468.42 0.26 8313.84
464.70 608.14 0.09 7831.60
547.55 578.18 0.17 7186.48
496.61 516.22 0.21 5288.50
430.20 572.39 0.59 5853.24
493.30 539.94 0.20 7629.52
429.80 465.23 0.20 4845.63
462.35 416.08 0.05 6339.44
555.38 468.77 0.21 7466.58
475.87 488.93 0.20 6128.54
541.54 535.03 0.51 6184.92
459.79 475.98 0.21 6541.54
535.76 585.26 0.13 7960.64
475.10 442.87 0.27 8030.89
535.17 476.42 0.19 5485.53
582.40 527.10 0.51 7472.23
485.52 428.93 0.10 10602.79
525.02 467.22 0.52 6577.78
489.67 517.56 0.23 7031.13
498.02 411.17 0.06 4755.70
483.12 484.81 0.43 7095.09
488.15 527.03 0.37 6160.68
475.12 447.40 0.26 6604.11
426.32 608.18 0.39 7138.19
517.19 470.87 0.43 7249.96
579.84 443.48 0.53 6322.61
451.88 475.74 0.03 8553.09
543.11 430.89 0.45 9999.78
547.04 556.49 0.01 4988.13
438.52 546.75 0.06 8161.28
474.82 461.50 0.36 8585.40
477.03 518.89 0.40 6926.66
571.88 467.74 0.41 6791.96
519.79 483.35 0.15 7065.07
458.70 509.83 0.58 8045.96
467.52 521.35 0.42 8044.54
594.19 483.93 0.58 7496.01
