148.52 136.75 0.15 6971.31
34.00 0.93 0.06 6253.92
140.33 83.46 0.09 6717.69
116.47 363.82 0.28 5941.88
34.56 277.35 0.18 5586.66
173.41 321.29 0.25 5580.64
172.56 422.66 0.42 6417.79
156.61 513.96 0.07 8066.00
199.66 477.56 0.25 5901.93
176.28 663.22 0.16 9406.46
135.33 640.11 0.20 8183.00
56.02 751.86 0.22 7500.98
21.19 893.40 0.13 5575.60
66.29 985.44 0.28 8045.32
96.72 843.04 0.16 8393.55
235.14 5.87 0.22 5920.94
259.84 61.05 0.28 8065.88
315.16 95.95 0.28 7889.62
355.15 285.09 0.12 5161.63
320.41 397.59 0.12 6105.77
228.93 275.87 0.38 5366.96
268.35 583.37 0.10 7762.50
222.63 511.12 0.26 7641.01
397.97 541.36 0.07 7221.68
396.58 636.17 0.13 9686.26
247.86 743.74 0.14 7026.57
283.98 694.16 0.18 8167.61
264.98 995.32 0.19 6678.74
216.50 996.00 0.15 6452.61
202.83 967.45 0.09 7474.93
549.04 188.30 0.37 6667.22
515.22 160.44 0.17 7553.25
510.48 191.23 0.37 7753.92
416.66 281.67 0.22 5790.25
590.52 295.63 0.11 7234.13
576.82 218.46 0.38 7118.34
441.38 540.74 0.28 6290.49
553.55 569.10 0.35 5484.41
494.51 464.75 0.13 7318.92
441.08 728.15 0.30 6845.40
510.16 643.05 0.01 7916.82
454.82 757.61 0.26 6551.34
523.93 915.55 0.17 6561.31
445.66 983.46 0.14 6331.54
430.28 884.97 0.17 8306.28
748.74 56.31 0.28 6897.47
723.40 111.51 0.25 7993.40
744.56 123.27 0.22 8047.51
705.27 320.66 0.15 7547.40
674.02 297.82 0.13 7433.89
799.40 316.20 0.05 7098.87
633.03 443.79 0.14 6530.01
633.63 499.99 0.14 6731.63
785.43 542.37 0.34 8701.45
799.20 749.44 0.11 7854.28
620.56 698.75 0.16 6617.94
706.72 614.29 0.26 6565.06
708.69 859.67 0.45 7573.05
683.55 835.90 0.23 7316.00
736.13 847.44 0.22 6527.14
970.94 138.06 0.25 7621.87
878.84 53.35 0.29 6983.73
895.33 71.60 0.23 6758.10
940.37 233.35 0.37 8953.00
935.86 252.91 0.23 6706.00
985.83 327.95 0.08 5570.23
943.95 527.21 0.08 6594.28
838.68 455.36 0.21 7623.78
901.47 465.78 0.22 7206.05
983.77 774.69 0.02 6730.55
962.87 746.01 0.15 7049.88
866.58 650.09 0.29 7283.81
911.52 933.57 0.02 7307.55
904.43 860.89 0.16 7212.53
883.00 830.56 0.06 5259.11

23033.944627012595
