58 9 96 12 13 92 67 85 32 70 33 60 46 75 52 79 2 95 19 83 47 40 6 14 24 21 5 27 65 22 37 50 88 53 55 97 98 20 68 72 82 61 59 4 91 80 36 77 86 84 26 62 94 66 44 64 51 42 30 29 93 48 34 74 73 100 8 31 49 18 3 10 89 56 71 16 17 23 25 15 11 43 81 54 57 90 1 63 69 39 7 78 41 35 99 45 87 28 76 38 
Moving time: 154.22 172.61 202.56 210.08 211.15 231.40 259.32 264.04 283.50 298.82 327.75 351.45 358.08 363.43 383.27 400.73 405.53 440.83 444.45 460.18 468.96 474.01 482.90 495.43 518.07 553.47 571.56 585.77 608.19 627.91 661.09 687.34 699.97 705.73 733.32 761.16 764.14 782.01 784.20 814.72 833.69 839.18 856.70 877.65 890.87 894.93 914.74 947.00 961.52 968.81 986.68 994.20 1013.32 1036.84 1050.12 1082.95 1092.03 1101.37 1117.71 1131.47 1138.34 1143.46 1147.95 1187.91 1219.87 1242.63 1247.83 1250.72 1271.49 1297.50 1305.97 1319.63 1326.26 1337.01 1341.01 1357.55 1371.09 1393.66 1400.48 1423.00 1434.90 1467.79 1494.65 1515.17 1542.72 1557.12 1588.20 1613.21 1621.56 1635.24 1638.54 1650.99 1657.19 1667.79 1685.76 1700.42 1706.95 1720.12 1730.33 1750.59 1877.24 
Best fitness: 23.00
Worst fitness: 25.0
Average fitness: 24.40
Alpha: 0.50
K: 0.02
Crossover probability: 0.50
Mutation probability: 0.10
Change mutation operator probability 1: 0.15
Change mutation operator probability 2: 0.15