58 35 13 54 76 79 50 61 65 1 21 29 6 5 25 8 77 43 68 44 22 18 4 59 69 37 66 38 24 80 16 41 70 64 72 75 63 14 3 52 55 73 33 71 15 10 47 40 2 78 48 53 30 19 57 32 56 45 9 34 74 28 51 62 7 42 46 67 31 11 23 49 12 39 17 60 36 26 27 20 
Moving time: 151.55 170.46 202.60 205.61 237.63 270.63 291.90 307.00 330.21 348.65 378.75 409.42 427.82 457.37 464.83 474.96 501.24 517.04 547.01 575.14 600.62 621.89 636.55 664.00 682.44 691.97 699.35 715.15 731.67 762.04 771.04 788.01 803.46 818.91 828.72 854.07 885.35 907.09 921.43 936.07 945.55 957.40 975.74 979.80 988.20 1003.60 1010.35 1031.82 1046.47 1055.94 1077.94 1097.87 1115.03 1128.69 1138.73 1162.78 1187.27 1218.33 1231.74 1233.61 1233.91 1252.79 1255.90 1266.64 1272.92 1295.27 1315.74 1328.81 1357.67 1376.66 1393.23 1405.00 1418.16 1441.90 1456.42 1486.44 1520.06 1540.22 1548.71 1557.15 1717.77 
Best fitness: 23.00
Worst fitness: 26.0
Average fitness: 24.60
Alpha: 0.50
K: 0.02
Crossover probability: 0.50
Mutation probability: 0.10
Change mutation operator probability 1: 0.15
Change mutation operator probability 2: 0.15