15 62 31 49 65 9 73 3 2 76 89 11 30 63 22 52 78 59 1 67 19 37 48 51 32 26 85 7 27 44 45 28 29 86 57 56 42 21 5 55 83 12 90 8 53 61 34 50 35 80 17 66 60 77 74 40 38 70 13 25 79 87 84 71 82 46 68 41 75 47 16 36 54 64 33 81 72 23 88 4 43 69 24 6 14 39 10 20 58 18 
Moving time: 131.94 140.30 147.53 170.32 199.02 216.21 219.73 241.90 253.22 257.06 263.35 266.36 282.18 321.78 356.43 376.14 383.86 386.94 390.28 398.85 427.77 445.05 476.58 503.44 517.17 532.29 539.38 553.33 584.58 609.22 625.46 636.32 649.02 651.57 668.45 682.22 688.31 700.73 719.11 740.50 747.69 764.40 781.60 789.74 799.41 809.79 816.76 828.22 837.48 851.70 871.20 896.00 899.10 919.18 922.81 926.73 937.96 944.99 950.65 959.04 972.71 978.16 984.03 992.28 1013.38 1029.02 1047.76 1075.44 1079.51 1104.26 1110.76 1131.98 1150.24 1161.41 1183.88 1200.90 1225.70 1254.51 1280.68 1300.14 1313.57 1317.15 1326.82 1342.27 1350.28 1353.43 1362.68 1373.31 1387.99 1395.90 1536.20 
Best fitness: 23.00
Worst fitness: 25.0
Average fitness: 24.17
Alpha: 0.50
K: 0.02
Crossover probability: 0.50
Mutation probability: 0.10
Change mutation operator probability 1: 0.15
Change mutation operator probability 2: 0.15