20 11 13 2 15 39 1 35 34 5 10 22 19 29 16 26 38 18 32 28 3 36 12 31 9 27 7 14 37 21 24 23 30 4 17 25 8 6 33 40 
Moving time: 137.12 142.00 150.25 158.58 197.79 232.12 239.45 251.62 274.26 308.58 341.19 372.57 393.69 420.70 454.50 462.28 470.18 484.14 487.08 529.94 550.91 556.97 571.99 577.61 588.48 605.63 610.85 630.25 642.27 650.08 662.54 690.02 708.24 727.97 736.97 764.63 790.94 813.40 823.20 846.74 977.49 
Best fitness: 2.00
Worst fitness: 4.0
Average fitness: 2.97
Alpha: 0.50
K: 0.02
Crossover probability: 0.50
Mutation probability: 0.10
Change mutation operator probability 1: 0.15
Change mutation operator probability 2: 0.15