62 12 15 54 27 53 23 46 43 45 33 42 1 10 48 38 6 59 40 21 68 13 20 61 11 3 9 4 17 18 64 37 29 34 49 66 14 51 8 47 35 55 24 7 52 50 32 41 26 30 16 57 67 65 56 60 69 63 19 70 44 36 5 25 31 2 22 58 39 28 
Moving time: 137.09 160.45 180.86 189.44 214.26 231.72 245.60 262.55 274.78 279.84 295.59 316.15 322.47 337.03 360.88 376.50 386.33 415.87 435.07 445.03 465.67 477.47 487.70 499.94 512.95 534.12 565.44 591.74 611.06 631.51 647.17 660.81 664.48 680.31 695.27 708.13 712.93 724.51 744.05 750.72 758.68 779.94 786.51 815.30 833.54 848.37 877.06 889.87 896.73 908.02 915.52 936.19 949.56 975.45 987.52 993.49 1015.54 1047.48 1057.38 1074.56 1095.68 1112.97 1149.58 1171.86 1191.37 1195.73 1209.52 1217.74 1229.38 1244.29 1371.82 
Best fitness: 15.00
Worst fitness: 17.0
Average fitness: 16.03
Alpha: 0.50
K: 0.02
Crossover probability: 0.50
Mutation probability: 0.10
Change mutation operator probability 1: 0.15
Change mutation operator probability 2: 0.15