15 23 66 12 30 20 8 75 90 40 57 88 76 80 83 42 50 35 29 13 86 16 53 51 74 68 37 54 31 9 60 34 45 10 38 82 22 21 6 39 43 81 4 61 56 32 2 18 46 69 47 87 27 77 44 33 71 65 67 25 48 72 63 52 28 41 62 1 11 55 84 7 19 24 79 36 5 73 49 17 64 26 59 85 58 70 89 78 3 14 
Moving time: 127.54 132.24 179.60 214.46 235.93 272.46 287.87 290.72 324.82 339.01 385.85 422.71 444.47 478.61 515.73 560.51 567.77 591.02 636.83 670.59 681.85 708.21 718.33 748.88 773.71 796.12 841.78 852.06 859.62 875.56 894.38 930.04 947.63 969.11 984.16 993.21 1023.76 1065.60 1084.38 1117.28 1132.74 1145.66 1163.63 1204.93 1221.98 1246.06 1264.58 1285.23 1304.15 1321.49 1347.68 1362.40 1405.74 1412.36 1447.87 1467.35 1494.85 1498.32 1510.18 1519.17 1553.57 1572.69 1610.28 1632.20 1675.69 1704.40 1731.45 1749.92 1790.08 1806.98 1838.48 1867.29 1881.96 1915.66 1954.95 1976.28 2012.50 2033.38 2042.37 2100.36 2119.92 2130.32 2138.55 2170.92 2203.24 2211.24 2238.17 2336.50 2364.07 2370.05 2479.97 
Best fitness: 19.00
Worst fitness: 22.0
Average fitness: 20.73
Alpha: 0.50
K: 0.02
Crossover probability: 0.50
Mutation probability: 0.10
Change mutation operator probability 1: 0.15
Change mutation operator probability 2: 0.15