2 43 59 42 29 17 54 52 69 35 28 12 51 21 46 55 18 20 23 49 45 7 62 68 48 34 33 57 30 37 5 64 10 4 36 1 3 11 38 67 65 50 53 41 40 15 8 70 44 9 56 60 19 61 16 25 66 13 63 22 24 6 32 14 58 26 47 31 39 27 
Moving time: 170.46 242.72 281.58 319.88 354.14 379.00 432.41 474.33 574.58 601.16 629.81 673.75 736.24 762.25 818.47 838.06 851.73 880.41 897.79 929.15 955.60 985.36 999.16 1024.28 1043.85 1074.38 1093.24 1102.88 1119.83 1158.94 1189.51 1215.14 1243.27 1253.10 1261.41 1281.92 1301.32 1334.29 1391.43 1412.44 1433.38 1465.77 1472.23 1534.43 1591.89 1628.19 1664.07 1718.10 1727.85 1750.82 1756.68 1786.71 1819.64 1833.80 1855.99 1871.13 1895.27 1914.98 1933.75 1948.93 1956.50 1977.64 1995.50 2042.13 2094.17 2138.26 2192.00 2233.01 2281.19 2307.37 2448.03 
Best fitness: 18.00
Worst fitness: 21.0
Average fitness: 19.60
Alpha: 0.50
K: 0.02
Crossover probability: 0.50
Mutation probability: 0.10
Change mutation operator probability 1: 0.15
Change mutation operator probability 2: 0.15