46 52 80 70 63 25 86 1 92 41 3 35 95 99 78 2 43 11 9 97 14 32 29 28 47 36 67 17 24 57 68 5 48 6 82 23 83 61 59 66 33 77 54 7 100 30 84 91 12 50 64 60 37 75 27 89 90 85 8 18 21 16 45 19 53 26 93 94 31 79 88 56 72 76 39 58 15 87 4 74 22 98 96 69 44 20 38 65 62 49 10 71 42 55 73 40 34 51 81 13 
Moving time: 160.35 190.17 227.45 301.75 308.89 339.77 404.42 449.37 491.21 532.62 565.45 581.82 592.16 608.46 668.48 713.76 722.52 748.72 769.09 838.58 891.74 940.91 980.25 1000.98 1008.58 1045.22 1090.61 1134.44 1165.88 1217.52 1252.87 1258.26 1301.71 1334.85 1356.10 1375.18 1411.25 1427.27 1480.55 1500.69 1519.72 1568.95 1632.94 1638.86 1667.86 1700.59 1736.95 1798.54 1824.95 1840.28 1890.89 1945.83 2030.74 2095.16 2121.31 2142.21 2173.92 2207.30 2241.10 2266.76 2275.63 2292.29 2335.86 2358.85 2366.33 2379.65 2441.83 2464.03 2511.54 2563.56 2606.36 2649.62 2691.59 2726.47 2774.56 2797.45 2804.31 2826.41 2882.70 2923.46 2967.04 3027.64 3056.93 3088.20 3160.69 3171.67 3240.55 3269.99 3286.03 3336.43 3377.58 3409.12 3439.30 3453.89 3458.59 3470.61 3510.06 3530.27 3604.79 3622.02 3759.30 
Best fitness: 39.00
Worst fitness: 44.0
Average fitness: 41.57
Alpha: 0.50
K: 0.02
Crossover probability: 0.50
Mutation probability: 0.10
Change mutation operator probability 1: 0.15
Change mutation operator probability 2: 0.15