37 14 15 19 13 20 9 4 18 36 25 10 3 40 16 31 33 6 30 8 5 11 17 2 29 39 28 38 21 26 12 34 27 35 32 24 22 7 1 23 
Moving time: 148.41 181.15 189.60 251.64 309.54 359.06 378.71 434.88 468.21 490.94 521.26 553.39 579.83 591.07 609.88 624.63 693.76 730.81 739.34 757.86 766.28 799.89 825.46 870.39 914.13 919.72 971.86 1032.18 1068.92 1129.37 1169.30 1221.76 1285.09 1318.26 1333.88 1391.98 1452.39 1478.63 1522.07 1586.92 1725.01 
Best fitness: 4.00
Worst fitness: 6.0
Average fitness: 5.37
Alpha: 0.50
K: 0.02
Crossover probability: 0.50
Mutation probability: 0.10
Change mutation operator probability 1: 0.15
Change mutation operator probability 2: 0.15