37 62 52 4 3 28 17 55 70 11 58 30 74 18 38 31 68 19 50 65 15 22 51 27 10 63 7 1 49 33 21 35 41 76 40 59 69 9 42 44 72 64 80 71 79 39 24 56 43 6 5 2 73 25 48 23 34 36 53 14 13 61 60 8 77 78 16 45 66 54 67 46 12 32 75 29 20 57 26 47 
Moving time: 128.51 136.90 180.20 210.71 241.27 281.54 310.63 320.88 395.99 452.14 464.96 481.43 515.49 530.50 592.11 650.22 683.38 726.83 775.56 807.80 830.87 841.87 905.88 955.56 998.65 1015.46 1031.11 1064.48 1086.80 1114.26 1123.21 1134.24 1195.04 1236.53 1276.55 1297.03 1334.28 1346.83 1351.27 1380.35 1396.17 1418.51 1438.58 1504.35 1546.68 1589.27 1638.39 1669.68 1719.49 1768.07 1775.69 1799.11 1820.38 1848.46 1888.05 1918.54 1944.11 1977.73 2018.16 2031.66 2061.40 2108.62 2170.43 2190.30 2227.66 2264.00 2299.45 2333.18 2345.74 2362.73 2397.48 2407.52 2436.70 2475.35 2501.84 2532.59 2562.74 2578.97 2624.13 2652.15 2792.47 
Best fitness: 19.00
Worst fitness: 21.0
Average fitness: 19.77
Alpha: 0.50
K: 0.02
Crossover probability: 0.50
Mutation probability: 0.10
Change mutation operator probability 1: 0.15
Change mutation operator probability 2: 0.15