17 36 8 3 23 24 22 26 12 35 11 19 25 28 38 1 10 7 27 30 14 31 37 34 29 33 5 39 2 9 18 20 13 21 40 4 15 16 32 6 
Moving time: 91.73 106.75 131.16 141.34 174.81 225.70 249.94 272.66 339.48 365.66 382.21 444.14 458.82 491.26 545.66 556.95 568.33 595.66 649.16 678.55 716.11 760.31 783.55 835.90 849.94 936.15 969.79 1001.68 1026.70 1079.87 1128.93 1199.19 1280.27 1343.62 1357.40 1372.77 1428.50 1511.66 1549.97 1606.48 1702.21 
Best fitness: 6.00
Worst fitness: 7.0
Average fitness: 6.53
Alpha: 0.50
K: 0.02
Crossover probability: 0.50
Mutation probability: 0.10
Change mutation operator probability 1: 0.15
Change mutation operator probability 2: 0.15