31 78 70 62 16 51 71 1 66 43 22 15 35 14 21 10 64 82 61 28 90 42 89 75 50 12 74 56 54 67 76 79 73 77 49 60 7 47 48 2 26 83 58 80 5 36 52 37 44 13 45 8 53 32 38 19 34 40 29 24 88 87 59 25 69 27 33 3 6 86 85 11 20 81 18 17 4 46 84 72 65 57 30 55 39 9 63 68 23 41 
Moving time: 150.32 162.44 188.41 242.13 324.24 391.77 428.18 471.34 505.12 511.15 551.89 593.09 657.88 708.46 768.36 842.14 929.44 985.79 1025.06 1120.70 1184.63 1238.86 1282.12 1337.06 1374.31 1422.80 1480.05 1522.72 1552.61 1583.02 1620.20 1654.41 1672.16 1688.36 1716.61 1779.99 1843.79 1912.23 1972.54 1994.88 2073.69 2103.54 2136.12 2172.92 2232.10 2279.70 2362.79 2366.38 2488.14 2644.29 2712.34 2740.37 2781.71 2809.20 2851.66 2920.08 2968.85 3029.01 3082.46 3116.92 3141.47 3200.31 3274.75 3323.21 3384.68 3440.66 3509.99 3580.17 3607.25 3624.37 3658.76 3726.25 3775.03 3850.43 3922.27 3967.85 3995.02 4063.83 4122.99 4130.93 4154.78 4230.01 4234.67 4262.03 4323.51 4372.91 4408.62 4465.76 4487.48 4522.83 4667.50 
Best fitness: 28.00
Worst fitness: 30.0
Average fitness: 29.23
Alpha: 0.50
K: 0.02
Crossover probability: 0.50
Mutation probability: 0.10
Change mutation operator probability 1: 0.15
Change mutation operator probability 2: 0.15