3 18 60 52 54 28 21 43 68 29 33 48 1 53 45 26 51 65 17 69 19 10 46 9 61 20 44 31 23 70 42 62 2 36 57 11 5 66 6 4 64 22 16 15 63 67 59 14 56 38 55 30 50 41 24 8 37 27 13 35 58 39 49 47 40 7 34 32 25 12 
Moving time: 95.62 169.28 174.42 217.70 238.30 318.60 408.09 496.79 585.28 594.43 686.28 749.01 808.69 914.41 948.72 986.77 1022.95 1054.44 1085.09 1155.91 1203.36 1219.79 1234.43 1301.94 1368.79 1472.66 1585.33 1700.74 1804.83 1875.21 1914.75 1950.88 1997.96 2088.98 2129.52 2150.61 2155.83 2274.73 2335.17 2391.87 2433.91 2478.19 2550.82 2597.21 2668.32 2746.12 2773.85 2869.62 2882.86 2917.48 2963.02 2976.58 3061.91 3097.28 3190.70 3277.66 3327.20 3365.03 3409.01 3465.98 3476.35 3519.72 3562.87 3625.47 3660.33 3681.57 3725.05 3847.24 3924.22 4016.26 4143.00 
Best fitness: 23.00
Worst fitness: 26.0
Average fitness: 24.27
Alpha: 0.50
K: 0.02
Crossover probability: 0.50
Mutation probability: 0.10
Change mutation operator probability 1: 0.15
Change mutation operator probability 2: 0.15