37 79 1 67 55 45 70 71 28 33 9 42 32 63 43 21 18 14 53 69 23 60 10 34 8 4 5 56 25 38 12 66 20 46 78 80 50 19 61 3 6 30 40 2 73 26 52 58 77 22 47 62 24 41 15 7 39 59 64 54 16 74 17 13 76 29 31 68 49 48 65 44 35 11 72 57 75 36 51 27 
Moving time: 173.06 218.38 307.34 367.98 416.10 455.65 556.46 612.32 634.20 681.91 726.48 747.49 814.92 851.49 875.83 957.15 1035.20 1079.08 1125.65 1155.59 1248.53 1292.31 1323.49 1351.63 1414.71 1435.45 1457.16 1459.46 1484.51 1496.87 1579.68 1609.02 1625.03 1650.53 1688.85 1719.63 1768.61 1790.98 1842.28 1939.74 1969.10 2004.66 2043.18 2050.69 2121.25 2171.21 2269.59 2349.03 2370.77 2426.86 2480.22 2532.11 2558.77 2614.41 2657.96 2710.76 2718.92 2741.45 2782.97 2864.15 2964.41 3008.41 3071.61 3094.16 3141.85 3177.02 3248.18 3296.47 3349.21 3421.42 3516.36 3580.79 3626.32 3675.36 3690.11 3746.89 3769.39 3810.55 3823.49 3855.56 4006.25 
Best fitness: 23.00
Worst fitness: 25.0
Average fitness: 23.67
Alpha: 0.50
K: 0.02
Crossover probability: 0.50
Mutation probability: 0.10
Change mutation operator probability 1: 0.15
Change mutation operator probability 2: 0.15