50 26 97 85 10 88 23 25 51 69 63 59 27 83 58 4 17 47 30 48 100 90 87 15 80 76 3 22 40 1 6 84 56 86 12 21 31 75 61 46 78 62 32 16 67 41 28 7 89 8 38 29 5 35 19 71 99 37 64 77 43 2 91 14 72 65 44 45 53 11 92 34 36 18 39 20 94 96 95 49 82 93 33 98 52 13 57 9 68 55 73 66 74 54 81 60 42 70 79 24 
Moving time: 148.63 176.29 230.61 274.90 361.97 385.98 460.49 501.86 536.82 610.68 628.07 660.89 717.88 821.17 840.89 938.24 987.37 1092.80 1155.10 1241.44 1324.29 1361.19 1388.44 1442.52 1501.00 1521.89 1550.55 1625.55 1657.26 1723.46 1787.65 1847.92 1906.24 1957.05 2031.33 2081.38 2107.79 2138.12 2206.70 2266.26 2288.54 2344.95 2408.42 2443.92 2515.97 2583.53 2638.12 2644.68 2747.33 2829.50 2850.27 2881.63 2964.92 3024.09 3081.78 3172.59 3212.70 3260.84 3300.53 3316.61 3342.11 3412.90 3463.53 3504.99 3515.39 3542.11 3551.07 3611.01 3677.98 3713.02 3771.70 3810.52 3901.22 3962.31 4031.56 4128.00 4227.57 4309.07 4357.23 4374.23 4405.74 4449.50 4464.45 4549.97 4560.58 4607.03 4672.18 4736.20 4762.21 4843.75 4916.70 4945.84 5014.72 5041.01 5112.64 5167.85 5195.58 5235.36 5290.72 5332.30 5514.47 
Best fitness: 36.00
Worst fitness: 41.0
Average fitness: 38.80
Alpha: 0.50
K: 0.02
Crossover probability: 0.50
Mutation probability: 0.10
Change mutation operator probability 1: 0.15
Change mutation operator probability 2: 0.15