7 15 40 30 47 46 36 43 1 13 39 28 4 48 11 33 29 19 34 14 31 24 2 38 23 18 9 50 3 42 21 25 27 35 26 12 20 22 37 17 32 44 5 6 45 8 10 49 41 16 
Best fitness: 0.14
30 36 29 33 11 40 15 7 38 28 39 13 43 26 47 3 48 19 35 14 34 27 25 21 44 2 18 32 9 4 24 46 22 12 31 20 1 42 6 49 45 8 10 23 50 41 5 37 17 16 
Worst fitness: 0.16

Mean: 0.15

Standard deviation: 0.00
7 48 30 3 44 36 39 13 28 9 19 5 11 33 29 34 31 12 14 35 27 47 40 15 38 23 1 46 43 32 18 2 24 4 50 26 20 42 6 10 45 49 8 21 22 37 17 25 41 16 
Best fitness: 0.14
45 11 33 5 19 30 36 13 28 48 42 29 31 12 47 7 15 50 3 4 21 25 14 34 27 43 1 24 9 10 40 38 2 39 32 18 44 26 35 41 6 46 37 17 20 22 23 49 8 16 
Worst fitness: 0.17

Mean: 0.15

Standard deviation: 0.00
