54 30 75 23 25 34 58 41 26 74 73 64 49 56 20 32 46 39 9 38 67 1 65 16 62 71 18 53 31 19 5 44 21 57 69 50 14 60 17 13 42 63 45 6 2 8 7 40 4 43 68 59 36 15 22 70 28 48 24 33 72 35 47 37 51 66 12 52 61 55 27 3 11 10 29 
Best fitness: 0.30
24 61 9 34 63 75 30 15 26 60 45 57 25 20 56 32 23 46 5 39 53 65 74 64 49 69 67 16 28 38 3 13 2 66 14 50 73 8 10 43 52 48 35 1 11 19 18 31 44 4 55 41 70 17 58 51 36 59 7 21 62 71 40 42 22 6 37 12 54 72 33 47 68 29 27 
Worst fitness: 0.33

Mean: 0.31

Standard deviation: 0.00
9 23 53 39 42 5 25 34 63 45 60 67 30 49 69 75 65 48 26 52 64 73 74 13 32 20 56 57 7 21 44 4 46 71 18 22 16 28 19 38 1 54 61 41 55 2 66 51 14 50 43 10 36 8 59 17 62 31 11 72 35 37 47 33 40 27 58 3 70 68 29 12 6 15 24 
Best fitness: 0.29
38 23 25 34 68 74 30 75 70 9 15 64 73 49 26 67 56 20 41 32 44 21 5 39 46 13 6 58 53 31 71 42 63 45 51 65 28 18 4 7 57 36 60 69 35 1 19 22 17 14 50 2 59 8 66 48 37 47 16 72 33 24 54 61 62 40 27 3 55 52 12 29 11 43 10 
Worst fitness: 0.33

Mean: 0.31

Standard deviation: 0.00
