597.82 439.24 0.52 10108.90
564.67 434.66 0.25 6395.15
606.54 511.19 0.59 6724.89
466.65 432.90 0.30 7185.35
535.22 466.11 0.54 8593.32
464.56 502.43 0.43 2604.15
473.81 511.90 0.44 8577.57
541.17 514.58 0.31 8562.42
509.07 594.04 0.38 3628.08
516.80 534.66 0.22 7835.66
551.35 514.03 0.06 9410.69
422.20 573.98 0.40 7997.95
438.87 442.29 0.50 8055.42
538.87 501.95 0.01 6752.62
469.64 514.93 0.28 1434.71
583.58 486.13 0.28 10052.73
595.33 437.83 0.32 1891.81
449.46 459.75 0.58 10086.60
560.73 459.16 0.31 8067.47
462.71 479.50 0.41 1659.24
437.40 556.39 0.10 5453.14
465.74 551.56 0.50 4668.74
520.52 521.50 0.51 7668.79
467.45 512.87 0.08 8704.32
528.64 433.10 0.20 7674.72
508.89 545.21 0.53 6559.16
535.37 436.76 0.27 3735.21
508.82 458.17 0.40 4163.48
490.60 436.74 0.17 7567.63
475.99 425.35 0.05 9295.99
627.17 459.85 0.03 3895.82
414.16 478.70 0.27 2112.67
541.57 500.68 0.59 7570.74
427.23 449.31 0.33 9623.03
515.57 524.92 0.59 8993.05
412.42 548.15 0.24 4924.17
443.50 476.66 0.34 9954.40
584.17 469.18 0.23 9136.32
440.80 520.79 0.33 8609.54
530.93 495.94 0.21 7997.20
474.39 528.36 0.21 3592.16
530.46 530.54 0.04 3416.97
574.52 560.59 0.32 9147.91
497.54 447.56 0.38 3758.73
508.35 447.75 0.29 1116.07
530.63 483.93 0.15 8618.52
477.92 451.21 0.46 1261.08
551.94 436.26 0.38 9437.44
565.86 501.93 0.06 7795.07
475.21 516.60 0.12 10746.04
447.45 492.13 0.20 10675.90
535.37 478.92 0.55 5409.99
433.25 439.07 0.20 4064.65
534.01 471.83 0.27 10440.69
550.45 449.27 0.14 1459.94
485.11 495.51 0.05 7875.38
525.66 462.88 0.33 7340.11
544.00 469.40 0.30 8579.72
498.37 524.50 0.26 4838.70
499.72 472.48 0.43 9980.20
571.01 569.70 0.36 4394.13
493.65 512.75 0.37 9864.69
475.54 562.43 0.04 10629.53
511.33 489.30 0.37 4950.74
550.37 539.87 0.37 8359.41
447.01 478.39 0.24 7794.84
512.09 475.61 0.28 10037.31
334.86 535.43 0.04 3060.29
482.94 530.29 0.29 4312.99
538.55 549.98 0.58 9463.31
525.67 505.72 0.42 5154.29
437.86 392.36 0.51 8659.51
491.50 445.58 0.28 2166.43
489.82 432.40 0.01 8928.04
461.46 507.17 0.10 6671.77
563.81 452.08 0.57 2149.93
534.76 518.09 0.46 9027.96
463.46 466.72 0.30 6878.89
530.96 470.03 0.47 9795.14
537.93 540.61 0.43 7935.28
586.71 476.80 0.46 5594.62
402.61 449.74 0.00 9407.28
556.19 483.90 0.07 3849.11
490.32 503.77 0.08 3544.86
472.01 527.42 0.09 2683.59
386.03 413.65 0.32 1630.02
608.30 509.99 0.24 3474.27
499.74 481.77 0.53 2451.71
437.44 442.71 0.35 7713.92
528.04 499.24 0.39 3283.33
504.00 509.31 0.34 4074.84
563.53 446.04 0.56 9093.75
526.96 470.17 0.32 6576.27
458.88 476.52 0.03 7467.68
511.80 505.06 0.05 1886.49
525.99 560.83 0.49 8344.46
455.10 556.25 0.20 10211.01
534.41 492.50 0.56 4208.02
519.82 518.88 0.44 10257.82
511.80 400.73 0.40 4329.14
523.75 448.78 0.33 3224.77
475.56 407.89 0.35 7314.19
512.75 477.54 0.19 6870.83
501.98 564.49 0.58 7682.74
480.08 472.77 0.53 1944.83
476.72 477.08 0.13 6935.18
466.86 497.40 0.55 3188.19
550.68 507.00 0.06 9202.37
524.47 541.92 0.44 4259.70
535.62 489.47 0.40 1546.29
552.78 542.04 0.46 4147.28
521.28 466.16 0.12 10378.71
457.28 501.32 0.47 1482.62
497.41 437.72 0.09 6201.34
508.61 546.85 0.40 3537.67
443.23 470.86 0.35 2574.06
508.51 424.98 0.56 8365.70
473.60 441.56 0.23 7934.85
595.00 424.63 0.05 8121.20
619.31 518.69 0.60 5305.32
464.16 599.36 0.47 8465.52
364.95 511.57 0.06 9920.71
431.58 508.93 0.14 1675.80
459.49 464.03 0.23 9309.88
505.05 486.75 0.38 8910.92
