498.34 597.06 0.52 5425.97
540.09 517.68 0.60 6145.30
474.80 471.97 0.08 4049.79
495.54 393.42 0.55 4223.26
524.80 502.49 0.23 9721.96
491.44 494.88 0.48 2073.84
517.22 589.09 0.01 7425.69
516.67 486.85 0.59 8582.25
525.58 495.81 0.53 7067.91
511.87 505.36 0.04 699.39
569.76 459.60 0.07 2290.09
500.50 476.92 0.56 5859.45
480.51 543.97 0.23 4722.12
455.65 448.40 0.15 5451.97
508.35 534.39 0.20 9365.04
486.08 556.12 0.01 4639.62
437.45 521.44 0.28 3299.07
569.80 629.12 0.42 6837.34
534.30 453.08 0.53 8563.87
490.79 505.90 0.27 3674.98
494.34 561.33 0.56 7168.31
553.20 510.33 0.28 5035.39
395.65 467.72 0.11 3678.60
508.15 471.54 0.06 7016.39
501.08 472.12 0.47 4917.25
526.62 521.08 0.33 10654.24
557.39 471.77 0.24 7850.57
531.50 562.52 0.24 3228.86
562.73 499.83 0.31 5957.27
506.34 561.89 0.46 9942.95
476.76 476.86 0.60 8965.34
445.09 522.61 0.30 8734.05
509.53 412.48 0.19 4958.91
552.47 549.95 0.17 8568.72
520.66 539.72 0.32 2260.32
498.45 476.85 0.23 6343.43
409.43 478.91 0.39 9258.01
449.06 485.85 0.24 2362.46
525.67 521.04 0.59 6358.18
504.08 471.11 0.48 10325.54
550.30 544.48 0.35 8942.67
544.91 523.80 0.49 10041.39
500.37 513.09 0.23 7046.48
432.59 453.30 0.35 4032.41
423.44 450.24 0.14 8437.49
544.54 448.90 0.23 3086.13
547.00 561.16 0.55 2571.24
471.18 442.07 0.36 6536.38
470.45 519.55 0.51 9606.84
563.43 556.19 0.37 6922.04
480.98 547.07 0.03 966.19
549.16 429.32 0.37 6915.80
454.95 495.46 0.18 5638.39
446.75 490.90 0.60 3654.96
482.71 500.78 0.04 10466.40
491.79 455.70 0.28 2434.94
537.59 456.17 0.22 6560.53
514.09 513.09 0.11 7697.48
509.08 480.07 0.02 7301.89
575.38 468.01 0.06 5124.90
556.15 537.69 0.34 8907.14
497.94 598.78 0.09 6989.54
477.44 456.20 0.48 10113.08
467.33 561.36 0.31 6567.68
527.66 458.27 0.23 7175.56
420.95 538.87 0.27 2611.81
478.08 453.84 0.08 3739.40
415.00 489.24 0.34 8051.38
581.95 487.95 0.48 3602.30
561.82 522.34 0.58 2402.74
433.14 602.78 0.07 2260.23
506.49 502.00 0.57 9347.09
521.42 493.57 0.30 8047.83
525.05 600.27 0.40 4112.98
518.06 510.21 0.41 9977.50
552.32 607.48 0.25 2211.00
431.45 486.76 0.10 9512.08
496.15 486.98 0.34 6024.33
455.09 558.68 0.17 2466.94
490.35 464.60 0.56 8262.71
566.80 423.38 0.57 1054.06
469.93 423.53 0.16 1611.65
512.16 512.50 0.15 2835.91
475.43 489.13 0.12 9015.80
547.31 509.20 0.47 9367.80
482.39 521.59 0.58 5041.99
457.31 467.64 0.12 2920.21
456.47 526.26 0.56 8567.29
447.75 470.65 0.39 3759.34
498.78 471.98 0.48 9002.08
468.49 504.91 0.47 3598.02
485.22 503.58 0.20 7615.08
543.42 529.81 0.54 4631.39
561.40 506.75 0.02 4364.90
523.85 369.53 0.42 5609.35
609.90 494.24 0.08 10211.30
521.14 438.01 0.19 2306.42
548.28 596.13 0.54 3840.77
546.38 483.19 0.35 7958.67
515.57 404.26 0.08 7279.89
577.84 534.01 0.12 10167.43
495.18 493.22 0.43 2965.97
467.40 510.92 0.26 3965.07
562.60 592.75 0.09 10374.51
538.42 471.46 0.48 3909.85
553.95 557.68 0.12 3960.41
542.27 476.96 0.41 8438.96
468.35 459.34 0.26 2859.95
455.65 408.24 0.34 3227.36
539.46 550.18 0.42 10059.69
423.12 414.54 0.18 1835.84
436.01 416.78 0.36 4753.99
495.87 495.50 0.25 6986.70
568.73 499.72 0.51 3276.99
546.86 483.82 0.26 1151.21
483.20 566.73 0.18 3417.71
442.08 600.36 0.51 6881.72
474.95 479.58 0.03 7412.38
467.45 472.39 0.34 2297.56
434.54 548.18 0.57 5871.96
533.09 566.62 0.26 1227.20
423.53 479.99 0.05 6603.36
573.22 481.32 0.51 2789.24
488.67 535.30 0.16 7100.50
573.69 600.33 0.39 6383.21
526.89 500.16 0.51 2802.30
454.13 507.66 0.09 9739.90
582.02 454.04 0.36 1636.82
526.65 427.41 0.20 6908.15
445.02 467.62 0.53 5507.84
543.35 427.15 0.51 2378.17
517.05 531.29 0.42 7985.81
457.50 562.46 0.50 3928.87
546.75 543.06 0.39 5736.31
502.50 596.86 0.48 2005.30
529.31 627.67 0.58 8870.29
516.20 432.87 0.38 9194.36
550.77 519.86 0.45 8267.90
522.93 423.54 0.46 9805.00
586.40 509.01 0.35 7229.54
552.85 506.33 0.36 8807.20
436.48 455.28 0.35 10019.66
423.28 461.86 0.33 3989.35
440.42 576.91 0.32 10358.54
502.52 498.16 0.02 8511.74
440.31 513.06 0.03 1792.42
531.63 503.18 0.47 6995.41
525.72 497.56 0.33 2272.56
572.27 518.70 0.21 5340.96
554.56 546.29 0.54 1656.28
448.76 577.76 0.18 8998.09
542.94 522.00 0.21 711.45
541.10 498.91 0.43 1618.68
435.10 528.07 0.59 3416.74
406.13 493.85 0.17 3615.07
478.84 537.72 0.57 6752.82
531.75 544.29 0.33 10006.50
477.29 488.67 0.57 3078.50
555.36 483.16 0.05 9717.04
462.27 460.91 0.31 3873.79
611.57 496.21 0.29 4305.87
548.25 428.23 0.10 3065.75
506.19 480.99 0.22 9937.75
489.22 617.26 0.48 3179.06
464.04 555.08 0.24 3113.10
532.55 458.07 0.13 4179.02
536.95 527.13 0.04 926.88
457.10 567.63 0.19 10771.77
469.71 553.59 0.21 4695.33
452.29 504.11 0.22 7321.38
442.54 474.29 0.04 10538.78
470.57 496.66 0.07 6611.63
468.83 520.66 0.59 8710.33
536.74 527.55 0.28 7170.91
517.00 550.36 0.41 8297.57
522.61 489.11 0.27 1190.69
459.70 495.10 0.34 10217.26
575.90 570.06 0.58 2735.32
571.17 409.76 0.14 5755.80
428.71 373.13 0.06 5688.63
528.79 447.79 0.05 4856.99
428.61 440.08 0.58 6190.59
504.13 533.86 0.54 4411.83
490.15 429.51 0.49 2673.52
429.04 594.95 0.30 8764.51
499.37 505.35 0.12 9913.75
487.41 572.01 0.26 4144.10
503.27 493.25 0.20 6199.62
472.52 511.68 0.28 8003.33
475.51 536.39 0.57 4457.17
563.28 520.28 0.52 7369.94
562.14 548.37 0.37 6536.08
507.31 502.90 0.26 4277.06
460.01 564.82 0.29 1504.96
524.11 506.26 0.54 5838.89
495.89 470.78 0.48 3275.27
420.49 522.60 0.22 8957.78
551.75 441.41 0.42 9202.85
395.17 505.68 0.45 7217.10
523.00 482.71 0.33 7825.30
