491.25 486.50 0.42 7250.18
455.42 482.56 0.53 6505.01
543.10 531.55 0.52 6533.07
503.49 544.90 0.21 8286.08
469.88 506.14 0.18 7578.33
548.01 519.20 0.58 9314.37
446.62 473.82 0.27 8526.42
388.92 526.73 0.33 4114.31
510.84 454.79 0.20 1869.68
441.44 437.74 0.09 10495.27
515.23 512.01 0.28 7346.79
597.60 537.34 0.15 6676.30
525.75 428.50 0.23 628.16
552.49 485.60 0.59 7303.22
461.48 504.91 0.57 3409.21
518.89 460.91 0.25 9280.71
540.47 494.10 0.56 9149.98
518.84 429.45 0.23 2197.28
612.27 567.06 0.25 695.44
562.01 509.36 0.44 6703.19
539.41 464.06 0.11 875.98
466.28 557.38 0.04 3548.50
413.91 426.51 0.15 1143.47
563.67 435.68 0.07 7018.43
524.97 465.16 0.48 7089.59
445.70 536.55 0.58 8025.97
513.65 518.75 0.50 6932.50
575.27 560.42 0.58 9660.98
485.45 427.78 0.08 7346.62
485.94 508.39 0.02 3401.31
592.11 496.67 0.35 7336.33
473.15 479.02 0.50 4389.48
525.78 501.79 0.23 1962.79
497.61 572.54 0.38 8345.03
440.27 580.95 0.26 3963.68
538.15 488.34 0.09 2524.21
498.44 489.38 0.16 10102.03
509.55 534.36 0.31 2787.49
542.86 531.67 0.15 8397.10
496.90 422.89 0.39 9477.82
551.49 487.40 0.11 1499.49
484.47 491.21 0.40 2155.38
448.55 513.86 0.11 10464.03
560.71 433.78 0.33 4515.04
530.03 527.14 0.31 7640.54
487.79 406.24 0.49 1638.43
571.74 514.90 0.28 2850.35
506.57 489.69 0.06 8953.52
418.22 439.82 0.06 2692.15
476.09 503.11 0.31 3863.79
517.75 501.25 0.27 10774.61
454.77 527.90 0.30 1853.69
402.39 509.61 0.12 1624.96
493.51 440.23 0.29 9228.38
581.11 566.19 0.34 10264.14
502.54 458.75 0.49 9145.77
465.67 556.19 0.25 3871.26
479.65 454.45 0.49 2604.56
497.85 475.22 0.10 7773.33
545.87 526.24 0.22 3430.90
453.31 526.16 0.53 6285.51
485.02 523.34 0.19 4682.54
510.69 454.59 0.30 1252.41
458.43 523.76 0.32 9787.86
449.43 512.12 0.40 10023.73
436.02 517.22 0.47 7658.01
512.93 481.12 0.33 2501.50
487.83 517.94 0.59 2496.81
503.54 488.74 0.15 4049.81
645.50 522.20 0.08 4382.97
471.05 510.07 0.43 4430.25
445.43 506.29 0.19 6909.37
488.20 573.06 0.08 2491.36
500.64 565.79 0.24 3973.05
495.63 587.31 0.15 9383.67
487.60 479.98 0.14 5842.30
580.76 509.98 0.45 7633.98
467.71 518.87 0.16 4384.67
606.38 529.84 0.50 3005.87
499.55 463.87 0.30 9785.22
539.26 409.29 0.27 9406.22
475.10 499.37 0.32 4010.11
541.70 524.08 0.41 6080.88
519.75 549.21 0.12 2728.34
534.00 495.51 0.35 8468.70
543.47 443.30 0.30 8067.70
563.28 495.59 0.59 9437.71
557.87 397.10 0.45 6778.84
459.08 514.06 0.43 1606.77
525.99 412.67 0.17 7348.63
431.42 505.30 0.18 5980.89
421.11 576.69 0.03 9184.31
499.43 448.39 0.55 9388.42
473.14 588.67 0.39 4458.65
539.08 580.68 0.41 1225.43
532.53 559.17 0.46 7461.35
566.47 555.77 0.06 8670.58
508.96 472.71 0.24 7350.06
449.71 497.94 0.43 5753.44
603.86 385.04 0.52 4307.65
561.19 572.99 0.39 7808.50
536.14 457.20 0.02 10186.82
549.92 597.86 0.50 5816.29
391.99 486.81 0.08 3994.84
579.10 463.30 0.41 10063.64
487.17 572.10 0.34 4926.44
538.33 519.88 0.44 9648.00
466.71 450.30 0.21 9290.73
572.55 477.14 0.09 6929.62
554.41 472.83 0.18 3840.44
527.69 539.01 0.34 3755.38
521.94 566.79 0.33 6016.73
439.77 527.65 0.08 10553.09
472.88 545.12 0.37 7951.67
444.34 489.95 0.13 1241.62
428.07 490.40 0.33 10144.66
444.20 454.22 0.02 5584.07
512.40 453.46 0.35 5364.88
567.67 534.46 0.55 2915.93
486.75 453.86 0.00 10511.79
502.57 459.06 0.46 7121.05
536.15 433.96 0.26 9538.98
547.10 457.25 0.38 3925.84
508.35 613.95 0.40 6192.93
528.12 568.11 0.41 3090.04
512.92 532.61 0.27 10607.90
473.43 530.68 0.02 5110.33
541.79 467.70 0.22 9156.09
495.70 538.29 0.43 5804.11
554.98 532.47 0.51 8250.85
552.70 543.71 0.35 10110.62
479.68 498.48 0.37 8538.52
457.16 593.23 0.07 1680.98
498.52 527.99 0.38 6976.13
463.28 518.15 0.19 10552.72
413.28 521.06 0.22 3722.71
490.68 546.01 0.23 3283.30
440.97 492.02 0.44 10272.76
516.01 508.47 0.09 5439.66
538.19 500.56 0.12 6523.80
504.60 522.42 0.02 10796.68
492.49 559.46 0.32 4331.80
556.92 488.22 0.27 9057.22
512.97 477.55 0.24 8434.24
449.61 522.13 0.58 8310.98
445.65 493.69 0.46 2556.53
399.09 426.14 0.36 7086.76
569.36 442.69 0.34 3368.10
565.12 542.35 0.55 2003.06
458.79 555.51 0.37 7002.20
