453.68 535.49 0.10 5670.90
526.98 580.86 0.47 10198.81
450.36 477.49 0.47 7971.17
453.04 499.54 0.59 2479.52
463.80 465.74 0.50 5346.35
587.19 551.08 0.24 3781.78
547.42 493.99 0.21 8919.63
495.15 500.77 0.52 7186.26
619.19 423.06 0.16 2755.80
499.17 483.34 0.27 5687.74
536.27 537.26 0.54 6826.08
530.44 521.66 0.59 9901.54
406.60 573.09 0.31 6949.48
543.57 416.02 0.39 5068.09
522.23 519.09 0.48 2659.18
458.32 476.18 0.26 6593.14
455.62 529.40 0.43 8452.03
507.03 495.93 0.58 7819.00
562.81 536.89 0.42 2242.59
610.69 421.87 0.41 5351.51
545.71 476.04 0.06 7825.31
528.50 525.14 0.06 895.10
501.56 428.02 0.06 5357.61
586.01 463.03 0.09 3822.29
486.45 489.70 0.03 4149.66
447.51 557.80 0.22 9124.88
490.23 541.66 0.08 10214.24
539.76 431.97 0.43 2593.03
475.42 571.18 0.33 8105.70
493.13 500.05 0.13 8386.41
527.76 564.23 0.23 7685.47
546.44 491.02 0.57 7101.73
513.10 516.67 0.36 6489.14
660.58 579.15 0.47 6432.49
558.44 518.41 0.22 8242.45
442.02 428.50 0.12 3639.35
517.56 458.71 0.19 1905.43
374.46 517.68 0.24 10616.13
426.89 453.28 0.26 6980.25
518.14 438.08 0.33 4043.07
474.66 497.72 0.34 9803.26
587.92 466.71 0.16 6759.74
551.54 519.84 0.57 6566.20
438.43 459.58 0.10 2323.01
475.65 514.34 0.08 8402.86
446.49 572.54 0.42 10104.31
475.14 431.92 0.42 6097.38
540.04 580.90 0.39 9714.09
491.94 478.76 0.22 10428.90
461.33 542.02 0.58 9800.29
482.60 569.20 0.46 10638.94
479.95 575.29 0.13 10282.62
511.52 438.75 0.10 3989.70
522.92 511.68 0.20 10084.43
492.22 538.52 0.50 8020.51
433.66 547.15 0.12 4603.90
543.79 488.69 0.17 2552.14
365.41 605.28 0.33 8454.77
542.07 546.91 0.59 4828.58
501.82 494.91 0.27 6134.73
601.50 493.52 0.16 935.13
487.63 482.34 0.31 2037.95
399.56 507.15 0.26 2667.60
456.79 553.08 0.42 9078.26
486.78 501.06 0.22 9478.58
553.41 477.52 0.26 10110.21
503.53 487.22 0.18 2286.19
401.09 544.18 0.26 3632.97
561.30 502.01 0.14 2138.61
493.50 428.37 0.30 10394.49
579.12 502.57 0.39 6857.92
478.32 508.12 0.12 7214.97
470.73 516.96 0.35 7790.81
512.27 452.75 0.37 8919.54
495.46 526.32 0.60 5978.54
495.32 489.20 0.55 5250.82
408.95 530.76 0.34 5727.07
494.19 448.44 0.04 6741.70
591.18 431.86 0.06 5848.65
426.36 562.83 0.03 5033.80
532.90 525.73 0.12 2283.10
414.34 493.73 0.17 6725.45
502.41 454.29 0.41 2084.27
467.54 584.58 0.30 7923.65
546.00 495.02 0.32 10385.59
446.93 544.16 0.40 5854.70
451.77 482.06 0.18 952.78
540.63 507.56 0.12 3931.54
382.88 482.78 0.32 7745.23
487.30 569.00 0.31 2294.94
520.74 529.19 0.09 2368.69
436.09 554.37 0.16 8210.19
450.82 452.74 0.17 3493.66
487.73 482.78 0.49 8802.75
515.06 600.65 0.38 4802.07
409.21 572.22 0.25 5790.28
536.76 641.84 0.00 9158.19
446.44 517.19 0.37 5071.83
511.28 574.29 0.32 6021.92
539.02 509.22 0.35 9721.53
