289.72 593.06 0.56 9110.15
735.55 929.83 0.43 828.66
103.03 282.46 0.54 1158.49
2.48 570.71 0.51 9479.05
805.03 754.77 0.57 7909.16
76.71 760.57 0.33 1929.54
185.13 303.16 0.06 8716.31
920.60 835.65 0.15 5469.24
18.90 45.05 0.48 8045.26
45.91 300.77 0.53 1818.46
41.81 285.76 0.42 10539.81
297.58 738.40 0.03 8412.13
197.24 949.37 0.49 8764.24
755.19 175.52 0.47 1510.10
220.51 467.34 0.47 6407.16
493.61 789.63 0.49 5343.82
694.82 578.23 0.46 4633.16
984.52 341.88 0.60 9886.29
701.90 868.63 0.38 9951.36
281.96 808.37 0.47 7151.01
713.31 680.56 0.58 10548.02
232.15 720.41 0.52 4353.81
488.21 143.67 0.48 10677.88
773.54 435.33 0.43 5288.53
479.59 847.02 0.48 1462.79
469.53 462.20 0.36 5816.16
214.94 865.11 0.45 5476.82
961.61 984.99 0.36 10356.82
985.64 41.49 0.51 9901.05
424.07 221.40 0.15 4204.48
244.24 495.12 0.48 6434.30
196.59 309.72 0.19 4719.79
311.50 329.96 0.55 5465.98
340.09 707.67 0.44 6450.70
905.85 289.65 0.48 6956.86
157.65 965.71 0.48 1525.60
183.42 272.64 0.49 3114.94
35.77 419.54 0.36 5432.28
993.23 646.08 0.50 9753.48
359.58 127.93 0.44 7392.78
602.27 554.86 0.36 3410.23
433.52 845.12 0.32 2423.85
79.37 529.05 0.51 3659.77
77.60 181.69 0.57 9953.40
830.74 157.72 0.13 8699.52
165.35 50.23 0.28 844.23
759.31 525.67 0.45 8484.12
961.49 208.50 0.03 1083.02
715.11 568.53 0.32 10292.59
645.40 109.71 0.50 1999.92
46.77 198.10 0.49 5168.95
991.77 70.42 0.48 4843.15
218.19 350.13 0.48 8731.14
559.04 227.20 0.59 9399.35
448.01 954.50 0.48 5552.89
813.74 312.51 0.60 5210.08
605.18 764.84 0.42 2541.07
190.66 672.53 0.43 7095.84
766.69 659.32 0.53 4987.64
876.63 340.62 0.32 4883.77
614.55 233.07 0.38 2715.16
953.71 317.37 0.54 1277.37
779.23 375.02 0.23 2268.26
548.26 642.67 0.26 892.83
872.86 772.38 0.38 818.27
298.47 716.13 0.41 5287.71
138.34 114.03 0.44 6059.60
156.56 684.89 0.57 9811.20
938.46 749.65 0.49 2221.83
737.95 924.04 0.20 7969.89
217.14 261.80 0.38 7117.66
790.54 816.94 0.53 1740.42
17.54 2.35 0.32 1119.63
351.30 498.07 0.55 3827.05
781.94 110.43 0.48 6309.29

29103.234873473128
