104.36 50.87 0.33 4800.12
22.22 182.60 0.55 6418.58
137.02 185.17 0.60 5915.49
48.65 63.35 0.39 2939.98
183.11 137.85 0.50 4765.53
136.10 15.20 0.48 4090.94
157.74 17.57 0.36 5120.37
179.13 247.35 0.41 5445.87
137.52 211.81 0.53 3816.28
167.67 308.64 0.42 4964.23
88.10 386.15 0.60 6366.91
104.02 374.45 0.51 3038.53
198.11 304.62 0.53 5058.29
112.71 271.67 0.28 4967.05
75.92 481.16 0.54 5717.30
175.26 595.81 0.50 4816.68
165.42 483.40 0.32 6468.71
123.60 418.03 0.30 3802.14
86.97 501.03 0.54 6150.65
94.02 573.39 0.60 3109.35
47.21 597.15 0.60 3098.40
81.20 762.52 0.50 5851.48
55.09 718.52 0.48 8425.56
148.13 729.37 0.52 5535.83
32.83 793.38 0.50 7153.95
38.82 747.65 0.37 5646.91
73.73 639.80 0.50 4078.13
63.04 665.19 0.56 7440.68
24.71 986.41 0.45 4843.43
45.88 995.95 0.38 5307.07
64.32 817.27 0.50 3983.36
193.11 930.79 0.60 5617.21
126.79 977.08 0.47 2075.37
129.76 911.98 0.48 7256.72
7.37 899.35 0.60 2535.30
235.73 189.63 0.38 6328.34
212.09 84.80 0.46 4081.96
349.11 16.89 0.60 5841.93
393.64 17.82 0.50 5034.59
277.75 58.16 0.44 3369.37
322.16 180.65 0.43 5555.89
223.43 99.54 0.60 5177.70
252.23 251.59 0.58 4399.13
206.39 290.35 0.53 8210.16
397.34 323.93 0.47 5062.82
255.11 249.21 0.25 7422.17
314.42 267.88 0.42 3899.28
335.80 302.61 0.52 5648.64
282.04 227.13 0.44 5850.85
298.37 543.23 0.59 5266.31
213.21 571.48 0.53 5634.11
325.64 400.38 0.60 5461.26
374.72 554.22 0.48 5380.91
284.39 485.69 0.54 5232.72
309.97 522.47 0.58 6067.18
393.34 525.23 0.49 3698.98
268.95 647.58 0.33 4976.49
226.81 700.43 0.57 4457.74
317.46 750.06 0.52 6000.79
206.04 700.66 0.43 4641.17
254.13 644.42 0.60 5942.42
347.27 667.81 0.31 5053.01
306.00 677.47 0.38 7865.59
289.14 977.99 0.45 5924.60
298.24 996.49 0.60 3225.93
231.89 950.38 0.57 6175.22
334.48 827.87 0.52 8980.56
322.74 946.19 0.60 6639.58
200.49 977.92 0.51 5466.88
386.75 817.04 0.60 5775.42
421.61 94.43 0.28 7296.12
460.86 91.88 0.48 5364.26
554.68 109.95 0.42 5681.68
441.05 46.46 0.47 7566.41
548.11 91.02 0.44 8778.09
588.85 14.01 0.50 5034.59
484.18 99.31 0.47 5151.77
521.51 316.95 0.49 8360.44
431.38 203.82 0.40 6300.28
564.60 276.80 0.54 6914.30
477.91 208.61 0.49 5038.29
449.41 386.97 0.60 4640.80
540.89 394.80 0.37 4542.32
420.83 380.19 0.60 8289.91
416.72 429.76 0.60 4693.81
443.68 412.81 0.24 5123.83
513.82 453.80 0.51 6629.45
597.10 536.97 0.54 7873.28
549.88 450.88 0.60 5773.53
553.61 443.21 0.54 7106.79
433.10 469.20 0.60 4392.28
426.92 667.09 0.28 6861.06
556.25 795.60 0.60 6894.89
589.02 785.26 0.45 6566.54
415.15 689.90 0.59 5633.91
578.57 728.35 0.49 4292.61
481.40 746.03 0.47 6051.51
421.18 686.95 0.36 6123.93
498.36 937.56 0.53 4882.40
475.16 900.01 0.43 5662.95
578.02 873.60 0.60 6323.38
455.91 827.40 0.38 4239.56
471.01 922.20 0.57 7098.15
418.48 952.59 0.36 4796.01
457.37 928.47 0.45 5179.46
782.54 145.01 0.49 9068.59
662.73 77.05 0.45 5014.70
695.51 28.48 0.40 4829.68
623.32 51.89 0.44 4315.41
768.86 135.50 0.43 4601.32
678.56 199.66 0.49 7830.17
691.22 150.39 0.47 4708.59
719.04 327.09 0.46 5430.41
786.27 282.62 0.50 4896.22
745.26 306.21 0.37 4138.75
610.58 246.25 0.37 4549.61
734.60 310.13 0.47 7135.97
759.19 249.88 0.60 7161.81
601.51 385.31 0.54 5152.29
613.29 488.07 0.47 5374.76
685.84 490.06 0.42 3830.47
733.67 470.72 0.46 7061.45
666.90 547.86 0.40 6803.49
635.43 422.44 0.55 6084.25
716.04 488.35 0.42 3337.88
706.87 561.24 0.60 8216.64
658.62 714.21 0.50 5395.58
682.12 651.61 0.50 8970.96
696.38 759.63 0.41 6628.38
679.36 718.57 0.35 4571.03
722.85 681.75 0.49 6101.70
718.74 676.98 0.47 4540.46
650.03 781.53 0.60 8144.31
639.99 949.86 0.48 8092.18
775.13 909.41 0.32 6313.31
607.73 841.53 0.52 5910.95
793.32 831.18 0.37 8116.49
726.87 827.11 0.50 4363.11
716.37 930.14 0.30 5013.14
617.52 893.45 0.36 5498.42
961.07 191.96 0.34 3312.77
905.19 159.00 0.53 8509.32
904.41 29.49 0.56 7256.90
879.88 38.12 0.42 3812.16
863.00 140.85 0.51 6486.61
842.00 155.77 0.51 7161.56
877.62 147.93 0.31 6224.56
995.97 391.48 0.51 4412.00
994.82 317.72 0.44 6521.01
923.02 315.71 0.60 6258.44
830.36 380.11 0.41 7297.05
888.35 218.20 0.42 4856.63
963.40 236.89 0.60 4477.09
960.45 366.66 0.60 7224.45
971.74 523.37 0.51 10655.58
956.75 577.05 0.40 5916.63
964.42 595.35 0.41 7145.55
918.24 444.94 0.59 2943.44
946.67 493.06 0.60 3624.75
899.37 524.16 0.54 6988.09
830.40 540.02 0.32 5815.03
812.42 669.53 0.59 5229.30
858.87 740.60 0.48 5626.39
818.57 675.32 0.49 6190.37
948.85 784.92 0.26 4858.48
979.97 735.73 0.50 4263.03
930.06 653.98 0.60 4947.00
860.51 733.03 0.51 5571.40
978.45 811.93 0.35 3820.65
926.86 908.07 0.60 4013.89
833.70 976.48 0.34 6234.58
810.28 872.52 0.45 5538.05
821.86 953.88 0.38 4207.41
859.55 850.07 0.44 5910.92
809.29 901.84 0.47 10479.93
