124.81 27.34 0.50 4011.22
39.22 180.86 0.59 5284.44
149.44 31.93 0.49 2816.02
140.71 120.77 0.50 6128.18
91.20 153.45 0.55 2763.28
16.94 27.42 0.53 4544.14
179.42 113.45 0.38 6091.95
86.46 11.22 0.47 4881.23
172.66 290.46 0.52 6305.34
154.94 352.86 0.39 5427.16
144.19 303.44 0.60 6432.27
141.55 217.66 0.52 7374.74
14.87 251.79 0.58 10290.39
18.46 377.97 0.56 4389.04
88.22 259.32 0.55 6255.60
80.42 249.62 0.49 7173.07
10.59 581.78 0.43 4516.19
170.66 510.47 0.60 5340.77
128.91 564.49 0.36 3486.07
174.97 549.37 0.54 5719.63
64.40 415.53 0.36 5905.92
52.48 419.58 0.54 6612.55
5.78 559.04 0.36 6311.89
150.76 546.47 0.46 4000.35
195.11 648.86 0.60 9189.71
131.69 764.14 0.58 7080.40
68.24 774.35 0.50 5666.70
196.57 615.19 0.56 6212.67
98.20 769.04 0.55 3218.33
197.56 733.75 0.60 6887.81
185.74 671.36 0.49 5067.29
88.93 621.05 0.46 5238.08
83.96 882.88 0.26 7452.89
157.48 960.94 0.48 6423.35
20.74 839.18 0.58 4901.05
108.04 803.44 0.53 5458.32
171.92 836.65 0.29 8870.02
48.52 810.54 0.41 3436.89
51.28 871.92 0.43 5857.25
190.24 988.21 0.41 3642.42
386.31 149.71 0.41 7233.19
354.13 183.85 0.60 4240.19
363.43 142.71 0.48 8417.72
390.61 103.81 0.60 4403.93
322.30 3.85 0.54 3862.04
344.22 172.23 0.60 6126.41
297.08 156.76 0.38 5318.57
293.92 146.13 0.49 6729.10
334.90 335.66 0.59 2843.76
354.48 362.04 0.58 9505.17
243.88 221.47 0.59 6055.32
264.31 359.11 0.45 7021.88
225.38 369.92 0.60 5724.19
247.24 366.96 0.56 5479.88
344.60 252.10 0.44 5130.11
394.14 256.54 0.37 3967.41
380.28 511.22 0.48 7989.91
397.02 544.13 0.39 3672.37
317.27 594.14 0.60 5441.51
334.34 520.54 0.52 8481.22
223.03 515.64 0.26 5471.48
306.53 428.27 0.32 5944.95
350.64 490.39 0.48 5780.20
338.09 557.82 0.49 4828.54
288.76 701.37 0.51 4509.91
399.92 781.86 0.56 6982.88
277.65 617.59 0.37 4988.30
296.80 723.74 0.32 4460.64
263.12 671.22 0.34 6545.34
303.83 798.70 0.54 4844.78
206.62 724.83 0.42 5131.55
209.43 770.60 0.58 5895.66
388.29 945.66 0.60 6669.69
238.41 930.71 0.57 6564.46
222.67 835.81 0.36 4442.04
291.32 818.40 0.37 4527.96
254.47 904.14 0.42 6860.51
364.86 899.04 0.46 7399.82
359.37 838.76 0.30 6757.31
381.79 958.96 0.58 4162.85
443.06 9.23 0.58 3088.11
548.08 148.41 0.48 5899.80
504.34 79.03 0.55 5667.04
571.87 79.35 0.50 5267.04
454.31 4.32 0.53 3604.94
518.28 80.00 0.40 4498.94
476.38 108.76 0.47 4359.04
470.86 156.39 0.57 5857.62
451.03 339.01 0.59 6171.94
529.33 350.11 0.31 5983.84
429.97 236.81 0.38 8348.27
502.45 292.03 0.60 4612.24
409.02 382.45 0.55 4802.10
428.86 290.85 0.52 6735.50
410.09 375.62 0.60 6872.50
581.07 290.87 0.60 3701.78
473.87 532.16 0.42 5610.37
502.34 438.81 0.56 6725.42
461.62 442.19 0.48 4128.46
476.64 565.42 0.39 8979.60
475.83 581.50 0.52 4008.46
506.03 544.12 0.31 6501.61
467.98 433.31 0.30 5092.11
444.90 590.06 0.46 5903.67
499.96 659.26 0.57 8220.90
504.93 640.07 0.47 4157.70
498.79 640.78 0.60 5353.77
575.74 642.57 0.60 5021.14
585.57 601.93 0.52 3776.57
406.49 629.14 0.60 3640.42
594.14 688.36 0.43 6006.88
445.77 735.09 0.45 10125.75
518.09 963.27 0.47 7088.43
482.92 817.73 0.39 5583.64
501.93 972.82 0.60 5831.58
502.68 873.03 0.32 6210.46
473.19 954.66 0.53 3519.30
505.52 926.02 0.55 9272.15
469.79 917.17 0.55 3816.39
458.71 951.53 0.57 6693.32
670.18 84.13 0.41 6175.34
746.79 130.79 0.45 4640.05
797.07 53.25 0.60 4430.86
652.83 40.30 0.58 5492.62
712.20 74.13 0.42 9317.90
682.68 68.63 0.60 3771.26
788.21 191.33 0.21 5926.29
600.05 50.32 0.32 6315.79
725.10 301.49 0.50 5735.37
674.10 263.63 0.33 4553.20
793.33 221.14 0.55 5064.46
754.66 374.90 0.51 4107.88
697.66 306.44 0.44 7221.44
607.03 253.37 0.45 4584.19
635.53 264.85 0.43 5252.83
608.79 256.91 0.23 6440.77
605.44 521.12 0.36 6112.42
751.56 519.51 0.47 3317.59
717.11 431.43 0.36 4979.50
612.26 506.18 0.46 3544.36
711.88 448.95 0.56 5600.74
674.05 481.66 0.50 2909.60
686.53 509.87 0.54 5072.91
697.94 421.24 0.60 5329.78
738.37 621.41 0.41 5416.05
770.02 627.23 0.60 2837.26
764.63 746.78 0.60 4219.92
640.83 691.87 0.60 4303.56
774.23 641.23 0.47 7685.96
749.64 722.69 0.54 6309.14
621.79 655.87 0.60 4120.49
713.77 679.32 0.60 7199.19
768.59 862.26 0.47 5626.47
700.23 835.17 0.48 5287.34
654.75 966.74 0.49 4941.54
675.09 986.08 0.60 6284.01
640.13 875.23 0.49 5829.40
757.08 877.46 0.37 3750.07
652.46 833.97 0.53 6986.99
781.53 876.88 0.52 6963.98
825.70 56.45 0.51 8404.76
996.99 7.77 0.46 4653.12
836.90 61.61 0.60 4151.46
843.06 29.14 0.57 3404.19
812.19 31.25 0.41 3779.82
839.87 158.14 0.39 5980.03
869.21 29.55 0.56 2755.24
927.83 82.20 0.53 3125.20
816.28 275.28 0.60 9111.60
883.86 282.13 0.39 5372.86
922.85 357.33 0.42 4816.70
831.75 364.58 0.23 6209.65
828.13 262.22 0.36 5562.89
802.90 287.52 0.60 4351.95
982.62 279.26 0.60 3800.54
916.07 271.81 0.42 4520.70
976.96 407.44 0.60 5108.94
874.39 430.78 0.47 4880.24
929.26 444.05 0.60 7791.23
839.47 584.59 0.60 5466.09
872.70 577.15 0.60 3708.43
856.56 424.56 0.59 9994.26
926.50 529.61 0.39 6815.63
960.08 419.91 0.41 4710.61
933.17 723.28 0.52 6451.36
952.77 739.71 0.60 4168.59
971.99 707.12 0.43 5199.71
992.88 784.17 0.60 6360.47
992.67 657.24 0.50 5383.43
836.69 673.33 0.39 6004.25
974.56 646.45 0.27 4600.87
908.47 612.20 0.41 6442.42
999.05 836.30 0.47 5821.21
879.80 934.44 0.53 2953.70
837.94 924.51 0.38 3968.95
804.84 945.62 0.34 6741.44
865.10 984.83 0.41 3578.00
820.60 843.24 0.40 6033.38
872.07 997.19 0.54 5234.24
863.62 856.08 0.44 6889.20
