181.29 80.04 0.60 7254.16
49.30 55.62 0.48 4628.25
62.06 145.48 0.60 6993.45
54.87 56.68 0.59 7075.33
146.34 395.33 0.40 4616.95
108.61 312.21 0.57 5255.87
126.20 387.92 0.43 6222.75
32.19 200.41 0.48 7652.27
182.04 480.52 0.53 5438.46
127.97 489.68 0.51 6134.19
111.65 516.04 0.35 6869.48
136.52 408.64 0.60 6988.35
98.48 715.16 0.47 7155.05
144.60 648.25 0.43 7424.83
61.11 707.30 0.60 8769.39
172.58 650.84 0.42 4613.09
88.91 911.37 0.40 6434.46
115.79 882.56 0.59 3853.83
7.26 897.54 0.60 7215.63
105.23 836.85 0.48 5771.70
362.46 39.82 0.50 6432.01
279.50 79.33 0.49 4991.96
334.37 86.50 0.42 8190.82
208.48 130.07 0.60 5065.82
247.47 386.69 0.40 7608.12
312.06 232.26 0.48 7944.72
353.70 376.41 0.52 6159.12
284.96 297.42 0.49 5199.23
386.93 473.13 0.45 6035.36
348.38 575.65 0.55 6727.58
358.81 487.15 0.48 6331.35
247.96 514.97 0.52 4154.60
274.84 769.82 0.46 6505.83
282.19 621.73 0.49 7891.73
285.03 633.57 0.38 5473.07
358.82 765.73 0.46 6138.83
300.80 845.56 0.38 5991.05
206.52 919.86 0.60 5230.22
295.09 811.21 0.35 6489.27
380.13 971.08 0.54 6718.13
572.83 88.47 0.58 6654.42
570.40 108.48 0.60 4694.52
515.05 147.14 0.59 6468.96
515.00 186.33 0.45 6005.27
479.26 226.53 0.48 10628.28
516.82 243.47 0.52 8355.97
417.00 279.71 0.36 7438.30
498.04 337.69 0.40 10229.09
447.89 515.81 0.53 7285.16
528.76 432.13 0.48 6578.11
465.55 524.87 0.39 6750.08
573.67 509.86 0.38 6901.74
549.37 694.22 0.45 9022.91
525.33 720.41 0.48 5472.42
582.58 715.58 0.52 6674.97
524.36 733.88 0.47 7825.08
481.04 871.50 0.51 6407.66
556.12 957.00 0.36 7046.36
517.59 979.52 0.60 5283.80
514.72 939.17 0.43 6106.62
675.49 8.49 0.44 6604.02
745.73 76.36 0.57 6006.54
787.10 101.20 0.41 10442.32
611.27 3.09 0.52 8154.46
602.03 356.24 0.60 9995.32
657.72 232.73 0.56 5277.17
681.26 239.64 0.46 8466.17
707.82 214.60 0.40 9793.43
641.37 595.65 0.43 9394.44
692.86 590.79 0.60 9390.25
718.32 437.19 0.58 5510.02
703.59 581.22 0.49 4455.35
697.04 697.54 0.53 4965.66
754.97 782.16 0.60 6042.44
724.24 648.45 0.60 5724.03
779.70 706.35 0.45 5093.39
760.71 892.76 0.39 7113.17
667.70 982.59 0.52 6442.44
723.98 858.67 0.48 8609.24
733.94 932.70 0.53 5569.51
810.25 45.18 0.56 5090.27
906.23 65.06 0.60 5336.96
991.42 182.35 0.57 8485.09
940.18 93.37 0.56 9416.69
821.65 389.45 0.53 8366.44
919.19 327.37 0.32 8445.91
809.96 213.51 0.60 6188.09
969.99 216.12 0.44 7865.29
913.13 431.79 0.44 6911.25
811.31 590.38 0.50 5759.44
943.84 477.59 0.45 9318.18
882.15 585.86 0.60 8660.43
953.04 671.39 0.53 8256.44
852.95 602.09 0.57 7089.08
919.43 659.77 0.39 5728.68
848.15 649.86 0.44 8372.21
801.67 999.68 0.59 6170.12
809.00 991.40 0.36 7649.59
822.79 868.46 0.53 6301.45
907.78 805.84 0.50 5059.57
