84.99 108.10 0.44 8510.73
79.69 131.89 0.32 5658.59
196.71 140.89 0.59 4665.48
47.99 65.53 0.37 4212.97
94.75 100.80 0.60 6308.67
134.48 34.68 0.48 9016.33
68.99 359.22 0.50 6705.30
130.27 391.03 0.49 4100.05
48.69 394.47 0.53 3546.41
25.72 318.57 0.47 8664.20
189.95 272.75 0.48 5211.66
28.67 270.41 0.36 4977.22
75.06 414.91 0.46 7062.95
160.15 491.43 0.60 4380.40
43.30 593.88 0.38 5052.09
15.65 420.30 0.58 7177.18
13.73 414.62 0.48 5425.09
81.79 401.92 0.60 7244.61
82.01 760.70 0.31 4282.98
118.58 768.32 0.42 5814.12
42.01 756.09 0.50 6354.93
33.52 777.24 0.52 6282.78
45.26 739.83 0.60 4992.62
152.24 738.08 0.49 5387.49
140.84 967.26 0.50 7569.93
95.13 810.96 0.38 6601.81
111.58 889.83 0.38 4701.54
8.05 806.24 0.41 4985.61
168.43 917.56 0.58 10752.80
189.50 854.54 0.37 3776.52
265.88 50.54 0.54 10056.30
276.95 175.80 0.47 4542.67
315.97 149.02 0.47 7822.93
278.71 172.84 0.44 7480.91
282.12 71.08 0.42 7401.89
213.13 118.53 0.48 4771.08
358.51 208.34 0.53 7337.67
244.81 231.60 0.49 4011.05
340.39 255.71 0.44 6754.39
284.22 371.00 0.54 6038.29
303.39 332.36 0.37 5110.25
293.23 307.94 0.60 5307.71
359.23 580.20 0.60 4879.62
311.03 540.17 0.39 6825.46
249.64 551.83 0.60 6364.60
232.94 568.76 0.60 5258.60
212.07 412.87 0.48 6584.77
357.16 474.59 0.43 6649.80
318.67 668.95 0.60 6420.22
380.73 795.70 0.45 10674.72
238.54 793.13 0.36 3347.63
345.85 771.38 0.29 4184.24
288.41 651.82 0.56 7562.36
320.86 694.73 0.42 5528.62
252.29 997.61 0.52 4624.73
291.77 937.47 0.43 5409.99
287.15 824.39 0.60 8618.63
266.06 949.79 0.60 6221.83
207.30 814.90 0.50 5582.12
291.12 948.90 0.56 4402.49
534.42 120.06 0.53 4384.50
425.39 186.01 0.60 6803.74
532.20 136.49 0.51 6540.16
422.68 194.94 0.58 5866.14
406.68 9.39 0.39 3297.14
550.82 96.44 0.54 4518.32
487.57 250.58 0.55 6538.20
429.71 260.47 0.49 5580.09
587.10 232.64 0.56 4130.93
520.21 329.92 0.51 8248.42
505.07 316.05 0.52 6915.71
515.98 321.32 0.43 3112.20
415.65 525.35 0.44 5562.54
526.72 590.14 0.55 4470.25
469.27 496.59 0.51 4231.98
533.34 490.68 0.40 6350.07
422.73 521.57 0.49 5983.70
523.14 450.39 0.36 6162.73
416.64 678.30 0.60 9171.95
500.94 758.05 0.60 4127.18
541.56 700.58 0.53 4893.12
593.94 722.52 0.35 7117.73
494.35 718.45 0.56 7487.32
552.97 625.66 0.46 9480.18
530.26 944.31 0.51 5729.53
593.26 888.29 0.60 6838.28
512.06 933.73 0.43 5323.51
515.87 870.26 0.45 5946.11
412.15 842.81 0.47 6384.76
451.85 881.75 0.60 5180.63
720.78 181.78 0.33 6222.35
636.95 165.39 0.60 4957.89
684.43 133.39 0.52 6045.73
614.35 106.43 0.37 6109.07
747.08 63.54 0.32 5212.24
661.70 93.05 0.55 5168.53
654.70 273.61 0.47 4955.82
790.37 303.39 0.28 4761.16
688.90 380.38 0.60 6345.48
622.94 281.24 0.60 6579.08
755.02 346.47 0.54 8704.64
755.85 231.19 0.55 6621.89
678.01 446.58 0.42 4908.94
713.10 569.20 0.45 5061.14
705.77 508.52 0.40 6738.22
727.07 444.15 0.49 4436.44
720.82 585.77 0.53 5085.76
783.57 418.04 0.40 5116.35
625.09 752.72 0.51 4562.53
757.11 686.12 0.36 6787.73
746.56 682.09 0.48 7011.02
763.87 754.66 0.60 5195.59
664.83 661.13 0.60 4856.92
743.10 622.65 0.46 5935.50
748.95 823.50 0.53 6688.12
701.60 977.28 0.60 5027.12
725.23 870.47 0.56 5389.76
728.58 861.65 0.57 5979.53
752.75 873.22 0.49 4451.41
782.65 891.97 0.41 4583.35
923.97 144.32 0.48 5486.37
962.27 72.61 0.37 9971.81
840.53 86.77 0.38 4488.56
876.13 138.38 0.60 5414.83
859.51 135.83 0.59 6243.70
953.57 160.65 0.48 8374.41
880.97 347.74 0.49 8596.30
982.77 360.14 0.60 4203.93
926.18 342.81 0.55 3848.39
974.97 310.53 0.42 5343.78
815.50 346.37 0.60 4431.94
897.63 366.99 0.60 4915.40
938.30 427.61 0.60 5077.63
831.97 421.74 0.55 10214.27
853.13 501.12 0.51 8665.79
953.05 501.63 0.52 6092.99
804.21 518.92 0.60 4857.88
971.60 575.74 0.49 5915.83
874.05 783.72 0.57 9294.24
915.90 654.56 0.48 7084.61
878.80 750.17 0.31 7173.27
858.13 615.25 0.60 9881.85
802.96 611.02 0.58 5870.68
826.88 634.49 0.28 5945.01
905.95 998.49 0.42 6128.26
800.13 924.83 0.55 4871.91
838.19 999.34 0.43 5870.67
912.13 952.84 0.50 3518.22
943.64 898.01 0.32 4764.47
943.28 823.63 0.39 4983.47
