50.15 180.51 0.54 4825.03
95.34 8.77 0.29 3884.66
104.85 140.53 0.44 7624.29
111.75 249.10 0.48 3609.57
92.77 82.81 0.56 1102.00
87.52 284.58 0.38 9881.62
87.57 275.30 0.59 2806.14
175.29 338.59 0.48 7320.64
92.86 326.51 0.36 4898.31
82.60 224.09 0.47 5529.97
143.54 583.55 0.60 5131.97
128.51 573.82 0.45 2643.73
178.93 515.19 0.56 934.74
96.08 476.18 0.49 9234.82
40.03 520.26 0.29 10528.31
90.13 721.44 0.60 8439.19
57.05 717.73 0.53 9689.27
145.70 694.76 0.51 682.48
109.86 665.51 0.60 7838.87
135.93 676.58 0.46 9684.98
86.36 795.38 0.47 4150.89
97.53 952.19 0.35 6272.46
124.89 869.21 0.45 4341.12
176.69 917.19 0.44 7938.29
79.15 920.43 0.37 7972.07
332.40 40.62 0.57 4393.87
285.51 167.46 0.51 9239.03
300.03 24.19 0.60 3320.09
342.01 169.35 0.60 1819.30
329.13 53.98 0.59 10154.09
272.90 365.88 0.52 3423.56
220.40 274.29 0.59 10010.87
277.36 328.18 0.51 1307.89
287.92 293.01 0.52 4512.48
299.28 211.54 0.37 3596.59
410.49 461.29 0.45 7989.79
325.47 465.99 0.57 3878.69
294.50 539.73 0.35 9480.56
207.90 503.51 0.46 3681.23
262.62 520.87 0.57 10276.21
233.14 680.16 0.48 6030.52
357.64 596.93 0.50 1405.84
281.29 734.00 0.46 2177.01
372.27 576.13 0.59 5891.14
296.16 737.80 0.54 5490.46
371.45 990.34 0.52 9456.29
346.00 869.60 0.50 1891.09
284.94 925.45 0.46 10480.31
353.19 968.22 0.46 9380.34
313.30 862.74 0.49 4470.94
482.64 149.84 0.26 7125.64
594.42 245.12 0.48 8062.64
465.15 14.88 0.55 1154.74
490.22 162.10 0.42 4707.86
489.96 152.52 0.53 5848.84
473.08 222.52 0.57 4997.70
491.16 437.20 0.48 2256.65
548.42 388.39 0.53 5689.01
516.68 240.60 0.45 8282.87
567.41 215.05 0.40 9337.20
493.84 500.07 0.44 7742.04
462.17 467.61 0.58 7283.01
461.21 474.27 0.60 9787.20
469.79 429.54 0.53 9588.12
452.34 438.92 0.40 8701.26
521.98 703.91 0.45 2331.75
418.55 730.60 0.34 2961.96
570.13 683.50 0.47 5395.75
497.16 799.51 0.60 9948.78
470.70 595.87 0.33 2498.56
436.28 842.97 0.44 1404.70
552.11 931.97 0.45 10387.23
472.54 904.82 0.39 9424.24
447.90 864.47 0.38 3319.55
495.75 888.16 0.52 8075.75
661.77 127.74 0.60 3527.63
768.53 85.54 0.46 9332.31
672.45 70.05 0.24 2301.52
747.60 44.27 0.60 9129.24
743.68 99.40 0.59 9032.90
671.21 290.64 0.54 8140.16
703.64 281.08 0.57 9518.39
571.14 362.41 0.42 7070.68
661.56 331.28 0.47 4657.02
728.37 349.18 0.50 1707.01
686.07 521.11 0.56 8571.92
820.40 445.87 0.60 4459.46
673.26 470.11 0.42 2046.05
638.34 482.09 0.60 662.72
709.47 481.59 0.49 4837.13
756.16 720.98 0.44 679.39
720.28 752.14 0.56 3730.55
770.71 656.09 0.55 4239.47
757.14 490.28 0.35 9308.58
720.28 628.98 0.60 5926.65
612.19 889.03 0.53 7834.06
723.33 802.01 0.43 5921.22
707.43 910.48 0.52 2504.88
686.03 817.06 0.50 10486.35
675.58 877.87 0.42 7902.80
962.64 62.32 0.42 835.10
907.34 88.62 0.40 9487.98
901.17 61.27 0.35 1060.26
836.73 95.83 0.60 3196.37
921.57 16.47 0.42 7544.25
883.75 278.12 0.39 1885.10
902.53 304.29 0.60 6177.08
887.92 306.56 0.60 2183.30
802.77 394.17 0.43 10715.75
919.21 282.70 0.59 6152.95
871.31 462.78 0.42 6190.84
885.78 537.32 0.45 978.37
853.28 467.58 0.60 1066.93
960.81 443.37 0.32 10248.63
940.57 574.09 0.53 2754.23
848.53 727.45 0.52 7731.18
825.86 730.46 0.46 8913.58
872.58 663.99 0.43 5794.78
909.98 766.15 0.48 3249.25
909.26 742.58 0.55 7751.98
738.25 906.95 0.50 9638.84
929.19 843.25 0.50 7233.78
882.19 901.04 0.60 7127.25
980.49 869.54 0.60 10629.00
900.72 880.98 0.52 3307.37

22044.70
