102.53 106.49 0.60 5092.10
121.40 111.69 0.44 1721.93
5.11 131.16 0.51 4669.43
173.17 141.38 0.57 7158.08
115.40 81.70 0.60 6424.80
87.97 101.81 0.60 1106.54
42.38 120.82 0.60 5783.34
124.03 304.13 0.59 2607.79
266.83 353.56 0.52 1064.36
16.44 373.78 0.43 8335.75
118.73 314.69 0.52 8844.36
124.59 367.66 0.34 948.08
128.28 257.05 0.60 2386.71
79.02 375.12 0.37 6731.91
103.10 505.78 0.49 8794.95
153.54 481.05 0.44 761.12
71.18 556.69 0.60 8434.65
69.74 525.39 0.54 4243.80
144.63 505.36 0.47 6043.62
61.05 466.96 0.60 2403.38
100.52 428.47 0.48 789.71
132.24 672.21 0.48 1544.07
105.04 641.54 0.56 8401.94
77.02 664.22 0.50 6107.21
26.05 752.87 0.41 5548.78
54.98 734.40 0.54 8235.25
48.54 677.40 0.46 1310.87
133.81 616.40 0.60 7807.60
94.85 891.92 0.41 7256.61
21.72 900.65 0.58 9819.21
174.16 926.71 0.60 6608.54
47.03 870.03 0.58 8105.25
167.12 801.41 0.60 4537.67
65.02 989.58 0.46 4709.25
96.01 950.77 0.53 8157.72
328.92 36.89 0.60 1570.17
301.44 115.69 0.48 4910.95
374.53 198.16 0.31 8877.99
409.00 135.37 0.49 3036.89
390.39 124.65 0.55 5823.04
358.24 146.03 0.60 1876.38
354.69 107.95 0.49 10323.33
351.83 184.66 0.41 10167.52
244.74 339.87 0.46 8675.13
294.05 309.79 0.47 10593.13
315.97 383.43 0.55 3455.25
267.86 209.57 0.45 1072.69
273.13 276.22 0.60 1772.03
331.85 227.33 0.47 3543.71
252.80 533.24 0.42 9918.19
332.88 570.80 0.60 5218.64
285.99 528.87 0.24 5593.51
305.97 518.23 0.50 6095.17
410.64 499.47 0.59 5174.25
234.09 511.57 0.60 4434.45
299.98 429.12 0.49 1299.84
328.72 658.88 0.56 1461.98
310.25 672.14 0.44 7857.98
318.68 758.04 0.42 9197.39
324.61 754.66 0.54 6923.06
354.31 764.09 0.45 9095.49
311.05 673.52 0.39 2137.80
314.54 828.40 0.44 6347.27
355.40 924.51 0.45 4220.98
293.52 913.53 0.53 677.10
317.03 909.87 0.60 6184.04
309.47 901.54 0.43 8105.32
403.24 809.47 0.54 1029.46
289.58 903.98 0.53 9901.21
363.76 895.98 0.41 5860.13
419.94 104.98 0.45 2271.38
504.15 26.92 0.57 1791.28
543.38 165.89 0.43 9309.49
449.98 62.65 0.60 8080.21
459.13 249.73 0.37 4679.36
456.90 91.03 0.60 7493.65
502.56 89.64 0.46 4419.30
429.65 355.41 0.54 4113.30
487.74 291.65 0.60 10788.80
479.29 284.15 0.55 10271.12
545.56 422.86 0.40 936.74
458.67 348.75 0.44 4788.17
522.60 280.69 0.52 4902.91
545.51 372.48 0.52 5301.05
532.24 560.59 0.30 3804.94
414.90 483.72 0.58 3418.24
475.15 441.90 0.57 1588.64
448.77 446.65 0.39 5914.72
469.85 470.10 0.58 694.22
585.55 486.66 0.49 4629.51
523.58 422.82 0.57 5627.69
391.57 658.01 0.31 1742.42
500.83 675.26 0.53 8238.30
516.23 692.54 0.47 5067.46
487.03 724.95 0.55 10258.69
594.60 633.21 0.60 2320.09
502.30 800.33 0.51 3857.97
480.50 705.76 0.35 2443.04
425.38 944.85 0.59 8070.40
440.17 916.58 0.60 3823.35
532.90 952.03 0.60 886.53
523.92 874.71 0.34 5631.61
558.05 964.53 0.50 4150.58
499.84 909.65 0.43 7937.40
462.16 925.94 0.41 3823.00
620.98 6.63 0.60 1066.70
681.91 138.41 0.49 5827.27
689.97 98.02 0.52 8361.67
597.58 168.35 0.56 2361.99
674.98 43.99 0.51 9657.86
742.44 93.55 0.50 1368.94
654.25 38.51 0.32 6287.61
720.31 265.99 0.58 2320.05
676.65 309.30 0.43 701.25
721.72 333.63 0.45 5666.81
641.16 298.16 0.44 3700.29
747.43 287.04 0.59 9115.66
737.08 274.72 0.49 1850.54
757.85 302.96 0.60 6114.86
709.91 492.65 0.37 4375.67
723.00 453.63 0.56 5972.11
608.06 497.76 0.42 1576.12
646.93 464.50 0.32 4595.25
721.76 496.77 0.49 7748.55
736.67 492.73 0.60 4516.33
643.43 428.80 0.60 6814.84
702.13 663.76 0.59 7498.00
692.34 654.56 0.50 1888.56
754.56 669.54 0.42 7897.14
693.61 753.39 0.45 4373.41
620.58 744.57 0.60 6178.57
790.36 696.40 0.39 3900.72
754.30 756.10 0.46 1788.74
678.06 898.96 0.56 6790.14
673.63 946.14 0.53 7560.41
734.49 984.07 0.50 2701.64
745.93 840.82 0.40 8553.61
688.07 886.39 0.42 7589.10
774.62 954.69 0.60 6775.55
701.37 905.81 0.60 901.08
999.00 130.85 0.53 2970.75
862.04 130.13 0.60 5578.14
912.41 122.57 0.39 4913.93
948.75 64.63 0.42 975.14
848.89 227.88 0.40 1604.17
918.39 51.93 0.60 9835.73
911.50 61.07 0.60 5040.05
878.35 296.98 0.60 10522.16
904.61 298.71 0.58 3698.63
930.92 259.36 0.33 2182.73
889.93 231.35 0.52 2058.40
932.68 285.82 0.60 8672.82
827.17 260.99 0.46 7845.49
821.19 241.93 0.47 5239.84
898.55 484.53 0.40 4540.07
842.31 498.86 0.45 8589.37
864.89 519.81 0.51 6602.69
861.70 462.85 0.50 9868.68
880.48 479.90 0.49 3008.16
859.22 421.46 0.37 1762.69
899.45 498.66 0.46 8479.29
892.82 688.81 0.60 3177.99
953.86 688.76 0.51 6550.17
887.03 692.40 0.53 6058.29
889.14 682.98 0.48 4849.32
926.76 738.81 0.42 9807.23
927.40 710.15 0.49 8098.62
844.85 781.97 0.28 4327.34
872.52 764.12 0.60 3408.58
893.99 765.48 0.54 4626.19
897.06 850.87 0.58 7047.63
817.46 892.75 0.55 6271.64
943.05 930.44 0.49 10320.01
889.52 892.12 0.55 7605.85
903.01 939.49 0.60 4052.27

29720.39
