578.01 507.18 0.38 6320.68
394.27 533.73 0.30 2524.26
508.35 435.26 0.53 1322.62
595.48 532.37 0.38 5899.29
514.79 525.90 0.31 8838.91
523.22 576.64 0.45 10344.44
573.40 513.53 0.51 8187.07
469.60 546.48 0.50 2189.84
606.48 479.96 0.47 8848.34
490.67 538.93 0.52 5492.93
523.58 437.45 0.40 5616.40
472.88 491.16 0.45 9432.90
427.26 505.69 0.48 6580.73
577.47 487.07 0.24 7448.58
520.29 569.39 0.37 1144.55
451.05 461.00 0.43 9568.60
441.19 477.39 0.33 6248.85
467.22 415.36 0.38 6846.60
533.48 512.52 0.09 4068.87
517.50 613.24 0.37 10200.83
516.58 524.34 0.59 4790.47
479.65 457.29 0.56 6376.01
413.21 545.86 0.46 3959.51
487.67 428.76 0.26 10536.69
437.70 490.60 0.35 9966.79
517.62 644.40 0.45 5996.05
441.22 467.93 0.43 5722.07
534.67 536.79 0.43 7414.72
465.79 422.70 0.30 3671.46
538.05 542.31 0.60 10708.39
454.92 620.12 0.37 5298.88
496.04 405.99 0.54 7079.51
483.20 518.03 0.51 8949.32
480.08 399.39 0.44 7062.42
466.93 532.85 0.49 4468.19
533.97 500.72 0.46 5696.43
581.36 434.94 0.59 10367.64
493.64 532.44 0.42 1269.17
544.57 539.14 0.36 3482.09
577.73 507.83 0.46 1834.33
431.97 506.74 0.38 1726.88
489.97 535.39 0.35 1238.47
562.41 485.65 0.47 2143.44
415.32 547.38 0.59 9742.11
479.39 519.82 0.56 9521.44
514.88 558.71 0.43 3979.56
466.60 547.35 0.53 6747.16
412.29 508.31 0.27 7601.86
445.28 533.64 0.54 7480.42
552.97 497.06 0.45 7773.80
547.82 500.87 0.52 5694.51
551.94 447.92 0.49 5897.52
542.18 516.84 0.48 5135.33
404.12 497.87 0.56 4553.57
537.51 375.86 0.52 9080.49
508.99 569.67 0.48 821.79
521.44 456.62 0.43 3390.06
382.54 525.24 0.58 2478.60
488.10 504.12 0.52 8250.29
586.67 560.28 0.45 5658.80
535.72 456.41 0.46 10641.60
385.63 440.34 0.54 6174.38
510.61 489.74 0.54 6953.95
390.28 485.88 0.58 3225.55
486.98 475.21 0.09 1071.71
492.02 610.40 0.54 2950.43
516.47 460.93 0.45 6443.69
586.84 618.24 0.48 5210.38
521.32 505.44 0.49 4212.34
491.96 461.54 0.59 6168.47
492.11 464.60 0.51 1608.89
625.80 436.55 0.53 5557.11
436.28 521.39 0.10 4775.21
518.82 494.39 0.37 10355.88
532.22 570.06 0.51 1759.77

21972.749878020473
