855.31 789.38 0.25 7819.60
901.93 588.33 0.33 7656.99
715.10 154.15 0.27 8353.09
623.95 788.96 0.22 7225.59
494.24 163.45 0.32 7941.99
15.28 927.03 0.30 6935.41
749.77 343.89 0.21 6651.96
789.13 338.97 0.13 7734.61
173.97 362.17 0.45 6402.11
367.15 70.49 0.23 8854.42
721.16 630.03 0.33 7751.28
767.99 286.27 0.26 7596.25
307.33 772.44 0.28 7264.37
423.36 633.67 0.11 5910.32
449.62 546.85 0.18 6459.54
223.51 847.17 0.20 7443.91
27.43 848.90 0.18 5245.13
641.00 387.07 0.29 8822.70
825.84 141.40 0.12 7937.18
486.69 915.61 0.04 6636.82
189.14 730.53 0.07 6886.08
888.22 111.77 0.33 6510.73
839.40 409.89 0.25 6894.09
441.80 545.11 0.22 7253.27
459.55 829.81 0.10 9375.71
589.00 61.86 0.06 7652.21
487.14 8.31 0.25 8715.66
538.80 815.14 0.23 8089.74
15.43 555.82 0.19 6222.98
624.12 214.10 0.16 5288.76
259.40 768.50 0.09 6254.12
23.52 706.57 0.17 5786.34
938.08 943.54 0.12 6494.54
849.25 284.15 0.33 6622.87
314.14 505.32 0.24 6309.54
620.74 938.53 0.15 7059.20
392.07 569.88 0.23 7812.57
228.19 711.13 0.23 7492.50
885.14 87.53 0.31 7327.29
826.41 933.43 0.29 6528.24
524.43 113.19 0.18 5832.61
600.78 147.75 0.10 5377.24
908.75 951.57 0.27 6626.98
892.89 241.53 0.20 7074.72
888.72 408.57 0.16 6195.74
935.55 738.61 0.40 7449.59
961.69 608.36 0.15 8912.99
848.21 111.21 0.31 5898.47
765.19 992.08 0.26 6071.73
926.83 467.65 0.24 6468.08

22131.43526569568
