72.79 48.03 0.21 6193.35
154.34 55.89 0.14 6801.71
27.95 132.85 0.18 9213.97
118.05 27.95 0.21 6786.19
53.89 134.76 0.28 6245.86
120.16 184.81 0.15 7297.18
97.62 364.57 0.13 7466.58
76.39 214.15 0.21 7506.13
127.85 297.65 0.08 6732.22
79.09 264.17 0.24 6184.21
172.30 362.52 0.46 6904.10
55.01 352.53 0.20 4436.24
131.46 520.58 0.18 8063.48
103.57 496.13 0.23 7143.19
195.36 594.26 0.25 6099.98
184.78 427.68 0.28 8454.26
33.97 487.75 0.25 7716.41
162.25 471.66 0.04 6430.24
193.21 666.26 0.29 7209.60
25.32 693.56 0.34 8197.38
81.83 687.40 0.09 5510.22
186.53 659.92 0.16 5843.88
98.91 625.89 0.16 6249.78
85.27 739.53 0.33 7691.37
193.24 955.85 0.12 7896.02
63.34 993.05 0.18 6336.35
150.57 887.53 0.22 5200.47
156.55 980.07 0.07 8099.57
148.03 863.14 0.23 7441.92
83.75 834.74 0.36 7213.23
363.66 45.76 0.15 8814.17
374.77 33.57 0.21 5024.00
317.65 44.98 0.16 6098.27
283.34 198.96 0.38 5945.60
200.55 102.64 0.04 6194.14
350.81 183.92 0.28 7833.75
302.60 354.79 0.07 6791.93
395.46 267.55 0.18 6011.18
265.13 322.38 0.17 8263.44
208.49 334.32 0.25 7574.43
223.12 334.62 0.53 5061.62
222.48 388.41 0.29 7032.98
274.36 589.83 0.21 6922.32
383.02 462.72 0.38 10210.61
330.54 554.76 0.04 6373.69
269.69 581.57 0.25 7112.13
263.20 540.75 0.14 7501.04
277.51 429.51 0.23 7678.33
245.64 609.12 0.15 6806.66
309.11 637.18 0.03 5554.53
277.85 768.91 0.12 7340.91
375.45 734.19 0.18 7385.86
282.40 739.88 0.32 6835.15
220.11 763.64 0.08 7358.42
372.93 924.67 0.49 6643.89
390.19 989.75 0.05 6299.37
241.55 986.97 0.35 7624.45
355.50 954.61 0.20 7799.25
234.72 990.78 0.41 6884.33
330.59 996.61 0.06 6607.13
576.23 93.93 0.20 6280.78
515.30 47.35 0.15 6664.21
578.63 20.33 0.30 7387.55
546.71 99.10 0.33 7460.81
447.52 179.20 0.16 9502.24
599.62 104.57 0.32 7257.17
454.20 288.05 0.21 6913.80
583.47 394.60 0.15 6530.84
557.55 215.94 0.29 6786.27
597.67 315.25 0.16 7664.37
440.26 237.64 0.15 4590.66
543.10 218.94 0.20 8196.31
549.79 574.43 0.12 8269.53
423.31 504.19 0.36 8152.70
527.40 539.42 0.31 7468.32
516.97 500.30 0.39 7063.00
501.07 472.99 0.31 7001.47
591.78 412.50 0.17 7205.66
435.94 622.71 0.22 6577.85
513.91 782.94 0.18 7465.16
469.86 735.46 0.23 7998.67
403.90 795.98 0.22 5315.28
400.31 649.76 0.25 6444.15
497.46 772.20 0.15 7323.74
526.39 936.59 0.01 5832.85
436.62 836.91 0.11 7528.59
571.86 824.45 0.11 8314.11
416.88 837.85 0.22 6966.81
580.18 944.89 0.28 5786.58
512.00 986.20 0.16 6504.26
778.44 77.24 0.12 7417.18
790.08 62.26 0.05 6264.37
685.57 35.29 0.40 7277.80
713.39 102.98 0.22 4875.05
729.53 84.27 0.44 7765.84
721.46 81.78 0.21 7293.97
652.65 368.96 0.19 6048.79
799.45 300.88 0.22 7413.53
686.85 201.47 0.26 6410.84
758.44 304.47 0.44 6826.59
736.10 385.36 0.16 7304.39
781.35 300.52 0.05 7742.40
632.84 590.58 0.13 8842.87
793.38 432.83 0.23 8269.43
609.82 437.95 0.18 7136.69
637.52 596.13 0.04 7093.36
794.15 503.83 0.16 8212.18
648.31 452.57 0.21 6377.45
783.66 658.44 0.16 7709.72
736.89 638.43 0.19 7483.26
771.28 737.49 0.11 5250.02
618.58 604.23 0.17 5120.47
619.76 640.47 0.34 6125.26
719.46 773.21 0.17 6694.30
614.73 801.35 0.21 5107.49
788.86 996.66 0.36 7725.43
642.36 946.26 0.12 7533.94
743.39 977.11 0.12 7973.09
605.20 879.78 0.17 7466.06
734.08 886.72 0.15 6588.61
893.65 161.04 0.06 7601.35
860.83 191.75 0.38 8465.18
971.10 97.24 0.21 6027.73
808.96 192.30 0.05 7353.73
914.90 55.65 0.23 7121.99
819.84 128.20 0.29 8650.19
984.67 286.60 0.23 5526.73
836.02 205.91 0.37 7318.14
875.29 202.22 0.20 6484.23
974.05 331.44 0.01 5740.20
883.05 205.37 0.20 7726.22
985.00 203.64 0.13 8765.82
924.25 475.08 0.17 6766.52
870.84 489.63 0.37 7893.51
900.52 568.62 0.14 7024.90
933.14 556.76 0.14 6604.16
959.83 574.36 0.19 6493.38
831.88 404.94 0.02 6386.91
851.28 755.23 0.17 6271.11
970.91 654.56 0.15 7468.23
913.16 765.62 0.22 8221.24
988.57 675.86 0.35 7621.91
882.23 678.37 0.19 7678.92
831.50 696.14 0.18 8020.50
945.66 997.43 0.18 6788.75
813.61 955.83 0.10 5207.43
955.93 920.66 0.19 6808.45
892.82 907.60 0.35 5984.81
823.16 917.92 0.21 7062.58
803.20 829.25 0.09 7323.84
27474.154340648245