797.36 873.50 746.62 0.50 
894.49 713.82 1276.87 0.38 
1031.03 1305.69 900.61 0.49 
644.23 591.26 1406.35 0.15 
799.39 1006.46 1829.89 0.30 
1108.53 792.27 3032.19 0.49 
613.14 688.09 1871.46 0.40 
790.44 1100.91 1981.84 0.32 
687.80 619.75 559.64 0.29 
644.91 698.70 1345.29 0.26 
548.06 633.60 2184.59 0.31 
890.77 1174.39 1164.66 0.18 
823.68 764.29 826.77 0.41 
612.30 756.47 1691.66 0.59 
721.48 760.27 1638.83 0.18 
747.85 1019.09 2056.16 0.37 
684.43 832.75 2038.07 0.24 
1165.38 545.38 1664.67 0.24 
597.41 953.55 1473.53 0.33 
1160.76 560.42 1082.69 0.35 
839.38 880.75 900.29 0.24 
726.53 843.41 1453.35 0.61 
612.44 640.79 1625.02 0.29 
588.14 980.15 3057.63 0.50 
876.92 614.79 2540.45 0.38 
710.80 562.41 1321.11 0.36 
985.02 821.13 612.67 0.44 
716.87 956.70 1440.59 0.48 
1237.91 775.77 1146.99 0.36 
554.51 846.19 2605.63 0.39 
1044.70 984.82 1342.90 0.34 
802.47 571.91 1443.99 0.39 
1021.59 662.96 2215.02 0.54 
861.48 847.61 2306.01 0.42 
1154.23 665.54 1542.67 0.41 
714.76 1133.06 1563.48 0.49 
677.24 704.84 1915.84 0.58 
675.00 717.94 1109.03 0.33 
914.68 778.49 1713.85 0.25 
551.95 577.71 1130.87 0.60 
551.50 984.32 1448.99 0.29 
604.38 833.49 1051.11 0.45 
682.50 1309.78 1389.10 0.40 
595.33 1225.03 780.83 0.32 
553.48 944.75 753.48 0.16 
829.40 1206.45 1041.38 0.36 
574.44 845.36 1339.46 0.18 
593.39 667.40 864.76 0.28 
918.84 540.05 572.62 0.37 
718.48 579.27 729.26 0.27 
1025.27 871.99 944.23 0.32 
887.45 666.96 700.92 0.39 
952.31 1594.04 1516.23 0.48 
575.42 580.73 1595.94 0.44 
604.95 1407.35 1437.96 0.41 
1079.19 585.12 874.06 0.34 
932.40 574.82 989.55 0.39 
1231.29 731.79 1634.24 0.15 
603.11 657.87 1231.43 0.42 
655.28 679.61 1429.56 0.36 
803.09 755.23 1655.22 0.28 
895.48 936.13 782.19 0.34 
664.64 634.13 2722.99 0.22 
739.99 631.21 1553.24 0.38 
684.68 641.93 1301.39 0.44 
550.67 870.41 1154.48 0.22 
1182.35 1070.37 916.03 0.40 
734.03 692.34 1241.72 0.32 
583.94 848.67 768.42 0.42 
667.88 595.65 1661.97 0.51 
909.78 651.88 660.89 0.42 
849.13 941.69 1659.02 0.31 
654.37 755.62 1471.49 0.40 
626.62 1138.80 1451.46 0.46 
663.17 1635.08 1230.88 0.54 
767.98 635.34 1146.86 0.30 
549.40 1636.98 1732.56 0.39 
709.29 575.43 676.83 0.43 
763.25 971.86 1961.10 0.42 
563.06 894.94 1279.37 0.14 
1110.42 865.00 902.38 0.45 
619.89 659.06 1149.08 0.33 
1007.87 804.49 860.05 0.30 
1202.55 699.19 548.62 0.07 
602.83 935.68 1763.66 0.47 
889.94 601.79 2176.77 0.55 
719.60 553.68 2361.76 0.37 
540.58 1306.28 2097.79 0.27 
779.44 715.43 1509.71 0.37 
913.97 546.61 820.00 0.26 
913.42 861.98 2187.78 0.48 
569.34 578.16 2027.94 0.35 
819.44 735.92 1770.83 0.56 
1062.82 769.57 1898.07 0.61 
691.12 959.69 596.86 0.32 
798.55 582.99 2089.43 0.37 
599.10 697.11 1106.97 0.57 
996.02 862.95 941.17 0.36 
944.73 1275.20 837.26 0.41 
743.67 647.97 1318.95 0.36 
648.20 562.18 1333.88 0.32 
819.78 573.18 1971.44 0.58 
665.73 775.74 1621.63 0.47 
611.33 1001.17 1365.45 0.43 
627.72 773.74 1796.78 0.45 
1195.21 1015.95 568.62 0.38 
897.58 1030.43 2209.15 0.41 
1079.64 941.18 1027.55 0.45 
698.62 1207.90 949.56 0.37 
883.28 571.88 1250.36 0.37 
1172.98 891.79 1556.62 0.09 
913.34 893.43 2385.78 0.32 
616.43 805.93 1464.85 0.47 
695.27 556.17 2355.94 0.29 
795.64 950.15 1019.10 0.49 
645.56 1163.07 2109.31 0.37 
1087.26 663.56 1261.89 0.50 
542.33 838.73 1217.05 0.49 
559.57 606.06 3061.01 0.50 
1257.86 674.41 1271.28 0.38 
749.29 813.59 959.22 0.51 
574.14 762.47 1495.06 0.35 
773.58 1148.36 1437.56 0.36 
791.91 880.24 1506.04 0.51 
735.08 876.12 1309.25 0.38 
696.06 786.29 1468.77 0.42 
582.11 570.93 2183.21 0.40 
921.25 698.64 1431.57 0.28 
931.93 986.41 1529.65 0.64 
856.23 541.81 973.62 0.33 
1211.54 655.05 1893.88 0.43 
803.11 1062.22 544.83 0.35 
840.49 723.72 2835.81 0.43 
1408.55 706.16 606.49 0.36 
960.66 786.24 1046.50 0.36 
603.63 545.74 1573.13 0.28 
776.47 959.20 1439.16 0.32 
803.42 550.29 1033.85 0.26 
1060.45 595.93 1147.91 0.57 
568.87 724.89 977.38 0.43 
1128.46 666.19 2140.80 0.34 
645.72 1335.44 1618.37 0.36 
828.05 1166.34 3021.57 0.40 
600.39 815.95 2273.42 0.28 
777.32 1265.07 1788.72 0.45 
781.66 785.99 750.92 0.43 
665.73 592.31 2861.19 0.40 
620.27 705.45 1797.94 0.28 
776.95 794.64 2014.75 0.48 
1472.01 776.09 788.17 0.45 
543.75 611.03 1865.39 0.45 
