665.64 922.17 2297.32 0.32 
689.18 954.59 1943.83 0.31 
1025.10 921.13 1696.97 0.44 
643.44 628.02 1743.18 0.49 
999.98 761.78 2175.62 0.36 
979.79 549.23 843.64 0.16 
715.62 641.20 1598.37 0.34 
783.26 1022.65 1306.07 0.25 
1206.61 606.36 1532.34 0.49 
1279.34 981.07 2051.95 0.13 
560.42 744.13 1359.46 0.41 
835.22 1220.66 1410.32 0.38 
545.19 676.70 988.98 0.27 
892.94 564.70 1448.35 0.47 
591.21 1025.46 1690.51 0.35 
604.08 700.66 1954.70 0.30 
913.89 1048.69 1136.44 0.36 
1223.83 966.97 2172.33 0.34 
547.31 736.11 1029.20 0.33 
692.21 1072.65 1731.54 0.47 
1146.17 845.77 1279.76 0.55 
942.78 834.50 1135.59 0.45 
983.22 1247.20 951.04 0.50 
578.24 679.32 974.88 0.53 
745.31 732.93 1216.54 0.50 
863.22 964.64 1310.08 0.41 
644.36 819.73 1495.61 0.37 
1176.33 908.57 3329.46 0.49 
942.68 715.13 1407.78 0.53 
646.84 830.44 760.58 0.30 
908.06 899.47 713.34 0.54 
823.93 592.46 891.34 0.44 
967.38 929.36 2352.30 0.45 
848.40 911.78 1548.89 0.46 
700.03 791.40 1216.89 0.46 
973.24 540.97 1630.96 0.53 
1038.79 1519.66 982.68 0.46 
544.46 808.83 974.52 0.44 
622.94 866.21 1651.23 0.42 
743.77 736.51 792.52 0.63 
839.15 660.19 1612.68 0.42 
547.08 1008.09 1094.76 0.39 
600.93 584.83 865.84 0.43 
569.41 634.81 1276.33 0.44 
588.99 591.57 1891.86 0.54 
634.96 866.67 825.27 0.52 
721.28 712.79 2476.21 0.42 
547.69 798.34 1259.06 0.51 
929.50 891.25 755.21 0.42 
783.42 815.61 1233.20 0.39 
653.64 1081.50 654.39 0.38 
1302.16 729.43 790.10 0.24 
1110.02 617.80 1652.14 0.54 
579.11 815.66 2429.25 0.41 
743.91 545.67 1568.33 0.30 
680.95 645.50 2161.79 0.44 
751.87 1095.04 1111.30 0.42 
908.50 1216.83 1300.48 0.30 
567.73 915.77 670.00 0.46 
957.87 734.13 1311.96 0.53 
795.09 1122.74 1059.24 0.41 
840.31 736.98 993.93 0.32 
626.40 705.78 2394.65 0.44 
551.12 955.88 1548.71 0.42 
598.63 564.23 831.01 0.37 
1172.28 588.73 1570.64 0.27 
733.91 616.75 2271.62 0.40 
587.44 764.98 1061.36 0.23 
622.88 1103.28 654.13 0.41 
796.52 1294.98 1968.82 0.27 
648.00 814.74 966.34 0.50 
654.86 832.10 735.73 0.44 
588.55 1147.22 1431.60 0.29 
875.15 703.53 868.60 0.48 
693.87 821.45 1480.73 0.37 
1095.38 666.92 1315.01 0.48 
697.12 976.67 1608.73 0.45 
723.76 1102.62 1228.89 0.44 
1010.25 661.23 905.37 0.63 
573.68 633.45 1042.90 0.32 
541.74 1151.69 2270.61 0.15 
