667.21 732.22 1859.53 0.34 
607.79 766.24 2322.22 0.32 
750.42 718.20 1411.93 0.51 
979.80 692.76 729.73 0.32 
725.60 737.27 1703.90 0.43 
834.08 988.91 1120.32 0.26 
883.72 1074.70 2334.61 0.59 
1241.80 871.11 1050.54 0.36 
978.22 569.21 779.40 0.55 
1488.52 878.30 1312.29 0.32 
828.89 631.22 1428.81 0.34 
592.11 777.90 1135.09 0.34 
689.62 591.55 1566.73 0.42 
601.27 667.70 945.22 0.24 
1127.76 1237.73 1298.11 0.28 
550.23 581.31 1975.13 0.32 
956.03 625.01 821.54 0.23 
710.02 746.94 644.70 0.44 
543.52 1056.80 1385.15 0.37 
554.23 678.30 1483.01 0.22 
943.97 853.32 1291.81 0.25 
681.20 590.60 714.35 0.48 
758.82 810.00 1029.09 0.29 
934.17 743.79 1046.66 0.29 
828.92 874.16 1025.67 0.44 
920.59 1210.46 2128.98 0.35 
1406.01 922.10 897.06 0.57 
1177.12 895.59 1398.11 0.28 
905.90 1711.02 1254.32 0.47 
767.82 763.66 1395.14 0.38 
907.98 642.78 1569.59 0.22 
