562.80 1029.94 982.27 0.29 
1027.07 864.41 575.70 0.29 
675.57 572.58 1587.70 0.45 
768.37 987.23 1039.62 0.52 
603.65 598.08 1649.01 0.36 
728.34 905.40 2201.81 0.34 
676.57 583.06 1517.62 0.34 
826.70 818.44 1624.27 0.44 
637.74 547.41 581.01 0.43 
742.77 893.29 666.55 0.30 
799.29 727.24 1734.28 0.40 
988.93 730.86 1479.25 0.35 
553.17 922.02 2720.34 0.37 
821.68 1097.77 1332.21 0.36 
802.27 788.97 1359.52 0.52 
637.02 964.02 938.13 0.28 
545.62 655.45 691.15 0.33 
847.10 1182.56 754.66 0.55 
771.76 1085.96 2510.64 0.37 
686.30 1143.51 1370.89 0.26 
802.67 1372.42 1181.80 0.39 
726.16 1068.34 1116.09 0.50 
798.08 802.49 1389.55 0.28 
668.89 959.96 772.36 0.44 
1120.78 637.97 1114.25 0.37 
760.97 828.35 1837.41 0.48 
701.10 843.39 661.58 0.42 
644.34 789.79 660.59 0.25 
551.31 901.81 645.12 0.41 
694.07 788.54 1113.14 0.44 
759.44 846.96 1156.24 0.25 
605.94 889.15 1502.00 0.23 
815.54 903.70 1972.91 0.36 
822.05 595.54 1943.82 0.61 
758.39 823.06 2108.82 0.52 
1268.63 1008.80 1309.77 0.60 
1172.85 594.13 2276.30 0.35 
540.49 734.20 2166.41 0.43 
1153.13 697.09 1900.87 0.50 
730.84 1017.08 1096.69 0.50 
658.32 1104.48 889.70 0.45 
969.97 1114.07 839.68 0.40 
679.59 830.64 1250.42 0.42 
680.73 658.93 1009.99 0.34 
1297.38 1510.07 620.93 0.53 
805.42 552.81 858.07 0.34 
754.84 903.61 1357.70 0.28 
550.35 985.00 1530.53 0.34 
659.48 740.06 2057.77 0.33 
1064.01 1333.27 1751.35 0.44 
571.00 1095.99 1915.02 0.37 
580.53 1100.82 1281.22 0.47 
549.34 768.87 2845.88 0.56 
594.21 557.36 1152.28 0.36 
557.57 588.02 809.21 0.35 
690.43 696.85 1158.52 0.36 
655.14 813.39 1071.67 0.30 
645.77 913.31 1685.26 0.39 
788.30 914.90 1159.79 0.56 
662.90 805.76 1986.47 0.42 
675.72 702.39 904.76 0.11 
622.62 818.82 1338.74 0.45 
568.10 1090.26 1678.75 0.32 
607.71 1222.53 1620.51 0.33 
1089.88 911.73 1972.42 0.65 
957.44 611.79 1791.96 0.60 
1271.31 1116.39 618.92 0.30 
887.52 827.50 1141.85 0.27 
774.07 683.99 1610.02 0.36 
616.86 730.88 898.76 0.24 
615.22 992.69 1294.70 0.38 
880.56 761.75 1593.56 0.34 
681.11 768.01 1291.69 0.37 
873.71 580.74 1461.95 0.34 
1026.19 1065.50 1843.55 0.45 
701.20 781.41 2154.87 0.30 
733.17 644.19 1311.80 0.37 
786.11 611.61 2139.57 0.40 
659.87 588.64 1421.66 0.34 
829.13 958.36 1933.60 0.57 
767.82 854.63 2553.97 0.53 
541.90 781.67 906.62 0.44 
1195.85 650.38 2422.97 0.53 
1029.68 775.59 1222.41 0.39 
1067.44 672.37 1794.27 0.35 
552.79 905.35 1862.98 0.33 
770.74 626.04 1219.78 0.33 
847.33 787.20 873.48 0.46 
808.76 776.10 2228.65 0.35 
713.23 772.83 873.19 0.51 
731.61 884.86 1332.63 0.30 
643.46 570.06 1911.84 0.47 
727.52 1483.34 1592.87 0.45 
1062.12 808.92 1799.32 0.31 
565.47 877.86 1581.72 0.34 
583.71 657.47 1430.70 0.41 
675.43 647.32 1357.77 0.27 
683.31 729.93 652.42 0.37 
730.77 913.42 1311.52 0.29 
817.56 717.49 2166.97 0.44 
815.67 933.08 1146.49 0.35 
