1090.08 613.90 1862.66 0.30 
1079.86 736.29 1538.12 0.28 
947.48 1634.04 1300.96 0.44 
1131.13 715.96 1698.53 0.35 
829.28 633.11 962.42 0.35 
750.63 571.64 1599.80 0.19 
675.51 733.71 2620.73 0.10 
722.42 1710.82 1619.45 0.39 
1137.22 728.80 1603.34 0.39 
834.71 1132.83 722.23 0.41 
1041.98 788.22 838.24 0.45 
904.34 725.56 643.59 0.41 
713.15 1184.01 1457.09 0.39 
991.29 915.63 2169.08 0.42 
546.69 796.40 860.67 0.50 
916.68 1286.95 2641.16 0.31 
770.97 637.13 641.87 0.37 
832.56 1061.89 2072.03 0.21 
1168.44 1009.04 1645.64 0.47 
1112.05 616.76 1883.90 0.32 
612.73 542.81 1010.92 0.40 
1080.49 1204.76 1764.61 0.20 
1219.64 1123.26 734.96 0.31 
1117.83 949.75 1587.09 0.51 
944.93 665.59 553.72 0.42 
781.93 883.11 1506.48 0.40 
767.02 1002.86 583.66 0.48 
836.33 803.03 935.41 0.40 
690.22 566.71 2349.66 0.36 
846.41 561.93 1548.45 0.18 
1054.50 1055.30 1587.76 0.31 
822.74 559.35 2312.78 0.44 
922.85 722.12 719.80 0.37 
1128.21 734.15 2895.05 0.47 
701.82 729.04 2819.63 0.31 
1203.00 787.49 1744.25 0.65 
684.05 884.07 1436.25 0.45 
593.35 542.06 1121.00 0.29 
688.17 890.67 615.44 0.43 
812.24 1011.17 1340.93 0.35 
806.11 584.10 1317.07 0.36 
730.88 713.60 1049.71 0.47 
654.79 698.07 2390.39 0.31 
937.58 890.16 1867.70 0.32 
687.24 661.39 2924.19 0.30 
757.63 895.74 2668.70 0.55 
762.97 746.86 2888.44 0.42 
575.91 1122.15 708.85 0.59 
615.55 874.41 1439.01 0.29 
604.48 727.32 1873.17 0.33 
690.33 1005.33 1003.14 0.63 
1217.31 594.25 1034.81 0.42 
1224.22 937.52 1907.45 0.41 
844.76 1403.08 1153.99 0.40 
631.83 764.33 2359.36 0.40 
652.27 580.54 582.60 0.62 
708.64 693.92 2161.16 0.40 
736.03 996.73 2113.07 0.38 
1138.83 752.09 1289.33 0.26 
630.75 738.59 1695.62 0.61 
712.66 650.56 1470.12 0.40 
944.48 1095.76 908.32 0.43 
730.96 1145.62 842.68 0.43 
717.27 943.36 852.86 0.36 
992.43 767.89 1734.06 0.42 
1015.29 1246.49 1341.72 0.42 
717.58 946.43 814.23 0.30 
917.23 820.23 1222.16 0.48 
556.10 988.91 1321.71 0.43 
850.11 649.04 2046.77 0.23 
999.59 635.35 1404.80 0.36 
656.05 590.77 1030.76 0.41 
576.12 727.81 1697.94 0.34 
1139.71 918.52 1410.08 0.24 
693.97 983.41 1509.51 0.35 
982.89 1030.41 2519.49 0.41 
674.72 1010.94 1100.30 0.64 
741.83 777.35 1244.26 0.35 
936.97 814.66 1859.19 0.34 
853.08 967.00 1048.73 0.07 
805.90 1055.84 1054.84 0.42 
631.92 613.46 1204.59 0.31 
643.30 1073.27 1623.32 0.44 
849.14 912.35 1028.89 0.52 
617.03 558.73 1071.31 0.30 
608.69 762.88 2213.32 0.29 
591.15 1001.18 1843.73 0.40 
923.07 982.78 1248.15 0.39 
694.74 647.24 786.62 0.17 
1112.61 1341.41 1660.06 0.22 
802.10 1094.48 1763.34 0.65 
