604.68 926.10 2337.49 0.51 
570.94 802.58 1984.94 0.50 
705.31 856.21 2173.78 0.39 
831.49 878.30 1343.28 0.34 
945.57 790.25 1339.80 0.53 
591.31 667.39 1224.49 0.38 
1094.94 598.10 1676.60 0.42 
1262.85 964.28 1236.18 0.27 
620.21 1062.07 1888.44 0.54 
754.57 571.40 1398.92 0.29 
613.74 834.91 611.87 0.40 
766.94 749.34 1212.59 0.43 
860.53 699.56 3048.52 0.37 
547.18 918.43 1657.74 0.46 
557.54 835.26 1005.04 0.51 
799.23 686.71 2340.54 0.25 
791.94 917.10 1588.63 0.23 
702.65 723.72 2316.80 0.33 
547.99 724.99 2685.99 0.21 
588.05 797.63 2692.67 0.34 
696.53 668.21 2558.97 0.33 
620.52 1121.39 1214.56 0.58 
1159.02 1113.61 1499.15 0.42 
1206.22 921.52 1427.91 0.29 
582.38 1046.56 1986.92 0.58 
754.56 738.35 1566.62 0.42 
1317.67 1079.55 759.47 0.51 
603.13 579.67 1068.25 0.43 
710.93 754.94 1044.60 0.34 
601.53 716.78 2754.37 0.51 
1069.47 738.19 1116.19 0.34 
922.31 678.46 1052.35 0.42 
1015.48 762.72 1396.94 0.40 
675.49 663.33 2375.35 0.45 
981.12 764.87 1034.46 0.41 
1174.26 791.10 773.06 0.50 
667.09 555.78 1926.22 0.59 
859.72 605.43 1527.77 0.36 
571.77 682.44 1306.84 0.42 
606.24 543.92 1977.10 0.64 
1504.86 806.81 910.16 0.51 
1029.52 704.41 1504.64 0.37 
760.55 736.26 835.32 0.51 
654.50 550.95 2753.17 0.48 
1432.39 735.48 1049.20 0.55 
663.54 948.33 1860.50 0.30 
544.73 994.18 1099.70 0.44 
657.31 710.58 1763.34 0.38 
943.56 616.76 1642.83 0.35 
840.72 580.96 2295.72 0.41 
631.42 1016.35 2081.68 0.43 
599.80 1051.36 1892.21 0.43 
693.64 758.45 790.84 0.33 
1269.49 852.33 652.56 0.28 
781.02 599.03 2735.00 0.36 
893.41 678.92 1182.65 0.39 
1037.62 647.55 1014.11 0.28 
891.32 1115.65 1963.39 0.34 
642.03 1176.65 1992.56 0.34 
1110.09 674.14 1254.74 0.47 
980.30 684.30 1024.40 0.43 
1025.04 706.65 737.34 0.38 
723.36 591.41 876.72 0.53 
698.96 1511.27 637.75 0.34 
607.50 998.39 944.95 0.56 
621.65 573.56 2234.93 0.53 
870.15 958.52 1329.67 0.53 
1007.35 785.59 1820.62 0.30 
590.03 775.81 2355.30 0.33 
1574.48 665.09 1978.39 0.35 
559.25 632.94 1930.31 0.45 
1160.93 898.97 1067.52 0.43 
961.07 1117.65 2000.14 0.27 
1045.50 710.61 918.19 0.46 
1107.15 936.31 708.31 0.37 
792.52 1293.75 1444.89 0.43 
755.94 719.19 1350.31 0.35 
612.03 919.39 1190.88 0.57 
1055.06 1066.54 2114.57 0.35 
717.99 705.17 662.13 0.29 
1104.46 547.76 1343.80 0.32 
1325.46 637.46 1444.87 0.53 
1229.31 574.02 2125.95 0.34 
832.38 960.19 1686.16 0.46 
1129.40 634.80 870.89 0.52 
905.91 723.63 2257.47 0.35 
624.85 576.84 3219.31 0.26 
1158.59 695.52 1650.25 0.49 
603.05 708.20 1932.11 0.32 
743.44 910.30 845.75 0.24 
695.25 1059.64 1407.34 0.33 
917.19 800.67 857.88 0.36 
857.27 985.52 1781.63 0.51 
954.14 768.56 1805.10 0.52 
788.71 794.65 1393.79 0.44 
878.17 1037.45 1723.37 0.42 
1089.79 751.56 1012.51 0.43 
552.62 556.90 990.54 0.38 
805.60 1131.46 1245.91 0.35 
822.05 788.09 1614.99 0.25 
1078.48 945.03 2034.00 0.31 
1330.51 568.94 1066.08 0.32 
646.40 926.62 1294.15 0.50 
681.04 988.43 1037.57 0.27 
824.08 796.64 1961.39 0.18 
629.58 732.55 1540.59 0.24 
576.23 771.09 1994.27 0.28 
802.11 605.32 1586.19 0.33 
657.21 555.67 1445.46 0.43 
892.28 575.90 1308.87 0.52 
1114.20 955.27 1605.98 0.39 
878.62 655.87 820.98 0.38 
758.82 880.62 1520.83 0.61 
1028.88 916.19 1529.18 0.43 
614.39 1410.15 1954.77 0.42 
811.73 1354.88 1681.63 0.26 
543.26 816.20 2051.51 0.41 
548.01 561.52 1998.13 0.43 
1437.13 583.10 1075.50 0.44 
927.69 762.81 972.74 0.37 
568.50 664.91 1009.82 0.44 
749.54 838.99 919.23 0.42 
645.66 603.50 2344.15 0.40 
612.15 898.58 604.06 0.40 
543.87 822.96 770.98 0.40 
667.94 659.38 981.61 0.31 
708.44 667.06 1483.29 0.16 
540.35 653.49 1159.43 0.39 
931.03 739.95 1937.82 0.41 
983.64 818.78 1515.43 0.33 
893.11 643.57 710.16 0.49 
1400.15 547.45 1280.40 0.14 
1111.36 1309.72 1792.02 0.38 
950.14 1027.98 2557.33 0.33 
869.50 711.26 2227.93 0.41 
620.63 544.99 1563.95 0.28 
630.98 995.93 1242.34 0.40 
643.45 1248.96 1308.15 0.41 
541.57 592.69 1995.25 0.56 
1305.66 756.96 1779.65 0.25 
1191.72 760.35 1060.56 0.44 
927.85 933.01 2253.59 0.40 
836.81 569.19 1686.75 0.47 
674.14 551.06 951.07 0.25 
832.99 596.72 1627.63 0.24 
752.92 736.67 570.73 0.56 
887.46 980.37 1160.65 0.29 
922.92 815.29 1582.87 0.56 
666.69 707.13 828.44 0.52 
940.24 659.06 1914.33 0.49 
1139.40 699.98 1327.15 0.49 
1107.65 768.83 1906.48 0.32 
1451.09 564.49 1498.24 0.45 
937.83 578.43 1006.51 0.50 
692.99 541.18 884.38 0.40 
661.69 796.79 1465.30 0.47 
893.94 602.95 2035.68 0.44 
821.03 676.09 1073.48 0.44 
823.07 605.49 2093.09 0.48 
852.57 568.28 1496.66 0.36 
706.60 779.48 1494.26 0.57 
689.03 655.54 2041.37 0.38 
707.20 586.75 2180.35 0.49 
1080.41 1038.65 817.35 0.43 
1227.88 1157.43 1970.09 0.30 
629.31 1240.39 2158.22 0.35 
766.80 839.14 2602.54 0.46 
593.64 597.98 1185.24 0.50 
1509.00 760.45 1356.99 0.32 
644.03 1144.77 992.39 0.49 
686.96 1360.85 2590.46 0.53 
849.03 1121.46 1328.60 0.30 
552.68 738.34 2018.06 0.41 
869.14 702.57 1023.41 0.37 
787.22 809.51 1273.98 0.45 
745.46 596.37 836.85 0.37 
904.85 1120.52 1182.72 0.31 
698.07 660.80 754.87 0.36 
633.90 614.67 1543.87 0.40 
680.81 1182.43 1156.89 0.31 
918.95 706.73 1406.60 0.42 
817.67 542.17 1975.09 0.61 
854.71 784.47 1401.81 0.47 
780.50 657.63 1323.55 0.42 
877.08 684.78 1665.75 0.44 
912.93 650.08 1207.75 0.37 
607.03 598.25 1379.80 0.37 
1237.36 876.93 1959.96 0.30 
631.73 1035.23 1453.59 0.49 
644.32 616.05 1155.19 0.52 
718.86 868.09 2086.17 0.48 
892.64 980.79 769.28 0.18 
888.32 557.03 1217.83 0.34 
983.84 607.92 1536.56 0.20 
626.83 645.26 1941.74 0.42 
849.65 1001.20 968.52 0.50 
683.83 933.32 1175.88 0.41 
983.40 760.89 1719.64 0.69 
1148.79 803.00 1483.68 0.33 
801.30 798.29 2086.14 0.39 
1145.02 612.87 2062.71 0.39 
