958.85 695.08 2266.58 0.26 
756.44 852.88 1773.19 0.53 
1008.82 546.75 1310.24 0.42 
773.56 577.98 840.37 0.45 
1256.72 616.65 1142.64 0.44 
610.31 665.75 1374.80 0.38 
877.30 1139.82 1020.93 0.39 
823.53 570.82 1753.35 0.39 
972.86 564.50 3119.55 0.42 
595.42 558.69 1127.62 0.29 
658.39 1306.25 2183.26 0.45 
1191.61 727.39 1920.94 0.24 
589.75 760.13 555.54 0.40 
1012.14 1023.14 968.08 0.09 
1305.12 628.49 1048.33 0.37 
573.28 781.78 1043.94 0.21 
673.83 558.14 2142.20 0.39 
763.95 660.49 1459.47 0.44 
1223.97 642.34 1262.11 0.44 
742.87 774.42 962.88 0.60 
954.54 1134.28 1205.23 0.32 
877.10 625.47 1517.42 0.42 
572.62 1067.75 1339.58 0.28 
1036.87 962.71 1958.40 0.30 
1085.68 1237.96 2077.43 0.63 
774.01 856.36 1174.16 0.35 
570.58 673.55 1355.20 0.37 
731.41 809.35 1103.06 0.35 
590.94 1321.20 1575.80 0.26 
715.29 828.31 721.23 0.15 
760.22 1189.47 1507.85 0.53 
633.78 1343.63 896.89 0.40 
710.59 719.85 2760.00 0.37 
789.29 714.49 1577.72 0.47 
1034.16 684.85 2464.29 0.47 
775.51 976.71 1322.22 0.41 
951.19 568.06 2267.63 0.29 
953.07 1067.06 1227.04 0.56 
710.70 633.67 1115.84 0.48 
734.06 749.05 949.10 0.34 
1092.61 614.49 1819.62 0.38 
1008.69 1033.32 1873.48 0.48 
829.13 989.12 560.25 0.45 
812.02 578.78 1483.23 0.40 
1032.31 970.64 909.93 0.66 
918.23 664.13 1651.31 0.21 
864.21 712.39 996.89 0.29 
675.36 811.36 2494.28 0.34 
1081.31 693.81 1511.15 0.58 
1104.88 625.60 1362.23 0.44 
551.65 741.73 758.08 0.44 
923.62 624.72 1411.08 0.41 
1041.11 542.80 2067.12 0.41 
1229.01 715.33 1397.17 0.35 
767.61 1033.64 1287.93 0.53 
706.08 704.51 768.95 0.30 
717.66 974.00 2398.04 0.24 
697.21 841.36 942.16 0.47 
1001.08 1128.81 1379.45 0.31 
761.50 579.91 985.11 0.38 
1235.74 1251.31 1874.41 0.41 
795.34 810.93 680.71 0.42 
745.11 1062.77 1172.81 0.37 
637.98 559.09 1739.06 0.36 
572.04 963.11 1612.34 0.51 
634.92 587.96 802.19 0.44 
971.59 785.52 1765.44 0.50 
913.73 727.76 882.89 0.37 
1017.67 623.64 1060.18 0.34 
1208.52 948.96 2224.93 0.33 
626.80 1108.51 2405.53 0.37 
