1133.74 654.23 2370.18 0.38 
611.63 852.96 1045.60 0.26 
649.33 578.51 1743.22 0.51 
1087.22 806.13 837.21 0.37 
800.11 1031.32 1017.22 0.36 
1468.82 633.77 1818.97 0.41 
541.62 767.48 2535.12 0.23 
919.93 984.19 960.19 0.44 
574.17 1179.51 1770.50 0.33 
642.38 691.28 1538.47 0.48 
758.43 1232.62 1411.92 0.50 
950.38 918.12 2151.92 0.52 
742.08 569.59 1408.22 0.31 
1374.41 1413.08 2993.69 0.46 
702.92 872.52 1482.19 0.42 
588.25 790.95 2099.66 0.43 
704.73 711.63 1657.05 0.41 
1223.52 973.35 2814.96 0.51 
1246.43 1224.81 2637.30 0.30 
1186.35 934.48 1759.96 0.36 
558.67 627.78 1333.31 0.49 
892.53 723.85 1224.94 0.41 
609.23 748.07 2072.28 0.33 
721.37 699.82 812.47 0.41 
722.87 765.19 868.05 0.43 
632.31 793.64 1219.85 0.52 
1276.75 623.83 734.83 0.42 
828.18 1071.30 1693.60 0.40 
616.28 1253.97 1048.01 0.52 
562.31 633.52 545.84 0.34 
810.45 813.91 1936.98 0.52 
737.97 674.56 1324.50 0.25 
738.24 729.04 810.77 0.11 
839.92 680.51 579.22 0.32 
946.53 839.28 1734.12 0.51 
809.69 801.41 1352.67 0.42 
766.37 970.47 1485.94 0.43 
705.81 564.33 2130.94 0.53 
542.99 1208.94 1511.82 0.45 
1049.62 813.01 1162.57 0.34 
1358.14 607.96 2350.57 0.42 
