1458.38 630.87 1164.51 0.24 
784.49 563.46 1062.31 0.38 
779.91 601.56 1508.76 0.40 
648.33 847.25 1835.78 0.60 
1120.93 960.37 766.09 0.54 
1109.27 782.99 1505.33 0.39 
1060.85 661.61 1601.03 0.30 
936.82 785.18 718.77 0.39 
965.87 828.65 1674.35 0.45 
729.99 874.11 1725.89 0.38 
863.84 724.59 2940.50 0.60 
560.43 1279.32 1876.29 0.47 
931.79 630.40 1546.04 0.53 
666.63 599.99 3068.26 0.39 
782.00 815.27 1370.19 0.53 
548.51 592.49 2055.00 0.35 
1144.61 803.95 1690.50 0.51 
852.16 1245.12 1898.77 0.34 
612.89 921.99 2199.64 0.40 
873.12 946.85 1848.21 0.28 
790.61 1711.71 1930.55 0.24 
