467.67 678.68 1539.34 0.50 
334.10 289.62 1745.67 0.32 
381.49 2.37 876.45 0.51 
292.55 208.28 2123.73 0.26 
142.27 133.33 1457.18 0.50 
712.76 451.89 707.55 0.26 
595.10 849.80 2555.98 0.29 
589.58 41.61 786.51 0.53 
351.27 744.73 1386.05 0.32 
21.48 737.18 2111.51 0.23 
732.01 463.86 1149.30 0.38 
876.37 706.07 1682.39 0.39 
426.53 608.90 1654.24 0.47 
664.33 477.76 1944.42 0.37 
832.77 228.39 628.49 0.48 
982.61 454.02 2241.22 0.42 
444.54 916.99 1573.80 0.47 
123.57 778.56 2093.47 0.47 
788.04 611.93 808.90 0.46 
958.78 289.12 1516.87 0.23 
186.07 615.10 737.05 0.43 
150.77 21.07 1186.73 0.36 
946.43 719.07 2207.49 0.35 
856.33 508.34 586.04 0.35 
605.04 506.71 733.65 0.44 
21.98 153.57 630.35 0.50 
293.01 498.23 1528.64 0.48 
921.91 701.68 1510.07 0.49 
593.56 297.91 1843.72 0.26 
934.07 349.07 1525.60 0.37 
880.11 848.68 2191.75 0.55 
509.81 22.03 2446.94 0.45 
815.23 328.55 688.20 0.48 
581.36 644.55 1610.24 0.20 
693.51 753.13 697.86 0.27 
119.37 835.12 1125.97 0.38 
645.73 506.84 931.04 0.57 
444.73 988.36 1149.27 0.48 
419.06 477.58 1859.71 0.37 
97.99 438.99 908.28 0.36 
807.30 270.87 1997.66 0.43 
350.01 717.81 547.28 0.54 
638.28 826.15 1248.62 0.55 
715.23 402.40 2310.35 0.49 
112.91 237.01 1986.03 0.40 
407.85 864.39 2583.65 0.60 
826.41 416.28 1454.37 0.50 
510.02 213.53 849.32 0.32 
846.33 563.73 1380.70 0.63 
534.40 841.82 1684.96 0.54 
152.04 948.53 2996.91 0.53 
40.23 352.86 855.57 0.45 
695.75 958.49 1145.62 0.31 
370.19 10.26 1765.34 0.34 
484.91 485.02 1593.04 0.39 
422.99 608.48 1585.80 0.39 
831.75 686.17 1542.16 0.44 
564.08 329.81 2049.65 0.18 
206.94 822.09 1026.55 0.40 
343.92 437.36 540.19 0.29 
674.08 899.35 2038.05 0.53 
69.63 817.60 1557.32 0.31 
391.14 145.22 1403.99 0.50 
534.82 442.52 2004.98 0.47 
127.51 104.06 1144.88 0.39 
313.51 804.61 1506.77 0.54 
664.10 287.95 1434.28 0.20 
71.91 584.19 980.55 0.27 
583.29 598.72 671.05 0.36 
838.31 52.24 1375.09 0.46 
600.07 81.64 786.87 0.45 
230.47 572.00 1599.82 0.56 
780.85 280.06 1328.98 0.48 
296.91 633.20 1183.13 0.43 
807.99 479.33 1545.42 0.34 
46.87 995.55 1429.18 0.38 
703.18 296.40 853.23 0.34 
480.94 107.12 903.12 0.34 
967.51 364.19 1371.54 0.27 
185.06 142.36 754.64 0.60 
40.06 646.97 1098.18 0.37 
402.90 928.78 971.62 0.38 
946.36 212.17 1357.29 0.37 
182.37 125.14 809.86 0.48 
394.56 975.37 2103.05 0.30 
319.74 215.27 1477.40 0.35 
788.09 68.31 1840.59 0.39 
658.08 894.25 1900.46 0.37 
331.26 485.91 1720.36 0.47 
985.01 967.83 1492.87 0.57 
798.26 617.47 2409.01 0.49 
608.37 946.69 2096.01 0.63 
568.77 123.49 1343.66 0.25 
347.28 595.55 1677.10 0.52 
176.50 482.83 717.99 0.34 
482.45 59.58 1120.10 0.55 
104.33 900.80 2066.37 0.44 
374.73 120.02 906.67 0.48 
642.89 269.35 1749.72 0.53 
337.33 173.79 1507.56 0.58 
825.11 531.09 1453.72 0.64 
