810.11 415.35 1717.13 0.38 
871.63 604.39 1727.88 0.41 
94.80 33.76 775.75 0.57 
985.17 725.84 1129.05 0.27 
779.33 755.07 1765.50 0.56 
847.49 644.20 1050.89 0.54 
405.74 93.05 712.14 0.31 
467.72 152.09 1969.20 0.40 
417.84 875.58 1210.53 0.25 
559.55 276.71 1604.82 0.52 
211.97 436.64 1787.19 0.31 
830.19 826.61 828.33 0.27 
311.71 154.85 1122.79 0.36 
142.25 958.37 1517.08 0.23 
788.58 153.24 1430.41 0.33 
583.83 152.44 617.94 0.49 
298.56 87.82 2096.08 0.31 
862.33 160.27 678.29 0.48 
884.84 286.77 1933.10 0.29 
364.61 295.02 938.75 0.23 
761.04 457.10 1018.82 0.37 
51.73 325.29 2242.37 0.38 
152.43 291.19 1933.35 0.44 
824.59 398.07 1277.96 0.31 
468.77 512.68 1610.70 0.32 
490.75 84.22 852.02 0.50 
407.68 770.67 1483.46 0.60 
256.93 292.55 994.69 0.32 
356.60 785.82 713.45 0.14 
181.38 437.29 1188.18 0.36 
753.11 872.76 2213.36 0.32 
51.13 635.67 1213.36 0.48 
971.94 405.27 1665.55 0.26 
147.07 639.58 1222.84 0.43 
193.64 586.25 810.82 0.51 
662.21 715.32 777.74 0.40 
449.79 558.43 2182.29 0.58 
622.79 342.33 1839.83 0.35 
274.70 110.03 1901.56 0.42 
895.53 734.06 1755.70 0.37 
781.42 45.66 1565.68 0.39 
757.90 137.02 683.56 0.38 
442.25 405.90 1770.54 0.54 
958.48 247.35 1682.73 0.48 
831.07 713.05 2117.32 0.39 
744.49 24.82 985.64 0.49 
278.69 25.68 1093.84 0.48 
911.01 572.04 1463.71 0.32 
24.70 916.96 1167.35 0.42 
105.14 491.46 2460.51 0.36 
504.16 311.75 1734.45 0.41 
858.55 404.35 1018.82 0.41 
885.96 72.96 1219.33 0.59 
726.47 805.92 2088.58 0.40 
649.33 110.20 2471.51 0.48 
474.57 590.39 1383.16 0.55 
626.65 772.84 2084.07 0.39 
108.80 881.13 1920.87 0.44 
603.38 207.12 1873.51 0.36 
213.85 977.73 1698.75 0.42 
812.46 914.79 1621.90 0.43 
217.23 535.81 1675.82 0.44 
820.37 800.97 1625.20 0.37 
883.65 543.14 1584.23 0.39 
719.46 785.49 1011.74 0.42 
265.60 278.79 1732.20 0.47 
827.20 457.95 1267.47 0.25 
76.68 539.39 1679.67 0.36 
372.88 56.79 2718.81 0.50 
742.52 800.71 1247.12 0.42 
818.16 162.08 1910.05 0.32 
337.96 233.29 1827.27 0.42 
416.86 215.77 1824.89 0.20 
997.40 202.66 1355.31 0.49 
543.86 268.25 1615.06 0.34 
837.11 917.19 1470.32 0.31 
902.40 33.56 1530.49 0.46 
744.34 617.24 1853.42 0.31 
406.42 393.83 1237.10 0.36 
748.16 268.12 1398.87 0.33 
800.35 296.64 605.73 0.37 
913.18 284.91 1149.24 0.50 
658.19 543.35 1619.81 0.33 
501.15 801.33 2076.35 0.32 
547.37 173.68 920.51 0.48 
379.42 336.83 1735.54 0.48 
867.82 50.73 2519.68 0.35 
562.58 119.22 1289.35 0.53 
215.04 271.61 2009.45 0.39 
238.60 505.15 1686.59 0.38 
365.37 244.90 580.02 0.35 
426.48 891.89 2057.48 0.47 
955.62 646.70 1893.95 0.59 
455.81 732.79 1556.38 0.51 
207.41 97.03 1912.68 0.44 
53.51 22.45 2699.67 0.40 
222.79 779.30 1153.23 0.55 
917.00 186.75 1441.65 0.47 
312.93 491.64 716.23 0.29 
82.13 247.49 1248.42 0.51 
891.79 795.69 1743.37 0.20 
136.78 492.74 1299.51 0.52 
813.26 178.58 1814.92 0.26 
754.46 502.98 1495.14 0.39 
810.28 25.70 1369.47 0.26 
135.74 103.48 626.59 0.27 
331.17 909.57 1075.78 0.41 
648.57 745.45 1247.17 0.45 
500.11 322.08 1549.25 0.66 
290.61 588.97 2219.66 0.27 
859.24 739.95 1368.61 0.22 
989.67 560.52 1980.25 0.28 
699.67 435.56 1279.23 0.27 
281.83 294.35 1866.96 0.55 
142.21 985.77 1377.44 0.52 
524.65 813.38 813.91 0.37 
187.39 138.90 2670.73 0.46 
615.48 249.51 1310.07 0.38 
985.27 865.77 1518.02 0.53 
687.50 799.89 1304.13 0.38 
859.59 724.16 2907.96 0.30 
580.69 434.04 2300.39 0.39 
707.66 429.50 1907.37 0.29 
57.66 842.59 696.27 0.33 
348.79 958.96 1289.31 0.51 
918.14 502.49 708.08 0.48 
40.11 975.16 730.92 0.25 
918.87 42.21 1314.66 0.22 
563.91 581.02 1318.54 0.44 
922.05 856.81 1760.28 0.28 
125.33 794.62 1531.25 0.43 
63.10 943.30 1207.40 0.51 
409.16 934.41 2356.07 0.46 
175.39 516.45 1476.46 0.48 
921.86 748.10 1662.01 0.55 
852.34 201.70 1874.03 0.42 
596.23 406.84 2055.47 0.41 
626.70 581.40 2048.44 0.51 
234.86 867.22 1865.64 0.48 
950.34 951.82 2317.22 0.42 
902.45 913.97 2232.40 0.51 
257.25 209.23 672.02 0.36 
801.33 912.79 2013.66 0.43 
67.09 463.35 1260.49 0.53 
447.47 795.18 732.72 0.40 
158.28 934.63 1630.38 0.53 
342.60 572.35 2215.34 0.50 
520.82 849.97 1518.20 0.54 
562.00 134.36 1982.48 0.56 
440.74 848.22 960.47 0.30 
263.51 772.70 1688.30 0.54 
