162.23 921.69 1062.18 0.54 
229.38 944.29 1638.73 0.34 
65.38 985.42 1236.26 0.53 
485.35 379.63 1942.65 0.54 
239.98 881.19 1675.15 0.39 
608.65 671.02 1624.14 0.36 
452.01 136.40 1746.25 0.46 
121.12 446.80 2618.99 0.27 
930.01 905.56 2407.56 0.53 
459.04 593.20 2143.03 0.33 
599.98 196.89 590.65 0.33 
526.18 678.69 1291.60 0.39 
584.84 321.65 637.26 0.41 
990.80 395.45 851.64 0.46 
799.67 267.65 1177.20 0.17 
811.75 695.89 1258.78 0.41 
756.35 669.76 1265.75 0.32 
435.77 431.64 1291.47 0.49 
759.02 198.27 2542.00 0.43 
669.84 353.65 1469.41 0.24 
572.66 690.78 1615.95 0.47 
