823.77 397.23 1278.76 0.42 
184.67 878.57 2256.15 0.28 
623.19 188.29 2502.81 0.46 
815.55 84.71 1062.52 0.32 
309.08 784.88 1704.90 0.39 
991.96 538.84 1285.17 0.32 
939.39 516.75 1016.21 0.49 
220.30 106.62 1956.94 0.48 
774.66 198.81 1078.81 0.45 
459.02 64.64 919.66 0.32 
865.28 443.04 2143.52 0.38 
967.68 658.16 1066.60 0.33 
903.73 685.59 955.24 0.35 
911.68 956.69 1966.85 0.37 
909.94 369.26 1002.68 0.39 
392.47 689.19 699.80 0.51 
963.32 59.49 1028.36 0.36 
373.97 147.54 1368.42 0.35 
555.14 866.14 627.01 0.55 
997.51 983.84 783.38 0.59 
133.03 356.13 794.94 0.50 
419.96 293.49 1600.49 0.36 
483.48 275.18 1320.85 0.30 
113.09 39.59 1425.08 0.23 
952.91 344.70 1205.95 0.57 
456.49 916.37 1048.46 0.56 
362.39 294.92 1713.53 0.36 
13.56 718.70 810.67 0.19 
311.15 163.05 1420.11 0.53 
562.00 244.16 1930.50 0.42 
390.44 889.85 1064.72 0.57 
358.88 532.96 693.49 0.16 
408.81 946.02 2112.15 0.44 
249.50 694.05 623.60 0.33 
844.29 306.46 1719.28 0.38 
712.66 783.33 1241.25 0.30 
436.83 653.77 869.72 0.38 
296.34 817.51 1257.10 0.44 
678.58 458.89 1414.75 0.47 
803.13 417.54 2660.05 0.39 
279.42 175.68 964.78 0.37 
89.14 184.33 2301.30 0.27 
825.34 455.09 1026.82 0.42 
139.90 391.45 749.60 0.48 
418.58 184.21 1628.14 0.46 
768.91 120.76 1294.05 0.25 
215.67 574.53 1495.54 0.47 
576.92 524.39 2102.43 0.40 
355.85 144.05 1567.57 0.49 
829.84 437.00 1488.69 0.27 
703.78 579.87 631.13 0.29 
420.74 323.63 632.96 0.36 
290.27 343.96 1023.82 0.52 
724.46 279.86 1618.49 0.49 
11.63 847.55 1342.00 0.50 
723.25 20.14 1885.64 0.40 
495.88 811.45 1082.22 0.43 
458.60 28.98 1215.47 0.30 
532.53 435.75 1770.12 0.45 
469.39 105.35 2326.58 0.37 
827.06 495.22 1079.27 0.37 
121.57 718.26 1816.48 0.30 
332.69 873.77 2569.82 0.33 
472.95 987.90 1405.54 0.53 
47.01 155.83 1835.68 0.44 
789.91 808.97 1735.78 0.56 
972.23 152.51 833.82 0.49 
927.06 999.58 2467.09 0.53 
222.05 991.92 1047.67 0.36 
267.82 266.88 2715.08 0.34 
830.30 123.88 2539.35 0.42 
721.43 871.50 1225.82 0.38 
254.13 147.56 1604.84 0.63 
682.71 803.26 1189.14 0.42 
464.13 275.26 867.24 0.50 
834.32 973.99 1239.18 0.20 
733.61 895.61 1290.61 0.38 
41.40 827.68 1120.50 0.28 
157.35 635.57 1536.11 0.44 
335.01 68.31 1624.02 0.24 
686.64 472.87 2083.53 0.41 
470.75 130.47 1952.60 0.32 
220.41 390.47 878.53 0.50 
791.21 53.11 980.52 0.37 
463.69 254.29 2041.01 0.53 
15.59 563.86 1228.12 0.44 
794.46 636.94 1938.66 0.40 
165.84 205.65 947.70 0.48 
970.42 197.25 578.18 0.45 
547.87 22.65 1896.18 0.35 
879.52 591.38 2299.38 0.50 
609.14 715.29 951.92 0.39 
677.13 260.74 1636.04 0.43 
552.61 839.00 746.87 0.38 
58.94 479.96 2070.33 0.45 
904.24 885.99 2155.20 0.44 
359.62 810.34 995.31 0.58 
299.47 300.69 871.67 0.40 
924.41 286.83 2159.48 0.44 
708.47 244.97 1368.96 0.39 
322.34 856.72 2737.25 0.42 
183.15 377.98 1607.48 0.47 
519.06 512.97 1620.45 0.38 
147.48 936.18 1467.49 0.20 
933.60 343.47 1333.92 0.33 
821.63 901.50 652.76 0.26 
211.07 107.19 1721.05 0.35 
765.65 200.14 898.27 0.33 
663.18 599.43 1923.76 0.37 
837.93 372.32 964.09 0.22 
286.30 771.18 1460.31 0.37 
313.79 445.76 1553.91 0.53 
453.99 501.65 710.33 0.36 
119.38 304.59 1591.36 0.30 
205.17 911.48 999.15 0.41 
363.84 405.26 2772.78 0.45 
182.58 856.62 1703.95 0.20 
747.93 502.58 1589.12 0.31 
908.33 613.89 1201.18 0.45 
280.53 129.57 1206.13 0.39 
167.22 0.96 1704.25 0.25 
725.33 955.92 1700.67 0.34 
774.43 149.62 1973.27 0.59 
650.90 129.89 1619.29 0.57 
167.69 646.82 1511.35 0.51 
79.40 100.41 1353.12 0.39 
835.19 687.58 2160.56 0.41 
875.52 799.79 1003.36 0.44 
87.48 553.16 2474.76 0.45 
930.26 36.41 1841.66 0.59 
634.39 83.44 1669.61 0.54 
258.71 362.90 1583.88 0.12 
637.02 691.01 705.88 0.33 
620.30 923.00 1125.93 0.47 
681.51 843.53 2304.51 0.32 
600.29 982.55 621.18 0.37 
545.50 188.60 936.86 0.55 
66.95 172.97 1607.10 0.33 
795.14 620.72 810.70 0.36 
987.65 342.81 1972.39 0.41 
519.52 492.26 2016.67 0.40 
84.43 262.60 962.18 0.62 
757.26 889.11 1605.05 0.22 
214.30 964.36 781.42 0.40 
37.99 859.06 1345.73 0.33 
538.74 939.60 1948.17 0.26 
606.87 765.92 1347.87 0.60 
10.21 754.02 1150.05 0.30 
245.86 509.56 2674.35 0.52 
849.68 363.63 770.33 0.43 
589.87 301.44 1017.75 0.41 
58.87 803.33 1602.27 0.45 
663.26 511.82 1606.87 0.43 
534.12 246.25 826.88 0.43 
251.66 941.53 1500.27 0.19 
597.59 249.41 863.59 0.54 
162.01 742.48 1218.65 0.33 
196.92 370.20 2213.26 0.37 
410.23 282.48 1291.09 0.43 
249.96 90.57 1312.13 0.62 
677.90 76.38 1740.26 0.45 
618.91 963.14 1649.15 0.35 
779.32 684.07 1829.07 0.53 
623.23 209.25 1553.58 0.54 
425.36 292.82 1880.38 0.45 
365.75 276.55 1666.20 0.34 
825.23 784.38 1148.48 0.36 
118.42 496.72 1960.30 0.39 
959.75 55.24 959.53 0.52 
647.26 378.01 1592.85 0.33 
34.90 468.56 1529.65 0.40 
347.16 896.68 2799.18 0.50 
293.37 719.86 1139.23 0.31 
993.64 603.22 2034.85 0.37 
149.64 383.99 1866.55 0.38 
526.92 388.92 1252.06 0.43 
412.40 660.19 2002.34 0.38 
683.05 334.30 1601.52 0.51 
75.47 665.31 1206.39 0.27 
235.08 419.90 1616.33 0.34 
965.19 255.53 2478.40 0.41 
754.87 771.44 1788.28 0.40 
119.80 135.50 903.51 0.46 
942.15 53.22 1069.49 0.39 
596.30 685.42 1498.30 0.34 
872.93 147.51 1581.16 0.44 
923.97 883.06 1475.69 0.39 
816.05 161.22 2034.29 0.48 
386.00 195.83 1978.09 0.47 
265.62 398.54 1095.89 0.53 
961.91 780.03 2153.74 0.35 
391.49 307.80 780.39 0.47 
121.60 558.95 2450.62 0.28 
462.53 647.76 2029.33 0.57 
757.61 202.33 2243.15 0.44 
832.77 583.08 1388.89 0.57 
674.71 35.13 1440.28 0.33 
571.64 986.95 1328.87 0.37 
37.51 941.13 1850.29 0.49 
682.86 541.92 2222.80 0.29 
587.99 263.77 873.47 0.55 
