424.59 301.77 1653.07 0.47 
690.28 792.14 2627.03 0.39 
464.43 191.56 1670.82 0.33 
915.69 475.35 541.29 0.40 
677.84 979.81 2708.43 0.37 
627.85 964.00 1070.20 0.28 
949.73 19.26 776.77 0.48 
950.13 920.50 1119.48 0.49 
578.30 326.93 620.67 0.30 
457.06 23.47 1881.03 0.16 
151.73 523.08 1394.55 0.51 
102.53 697.29 1551.79 0.48 
960.20 74.74 1414.06 0.48 
425.66 248.39 928.90 0.45 
608.29 186.42 1466.01 0.60 
762.32 273.07 1787.54 0.28 
648.22 448.20 1662.66 0.44 
817.64 912.94 1193.47 0.35 
464.22 822.70 1788.49 0.38 
404.67 139.69 2211.61 0.23 
849.45 113.56 805.83 0.50 
451.64 549.45 1661.72 0.51 
793.66 980.44 1553.47 0.53 
689.77 451.11 1592.32 0.39 
770.72 267.35 1055.76 0.34 
311.04 421.96 971.43 0.44 
125.63 695.16 1910.66 0.47 
526.70 73.40 1255.86 0.44 
119.91 284.12 1652.42 0.43 
450.52 878.31 1376.82 0.38 
429.58 553.07 999.94 0.30 
