225.60 337.84 1447.40 0.47 
546.71 566.35 2523.11 0.46 
728.83 667.80 1189.06 0.25 
185.87 676.31 1910.55 0.36 
985.75 179.63 1138.47 0.42 
507.00 201.93 1438.01 0.32 
621.78 906.67 2458.00 0.48 
393.32 982.73 2207.12 0.43 
164.88 14.58 1329.58 0.36 
638.64 257.35 1080.17 0.42 
94.87 152.33 1339.71 0.53 
861.27 600.14 2432.73 0.32 
382.27 548.10 1337.60 0.29 
973.58 556.01 1448.99 0.37 
901.59 100.79 1536.28 0.29 
803.08 477.79 1114.87 0.35 
667.96 925.18 1515.75 0.34 
901.58 388.31 997.53 0.45 
520.53 619.70 2079.38 0.42 
666.23 839.92 1218.36 0.18 
894.22 466.09 1246.57 0.46 
842.73 291.75 751.85 0.33 
436.38 503.12 1650.56 0.34 
638.88 798.02 1016.63 0.50 
951.53 999.17 648.51 0.53 
789.11 143.93 1632.12 0.36 
28.88 976.62 570.76 0.61 
361.53 589.94 986.30 0.43 
521.24 700.92 789.01 0.42 
163.12 216.11 1080.38 0.45 
113.88 168.04 1207.44 0.30 
689.99 386.95 1796.80 0.17 
626.37 721.77 1088.93 0.43 
495.31 992.38 872.44 0.30 
525.64 768.13 678.87 0.47 
52.25 32.95 866.27 0.51 
752.46 775.25 2257.96 0.27 
11.57 497.73 1180.50 0.48 
255.10 145.18 596.73 0.57 
669.14 783.84 1001.13 0.47 
221.64 298.97 859.11 0.42 
