45.81 980.81 1071.34 0.34 
715.11 14.80 898.98 0.52 
872.07 268.22 2394.26 0.53 
36.97 740.73 1005.37 0.41 
967.51 513.62 869.82 0.29 
192.44 850.61 1261.42 0.36 
874.68 458.58 1149.92 0.53 
375.11 153.97 1946.83 0.26 
988.37 112.61 1618.13 0.26 
102.79 597.88 1357.91 0.49 
741.19 633.26 1239.25 0.41 
539.72 771.76 1737.39 0.55 
753.72 94.44 1505.90 0.49 
688.88 281.04 1174.44 0.42 
193.00 387.26 1840.17 0.34 
217.07 662.21 655.36 0.49 
149.75 872.58 1011.63 0.27 
460.04 442.72 1284.65 0.44 
450.02 984.41 1069.84 0.52 
600.35 671.38 2156.09 0.30 
304.63 383.86 1572.46 0.28 
814.64 166.83 2383.83 0.41 
181.11 745.32 909.90 0.47 
935.46 525.36 1260.98 0.26 
383.15 968.29 1398.81 0.37 
594.00 784.09 2171.90 0.35 
933.60 840.07 2167.42 0.38 
21.46 504.46 1708.38 0.34 
386.30 607.18 1450.50 0.25 
448.27 894.89 1283.15 0.21 
312.35 867.93 604.54 0.33 
999.57 664.66 2028.40 0.49 
105.21 887.12 1103.06 0.32 
934.63 345.47 2177.36 0.43 
882.64 209.12 1213.57 0.47 
195.51 348.45 1528.90 0.30 
99.06 49.89 1752.08 0.45 
339.57 575.83 2008.79 0.41 
756.60 767.13 1423.01 0.35 
741.72 774.83 2594.38 0.47 
67.36 13.31 2687.78 0.39 
319.52 320.93 1470.20 0.48 
89.62 385.51 1002.39 0.47 
199.16 827.38 2454.53 0.42 
269.02 303.41 2215.34 0.48 
587.94 991.69 2546.53 0.40 
260.95 918.92 1590.42 0.42 
423.05 769.75 1775.60 0.33 
704.52 425.25 693.60 0.30 
41.84 188.22 2664.45 0.46 
341.66 666.24 1811.66 0.47 
472.12 509.31 1295.93 0.46 
621.92 318.05 823.56 0.32 
917.25 704.90 1046.65 0.40 
563.73 631.85 730.57 0.48 
448.34 202.87 1002.93 0.31 
533.48 189.44 2033.45 0.45 
790.49 75.50 1988.56 0.38 
895.56 871.63 1589.37 0.41 
771.96 452.17 710.13 0.36 
336.94 204.56 935.16 0.43 
500.98 176.07 1351.68 0.53 
501.83 1.20 1212.24 0.32 
546.15 72.37 809.05 0.58 
323.97 217.49 2467.52 0.43 
361.31 654.61 1091.05 0.48 
820.11 796.79 964.14 0.58 
346.29 433.34 1676.70 0.44 
828.03 975.67 1444.76 0.35 
341.68 988.34 617.80 0.40 
221.68 702.52 664.63 0.57 
