970.95 447.15 1330.94 0.30 
657.18 402.56 2995.11 0.22 
324.94 673.95 845.53 0.42 
821.24 797.48 1421.12 0.48 
368.18 822.69 2450.09 0.41 
257.75 749.19 1640.08 0.40 
895.89 975.55 1475.35 0.27 
631.82 353.28 2097.78 0.35 
669.79 639.23 915.75 0.47 
950.98 781.89 2150.17 0.16 
597.13 936.89 1238.17 0.60 
138.81 106.83 736.55 0.31 
739.33 918.83 1439.80 0.45 
865.37 627.69 764.73 0.53 
384.72 657.45 1644.61 0.36 
375.03 450.90 2040.04 0.29 
618.99 875.67 1824.90 0.39 
491.86 861.21 2065.24 0.38 
850.51 310.60 1394.53 0.58 
129.13 45.84 886.81 0.32 
267.72 611.38 1652.83 0.39 
629.78 787.79 2331.41 0.33 
412.26 226.33 1323.57 0.65 
410.98 417.32 1674.71 0.23 
896.88 755.41 1842.08 0.31 
357.37 193.88 2350.49 0.44 
752.84 576.10 823.84 0.43 
526.34 245.58 1792.82 0.20 
190.98 30.93 1260.63 0.40 
206.36 595.53 1564.29 0.39 
456.89 70.46 673.00 0.41 
558.28 795.23 1397.59 0.41 
468.29 344.84 1275.23 0.53 
713.74 422.46 1175.45 0.41 
575.83 338.99 1315.23 0.24 
686.49 607.40 1381.29 0.45 
883.40 150.12 639.32 0.34 
47.89 764.16 826.67 0.30 
415.27 952.03 1368.97 0.37 
440.77 530.35 926.63 0.49 
103.34 509.11 1099.35 0.25 
462.01 273.94 1822.92 0.51 
183.92 364.91 1689.06 0.45 
681.13 399.60 1288.29 0.26 
498.90 498.51 1028.88 0.41 
914.77 577.89 1761.36 0.50 
268.85 418.16 1085.14 0.29 
824.63 195.70 671.46 0.30 
784.63 339.75 1504.21 0.48 
316.32 67.81 1151.40 0.31 
809.24 410.70 1757.91 0.45 
597.68 305.38 1185.67 0.30 
213.67 913.21 2301.12 0.29 
506.82 271.06 1126.21 0.37 
929.25 178.22 1105.71 0.37 
382.84 590.77 1154.34 0.44 
887.86 119.89 2402.29 0.21 
255.94 84.39 1194.03 0.50 
460.45 55.16 1502.04 0.33 
50.15 332.18 1620.38 0.43 
478.64 891.60 1652.78 0.27 
283.16 35.28 646.69 0.32 
234.96 76.40 1901.16 0.53 
15.76 750.99 1705.35 0.41 
671.19 518.54 1788.12 0.48 
542.11 391.39 2126.57 0.57 
63.06 283.23 1979.02 0.44 
154.37 742.52 947.64 0.48 
941.90 362.57 1991.39 0.51 
786.59 377.12 663.44 0.30 
322.16 538.59 1298.82 0.54 
106.93 652.56 660.63 0.28 
858.32 955.43 1123.48 0.42 
741.47 976.07 1283.88 0.44 
678.93 827.62 1675.81 0.23 
471.54 416.63 1798.44 0.38 
951.34 942.68 1608.79 0.24 
38.77 799.25 1144.84 0.38 
842.34 622.16 1769.41 0.59 
342.82 147.84 1637.43 0.35 
350.61 327.61 2348.15 0.32 
