875.74 768.62 1395.73 0.38 
689.13 709.46 2400.29 0.33 
573.10 167.04 3431.73 0.62 
720.70 390.83 626.99 0.41 
512.94 290.50 1193.98 0.42 
719.04 242.92 2538.86 0.34 
306.27 67.64 1437.20 0.18 
811.14 461.62 2339.68 0.41 
960.87 513.73 1571.80 0.40 
240.45 955.19 1279.10 0.49 
389.16 668.93 2294.35 0.50 
745.30 243.96 1697.80 0.42 
278.99 69.42 1205.34 0.31 
386.50 572.82 1448.18 0.35 
852.08 404.01 1681.90 0.33 
264.42 295.56 1600.44 0.31 
303.19 341.02 1774.90 0.23 
924.73 382.38 940.22 0.38 
563.66 504.89 937.00 0.46 
284.68 679.17 1839.14 0.54 
495.49 701.04 1946.30 0.27 
501.22 311.37 1882.24 0.35 
997.26 334.18 2036.40 0.58 
123.62 141.79 1037.73 0.18 
601.75 531.39 1741.53 0.39 
41.02 244.34 1653.39 0.30 
548.52 402.62 1362.28 0.58 
455.77 990.31 1815.76 0.41 
615.59 669.82 1602.76 0.52 
331.75 126.09 2214.46 0.59 
55.18 238.96 2659.64 0.35 
321.75 478.09 1637.51 0.58 
172.90 230.96 1069.09 0.35 
44.82 998.91 1402.93 0.52 
561.94 224.96 860.70 0.37 
133.24 376.89 1396.59 0.44 
908.40 586.85 1424.31 0.25 
707.53 496.47 1487.54 0.58 
45.92 486.00 2617.31 0.22 
765.52 550.50 1063.94 0.31 
494.31 660.56 1932.46 0.38 
429.17 474.30 1049.24 0.40 
772.50 936.36 1596.87 0.31 
510.38 768.96 1852.82 0.44 
50.86 585.58 928.93 0.25 
505.82 395.46 1035.53 0.34 
186.53 618.30 1786.92 0.53 
873.42 706.61 803.93 0.47 
369.22 214.35 1107.05 0.43 
380.79 809.37 1056.74 0.57 
760.61 545.61 1660.97 0.29 
943.65 52.50 1474.72 0.19 
919.98 921.32 1901.01 0.45 
821.70 763.05 1225.82 0.30 
19.99 364.49 1700.24 0.39 
337.12 928.08 1792.38 0.39 
933.45 639.12 1811.03 0.39 
589.98 266.13 2635.57 0.40 
42.58 278.54 1655.70 0.45 
522.41 355.38 955.23 0.33 
932.91 90.64 1685.58 0.15 
325.13 994.47 1343.85 0.40 
93.17 849.95 887.99 0.59 
672.42 347.55 1796.61 0.57 
978.01 735.65 991.13 0.44 
843.36 261.92 1092.10 0.24 
692.36 484.67 1834.95 0.40 
55.24 304.12 1712.71 0.41 
532.60 37.47 2467.62 0.42 
559.13 915.85 865.45 0.32 
343.65 637.54 1442.55 0.32 
376.25 785.25 2168.54 0.45 
309.77 273.41 2019.59 0.46 
278.30 219.14 2055.66 0.45 
346.17 31.72 2214.96 0.40 
414.18 411.50 2095.72 0.48 
666.71 261.91 1016.41 0.54 
182.62 969.90 590.53 0.50 
605.95 476.86 1252.17 0.52 
756.03 590.29 1410.14 0.32 
122.92 60.25 570.45 0.12 
427.92 79.99 1194.42 0.35 
125.19 191.93 1651.25 0.12 
428.40 5.34 1888.93 0.60 
357.36 898.46 1381.28 0.43 
412.31 584.16 2008.50 0.47 
896.92 890.99 894.79 0.44 
747.97 321.85 1156.03 0.44 
604.00 358.20 1429.84 0.58 
435.55 584.05 980.49 0.40 
261.36 273.95 887.07 0.38 
