1 12 19 29 18 32 22 27 17 21 26 31 36 37 46 47 42 33 48 44 35 24 23 13 14 9 4 5 10 20 25 30 50 45 39 28 38 16 7 34 40 49 43 41 11 2 8 3 15 6 
Best fitness: 1.02
1 11 27 19 9 47 42 26 21 16 17 29 34 35 44 48 28 18 37 23 4 5 10 25 14 24 8 3 13 22 32 31 36 41 46 49 45 50 39 30 12 2 7 38 33 40 6 43 15 20 
Worst fitness: 1.25

Mean: 1.12

Standard deviation: 0.00
1 11 9 19 24 18 27 17 16 21 26 31 46 47 42 48 44 39 28 29 35 10 4 5 14 13 23 38 33 37 32 22 34 25 30 40 50 45 49 8 12 7 2 6 36 41 43 15 3 20 
Best fitness: 0.98
1 21 27 42 48 43 38 28 35 29 19 10 9 18 26 47 46 44 39 34 23 24 12 11 6 17 41 37 32 8 4 13 22 16 2 7 14 5 25 45 50 30 40 49 33 31 36 15 3 20 
Worst fitness: 1.32

Mean: 1.15

Standard deviation: 0.01
