25 8 38 17 15 57 1 20 41 42 64 32 16 60 13 46 23 28 66 48 44 52 51 47 35 63 59 2 14 67 3 29 69 11 30 49 7 50 68 6 27 33 36 24 31 18 39 22 45 9 5 21 58 54 55 34 12 61 4 26 37 70 65 56 10 19 53 62 40 43 
Moving time: 160.59 190.63 202.09 206.80 223.78 237.50 265.45 288.51 295.24 310.30 325.38 352.75 374.82 391.50 416.71 434.35 447.86 458.30 467.34 487.92 514.26 521.87 551.12 592.74 631.48 656.04 671.64 691.88 709.90 723.70 727.77 750.77 767.16 809.74 846.15 870.52 889.82 915.13 933.58 953.01 971.13 984.92 1004.57 1027.10 1045.84 1060.51 1072.95 1076.29 1092.26 1111.26 1126.44 1145.15 1157.93 1166.73 1177.64 1194.94 1210.10 1241.05 1254.01 1292.65 1325.89 1336.73 1342.87 1361.50 1374.88 1396.68 1408.32 1420.35 1445.06 1472.32 1608.03 
Best fitness: 0.00
Worst fitness: 0.0
Average fitness: 0.00
Alpha: 0.50
K: 0.02
Crossover probability: 0.50
Mutation probability: 0.10
Change mutation operator probability 1: 0.15
Change mutation operator probability 2: 0.15