22 55 90 18 70 44 76 19 21 60 80 77 89 85 24 28 78 6 67 53 56 65 71 2 13 81 43 64 73 83 8 26 34 16 68 4 51 30 58 72 7 47 31 87 61 17 50 39 88 40 63 41 32 37 66 15 54 23 38 45 12 69 42 33 79 49 57 9 52 29 46 10 74 3 36 14 35 27 59 86 5 75 11 48 84 82 25 1 20 62 
Moving time: 129.26 142.60 166.52 181.16 190.60 197.69 217.52 240.23 273.66 314.07 331.56 343.07 362.63 374.97 385.89 397.31 404.09 413.95 415.00 420.10 426.53 448.30 471.64 487.33 503.76 515.57 527.18 539.97 543.86 559.33 563.31 575.49 593.74 623.95 640.31 648.05 663.64 693.27 698.22 718.00 729.29 736.70 752.05 762.90 782.76 783.52 789.01 805.55 812.14 844.02 868.96 891.91 894.89 906.52 912.82 926.79 938.64 949.91 964.45 980.40 1009.73 1028.17 1032.15 1052.27 1071.35 1089.46 1102.05 1110.36 1127.36 1137.26 1164.14 1184.99 1217.21 1249.52 1259.84 1261.83 1273.90 1297.22 1312.01 1326.79 1360.73 1378.32 1391.06 1409.94 1452.84 1479.08 1489.88 1504.70 1507.84 1520.59 1663.62 
Best fitness: 3.00
Worst fitness: 4.0
Average fitness: 3.67
Alpha: 0.50
K: 0.02
Crossover probability: 0.50
Mutation probability: 0.10
Change mutation operator probability 1: 0.15
Change mutation operator probability 2: 0.15