4 77 19 9 99 84 93 10 30 85 70 3 94 51 40 52 14 55 98 87 80 1 49 39 47 71 60 86 65 92 18 42 100 67 95 83 8 97 33 64 46 43 41 53 96 79 6 66 44 74 2 45 7 20 17 81 54 21 16 34 82 31 13 56 28 61 50 26 91 11 89 32 90 68 48 62 12 57 78 69 75 76 73 59 22 36 27 35 15 29 37 25 38 23 63 72 88 5 58 24 
Moving time: 96.00 138.11 147.95 169.16 188.27 190.77 212.52 248.48 276.12 282.18 290.60 326.40 339.21 365.55 391.38 412.78 421.09 424.04 451.90 477.34 520.67 556.52 576.11 583.71 604.74 635.85 654.82 672.16 705.55 725.41 729.27 762.56 794.32 805.91 836.51 866.07 878.06 903.36 945.04 998.57 1035.31 1064.16 1079.10 1115.15 1122.91 1183.28 1202.28 1210.38 1249.67 1255.09 1264.97 1348.01 1390.28 1406.88 1450.82 1472.25 1482.49 1515.22 1524.34 1547.28 1552.24 1562.82 1574.52 1578.86 1590.40 1621.73 1651.32 1695.79 1743.70 1764.01 1796.83 1813.85 1830.99 1837.06 1841.04 1868.17 1869.15 1877.46 1883.55 1888.36 1941.25 1952.57 1973.02 1984.10 1990.67 2001.04 2004.06 2010.44 2066.70 2095.65 2108.40 2157.28 2193.20 2203.99 2220.79 2271.06 2336.25 2411.72 2422.23 2458.91 2610.38 
Best fitness: 2.00
Worst fitness: 4.0
Average fitness: 2.93
Alpha: 0.50
K: 0.02
Crossover probability: 0.50
Mutation probability: 0.10
Change mutation operator probability 1: 0.15
Change mutation operator probability 2: 0.15