34 21 5 25 12 2 14 13 15 29 28 20 36 8 35 1 23 30 26 39 4 32 17 40 38 37 7 33 6 10 19 27 16 31 11 3 24 18 9 22 
Moving time: 153.23 164.27 221.36 267.45 320.99 361.65 391.34 467.53 480.52 524.72 540.96 550.16 601.13 657.83 678.55 732.23 774.34 794.15 820.36 859.21 884.69 896.85 931.09 1002.45 1009.44 1033.89 1058.09 1059.74 1076.82 1085.62 1115.11 1178.55 1226.78 1245.70 1289.38 1314.97 1360.04 1391.60 1443.68 1480.21 1646.57 
Best fitness: 0.00
Worst fitness: 0.0
Average fitness: 0.00
Alpha: 0.50
K: 0.02
Crossover probability: 0.50
Mutation probability: 0.10
Change mutation operator probability 1: 0.15
Change mutation operator probability 2: 0.15