68 6 77 39 36 19 64 12 18 2 66 37 62 57 41 35 79 54 48 9 45 51 27 44 56 38 80 58 75 47 13 15 78 23 16 42 34 76 28 43 67 31 25 71 70 50 72 60 1 33 17 8 52 10 11 46 61 4 69 20 7 30 21 26 24 59 22 49 63 74 3 53 5 32 14 40 73 55 29 65 
Moving time: 94.19 107.51 180.24 220.58 258.32 312.92 348.66 392.03 427.98 458.88 488.05 542.27 577.63 618.44 627.64 669.05 709.63 727.84 734.23 769.49 780.08 793.81 802.12 822.14 868.08 889.94 910.75 935.10 953.05 972.73 1039.08 1049.36 1097.52 1108.64 1161.27 1170.52 1192.76 1205.59 1254.02 1289.17 1296.39 1342.12 1414.47 1432.35 1498.12 1530.99 1595.56 1605.95 1619.94 1625.49 1640.25 1651.65 1683.59 1723.92 1778.00 1789.86 1830.02 1865.25 1892.09 1915.96 2001.91 2068.41 2116.23 2129.71 2190.82 2237.64 2283.91 2363.93 2366.77 2411.64 2420.39 2443.29 2492.90 2500.83 2514.44 2573.90 2585.07 2591.60 2649.19 2696.05 2782.67 
Best fitness: 3.00
Worst fitness: 5.0
Average fitness: 3.43
Alpha: 0.50
K: 0.02
Crossover probability: 0.50
Mutation probability: 0.10
Change mutation operator probability 1: 0.15
Change mutation operator probability 2: 0.15