23 43 11 2 46 28 58 54 61 68 20 56 85 77 48 79 40 78 15 53 75 65 6 63 21 16 51 29 59 26 12 41 90 27 72 47 88 14 37 22 74 34 86 83 32 82 64 50 69 52 73 55 9 4 89 31 84 71 70 7 24 3 35 44 10 67 13 33 19 81 62 1 87 25 76 39 42 45 49 80 66 5 38 17 18 30 36 8 57 60 
Moving time: 57.92 122.72 132.31 145.75 164.76 191.47 223.02 297.58 329.76 356.85 397.53 465.52 483.77 493.53 526.74 568.52 615.92 634.13 646.95 670.01 702.42 712.64 736.01 757.98 772.56 798.33 842.93 931.25 986.96 1001.21 1038.51 1063.33 1098.09 1114.75 1134.46 1192.74 1240.51 1291.78 1336.78 1361.74 1373.87 1422.04 1443.15 1466.10 1493.41 1567.16 1609.41 1651.28 1667.47 1672.70 1686.12 1752.49 1765.48 1793.54 1864.82 1871.47 1929.57 1933.40 1948.35 1985.79 1997.97 2002.39 2017.96 2064.98 2077.90 2098.17 2117.44 2168.04 2200.81 2231.33 2247.97 2279.49 2305.36 2364.14 2369.80 2383.20 2415.97 2460.97 2498.35 2502.23 2517.38 2552.56 2579.58 2628.60 2649.19 2673.74 2729.56 2833.87 2957.10 2961.89 3129.29 
Best fitness: 2.00
Worst fitness: 3.0
Average fitness: 2.43
Alpha: 0.50
K: 0.02
Crossover probability: 0.50
Mutation probability: 0.10
Change mutation operator probability 1: 0.15
Change mutation operator probability 2: 0.15