262.50 506.11 0.41 6713.05
871.22 233.62 0.19 5950.29
860.75 151.62 0.16 4900.41
418.39 79.07 0.04 5202.48
949.36 193.95 0.06 4914.83
529.48 574.61 0.13 7302.52
580.08 742.83 0.22 6712.74
611.85 150.23 0.31 4870.57
536.90 356.97 0.46 5602.87
151.54 590.65 0.23 4951.28
983.71 317.33 0.57 6992.96
892.11 809.73 0.54 5086.28
170.81 672.41 0.59 6104.71
26.24 441.87 0.12 3672.01
32.13 69.37 0.34 7809.50
177.38 675.57 0.01 7572.76
71.10 510.86 0.36 5443.81
752.93 478.68 0.13 6561.66
340.61 404.34 0.42 5949.76
207.59 106.72 0.19 5867.07
240.91 417.08 0.10 6159.30
446.99 179.46 0.35 6752.72
119.63 403.10 0.14 5763.39
212.69 84.41 0.43 9800.49
421.38 390.06 0.58 5282.12
116.18 393.64 0.00 8504.27
293.06 124.58 0.03 7912.34
833.86 971.37 0.58 5224.53
76.30 538.96 0.26 4256.60
487.20 820.73 0.32 5906.56
657.94 242.39 0.32 5180.99
67.20 506.65 0.16 6063.74
182.15 458.95 0.45 5118.41
7.63 318.49 0.33 6395.14
368.16 120.77 0.40 4474.46
840.32 864.16 0.01 7606.56
680.27 711.65 0.06 6278.79
219.05 22.45 0.20 5799.46
171.06 968.38 0.34 6012.76
76.99 937.68 0.51 7379.84
408.73 938.92 0.40 7361.34
120.75 151.42 0.59 5916.44
649.67 418.33 0.05 6466.79
689.56 406.45 0.12 5478.32
913.51 654.46 0.46 7502.55
946.81 904.32 0.16 5912.22
604.13 733.29 0.35 6158.47
6.81 214.52 0.49 4971.93
523.23 407.42 0.19 6524.99
105.94 354.53 0.02 5697.55
586.43 771.04 0.10 6360.24
624.94 203.36 0.26 4425.24
506.71 705.06 0.20 5272.36
234.36 433.21 0.33 6644.43
528.06 298.68 0.08 8524.34
167.98 55.15 0.14 7828.78
78.59 615.14 0.01 6594.84
917.49 93.60 0.30 9227.80
665.32 934.43 0.35 8219.12
451.57 643.38 0.44 6168.48
781.11 298.22 0.28 5703.14
810.43 908.80 0.11 4924.14
955.62 263.03 0.05 5279.82
123.96 51.36 0.00 6992.85
276.95 12.24 0.30 4978.46
910.67 995.24 0.25 7620.48
403.50 711.78 0.14 4598.49
813.24 905.42 0.19 6426.17
672.67 831.24 0.02 8756.69
542.03 642.35 0.27 9175.05
305.34 310.63 0.42 5067.70
298.25 461.12 0.15 6096.59
548.47 516.74 0.46 6826.74
802.47 747.27 0.48 3648.91
756.83 546.96 0.31 6846.94
84.13 415.49 0.57 8589.23
82.14 368.59 0.06 7026.58
740.51 647.37 0.26 7575.54
389.24 859.14 0.51 7636.75
356.62 948.78 0.57 7027.29
653.39 818.38 0.44 5313.08
499.89 533.29 0.10 6482.69
724.36 388.34 0.42 9322.72
447.79 386.62 0.39 4493.21
997.56 384.91 0.45 7916.69
616.49 770.80 0.22 6938.40
539.44 491.57 0.40 5003.93
104.44 181.57 0.24 6626.06
914.15 878.79 0.35 4343.83
706.38 807.36 0.13 5979.26
464.66 829.42 0.36 4159.80
844.27 110.12 0.59 9068.06
690.43 460.09 0.10 6399.02
723.72 350.57 0.09 6136.69
58.29 318.05 0.05 5741.06
567.37 506.15 0.38 4831.29
709.13 503.28 0.18 4903.01
506.65 107.58 0.14 9553.58
130.74 688.91 0.36 5433.97
486.24 421.04 0.40 8751.77
871.00 266.59 0.52 5506.07
760.61 523.63 0.35 4674.52
461.23 309.02 0.34 7401.39
584.20 175.46 0.41 5571.07
215.04 132.09 0.07 5789.15
471.32 696.74 0.57 6197.14
333.74 549.33 0.27 7460.99
778.22 789.49 0.08 7334.62
325.84 364.86 0.31 5697.02
386.74 931.06 0.48 5549.90
763.36 631.89 0.42 8665.59
560.53 543.72 0.18 6224.74
896.11 518.59 0.42 5145.56
98.09 177.25 0.48 8701.60
381.91 164.57 0.36 5246.61
720.88 977.46 0.50 5374.62
831.90 365.51 0.12 6315.55
965.25 316.15 0.20 5579.77
986.20 247.85 0.18 5768.12
320.32 480.48 0.12 5056.72
337.13 266.26 0.48 8211.66
965.30 727.21 0.26 6092.41
751.56 116.07 0.29 3907.65
873.67 353.34 0.24 5909.71
858.59 391.43 0.08 5619.82
831.61 416.23 0.12 7077.68
189.74 359.68 0.06 6097.21
931.52 129.54 0.41 5430.33
427.33 82.45 0.32 5595.92
136.40 54.99 0.53 5593.50
936.30 516.77 0.51 9559.00
719.72 695.47 0.54 8552.18
331.36 533.74 0.14 6602.45
970.08 445.00 0.48 5648.33
656.64 444.88 0.23 5421.01
23.04 502.87 0.10 6181.31
791.23 282.34 0.40 5710.75
542.43 323.67 0.53 7491.97
563.17 585.03 0.18 7343.36
650.73 54.29 0.49 9145.31
661.90 933.67 0.13 6718.68
473.57 351.03 0.02 7237.42
323.40 395.73 0.49 9131.68
788.36 694.67 0.39 4184.63
218.47 593.39 0.24 8641.83
575.66 698.35 0.09 7102.51
604.38 531.50 0.16 6479.58
447.26 847.14 0.24 5237.57
156.94 412.30 0.16 6222.80
579.12 463.14 0.23 6463.91
173.39 633.28 0.29 10033.12
234.16 732.63 0.50 6209.11
530.83 960.05 0.09 5655.77
963.81 742.41 0.51 5619.23
76.60 199.48 0.14 7852.97
172.03 499.44 0.20 5707.16
671.30 823.61 0.06 6972.84
973.34 771.65 0.12 5494.74
86.00 529.75 0.44 6923.58
702.08 150.39 0.34 5936.71
86.69 135.88 0.28 7300.02
86.80 424.85 0.32 5221.44
684.87 788.98 0.27 8139.90
259.83 562.25 0.17 4943.90
953.01 645.95 0.54 10373.51
140.68 988.42 0.53 5521.88
133.81 269.54 0.53 9889.53
787.15 217.63 0.42 5840.57
368.50 408.13 0.38 6861.63
943.01 365.88 0.40 6719.26
105.76 45.52 0.39 5818.24
805.23 660.69 0.26 5262.45
899.69 542.16 0.41 4795.18
917.23 352.14 0.03 5522.59
430.95 266.37 0.15 6108.76
137.05 998.66 0.44 6815.38
838.58 403.11 0.30 4342.47
139.75 652.15 0.18 5421.96
19.75 937.12 0.43 6392.08
26.40 485.68 0.52 5103.16
798.03 16.25 0.19 5990.17
739.02 418.50 0.42 4531.68
489.26 822.75 0.47 5415.83
17.10 82.97 0.29 4593.68
408.56 887.97 0.04 7953.46
881.79 417.75 0.09 7082.85
772.72 199.67 0.23 7722.12
944.68 752.24 0.47 5414.97
591.65 683.81 0.28 6502.12
966.48 892.21 0.46 7661.13
204.95 638.64 0.04 5942.33
379.39 194.08 0.38 4855.27
899.91 682.89 0.36 5868.12
390.89 539.45 0.04 6586.61
249.09 396.55 0.49 8174.88
737.18 490.34 0.18 5297.04
952.05 498.21 0.57 5578.67
5.81 478.24 0.31 5752.58
380.70 229.09 0.10 5451.84
847.53 132.53 0.24 6576.38
