529.82 63.00 0.55 3794.85
199.62 455.67 0.26 5317.27
580.49 452.60 0.54 5108.54
233.14 772.35 0.57 7110.10
814.53 492.37 0.18 10800.00
975.81 720.27 0.36 7493.65
63.01 635.62 0.04 8371.60
192.97 414.65 0.39 6311.33
352.40 138.15 0.09 8867.06
868.17 859.95 0.43 7665.14
855.21 750.39 0.21 5512.65
776.94 165.60 0.36 7056.71
582.51 558.16 0.25 6037.21
324.38 311.38 0.05 7628.03
584.76 533.58 0.36 7600.69
513.90 478.27 0.42 6560.77
354.36 906.86 0.39 7653.83
386.26 645.71 0.03 6887.11
964.04 927.79 0.10 7264.79
754.76 608.22 0.05 6683.37
490.37 183.08 0.09 6727.28
915.52 533.75 0.29 5758.01
799.67 446.53 0.41 6521.49
18.89 167.11 0.19 5479.98
526.18 28.37 0.04 4963.20
639.94 699.90 0.39 6470.82
224.15 160.93 0.03 7734.41
831.80 398.98 0.08 6303.52
295.88 933.37 0.35 7560.77
266.01 647.00 0.50 6074.06
437.87 916.86 0.38 5747.03
140.31 136.22 0.58 5335.90
691.27 491.57 0.06 7515.85
478.71 716.52 0.21 7266.85
439.87 21.66 0.57 5264.33
391.58 667.68 0.53 7230.70
78.76 851.90 0.39 9827.31
708.42 416.63 0.05 9717.38
271.59 865.21 0.24 6040.67
647.42 361.37 0.06 4466.78
570.52 381.61 0.47 7657.19
433.96 514.78 0.56 6479.72
970.00 361.10 0.34 8164.19
63.11 830.12 0.50 7719.98
813.40 213.07 0.11 5541.69
3.21 408.05 0.56 4359.12
222.70 106.38 0.25 5689.00
270.30 737.15 0.41 9024.50
169.13 613.77 0.20 6009.20
290.17 93.04 0.12 6361.07
780.21 416.15 0.07 7273.49
300.01 399.43 0.52 6476.28
849.45 613.01 0.59 7235.14
511.01 368.82 0.51 5957.48
512.98 222.56 0.54 6132.85
369.44 8.36 0.19 6562.80
686.87 97.58 0.50 6180.63
152.26 444.69 0.30 6207.55
402.81 734.46 0.21 5631.05
245.14 645.05 0.55 7270.04
781.23 916.76 0.43 4956.49
26.69 412.00 0.18 6558.62
681.27 654.99 0.12 7028.48
662.34 409.84 0.48 6191.20
331.89 174.25 0.49 6485.03
482.58 291.29 0.57 6001.97
365.59 720.75 0.12 7852.95
275.31 862.63 0.54 7069.87
148.47 611.25 0.16 7232.02
528.98 717.55 0.10 8090.49
926.08 897.92 0.25 4654.36
970.20 741.82 0.47 5416.03
745.70 458.94 0.33 6260.40
162.28 308.49 0.38 4473.88
519.28 841.44 0.44 5577.37
325.87 977.15 0.57 6442.54
500.23 732.28 0.25 5967.60
633.98 228.04 0.24 6945.26
130.67 276.69 0.41 6078.32
519.75 376.90 0.02 8857.26
326.74 221.21 0.33 6398.09
743.10 985.56 0.44 10642.21
197.62 377.88 0.49 7268.68
397.06 925.07 0.43 8311.38
186.94 501.29 0.31 9432.32
994.46 187.69 0.27 4202.07
992.93 69.49 0.02 5805.30
713.65 196.13 0.29 8205.97
643.70 838.56 0.46 5929.41
260.50 287.33 0.34 8242.21
15.64 734.50 0.56 6442.14
898.77 939.89 0.08 6438.09
295.76 489.04 0.55 5118.25
263.78 140.80 0.34 8532.35
641.02 40.20 0.52 6508.20
402.80 432.32 0.53 5048.78
229.21 606.51 0.25 9687.55
504.69 309.88 0.10 5948.60
284.34 451.13 0.41 7996.51
385.86 148.06 0.30 7559.26
807.48 625.16 0.31 10188.57
21.14 185.91 0.31 6347.04
932.26 985.77 0.12 6818.00
383.14 311.77 0.22 5302.23
142.55 907.24 0.39 7297.35
11.55 168.41 0.58 5822.13
136.33 117.41 0.15 7285.83
63.26 128.31 0.07 7403.85
727.87 281.11 0.08 7175.45
918.69 441.76 0.05 7108.18
83.83 420.10 0.25 6391.75
135.93 481.41 0.08 6499.92
328.29 104.96 0.02 8168.66
291.09 214.65 0.04 4923.65
934.51 321.41 0.39 5388.86
657.27 422.61 0.29 7268.18
108.41 321.94 0.20 6827.13
543.62 195.46 0.43 7957.26
200.33 849.58 0.28 6839.05
807.32 192.93 0.41 7986.41
538.31 375.70 0.39 5465.29
864.66 862.19 0.29 7840.35
594.24 468.45 0.60 6905.52
618.73 724.86 0.45 9572.77
220.83 310.30 0.34 7120.24
44.69 111.17 0.06 7135.97
177.10 668.50 0.58 7845.06
169.16 439.99 0.33 6732.61
168.11 635.31 0.58 5376.07
857.62 270.18 0.40 5328.79
136.95 577.70 0.14 6027.09
471.06 80.04 0.22 8710.04
487.57 171.83 0.40 7520.57
51.26 792.08 0.16 9228.74
513.11 509.79 0.43 7009.74
2.83 734.04 0.50 9398.53
202.74 600.00 0.14 7008.34
75.10 893.23 0.37 5082.23
342.30 408.17 0.34 5473.06
997.15 620.39 0.03 5085.48
294.23 230.33 0.50 5748.57
223.26 447.34 0.40 5971.95
118.42 840.81 0.31 7863.73
530.40 484.74 0.02 6124.97
363.40 477.73 0.10 6671.02
12.69 656.95 0.60 6187.09
210.95 629.34 0.52 8811.74
376.39 665.12 0.18 8854.43
37.89 991.15 0.44 7166.60
469.72 993.01 0.20 8017.98
