452.48 143.50 0.04 4678.63
18.27 520.78 0.23 6444.85
199.69 812.55 0.40 7138.92
329.73 90.68 0.27 4634.00
161.00 428.20 0.28 6594.86
52.06 470.61 0.28 10620.54
911.98 850.75 0.25 7151.18
155.48 128.43 0.53 5924.71
38.02 435.06 0.15 4638.37
497.88 341.94 0.37 5900.73
495.38 534.14 0.03 6848.73
566.70 933.28 0.13 6852.73
745.20 781.94 0.23 6795.16
374.58 45.61 0.18 5978.33
302.96 479.03 0.33 6044.82
368.41 804.54 0.52 6001.44
773.87 525.79 0.22 4620.81
301.65 15.98 0.40 5049.19
974.50 663.99 0.25 7663.27
555.90 584.06 0.59 6267.60
626.50 736.78 0.54 8300.77
718.59 930.00 0.10 9619.08
85.94 134.12 0.43 6309.15
362.31 703.66 0.47 6326.36
901.75 974.90 0.20 6265.94
432.04 441.90 0.33 6301.68
815.91 270.07 0.25 8754.30
97.62 91.06 0.60 6028.32
24.46 327.69 0.15 8214.46
137.64 908.55 0.31 6442.06
538.44 988.45 0.10 7588.83
14.04 174.19 0.06 6906.13
16.16 653.46 0.59 5445.73
222.71 874.87 0.36 9554.71
844.73 742.92 0.19 7825.73
47.39 165.05 0.46 7352.96
268.95 729.85 0.28 5519.76
848.15 792.09 0.57 5840.43
140.63 947.99 0.50 7012.18
895.66 171.36 0.45 6429.40
664.76 848.96 0.13 8730.27
555.83 333.96 0.51 6680.55
664.85 39.16 0.30 7983.31
12.78 218.71 0.02 8360.74
259.76 873.24 0.39 8818.83
487.29 6.49 0.33 6207.28
85.10 928.72 0.48 6298.08
877.57 451.77 0.10 6121.14
197.95 994.47 0.48 5951.12
406.94 746.76 0.51 7029.98
433.90 91.98 0.36 5751.85
928.00 139.77 0.06 5654.38
388.93 117.62 0.20 8276.04
412.36 427.09 0.27 6427.55
536.64 937.04 0.29 5862.82
349.14 326.72 0.47 9242.09
262.70 112.73 0.16 6770.77
788.82 227.55 0.09 6944.69
846.47 796.45 0.37 5087.23
324.67 244.10 0.03 6187.49
20.18 917.79 0.47 5199.59
379.55 869.22 0.37 6160.35
734.94 933.49 0.40 8593.87
95.24 418.28 0.24 5872.55
311.61 858.52 0.41 6104.12
198.55 51.86 0.45 7321.92
795.55 758.77 0.38 5176.32
628.70 840.03 0.34 7251.50
83.01 265.59 0.30 6960.79
706.87 28.49 0.29 8990.59
120.33 598.71 0.26 5721.05
527.83 826.97 0.31 6431.22
394.15 769.35 0.48 9782.21
949.16 209.85 0.36 9309.70
502.26 612.83 0.18 10792.48
976.96 971.62 0.54 10213.88
697.77 844.12 0.11 7796.79
569.67 90.37 0.59 7407.28
272.40 54.67 0.53 7744.88
137.96 827.87 0.52 5558.85
182.18 615.51 0.31 5616.42
93.35 720.75 0.01 7608.78
805.94 76.48 0.02 8069.25
869.12 741.62 0.30 7051.23
161.64 138.25 0.07 5998.90
850.71 679.62 0.28 6059.82
320.17 501.32 0.09 7355.35
729.68 730.21 0.19 5373.71
601.84 310.27 0.45 5013.84
948.13 154.56 0.53 7543.68
301.26 5.74 0.05 7924.66
742.65 913.83 0.57 5683.68
761.38 580.62 0.57 7338.67
984.84 918.82 0.19 9237.46
585.02 299.35 0.04 7057.27
983.54 846.13 0.48 5511.65
20.81 465.03 0.44 5938.15
698.40 203.66 0.57 8919.07
809.05 67.51 0.58 4496.19
809.25 2.40 0.11 6779.98
501.27 513.88 0.58 6379.94
185.98 606.36 0.32 5715.18
633.50 680.92 0.03 9169.28
334.54 639.00 0.35 6989.77
937.33 308.87 0.06 8277.39
207.74 313.85 0.11 9286.55
251.89 210.13 0.37 6163.84
343.93 719.05 0.36 6819.40
660.67 215.88 0.10 6359.85
589.16 851.26 0.13 4178.86
368.19 407.69 0.48 8365.20
639.17 68.08 0.43 5755.51
312.87 350.22 0.42 7957.89
177.93 973.33 0.21 6581.80
622.88 391.20 0.43 6546.50
690.59 870.53 0.60 5094.66
508.96 791.48 0.48 5950.05
35.85 49.55 0.45 7908.30
458.52 349.31 0.04 8479.26
529.33 67.98 0.51 7834.56
845.34 106.70 0.10 8567.42
678.17 810.35 0.49 7510.63
288.83 812.21 0.00 5647.36
807.69 487.70 0.15 4829.44
410.49 512.02 0.29 5411.67
