472.71 459.26 0.58 8177.32
161.28 495.04 0.15 9094.77
254.53 274.81 0.05 7455.13
536.03 109.05 0.06 7373.46
897.39 168.67 0.51 4794.09
553.70 221.54 0.46 5928.75
271.91 495.82 0.41 6417.72
145.53 147.84 0.52 6838.10
332.66 344.73 0.54 5977.31
491.15 293.10 0.10 8114.69
577.53 189.34 0.58 6462.77
258.11 358.85 0.32 6533.05
459.21 728.05 0.49 6851.45
414.70 78.93 0.53 6415.74
569.57 142.66 0.50 5624.26
290.25 586.01 0.12 6972.58
78.97 171.33 0.50 7189.87
887.73 609.37 0.21 10387.21
222.04 905.90 0.32 9547.79
165.03 569.57 0.39 8957.17
399.25 105.51 0.17 8626.97
597.28 198.76 0.11 6466.29
368.00 595.44 0.08 8143.25
537.83 314.54 0.14 6410.15
834.70 876.12 0.20 6483.83
434.31 87.16 0.04 6343.05
345.64 240.99 0.14 8505.95
802.83 830.71 0.52 7215.54
160.17 7.96 0.08 5473.05
784.94 848.85 0.55 10416.68
620.60 354.82 0.51 6773.91
752.06 696.25 0.31 6010.69
840.46 964.29 0.49 9974.52
412.56 976.76 0.04 7007.09
712.74 872.42 0.29 5533.21
610.84 923.12 0.27 7127.07
312.24 246.47 0.13 7484.20
965.65 770.68 0.38 8641.20
304.97 739.31 0.34 6800.78
270.81 728.06 0.49 6917.53
827.90 156.62 0.39 8317.19
964.38 258.64 0.22 5926.61
815.82 812.67 0.30 5087.74
989.74 425.54 0.60 10409.89
507.43 699.44 0.55 6754.47
454.92 283.41 0.48 7765.28
993.22 578.09 0.36 8770.30
735.65 229.80 0.53 8014.85
839.76 444.73 0.02 6447.85
441.43 403.11 0.32 6493.75
586.66 579.56 0.30 10482.25
116.70 567.50 0.28 8190.75
747.88 810.59 0.56 5949.92
805.22 6.27 0.09 7550.59
633.23 13.64 0.21 7799.98
771.84 883.73 0.15 7573.15
962.82 499.94 0.37 5841.50
439.94 653.49 0.44 7208.04
636.48 226.68 0.48 5719.12
558.67 970.41 0.10 6764.97
364.74 230.55 0.39 6576.55
96.81 749.42 0.44 5584.22
952.60 883.39 0.36 5613.46
841.16 28.92 0.23 7911.78
284.40 460.11 0.32 7172.10
769.44 890.85 0.21 10591.21
620.76 64.49 0.15 10359.25
662.72 714.93 0.32 7023.82
777.90 982.07 0.31 4776.06
412.86 358.44 0.36 6657.35
674.66 159.90 0.18 6674.28
295.86 445.60 0.37 5522.48
875.63 467.21 0.06 7552.21
396.17 356.49 0.26 7853.13
672.10 414.20 0.51 6616.33
804.36 47.75 0.31 10246.98
631.20 755.49 0.56 5943.19
882.30 429.81 0.17 8016.58
517.26 573.15 0.01 5347.28
29.72 754.54 0.55 6843.61
788.37 285.76 0.41 7127.77
491.39 793.73 0.21 7328.16
970.64 978.28 0.44 9230.16
837.49 192.11 0.54 5430.19
516.65 587.90 0.11 6557.60
734.90 796.69 0.22 6893.97
356.74 778.13 0.47 9310.16
242.88 440.67 0.47 7042.50
264.95 109.73 0.21 5149.33
390.04 956.53 0.05 6742.21
739.16 637.54 0.13 7415.85
510.76 400.75 0.26 7101.09
496.35 741.50 0.34 6542.39
973.38 290.91 0.33 10032.95
515.41 47.08 0.13 9574.99
474.33 999.87 0.35 5581.80
669.67 949.12 0.39 6229.07
113.46 508.64 0.53 6788.44
870.60 450.07 0.16 10515.04
410.46 372.67 0.14 6898.31
