12 24 28 2 23 26 29 17 1 22 19 18 4 3 15 27 7 9 6 8 20 25 13 11 21 14 16 5 10 30 
Moving time: 207.36 341.41 389.52 576.41 675.73 726.50 813.05 919.25 958.38 1110.05 1180.39 1278.83 1391.35 1473.03 1543.49 1633.43 1745.36 1828.59 1943.12 2019.51 2121.36 2284.64 2380.97 2455.64 2621.23 2714.56 2850.51 2962.81 2997.17 3019.36 3093.17 
Best fitness: 0.00
Worst fitness: 0.0
Average fitness: 0.00
Alpha: 0.50
K: 0.02
Crossover probability: 0.50
Mutation probability: 0.10
Change mutation operator probability 1: 0.15
Change mutation operator probability 2: 0.15