6 25 33 4 15 22 17 30 21 23 37 24 26 10 18 13 39 40 28 38 34 7 31 20 19 32 27 2 29 14 12 11 35 3 8 16 1 36 9 5 
Moving time: 117.68 172.05 338.14 498.72 633.21 759.10 787.18 845.58 926.86 976.55 1040.50 1127.73 1185.22 1308.42 1405.74 1455.10 1559.87 1585.53 1682.94 1770.17 1869.84 1913.08 2013.54 2132.66 2230.87 2326.88 2474.29 2640.82 2675.62 2804.98 2841.82 2931.50 3041.47 3174.03 3281.21 3304.58 3403.14 3527.61 3604.99 3654.36 3807.87 
Best fitness: 0.00
Worst fitness: 0.0
Average fitness: 0.00
Alpha: 0.50
K: 0.02
Crossover probability: 0.50
Mutation probability: 0.10
Change mutation operator probability 1: 0.15
Change mutation operator probability 2: 0.15