46 28 43 97 23 19 60 96 49 27 37 9 81 91 50 76 84 57 54 48 3 51 53 86 38 69 64 36 6 44 77 47 65 42 83 26 52 55 90 98 89 15 99 100 18 29 78 34 92 58 7 88 80 93 45 5 72 61 41 1 25 14 70 63 24 73 30 21 35 94 40 10 4 67 56 75 74 2 95 12 59 71 17 82 8 11 22 62 85 79 33 32 13 20 68 39 31 87 66 16 
Moving time: 193.04 261.81 377.45 543.81 634.62 677.94 747.96 822.11 918.08 947.84 1011.28 1108.82 1243.55 1260.27 1282.94 1452.62 1512.27 1579.51 1621.38 1755.57 1767.27 1808.02 1829.03 1842.81 1966.36 2038.60 2129.23 2273.24 2379.35 2455.05 2540.37 2634.35 2774.32 2817.00 2881.74 3066.27 3226.76 3338.35 3480.09 3631.63 3656.97 3682.10 3822.68 3897.43 3994.33 4069.27 4152.07 4243.87 4260.62 4341.64 4417.15 4527.73 4579.41 4712.99 4740.53 4778.89 4824.79 4874.36 4955.20 4979.57 5120.18 5249.16 5308.91 5330.40 5397.00 5434.60 5477.41 5502.04 5635.90 5725.72 5877.43 6044.95 6211.16 6293.61 6340.24 6468.64 6552.98 6690.44 6711.12 6723.20 6801.85 6975.02 7121.14 7255.27 7290.98 7465.30 7679.15 7860.68 7927.24 8053.41 8111.72 8172.25 8350.89 8487.86 8584.75 8672.79 8711.51 8783.48 8884.40 8991.26 9139.26 
Best fitness: 11.00
Worst fitness: 17.0
Average fitness: 14.27
Alpha: 0.50
K: 0.02
Crossover probability: 0.50
Mutation probability: 0.10
Change mutation operator probability 1: 0.15
Change mutation operator probability 2: 0.15