13 18 21 20 1 12 19 26 29 17 28 25 9 4 6 10 2 3 27 22 14 15 7 8 16 24 5 11 23 30 
Moving time: 213.84 295.34 367.47 503.81 666.41 718.75 789.37 828.21 958.08 1075.38 1222.00 1361.62 1476.97 1494.99 1667.94 1850.70 1944.39 2082.05 2204.07 2254.46 2401.94 2446.27 2515.23 2605.95 2794.03 2932.31 3081.21 3223.86 3343.10 3429.62 3518.92 
Best fitness: 0.00
Worst fitness: 0.0
Average fitness: 0.00
Alpha: 0.50
K: 0.02
Crossover probability: 0.50
Mutation probability: 0.10
Change mutation operator probability 1: 0.15
Change mutation operator probability 2: 0.15