3 15 39 6 2 9 28 25 36 27 1 11 10 21 12 35 4 13 32 34 24 30 29 14 23 22 33 8 31 26 18 40 20 17 38 19 7 37 16 5 
Moving time: 88.95 157.56 239.38 276.00 294.82 428.33 537.62 614.05 699.40 779.35 951.95 1078.09 1135.75 1249.24 1467.76 1514.22 1593.84 1650.82 1708.20 1733.91 1793.59 1943.69 2015.28 2204.34 2283.45 2415.16 2605.16 2741.15 2855.19 2907.24 2966.69 3054.86 3181.78 3306.49 3399.36 3452.96 3646.12 3855.39 3904.97 4038.62 4277.01 
Best fitness: 0.00
Worst fitness: 1.0
Average fitness: 0.30
Alpha: 0.50
K: 0.02
Crossover probability: 0.50
Mutation probability: 0.10
Change mutation operator probability 1: 0.15
Change mutation operator probability 2: 0.15