41 51 59 66 28 43 65 44 33 10 68 6 52 36 64 20 69 23 56 37 25 42 29 15 13 22 32 46 47 9 7 57 70 40 58 27 30 48 17 19 49 62 3 11 8 55 39 5 14 2 35 45 12 18 54 34 4 24 21 53 63 38 61 67 16 26 31 60 1 50 
Moving time: 12.20 60.29 81.73 137.62 189.77 245.98 273.74 335.50 352.85 396.06 472.84 526.70 533.17 658.45 685.18 706.36 749.73 844.58 867.96 974.46 1064.91 1130.85 1215.77 1319.33 1378.18 1406.10 1553.30 1630.32 1673.56 1714.98 1781.09 1827.43 1916.54 1935.48 1961.22 2005.30 2098.92 2106.03 2183.72 2200.72 2266.59 2291.69 2303.25 2398.28 2435.75 2453.06 2542.51 2582.87 2612.53 2705.41 2742.97 2776.19 2833.56 2885.09 2952.50 2978.67 3076.87 3160.84 3190.48 3314.55 3392.24 3538.26 3628.53 3655.66 3696.50 3762.63 3832.11 3889.77 4067.71 4086.22 4253.34 
Best fitness: 1.00
Worst fitness: 2.0
Average fitness: 1.60
Alpha: 0.50
K: 0.02
Crossover probability: 0.50
Mutation probability: 0.10
Change mutation operator probability 1: 0.15
Change mutation operator probability 2: 0.15