1 8 48 36 10 71 75 29 5 31 73 79 50 33 60 9 12 32 42 17 54 39 13 76 80 56 35 4 2 45 46 62 19 61 72 25 52 63 59 43 15 30 21 55 70 20 22 28 58 3 44 27 47 41 14 57 78 26 37 23 67 16 68 34 64 38 74 18 6 49 51 24 65 11 66 69 40 53 77 7 
Moving time: 121.78 133.41 243.71 283.50 360.18 446.92 565.75 597.27 633.86 681.82 704.49 720.97 726.29 745.41 811.31 913.76 955.72 1037.38 1061.45 1178.97 1232.17 1302.17 1322.29 1416.43 1429.73 1464.14 1552.33 1655.41 1660.58 1702.44 1721.16 1736.14 1763.30 1838.54 1849.03 1885.90 1891.37 1953.21 2071.04 2142.52 2187.52 2211.89 2261.83 2364.77 2372.26 2448.01 2497.19 2550.63 2586.69 2610.70 2645.47 2750.20 2845.34 2857.53 2868.71 2904.05 2959.67 3046.54 3091.13 3135.38 3142.03 3309.85 3330.20 3458.75 3523.36 3562.15 3622.88 3754.10 3793.17 3825.81 3968.81 4008.25 4078.44 4097.81 4161.13 4189.09 4280.48 4301.45 4465.74 4479.76 4514.38 
Best fitness: 3.00
Worst fitness: 5.0
Average fitness: 4.03
Alpha: 0.50
K: 0.02
Crossover probability: 0.50
Mutation probability: 0.10
Change mutation operator probability 1: 0.15
Change mutation operator probability 2: 0.15