48 23 24 63 72 17 84 50 30 15 79 56 87 13 59 32 85 28 74 54 83 43 82 26 12 19 49 89 40 51 55 27 52 7 80 10 90 8 78 53 33 34 71 1 67 58 16 41 36 4 81 14 35 76 47 3 29 22 45 5 38 11 25 44 69 37 6 42 9 2 77 46 64 65 21 39 70 88 62 68 57 20 75 61 18 66 60 31 73 86 
Moving time: 95.74 154.13 220.46 227.54 390.97 560.26 627.00 798.39 875.78 1011.89 1189.41 1313.57 1389.86 1535.84 1557.27 1656.37 1724.09 1825.14 1945.48 1992.65 2169.34 2242.33 2282.00 2351.03 2488.24 2502.22 2534.05 2677.64 2815.91 2874.97 3019.66 3118.64 3248.76 3296.32 3374.45 3478.87 3499.36 3590.60 3662.47 3813.88 3965.55 4124.69 4169.58 4184.90 4410.62 4525.44 4564.46 4641.86 4692.28 4723.43 4875.36 5042.14 5102.11 5149.63 5172.04 5396.11 5572.31 5605.73 5671.25 5777.56 5941.81 6092.93 6153.02 6240.52 6290.84 6348.50 6394.09 6454.71 6575.97 6606.16 6703.72 6836.14 7031.65 7218.13 7294.60 7357.40 7388.53 7445.04 7596.26 7725.47 7878.41 7931.83 8018.24 8158.56 8253.74 8319.56 8366.08 8470.02 8563.86 8638.33 8875.34 
Best fitness: 6.00
Worst fitness: 12.0
Average fitness: 8.97
Alpha: 0.50
K: 0.02
Crossover probability: 0.50
Mutation probability: 0.10
Change mutation operator probability 1: 0.15
Change mutation operator probability 2: 0.15