10 45 2 18 49 3 39 44 8 46 32 19 11 29 4 9 40 21 38 42 14 20 48 24 5 1 37 23 26 6 17 50 27 36 31 22 47 7 12 43 25 28 41 16 30 13 34 35 15 33 
Best fitness: 0.32
10 20 14 41 49 3 40 38 4 25 44 39 18 21 2 29 1 48 6 19 46 8 32 11 23 37 24 5 42 45 27 50 36 35 17 22 47 7 12 43 15 28 26 9 31 30 16 13 34 33 
Worst fitness: 0.48

Mean: 0.40

Standard deviation: 0.00
10 2 40 4 48 24 5 42 14 20 38 21 18 49 3 8 46 44 39 36 50 17 32 19 11 7 47 43 29 37 1 28 23 26 6 25 30 35 27 31 41 45 13 22 12 9 16 33 34 15 
Best fitness: 0.34
49 3 27 8 46 44 22 47 11 21 18 2 48 24 42 14 40 17 39 32 34 19 29 1 5 38 45 10 41 31 36 50 7 12 43 26 25 6 23 20 28 37 16 35 30 33 15 4 9 13 
Worst fitness: 0.44

Mean: 0.40

Standard deviation: 0.00
