45 18 69 62 21 53 14 15 74 73 70 61 68 8 72 55 46 56 65 6 25 50 22 7 37 75 31 48 64 4 16 71 63 23 38 17 60 19 43 59 33 5 27 58 54 29 1 52 40 11 2 47 36 24 3 26 42 44 28 66 57 9 41 32 49 30 67 39 51 10 35 34 20 12 13 
Best fitness: 0.79
45 69 47 61 70 50 14 18 33 8 31 16 42 1 2 11 68 75 23 25 17 19 15 67 48 73 29 49 58 53 72 22 6 65 7 62 52 54 5 32 27 43 66 64 26 36 3 74 60 55 56 20 34 37 63 71 59 9 35 40 38 30 44 4 24 39 57 10 51 21 28 13 46 12 41 
Worst fitness: 1.13

Mean: 0.91

Standard deviation: 0.01
45 69 18 27 58 33 53 15 19 72 68 62 54 29 1 66 8 16 42 64 31 23 65 6 25 50 22 38 55 56 7 14 43 17 44 48 47 36 73 70 61 2 60 63 71 74 3 24 26 4 75 37 59 9 32 52 40 5 57 51 39 46 30 34 12 67 28 49 11 35 20 10 21 13 41 
Best fitness: 0.80
45 27 68 8 53 33 32 18 50 15 72 59 9 61 70 47 16 31 19 43 25 75 63 64 67 29 69 62 54 1 73 48 71 7 65 6 56 22 55 14 2 40 66 74 39 4 42 44 23 38 17 58 60 57 11 36 5 52 21 3 10 49 46 37 26 24 51 35 28 20 34 30 12 41 13 
Worst fitness: 1.06

Mean: 0.92

Standard deviation: 0.00
