72 96 42 82 51 63 95 93 27 25 50 54 81 58 46 19 65 98 79 44 21 28 37 49 40 74 62 24 33 35 86 34 6 76 87 78 18 61 59 8 2 68 91 31 32 64 85 12 75 16 39 9 56 43 84 60 36 14 66 69 80 26 22 38 20 13 5 73 77 99 3 29 90 92 15 53 4 48 71 11 55 17 41 70 52 88 67 89 1 10 47 94 45 30 23 83 97 57 7 100 
Moving time: 105.06 215.20 272.29 326.42 423.11 503.57 529.37 594.36 695.87 804.27 929.15 1011.08 1185.72 1294.53 1390.64 1618.18 1783.22 1900.05 2056.92 2165.43 2207.75 2320.85 2381.36 2458.20 2660.88 2811.87 2914.65 3002.67 3189.66 3325.39 3374.26 3511.42 3683.04 3821.47 3875.53 4044.94 4123.28 4212.25 4257.19 4368.46 4376.43 4520.04 4600.12 4660.81 4678.88 4869.07 4942.43 5006.61 5126.76 5208.31 5293.56 5452.57 5584.00 5657.74 5761.17 5867.96 5914.02 6117.40 6275.60 6315.80 6367.02 6527.33 6710.05 6893.33 7072.38 7270.84 7381.46 7437.86 7518.85 7602.53 7722.85 7891.39 7954.55 8018.96 8046.56 8180.58 8246.88 8261.81 8440.48 8551.66 8593.37 8682.59 8796.97 8906.62 8961.62 8981.89 9163.04 9291.78 9382.59 9453.50 9486.08 9570.91 9630.68 9803.89 9862.27 9986.39 10082.68 10212.17 10422.33 10619.95 10736.47 
Best fitness: 0.00
Worst fitness: 0.0
Average fitness: 0.00
Alpha: 0.50
K: 0.02
Crossover probability: 0.50
Mutation probability: 0.10
Change mutation operator probability 1: 0.15
Change mutation operator probability 2: 0.15