5 8 7 29 22 21 18 19 25 11 28 23 6 16 10 4 27 24 14 1 15 30 20 17 3 13 12 26 9 2 
Moving time: 127.61 242.95 298.59 375.97 428.93 538.29 609.48 707.91 796.91 936.44 995.21 1129.41 1275.39 1337.93 1484.00 1561.92 1632.96 1720.43 1920.92 1947.48 1996.01 2083.50 2127.76 2274.99 2300.75 2444.12 2523.88 2643.33 2727.55 2846.90 3007.72 
Best fitness: 0.00
Worst fitness: 0.0
Average fitness: 0.00
Alpha: 0.50
K: 0.02
Crossover probability: 0.50
Mutation probability: 0.10
Change mutation operator probability 1: 0.15
Change mutation operator probability 2: 0.15