29 26 25 3 4 20 34 12 30 37 5 31 17 18 13 36 7 16 19 22 2 24 23 35 8 28 10 38 9 6 40 15 14 32 27 33 11 39 1 21 
Moving time: 182.70 259.97 432.29 657.96 845.69 938.66 1045.24 1127.20 1271.08 1365.56 1452.74 1571.88 1698.08 1745.15 1794.52 1868.86 1917.48 1938.09 1981.11 2039.79 2176.10 2215.25 2261.95 2283.53 2309.33 2417.67 2517.71 2549.19 2634.49 2788.61 2885.44 2946.51 3053.08 3189.91 3337.32 3398.72 3543.90 3678.77 3756.74 3843.47 4028.11 
Best fitness: 0.00
Worst fitness: 0.0
Average fitness: 0.00
Alpha: 0.50
K: 0.02
Crossover probability: 0.50
Mutation probability: 0.10
Change mutation operator probability 1: 0.15
Change mutation operator probability 2: 0.15