53 68 58 15 47 8 59 64 56 46 2 19 57 1 31 69 60 20 70 63 36 24 9 35 51 39 48 18 3 6 29 4 12 25 37 54 61 44 26 43 23 22 13 17 21 28 27 52 49 34 62 65 30 55 42 10 66 41 7 67 32 16 40 45 11 14 5 50 33 38 
Moving time: 225.23 345.52 402.30 486.91 656.14 856.44 968.79 1107.15 1253.35 1313.60 1378.28 1537.86 1649.45 1792.05 1828.73 1847.60 1864.55 1971.91 2071.65 2216.77 2226.72 2273.67 2365.90 2469.46 2562.80 2651.96 2747.44 2896.40 3077.45 3172.23 3260.38 3412.20 3586.43 3621.25 3662.20 3744.27 3867.31 3923.87 3941.30 3991.83 4038.75 4160.08 4286.42 4387.99 4459.71 4579.51 4644.33 4810.12 4884.80 5019.21 5187.64 5387.28 5584.12 5748.26 5835.76 5867.58 5902.08 5942.82 6033.90 6184.01 6392.07 6453.98 6570.48 6725.10 6808.48 6876.20 7030.67 7112.93 7213.97 7303.97 7412.79 
Best fitness: 0.00
Worst fitness: 0.0
Average fitness: 0.00
Alpha: 0.50
K: 0.02
Crossover probability: 0.50
Mutation probability: 0.10
Change mutation operator probability 1: 0.15
Change mutation operator probability 2: 0.15