5 58 57 59 11 2 31 32 26 47 46 70 7 8 45 48 53 17 49 20 52 65 16 68 78 73 23 18 80 9 34 27 25 63 30 69 14 77 51 13 61 62 74 39 35 19 28 15 60 3 67 38 41 72 71 24 37 64 36 56 43 42 79 10 66 44 4 33 29 54 40 76 12 50 1 55 75 22 21 6 
Moving time: 53.84 226.81 354.25 444.37 550.04 754.90 977.70 997.71 1111.29 1289.74 1386.00 1406.88 1460.57 1559.16 1660.27 1776.27 1896.98 2105.09 2209.49 2317.83 2447.30 2664.66 2840.72 2963.35 3137.66 3312.56 3375.78 3480.58 3631.69 3797.92 3885.65 3940.40 4056.01 4166.30 4333.66 4541.54 4592.18 4632.50 4665.28 4800.28 4845.63 4870.05 4944.24 5055.38 5206.37 5302.01 5446.40 5634.28 5809.85 5997.94 6137.52 6283.95 6398.55 6467.76 6605.53 6696.79 6849.64 6967.79 7044.89 7219.17 7317.92 7409.28 7527.82 7581.45 7670.01 7793.09 7860.61 7896.34 7961.60 8072.06 8158.60 8212.99 8368.19 8564.40 8647.67 8777.94 8907.28 9054.97 9146.41 9181.34 9407.31 
Best fitness: 0.00
Worst fitness: 0.0
Average fitness: 0.00
Alpha: 0.50
K: 0.02
Crossover probability: 0.50
Mutation probability: 0.10
Change mutation operator probability 1: 0.15
Change mutation operator probability 2: 0.15