37 16 40 82 39 20 6 53 48 29 17 51 24 26 54 33 70 88 52 76 50 86 11 64 61 12 57 21 55 43 47 8 66 78 83 71 32 25 7 59 65 79 19 81 87 72 3 10 14 68 36 23 38 18 2 34 77 42 75 28 73 60 63 4 67 41 30 5 35 69 45 80 90 62 89 31 9 13 15 58 49 1 56 44 84 27 46 22 74 85 
Moving time: 194.86 207.91 271.97 360.22 475.89 627.06 722.36 884.31 994.83 1080.22 1147.21 1188.93 1235.58 1333.61 1454.27 1582.40 1692.89 1883.08 2002.95 2062.64 2111.39 2210.33 2414.15 2444.54 2565.06 2671.33 2864.40 2976.19 3109.72 3215.60 3277.22 3427.14 3616.70 3762.75 3888.77 4017.47 4060.23 4138.67 4181.21 4319.85 4427.92 4597.43 4651.62 4777.77 4820.36 4908.17 4985.66 5063.08 5103.03 5279.03 5373.42 5493.61 5602.45 5701.35 5798.60 5963.32 6077.16 6215.13 6394.59 6546.20 6637.59 6717.43 6842.79 6950.76 7046.79 7143.89 7263.64 7312.15 7385.08 7437.45 7546.33 7645.41 7732.65 7778.70 7956.68 8073.70 8210.40 8398.98 8598.18 8738.42 8783.31 8908.29 8923.56 9081.34 9191.15 9257.34 9396.97 9443.70 9469.64 9637.97 9892.02 
Best fitness: 0.00
Worst fitness: 0.0
Average fitness: 0.00
Alpha: 0.50
K: 0.02
Crossover probability: 0.50
Mutation probability: 0.10
Change mutation operator probability 1: 0.15
Change mutation operator probability 2: 0.15