495.54 591.49 0.50 7100.20
462.36 552.88 0.56 7884.27
498.65 528.73 0.34 7953.37
612.26 463.40 0.51 7538.65
510.35 587.69 0.41 7753.96
489.88 524.15 0.34 7104.25
510.81 575.74 0.18 6771.79
508.30 538.19 0.53 8470.27
493.22 523.32 0.51 5523.01
509.01 500.42 0.19 8437.32
536.61 496.16 0.47 6912.16
542.57 470.69 0.50 8038.77
610.64 497.36 0.59 7254.74
440.04 484.77 0.58 7212.63
509.53 552.60 0.36 7316.89
542.01 479.57 0.36 7730.89
498.17 501.14 0.43 6008.42
419.14 510.92 0.58 8963.70
383.52 592.94 0.54 8386.48
492.19 495.69 0.36 6580.97
537.64 519.51 0.51 5952.89
554.19 487.84 0.52 6291.10
488.60 499.85 0.32 7771.96
552.85 435.67 0.49 8134.64
513.69 495.37 0.57 8042.52

7614.497989827629
