378.70 524.82 0.52 6929.18
548.10 580.07 0.56 2961.05
553.53 613.74 0.55 9155.58
571.32 559.41 0.48 5617.69
494.95 387.08 0.50 4464.14
463.79 493.19 0.55 4607.76
461.04 518.68 0.46 5251.11
475.98 549.93 0.49 3544.42
449.78 623.45 0.42 6293.69
523.95 414.73 0.57 8041.77
473.99 499.35 0.53 4666.39
569.57 464.64 0.32 3813.85
481.41 452.45 0.55 1876.50
451.68 490.09 0.54 8338.25
591.20 501.04 0.38 5940.81
445.61 488.38 0.36 7782.62
547.63 483.42 0.54 2915.61
571.80 498.20 0.38 3920.49
562.84 497.71 0.16 9183.79
531.10 580.49 0.44 8743.47
534.24 521.34 0.44 6199.36
513.47 492.52 0.13 3293.29
426.84 561.57 0.47 7687.99
419.06 510.32 0.47 9084.32
549.81 461.08 0.56 9674.39
