91.61 138.47 0.24 1184.31
85.52 89.36 0.26 1018.12
86.88 65.39 0.28 2688.81
99.88 105.40 0.12 1650.59
113.99 101.27 0.24 1627.33
90.00 92.06 0.23 3907.46
125.10 63.55 0.20 1762.32
143.87 87.68 0.15 650.75
70.74 303.25 0.22 2259.52
132.65 294.79 0.11 1120.71
101.81 271.87 0.24 2789.71
55.19 333.43 0.23 2631.14
78.59 320.16 0.36 1314.90
137.11 328.65 0.08 2495.64
104.96 309.13 0.39 3583.98
96.51 279.09 0.06 1132.57
110.00 532.56 0.02 847.10
117.12 509.11 0.11 1277.07
89.07 481.25 0.14 2594.26
94.15 535.68 0.09 1197.41
48.77 462.39 0.22 850.08
92.87 496.31 0.36 2064.98
80.35 468.80 0.30 1422.88
66.97 501.88 0.19 750.00
129.64 692.74 0.05 1544.67
114.11 712.83 0.04 1520.36
70.69 722.96 0.27 686.42
82.67 682.41 0.08 1745.36
105.76 692.33 0.23 1467.21
80.04 699.68 0.28 1989.79
89.26 679.45 0.15 1114.53
80.75 697.77 0.34 1656.59
95.60 878.03 0.17 706.71
120.89 884.89 0.18 1208.40
85.93 897.23 0.18 854.35
66.69 917.87 0.34 1366.04
89.14 895.70 0.18 1117.68
90.12 950.75 0.22 1419.98
72.70 875.25 0.14 1623.24
83.90 928.17 0.12 1468.56
266.48 68.48 0.27 2419.86
276.05 80.90 0.26 874.40
271.49 45.03 0.15 1465.94
312.01 124.42 0.21 1813.81
316.70 115.43 0.22 167.71
333.39 112.07 0.08 3121.96
310.94 55.92 0.09 1859.89
324.97 94.40 0.15 1163.82
310.47 289.06 0.13 665.38
350.65 292.65 0.21 2239.05
306.68 307.44 0.27 953.41
309.08 330.20 0.28 3058.14
315.18 300.71 0.21 2510.54
311.91 337.61 0.02 1258.46
291.18 290.72 0.17 1068.52
308.54 389.25 0.33 1616.52
259.31 488.44 0.17 2326.58
327.06 502.52 0.25 3525.68
330.67 503.86 0.05 3393.22
271.04 500.73 0.30 2358.03
288.92 483.32 0.25 1401.75
326.19 487.25 0.33 1972.31
280.65 509.85 0.24 1556.74
287.42 512.54 0.19 1074.79
315.03 688.71 0.24 1372.90
272.21 691.94 0.21 1063.30
294.16 740.71 0.22 3326.66
320.22 723.59 0.26 2584.23
276.75 722.40 0.26 1224.88
300.37 723.83 0.25 1309.92
279.83 694.37 0.12 2203.05
286.41 696.57 0.22 1303.67
294.21 907.01 0.15 1000.89
287.59 953.33 0.13 3468.84
268.30 872.82 0.17 1345.47
297.67 945.76 0.26 2483.84
314.88 925.20 0.17 1532.97
301.19 840.67 0.25 2907.19
315.64 956.09 0.17 1086.50
321.02 906.64 0.28 1167.71
560.73 104.40 0.18 738.18
495.14 178.99 0.01 598.32
530.34 82.84 0.21 2767.27
499.71 69.37 0.44 1312.86
564.53 93.96 0.29 1383.56
520.77 102.96 0.26 884.13
514.67 66.48 0.30 1783.17
522.67 86.78 0.06 1118.63
467.46 291.69 0.08 1879.82
475.41 278.20 0.13 1748.01
530.09 290.30 0.11 1439.31
474.63 283.30 0.16 1888.76
504.59 314.79 0.27 2073.15
483.65 310.36 0.31 1319.90
478.06 284.82 0.11 1696.95
461.08 293.01 0.18 1409.29
496.34 485.24 0.18 1622.76
512.68 521.43 0.22 2694.55
554.95 476.66 0.10 1189.70
460.52 508.05 0.04 2724.22
497.89 530.78 0.04 1538.00
466.38 533.17 0.32 2116.58
491.20 495.25 0.27 861.19
497.09 487.79 0.26 1778.17
489.88 685.18 0.27 1865.24
501.52 700.35 0.20 706.19
530.03 664.85 0.36 1082.78
490.50 689.40 0.20 3052.97
486.03 710.16 0.28 1087.30
511.08 693.52 0.01 1152.20
491.55 695.97 0.11 2822.51
544.15 732.26 0.36 1081.56
476.13 905.68 0.04 1959.08
484.60 901.82 0.21 1554.35
481.47 943.96 0.15 1120.97
529.01 910.57 0.37 597.31
477.38 881.98 0.02 2487.30
494.38 881.49 0.29 1393.86
503.95 862.83 0.22 3081.64
515.93 844.96 0.26 1155.74
715.15 95.91 0.16 2820.17
672.38 125.41 0.16 1122.47
666.02 142.81 0.27 1386.20
719.28 80.37 0.30 2479.55
705.60 69.64 0.29 996.32
677.52 95.81 0.04 1998.28
706.72 105.68 0.35 941.79
688.17 107.81 0.04 2575.11
685.43 288.97 0.18 1184.46
664.56 327.84 0.10 1148.62
715.38 304.42 0.25 1148.13
671.23 302.66 0.33 732.60
691.19 307.53 0.09 1002.09
726.31 324.44 0.32 1539.34
700.23 300.63 0.17 1615.97
677.71 317.73 0.21 506.86
705.98 475.09 0.07 1798.28
711.32 518.15 0.30 2731.30
722.04 500.28 0.29 947.71
716.20 507.84 0.14 1751.15
675.56 521.27 0.28 1197.26
704.51 573.44 0.33 2861.86
705.66 484.40 0.30 1176.53
681.62 480.50 0.17 1831.29
688.34 707.02 0.21 4513.22
718.85 747.86 0.37 1135.13
641.95 692.07 0.22 2089.71
693.93 692.91 0.35 863.16
715.51 709.49 0.23 1531.93
748.47 685.81 0.27 1565.64
667.53 715.35 0.32 2596.22
667.00 713.37 0.21 1563.74
724.28 903.44 0.33 988.67
727.43 934.00 0.30 1129.60
733.24 888.47 0.21 1122.15
668.65 878.51 0.30 2556.22
716.18 927.33 0.20 1414.71
727.21 916.94 0.13 1316.75
714.16 945.09 0.30 1726.21
721.09 876.32 0.19 3323.04
924.01 120.09 0.10 1687.16
908.69 106.35 0.31 1251.80
942.14 91.04 0.09 1447.18
915.88 115.88 0.23 1922.98
886.99 72.23 0.01 601.77
914.39 102.09 0.33 1726.13
943.15 125.29 0.22 972.15
885.69 136.10 0.25 2110.81
919.04 318.64 0.25 2001.57
870.30 282.04 0.24 1188.88
910.54 282.49 0.05 2749.08
907.29 290.13 0.06 2831.68
896.29 253.92 0.02 1546.33
889.40 306.83 0.21 2833.19
898.10 287.43 0.30 2506.89
915.20 306.67 0.23 1854.63
888.60 517.05 0.13 2444.60
879.07 463.24 0.27 3187.74
870.85 497.84 0.14 754.89
922.99 513.57 0.36 959.97
943.20 495.07 0.26 1323.73
901.51 450.45 0.23 1518.25
887.70 526.90 0.09 1126.18
922.41 548.62 0.32 646.98
960.24 714.90 0.18 1500.23
902.61 691.29 0.04 917.11
908.80 719.08 0.02 1142.33
912.79 708.92 0.33 1921.64
878.78 713.01 0.29 1230.12
894.48 712.62 0.24 1488.29
912.25 675.48 0.24 1984.07
886.44 713.75 0.15 1230.65
908.53 903.06 0.10 1197.53
893.78 915.20 0.10 1365.66
933.73 930.49 0.06 1538.10
843.84 899.83 0.21 2101.60
861.20 919.32 0.22 1153.98
925.96 902.32 0.06 4033.34
914.40 901.91 0.18 1500.05
915.79 883.20 0.18 1237.21
2 95 55 21 35 32 22 56 45 51 88 124 123 132 93 94 33 36 118 116 112 144 137 139 180 184 131 141 107 155 109 102 104 129 169 175 136 133 134 86 87 85 127 162 150 153 120 65 27 62 100 103 50 1 82 96 58 63 61 64 60 24 80 73 114 156 146 151 152 148 143 179 181 189 142 147 145 191 193 197 196 159 154 11 8 9 30 29 37 26 15 14 23 20 70 108 81 125 84 83 90 105 57 18 13 3 44 54 99 101 166 176 130 135 182 178 106 71 49 42 122 170 168 167 164 138 72 67 69 192 200 194 199 48 5 12 41 43 121 126 97 115 117 157 190 31 25 75 68 98 185 188 186 160 183 172 163 177 187 158 149 113 92 89 91 140 79 76 34 28 19 53 10 77 111 110 171 66 78 40 39 38 128 59 16 7 52 195 198 119 46 4 6 174 161 47 17 173 74 165 
Best fitness: 73.38
2 128 123 93 56 11 13 100 145 155 157 141 112 85 81 88 132 192 187 184 45 103 107 178 170 164 166 180 115 116 64 129 136 29 27 24 62 162 167 168 125 131 179 110 106 105 120 78 80 108 137 134 92 86 124 87 47 126 127 102 148 146 39 37 73 69 21 94 135 181 104 97 96 49 51 84 139 143 142 169 182 60 63 138 144 130 91 109 154 152 153 114 147 150 189 198 196 22 23 75 76 118 117 72 34 17 28 65 70 33 25 66 95 16 1 42 43 122 121 55 8 48 191 197 35 193 159 52 44 50 98 68 36 74 18 7 185 188 151 156 61 6 4 41 15 20 38 77 177 175 89 57 30 32 31 26 53 12 5 149 190 183 71 67 119 200 186 158 19 54 90 174 99 133 10 9 14 163 176 161 199 79 140 58 113 194 160 171 172 173 82 59 3 83 101 111 40 165 46 195 
Worst fitness: 94.58

Mean: 85.35

Standard deviation: 17.49
