42.54 44.23 0.16 7154.49
75.30 26.99 0.43 5879.65
147.07 128.42 0.21 4370.14
78.75 128.44 0.27 5800.01
89.66 51.44 0.06 7816.20
220.84 84.41 0.16 4996.55
126.11 87.88 0.22 4054.44
112.85 116.07 0.13 4766.00
132.55 240.32 0.30 7674.75
19.18 327.90 0.38 6907.67
130.60 214.61 0.11 1448.89
82.98 340.17 0.15 5666.14
54.31 257.23 0.28 7562.89
189.32 247.57 0.20 3493.39
89.49 353.63 0.25 5466.57
148.74 298.25 0.35 7718.96
170.09 595.12 0.17 3150.16
114.76 467.00 0.08 2620.07
123.94 454.23 0.12 4424.56
104.72 474.07 0.12 4880.42
118.51 499.27 0.12 5777.85
152.76 421.17 0.22 2033.60
57.22 491.87 0.19 1958.41
112.69 543.24 0.32 6251.48
2.36 705.30 0.16 2078.52
43.80 689.14 0.10 2983.35
165.51 657.56 0.29 2956.51
210.77 807.43 0.13 6984.13
139.36 685.43 0.35 1362.64
126.01 615.46 0.33 5016.70
103.47 766.62 0.32 4181.03
77.46 699.62 0.11 864.50
161.08 946.95 0.06 3705.27
38.70 909.95 0.13 3251.88
53.44 887.93 0.34 2039.95
73.36 876.22 0.27 5976.93
196.62 928.27 0.17 1692.34
92.18 892.93 0.43 7066.86
43.44 882.72 0.34 4928.73
85.72 917.13 0.27 4580.62
303.63 100.01 0.15 7944.33
276.14 88.67 0.18 6361.38
286.76 33.53 0.10 6960.32
259.17 75.58 0.10 4537.32
302.50 66.96 0.24 6605.10
375.37 196.98 0.24 1710.26
361.11 39.59 0.10 7346.94
363.64 113.96 0.20 3530.38
358.25 291.16 0.33 7874.07
331.54 347.27 0.18 2943.29
354.00 280.42 0.26 3231.66
346.81 289.06 0.18 4634.76
286.87 242.42 0.17 580.47
310.32 297.33 0.29 1614.49
305.29 323.97 0.28 4443.49
240.02 231.98 0.23 2566.47
423.76 463.61 0.32 7719.50
377.34 527.95 0.31 3591.94
228.27 528.25 0.25 985.97
289.59 516.26 0.10 616.09
216.76 505.05 0.36 703.19
260.64 520.30 0.24 5622.85
254.90 570.47 0.30 5072.83
271.69 496.23 0.14 7577.11
369.14 748.35 0.20 4326.76
336.92 676.75 0.26 2964.93
345.83 676.83 0.25 2772.52
392.06 701.54 0.27 1411.21
286.09 682.30 0.37 587.54
331.21 699.79 0.32 6696.86
300.07 699.00 0.24 4092.85
332.05 687.34 0.33 7936.22
377.71 897.31 0.29 1455.71
291.76 879.14 0.33 4582.73
260.28 907.14 0.12 5583.63
297.36 928.31 0.26 2202.32
381.38 940.30 0.08 7078.75
284.85 825.08 0.14 1673.54
234.93 1000.07 0.03 3710.20
228.89 1004.90 0.18 4037.26
454.81 4.45 0.21 7710.05
471.99 49.84 0.26 730.07
493.26 152.33 0.27 2872.92
507.90 90.75 0.20 5788.27
469.50 143.07 0.17 5858.96
493.25 196.20 0.02 805.33
512.05 117.16 0.19 4000.84
559.04 109.08 0.03 4016.48
615.46 372.07 0.14 3315.95
437.78 429.30 0.14 5997.27
426.75 265.53 0.08 5065.59
508.00 335.56 0.26 987.06
595.48 336.97 0.20 3736.97
499.47 260.38 0.17 1280.62
545.01 276.96 0.25 5569.78
519.12 439.64 0.01 5454.34
518.05 445.66 0.13 5002.15
528.38 548.06 0.13 2897.74
506.85 422.54 0.17 3630.13
556.99 464.54 0.15 708.81
554.03 451.91 0.34 2840.05
394.77 518.54 0.14 3043.03
450.62 467.52 0.33 7039.38
440.01 431.09 0.12 722.89
500.71 701.61 0.05 1989.34
494.70 703.03 0.14 930.11
403.96 734.70 0.20 4776.31
527.15 692.93 0.41 2090.06
421.41 705.64 0.20 5392.23
483.16 716.95 0.25 5331.36
479.44 773.85 0.17 2739.95
486.10 672.91 0.13 4501.32
484.46 828.04 0.08 2929.24
515.35 855.36 0.23 3051.82
442.76 868.19 0.10 3895.78
556.87 871.09 0.27 4817.34
467.92 890.52 0.02 7833.86
495.72 908.62 0.22 3549.41
470.90 920.56 0.09 7208.66
482.69 980.78 0.21 928.41
678.86 34.24 0.18 3607.34
707.01 58.35 0.22 4121.07
688.25 118.27 0.06 1205.44
674.46 90.35 0.22 4247.58
629.43 148.61 0.20 4868.44
603.55 34.70 0.21 5020.85
750.95 11.21 0.29 7923.10
672.37 40.52 0.22 5918.52
670.38 242.65 0.28 5476.46
667.41 279.48 0.23 2758.61
679.10 350.89 0.14 5045.82
643.97 377.91 0.16 7631.79
702.52 195.81 0.21 3513.86
711.58 409.96 0.41 4478.68
669.12 273.40 0.24 4604.33
688.61 300.88 0.23 3662.77
623.85 494.75 0.20 1202.13
670.93 478.44 0.13 4837.07
713.87 448.96 0.20 6761.18
631.68 544.97 0.18 2612.26
552.87 541.86 0.24 4148.28
724.87 579.85 0.13 2991.65
753.83 570.67 0.08 4529.79
706.21 564.00 0.05 5508.43
687.33 698.12 0.08 3263.52
702.02 737.98 0.15 2504.20
679.07 659.68 0.08 3621.15
703.30 756.73 0.04 5896.49
618.16 650.10 0.11 4387.02
694.45 741.87 0.23 4012.95
690.17 613.77 0.21 4412.70
750.34 699.67 0.21 5931.47
767.20 871.73 0.16 2149.95
615.71 937.39 0.05 2136.58
715.69 891.45 0.05 6238.88
664.81 959.61 0.05 1959.53
737.80 923.89 0.30 6877.91
658.73 833.90 0.19 5374.42
682.28 959.70 0.17 1223.35
720.79 821.16 0.27 4729.58
912.52 115.70 0.22 4507.15
935.69 6.06 0.15 7038.57
883.84 178.71 0.02 2231.92
959.05 218.41 0.22 5864.56
903.67 69.92 0.28 2658.02
925.26 134.08 0.11 6175.68
906.79 97.57 0.26 3217.72
877.73 131.01 0.40 5126.29
892.64 282.78 0.02 2018.52
921.68 310.49 0.44 7026.89
926.14 318.59 0.06 1318.03
853.27 272.32 0.25 4658.71
963.26 360.22 0.20 2578.47
915.79 371.71 0.32 7300.71
954.21 308.08 0.19 6963.48
997.18 377.91 0.21 4578.10
915.51 433.15 0.10 6819.65
915.54 477.92 0.12 1060.38
961.52 541.57 0.17 5805.00
888.86 519.96 0.20 2819.09
890.88 590.47 0.15 3877.03
931.78 562.00 0.14 1215.28
873.10 475.95 0.11 4233.73
868.52 563.59 0.05 3324.35
908.67 731.76 0.11 3208.86
930.86 721.92 0.16 3015.85
953.17 781.45 0.41 6291.55
1004.10 646.59 0.26 2461.54
918.72 673.54 0.06 2691.31
865.03 664.88 0.25 3391.17
997.85 654.86 0.26 1970.41
958.50 754.69 0.29 3529.95
868.57 984.15 0.35 1115.29
918.62 808.73 0.31 834.85
961.98 844.72 0.26 5774.80
913.75 954.63 0.30 4356.76
826.69 942.32 0.15 6296.20
856.08 958.08 0.27 2717.29
932.70 878.47 0.36 3011.67
959.12 863.43 0.30 3185.52
5 56 55 69 104 90 60 59 61 83 82 141 110 138 130 172 94 100 58 29 71 32 35 106 145 194 158 67 108 73 99 134 139 137 51 53 48 103 170 182 198 159 146 188 199 200 193 196 120 154 119 116 66 68 15 54 92 57 165 162 168 171 178 180 173 142 114 107 96 95 124 101 140 98 192 186 190 176 167 22 111 152 148 70 74 76 31 30 37 78 62 50 63 17 39 25 18 16 19 27 8 7 3 10 11 147 151 191 153 160 40 80 132 125 123 136 117 118 102 86 84 49 46 87 88 89 93 135 13 2 9 121 127 177 187 65 20 12 23 24 52 14 64 26 36 38 1 6 45 163 128 131 72 150 195 157 77 144 43 85 164 122 126 115 156 181 161 97 109 143 185 155 75 28 79 33 112 133 174 184 183 129 91 105 42 4 41 44 21 47 81 175 166 34 197 179 113 189 149 169 
Best fitness: 34.15
2 56 78 73 198 194 186 92 23 29 69 61 104 193 190 134 101 143 144 87 82 6 60 118 178 183 140 105 27 32 30 49 46 139 184 189 100 59 53 167 164 172 154 120 171 161 174 93 102 64 24 31 25 35 22 21 54 137 152 182 111 68 63 108 76 74 109 50 58 67 66 37 199 181 146 86 48 94 10 3 11 126 133 51 107 159 197 200 153 141 185 192 188 89 83 95 99 180 191 106 65 115 116 130 97 103 7 15 36 38 80 40 72 62 151 147 177 135 132 165 170 136 123 122 168 187 196 160 145 96 55 70 119 34 39 75 20 16 13 1 124 173 71 17 28 26 33 114 150 57 19 52 45 88 125 127 121 128 157 195 155 158 98 142 85 47 84 129 179 110 112 18 14 8 4 166 44 9 91 131 149 117 113 138 176 163 42 12 79 77 162 169 175 43 81 41 90 156 5 148 
Worst fitness: 40.99

Mean: 36.99

Standard deviation: 3.41
