1413.51 819.55 3876.17 0.37 
1133.55 664.21 4079.37 0.45 
633.24 1092.55 3461.03 0.32 
575.11 1038.51 3778.98 0.35 
836.16 574.10 3856.38 0.39 
936.63 588.62 4343.71 0.38 
1378.77 1462.12 4301.24 0.45 
928.58 678.53 4777.65 0.41 
797.11 843.45 2467.09 0.27 
666.71 554.66 4268.28 0.39 
1075.40 1157.29 3978.55 0.29 
626.99 549.89 4385.12 0.41 
753.85 843.50 4650.21 0.64 
1109.75 909.70 4472.83 0.34 
1130.62 940.05 4606.04 0.41 
1111.08 897.69 3203.16 0.39 
697.06 701.88 4664.70 0.32 
661.98 618.25 3132.47 0.39 
1184.55 619.15 2622.13 0.53 
938.88 750.26 3855.95 0.36 
684.14 837.65 3963.28 0.36 
748.13 833.13 5057.53 0.31 
560.91 961.91 4671.57 0.38 
562.04 612.24 4203.19 0.35 
870.84 760.80 2607.34 0.28 
558.92 566.50 2393.30 0.41 
582.60 877.70 3670.20 0.34 
784.60 956.22 2758.65 0.44 
613.58 966.19 2677.06 0.47 
607.56 834.78 4556.03 0.46 
845.33 554.17 4619.21 0.40 
980.98 664.20 4210.28 0.57 
1150.54 911.97 4853.94 0.34 
863.63 582.74 2889.03 0.39 
650.36 600.52 3726.24 0.47 
693.26 659.21 3875.98 0.30 
1915.45 915.37 3996.20 0.46 
560.00 958.29 3880.94 0.15 
666.52 722.99 3893.93 0.61 
602.36 1760.47 3019.09 0.37 
601.52 1124.70 4091.07 0.48 
629.41 1248.58 2346.22 0.44 
583.71 801.15 4154.34 0.46 
651.47 1216.46 3345.08 0.44 
962.46 838.77 4931.36 0.38 
759.53 582.26 4449.33 0.45 
591.94 1213.01 2917.06 0.42 
848.08 560.51 3920.19 0.38 
980.32 571.52 4579.95 0.23 
704.51 921.69 3702.90 0.55 
712.46 903.84 3088.86 0.41 
873.75 704.53 3888.41 0.42 
639.86 641.76 3486.82 0.43 
607.14 875.93 3343.13 0.50 
901.02 1005.61 5344.98 0.41 
1144.65 967.32 4698.44 0.38 
628.60 880.50 4218.55 0.26 
558.10 687.65 3325.29 0.41 
802.57 879.91 2828.61 0.50 
1219.27 903.89 3979.17 0.33 
621.32 801.80 4337.63 0.41 
855.13 1065.02 3752.12 0.45 
636.02 660.72 4097.49 0.37 
1155.77 952.32 4624.31 0.62 
761.99 1797.69 5713.54 0.38 
1101.22 730.51 3849.62 0.44 
732.07 765.97 4564.67 0.53 
696.33 954.64 5493.53 0.45 
565.71 832.24 4139.16 0.47 
561.11 740.35 4491.58 0.28 
551.59 829.36 4016.97 0.61 
541.41 1052.73 4530.44 0.35 
1135.92 1068.18 3208.67 0.31 
1184.97 838.51 4614.19 0.22 
927.47 994.72 5629.15 0.58 
665.83 658.34 4397.09 0.46 
744.98 1001.87 3316.67 0.43 
825.70 1004.39 3987.11 0.33 
642.50 828.51 4234.63 0.36 
1292.73 903.36 4855.76 0.64 
975.56 856.19 4341.95 0.24 
653.36 1178.30 3960.99 0.66 
967.74 592.88 4834.01 0.42 
741.26 663.10 3512.46 0.36 
659.19 862.31 4583.14 0.34 
678.34 1058.41 4576.31 0.44 
1138.79 793.87 4112.30 0.34 
686.46 792.63 4288.73 0.45 
817.73 843.67 3623.15 0.35 
661.21 746.50 3575.47 0.58 
598.61 789.31 4667.59 0.36 
641.97 740.81 4632.44 0.33 
809.42 544.47 2923.90 0.37 
546.14 614.41 4113.04 0.36 
728.91 874.69 4749.22 0.30 
882.40 755.96 3784.96 0.50 
683.53 1092.38 4206.16 0.35 
643.38 607.72 3509.78 0.25 
701.86 742.83 4109.54 0.37 
710.51 1262.09 3766.62 0.39 
834.07 583.33 3993.65 0.39 
817.25 1030.98 4174.75 0.39 
812.38 649.83 3507.28 0.45 
918.63 932.43 3506.44 0.49 
698.39 974.21 4402.89 0.40 
542.49 1369.47 4287.58 0.43 
1055.95 705.68 3151.42 0.44 
747.74 1255.06 3860.32 0.54 
1249.93 629.01 4535.96 0.43 
1045.05 948.75 3763.80 0.37 
1189.06 578.31 3607.26 0.52 
1094.54 1305.11 4542.68 0.40 
652.57 980.19 4031.87 0.34 
960.41 718.15 5236.80 0.38 
1193.51 617.22 3783.92 0.46 
595.75 633.42 3686.32 0.35 
876.20 1482.37 3800.72 0.54 
581.89 551.69 2890.59 0.65 
697.18 631.66 4082.72 0.38 
797.59 704.48 4435.44 0.39 
1044.59 847.85 4136.70 0.16 
1123.58 771.18 3137.77 0.46 
765.41 764.46 4496.84 0.40 
574.09 748.41 4315.62 0.29 
749.02 1289.68 4951.39 0.45 
602.95 780.65 5263.13 0.41 
743.96 599.98 2665.10 0.44 
783.83 795.62 3723.35 0.46 
585.13 898.72 3733.07 0.42 
545.53 708.86 4017.23 0.44 
979.36 676.03 2692.84 0.37 
742.00 1059.66 2607.85 0.25 
554.45 544.85 2731.92 0.56 
973.12 616.65 4273.54 0.32 
1041.84 716.58 3883.23 0.44 
795.91 935.74 3661.33 0.32 
675.94 583.55 3146.51 0.49 
680.56 742.38 4055.45 0.43 
851.68 571.64 3011.25 0.39 
779.66 1376.92 4243.12 0.25 
585.17 1401.56 3949.77 0.47 
930.40 995.02 3943.94 0.40 
623.91 757.52 3953.22 0.40 
1088.48 735.53 3291.79 0.42 
1166.42 851.43 3698.62 0.32 
908.46 638.78 2864.43 0.28 
555.73 615.20 3279.59 0.25 
552.70 579.58 3511.00 0.27 
590.48 1045.72 3529.26 0.36 
846.31 571.76 4322.90 0.46 
545.66 637.46 2726.96 0.33 
1132.99 671.61 4379.90 0.46 
589.01 751.71 5453.89 0.50 
1118.72 840.19 4004.96 0.28 
587.04 835.60 4724.45 0.38 
556.87 947.68 4589.99 0.36 
1321.32 559.50 3216.08 0.37 
1130.10 562.34 3911.45 0.46 
1062.45 1057.85 3464.42 0.39 
716.08 656.46 3631.23 0.42 
552.79 1125.32 4572.92 0.37 
1007.73 557.91 3639.51 0.35 
648.44 1026.17 2743.37 0.36 
583.60 1110.19 5425.96 0.44 
1057.43 1164.07 5249.65 0.42 
900.40 1019.34 3608.09 0.30 
1315.37 1000.98 3680.05 0.47 
575.27 1226.27 3891.38 0.35 
573.02 591.67 4601.43 0.38 
946.45 568.85 4968.21 0.25 
591.12 778.37 3580.00 0.35 
1117.53 690.82 3542.10 0.41 
567.76 551.22 3483.50 0.29 
562.41 557.06 4471.99 0.40 
1084.25 1126.34 4635.99 0.49 
644.00 666.37 4917.94 0.42 
815.76 751.50 5190.78 0.27 
912.93 1058.82 4116.31 0.61 
572.33 780.96 3160.73 0.36 
821.27 632.37 3372.50 0.26 
750.78 601.80 5048.02 0.36 
917.71 726.65 3233.68 0.52 
1031.57 708.25 4237.44 0.41 
783.61 1371.77 3178.71 0.42 
1027.56 653.70 2976.20 0.50 
644.42 1240.84 3135.35 0.46 
567.67 724.37 2234.95 0.23 
962.21 902.48 4942.66 0.42 
685.73 838.31 4179.96 0.44 
609.04 929.54 3664.38 0.45 
620.45 1053.64 3354.97 0.55 
1407.78 1683.74 4053.69 0.38 
656.86 776.98 3810.57 0.64 
696.26 570.50 3642.54 0.41 
985.32 1593.79 2542.08 0.37 
805.39 776.79 3567.84 0.39 
1107.58 604.21 3437.30 0.43 
906.41 721.58 3112.73 0.24 
732.36 566.27 4669.75 0.53 
977.27 972.06 3694.59 0.37 
1038.92 944.43 4231.63 0.35 
