619.38 1098.07 3258.43 0.34 
592.61 1264.96 4733.98 0.50 
1361.77 898.45 4616.29 0.25 
1042.38 1183.71 4047.64 0.42 
1077.26 620.43 4293.52 0.30 
868.52 632.92 3221.31 0.24 
710.62 630.45 4286.18 0.41 
1076.16 1093.70 4299.55 0.20 
1310.18 975.74 2625.45 0.39 
752.23 745.58 5451.59 0.44 
643.16 615.69 4529.30 0.47 
604.02 667.26 4360.17 0.36 
742.81 710.34 3751.35 0.34 
813.82 632.25 4152.95 0.52 
709.47 800.04 4692.88 0.65 
559.46 658.71 5654.72 0.34 
825.54 612.36 3592.74 0.38 
981.99 1140.20 4655.53 0.20 
921.35 605.66 4120.36 0.55 
650.80 986.48 3920.84 0.43 
1022.01 833.08 3594.55 0.39 
