808.66 777.83 5448.20 0.47 
956.62 739.88 4116.94 0.52 
1125.87 1040.02 5338.13 0.44 
663.62 550.05 4296.56 0.45 
726.13 593.02 4390.76 0.45 
1243.43 878.62 3128.53 0.21 
1214.24 921.92 4709.39 0.26 
574.64 887.67 3821.67 0.35 
795.23 643.61 3855.97 0.38 
809.68 902.80 4119.96 0.62 
691.05 800.40 4081.61 0.26 
706.16 690.02 3503.74 0.38 
887.90 1142.11 3886.76 0.29 
554.39 654.66 4416.40 0.40 
952.18 690.95 5999.30 0.37 
847.51 1066.49 4702.12 0.35 
671.07 1000.15 4593.42 0.40 
1007.94 1053.21 4926.49 0.39 
653.60 1218.46 3742.43 0.33 
819.15 573.78 3610.87 0.33 
553.48 770.75 4709.17 0.03 
942.16 616.35 4567.81 0.39 
548.30 862.40 4619.87 0.32 
753.59 606.59 2927.19 0.42 
602.83 991.63 4666.15 0.43 
628.81 840.55 2684.04 0.54 
785.23 606.98 3725.98 0.37 
776.78 605.72 4432.67 0.57 
790.36 609.73 4186.88 0.38 
769.37 972.63 3522.16 0.46 
919.31 921.28 2945.51 0.38 
