904.00 654.75 3433.07 0.48 
762.72 1160.18 4061.98 0.41 
687.43 756.68 4146.42 0.45 
606.02 844.41 3798.32 0.36 
586.18 927.36 4253.86 0.28 
811.81 824.36 5446.24 0.36 
594.17 1152.27 3436.23 0.32 
1017.57 904.72 2893.56 0.50 
933.01 730.93 3574.34 0.31 
790.97 722.38 3714.98 0.26 
576.71 726.45 4157.20 0.35 
738.22 868.68 4404.47 0.35 
617.16 1472.23 4954.51 0.46 
683.18 942.50 3758.56 0.33 
804.16 757.45 4280.69 0.46 
736.05 768.15 4215.57 0.39 
865.99 767.82 4644.33 0.47 
953.70 837.66 4216.12 0.41 
844.70 945.67 3406.37 0.35 
553.90 968.09 3216.66 0.31 
861.69 606.05 4897.93 0.39 
562.37 604.62 4152.26 0.40 
811.58 935.18 3845.37 0.48 
652.68 851.13 5314.01 0.17 
973.39 556.16 4085.60 0.50 
613.54 602.78 4196.75 0.46 
957.94 1058.17 4373.31 0.40 
772.93 1078.71 4147.85 0.51 
802.43 786.82 4935.72 0.59 
542.75 1063.85 4541.55 0.49 
1066.50 661.43 3670.66 0.36 
694.58 765.93 4050.45 0.37 
722.51 827.02 4693.48 0.31 
1014.69 645.15 3506.85 0.30 
830.89 593.14 3438.96 0.39 
1131.84 1035.58 3683.63 0.42 
697.09 913.40 2943.08 0.29 
930.20 698.45 3773.24 0.36 
702.01 685.03 4831.27 0.16 
744.66 987.42 2324.12 0.51 
744.17 680.06 4587.38 0.42 
1079.99 812.34 4143.88 0.54 
673.67 689.99 3295.40 0.32 
976.97 699.29 4276.29 0.35 
608.05 652.89 2100.83 0.43 
819.30 808.81 3817.06 0.53 
580.52 614.29 3932.93 0.40 
583.90 584.95 3838.61 0.40 
779.69 1294.96 4327.30 0.47 
1017.41 665.15 3811.00 0.45 
749.09 619.89 3816.99 0.49 
1186.75 684.64 4434.23 0.49 
867.95 959.74 3529.72 0.59 
819.05 942.00 4548.92 0.41 
822.96 781.39 2679.58 0.31 
907.41 874.81 4092.01 0.59 
873.21 752.12 3328.23 0.51 
720.60 953.95 4505.39 0.48 
766.07 922.38 5228.94 0.38 
1415.25 829.52 4452.49 0.34 
1069.30 657.01 2716.06 0.50 
659.89 599.33 3017.39 0.46 
752.49 1291.54 5266.80 0.40 
1128.82 574.97 4397.01 0.46 
944.32 1318.00 4366.41 0.46 
706.81 688.71 3604.02 0.41 
698.83 583.87 4598.31 0.45 
992.20 693.52 5257.57 0.22 
920.58 565.88 5226.85 0.32 
625.17 766.56 4361.48 0.51 
748.91 833.67 4834.59 0.38 
1013.91 675.09 4004.55 0.49 
577.90 1376.47 4157.35 0.40 
736.54 625.29 4599.62 0.25 
685.79 555.32 3934.89 0.30 
817.39 593.63 2491.86 0.30 
769.21 662.44 4069.00 0.30 
1138.72 1155.17 3927.40 0.39 
661.61 872.84 4193.58 0.59 
944.46 929.96 3232.14 0.38 
954.54 728.83 3973.33 0.35 
701.88 605.21 4066.53 0.30 
725.50 855.71 3301.12 0.29 
852.42 911.38 4878.33 0.45 
725.91 863.15 4937.07 0.30 
655.71 776.01 3957.30 0.31 
648.17 881.96 5477.37 0.42 
992.05 753.95 3712.53 0.36 
709.59 576.27 3846.53 0.42 
733.13 808.34 3159.09 0.43 
908.48 1050.83 3505.17 0.50 
1262.54 602.73 4061.24 0.26 
734.37 1095.76 4494.29 0.45 
1066.74 752.26 3928.79 0.39 
921.88 942.08 4362.50 0.37 
837.28 937.37 4461.17 0.38 
1271.09 1292.29 3577.96 0.38 
1384.11 766.11 5400.56 0.51 
1259.30 661.52 3162.67 0.41 
702.43 842.99 3043.47 0.48 
617.58 589.74 4238.12 0.30 
725.01 589.88 3689.47 0.36 
1180.16 1127.22 4231.34 0.42 
664.62 862.14 4192.22 0.37 
799.62 742.04 2778.37 0.36 
1526.67 855.13 4574.11 0.55 
1195.71 664.96 3487.21 0.47 
1545.39 779.88 4170.01 0.19 
585.90 675.52 3811.70 0.40 
1039.37 949.69 3793.18 0.31 
738.21 1097.75 3287.84 0.48 
957.56 688.36 3216.90 0.34 
583.30 592.35 4417.31 0.61 
666.99 935.06 4459.29 0.57 
674.04 847.55 3162.80 0.37 
1026.31 565.30 3623.70 0.32 
830.63 681.77 3729.06 0.24 
551.84 726.51 4798.84 0.34 
1031.57 736.14 4325.33 0.25 
852.90 696.72 3046.23 0.35 
561.67 732.15 2854.31 0.23 
1010.32 622.08 4340.66 0.30 
605.23 990.59 3647.35 0.37 
1096.27 973.92 2999.16 0.38 
588.41 791.26 2904.24 0.38 
816.51 828.54 2943.66 0.49 
643.91 1194.56 4594.54 0.40 
791.32 1015.74 3770.61 0.29 
674.37 613.40 3592.05 0.34 
601.85 606.29 4624.53 0.47 
1252.65 670.81 4167.81 0.30 
717.53 957.73 4328.06 0.38 
581.10 959.11 4224.19 0.39 
579.26 549.53 3053.64 0.29 
574.68 783.55 3580.47 0.26 
959.11 1272.71 3920.01 0.52 
1260.74 1041.54 3642.52 0.26 
873.10 1176.97 4219.52 0.72 
874.97 855.66 4400.18 0.42 
677.36 939.04 4161.53 0.21 
602.20 541.85 4477.99 0.40 
1041.56 808.66 4707.41 0.49 
1512.97 656.81 3337.53 0.56 
608.53 814.15 4483.09 0.37 
707.31 731.84 3577.42 0.70 
674.46 914.92 5531.37 0.33 
840.62 982.51 3928.38 0.32 
723.14 861.20 2763.65 0.29 
559.67 1117.28 4197.39 0.42 
905.27 614.43 3463.88 0.35 
1201.27 608.81 3577.81 0.50 
