671.71 624.39 3423.32 0.50 
582.77 666.54 4933.21 0.32 
578.22 1073.08 4314.48 0.29 
963.63 664.01 3227.54 0.29 
617.96 953.09 4009.46 0.52 
926.81 854.87 4538.27 0.17 
1010.95 792.94 3702.83 0.45 
955.94 578.68 4433.99 0.44 
621.99 998.87 3456.02 0.41 
573.12 936.84 3909.32 0.65 
827.00 861.16 2868.45 0.32 
1066.28 1320.37 5051.24 0.37 
1012.91 1477.02 4172.69 0.52 
668.92 960.35 3441.55 0.39 
608.31 606.89 4202.47 0.48 
690.60 620.02 3733.81 0.25 
719.61 1123.10 4760.05 0.35 
664.34 891.22 3811.34 0.46 
614.73 559.09 4240.48 0.22 
1558.66 812.66 3926.13 0.49 
739.46 729.25 3243.40 0.41 
812.61 975.01 4055.33 0.43 
1162.32 617.71 2872.48 0.36 
645.55 578.22 4018.25 0.43 
913.05 706.34 4322.19 0.29 
999.16 1222.78 4055.40 0.51 
947.95 638.64 3564.79 0.46 
788.41 909.24 4276.59 0.56 
721.99 959.00 5302.32 0.59 
769.75 1057.28 4193.48 0.26 
566.22 892.02 5077.99 0.41 
568.49 1131.46 3069.07 0.34 
705.19 854.34 3931.08 0.46 
697.50 1025.21 4222.13 0.48 
895.98 581.51 4124.24 0.28 
1032.46 781.81 4766.83 0.26 
685.35 820.55 3789.03 0.36 
813.87 999.05 3948.79 0.25 
843.66 1620.55 3683.95 0.56 
719.13 1145.96 3915.21 0.42 
836.98 686.40 3309.74 0.46 
1236.83 1214.99 4242.36 0.42 
1327.53 604.91 4020.35 0.47 
1345.27 557.38 4075.83 0.35 
1036.37 862.98 5171.84 0.22 
795.17 884.12 3755.79 0.28 
1377.76 925.78 4083.68 0.43 
715.14 973.81 4141.02 0.19 
731.53 833.16 3953.35 0.52 
687.02 541.18 4111.55 0.41 
841.60 647.08 3536.97 0.55 
745.24 1106.90 3597.58 0.49 
552.52 574.55 3455.46 0.31 
983.82 614.38 4178.89 0.29 
1089.90 556.94 4060.43 0.49 
734.57 666.19 5145.68 0.45 
670.91 730.65 4036.78 0.30 
902.04 721.48 4960.64 0.37 
783.01 699.30 3647.23 0.39 
588.70 647.61 2856.02 0.51 
901.98 608.09 3967.74 0.32 
878.31 908.97 4226.31 0.46 
945.34 751.42 4416.82 0.34 
920.70 961.74 4103.01 0.51 
707.82 781.44 4447.35 0.34 
758.70 1103.64 4930.63 0.47 
591.35 1465.54 4762.75 0.43 
890.31 624.88 4322.47 0.32 
772.83 743.68 3634.23 0.25 
1120.95 735.69 5001.38 0.55 
708.24 790.97 3916.05 0.39 
1355.97 803.82 3637.20 0.54 
581.67 790.18 3438.22 0.34 
757.33 597.95 4183.97 0.39 
644.44 632.81 4627.29 0.45 
1225.76 1421.29 2506.50 0.37 
699.96 1201.52 3520.10 0.22 
966.50 875.05 5483.22 0.37 
714.85 1143.69 3344.66 0.37 
745.64 1130.49 4043.66 0.13 
555.10 900.03 3699.37 0.38 
703.79 1403.27 4587.31 0.47 
1240.70 792.27 4015.61 0.31 
797.48 699.30 5155.56 0.67 
556.84 955.98 2904.90 0.52 
576.31 693.18 4129.81 0.35 
850.42 570.42 3798.06 0.46 
866.28 575.20 4043.50 0.50 
796.95 931.71 3960.74 0.49 
1253.79 1019.73 3789.50 0.40 
547.23 645.32 4569.60 0.34 
711.06 788.96 3416.32 0.35 
582.29 825.94 4389.35 0.62 
580.18 822.69 3629.11 0.47 
826.90 595.57 4131.43 0.34 
809.13 1052.99 4916.71 0.46 
1074.84 1304.72 4853.08 0.36 
985.67 569.46 4370.53 0.14 
803.29 681.58 2201.17 0.34 
622.20 725.32 2392.30 0.29 
768.55 638.51 3703.43 0.34 
