754.26 747.72 3443.18 0.39 
707.09 1057.50 4204.84 0.39 
627.57 815.51 3596.50 0.36 
628.41 576.15 3410.60 0.47 
590.01 797.14 4788.83 0.29 
575.94 737.50 3475.61 0.48 
759.25 796.91 4925.17 0.44 
745.34 982.31 2643.83 0.39 
631.34 612.24 3351.47 0.39 
548.91 790.33 4521.32 0.38 
1238.64 1066.09 3539.06 0.44 
1281.81 562.32 4038.58 0.37 
1282.63 946.37 2627.44 0.48 
603.53 552.79 3616.27 0.31 
1044.04 703.59 2707.08 0.42 
719.58 699.96 4710.08 0.30 
828.41 658.59 4409.33 0.36 
903.70 968.32 2870.62 0.51 
617.23 740.64 3891.31 0.45 
566.16 750.10 4698.02 0.43 
717.45 550.65 3799.20 0.61 
635.19 945.89 4284.57 0.49 
1321.47 683.14 4353.70 0.31 
966.46 1207.50 3877.42 0.56 
614.61 1120.19 2968.18 0.36 
862.14 922.99 4228.65 0.43 
665.76 765.25 3559.76 0.51 
992.10 1134.92 5142.13 0.25 
715.24 589.20 3894.58 0.55 
682.49 1349.75 5271.46 0.36 
720.03 820.97 3826.52 0.34 
1050.49 986.81 3926.13 0.45 
711.62 1067.54 4314.29 0.35 
832.35 732.65 5394.36 0.12 
897.67 917.51 4618.72 0.48 
1046.21 919.07 5040.90 0.40 
1048.26 664.11 4519.88 0.45 
1141.18 903.97 5170.14 0.57 
988.11 550.18 4251.50 0.59 
542.15 1308.83 5281.40 0.32 
1038.90 715.69 4445.06 0.35 
1179.44 804.32 4363.98 0.63 
867.23 766.67 4426.89 0.50 
594.51 835.79 3532.49 0.35 
1703.30 714.83 4280.71 0.49 
656.98 737.43 3124.10 0.38 
925.68 569.36 4704.07 0.46 
844.70 792.58 4049.40 0.47 
1069.23 1158.24 4482.12 0.51 
546.51 710.65 3273.66 0.41 
1008.18 562.61 4192.75 0.46 
638.41 661.31 5139.21 0.52 
621.85 695.33 4197.77 0.50 
1073.08 554.82 3965.69 0.40 
775.16 770.14 3683.45 0.33 
612.09 1537.78 3515.50 0.41 
563.64 843.25 3901.67 0.14 
897.19 1390.11 3179.94 0.51 
829.76 1081.33 4817.16 0.54 
952.24 577.88 4987.24 0.60 
752.85 554.70 4315.66 0.39 
831.01 839.82 5168.86 0.39 
641.35 961.67 4418.05 0.37 
578.73 581.15 4120.54 0.46 
672.29 1088.13 4177.48 0.51 
735.02 1411.87 3538.74 0.41 
1021.78 833.71 3130.13 0.33 
846.18 719.85 3540.74 0.42 
566.42 574.40 4180.68 0.47 
611.16 1122.07 4596.01 0.43 
1194.18 650.99 4059.04 0.45 
