645.52 686.42 4757.47 0.43 
598.42 1010.99 4625.69 0.39 
1330.64 566.87 2660.87 0.35 
853.23 549.59 4022.82 0.31 
620.94 793.02 3493.17 0.52 
786.84 616.21 2735.22 0.42 
659.89 786.16 4719.13 0.22 
573.34 633.41 4300.26 0.27 
1078.54 968.00 4119.52 0.41 
573.38 631.23 2970.03 0.36 
993.96 842.37 3889.92 0.48 
848.41 623.17 3854.32 0.49 
854.29 961.81 4119.35 0.26 
540.90 864.68 3407.25 0.36 
554.39 643.15 3804.49 0.30 
1174.27 1538.28 4829.33 0.67 
678.04 810.21 4199.15 0.57 
586.24 726.34 3646.16 0.39 
866.10 545.14 4817.29 0.56 
1370.80 571.43 3593.02 0.32 
789.79 684.53 4752.98 0.55 
1190.51 788.98 4083.71 0.31 
1100.93 571.72 3807.91 0.41 
759.75 1161.27 5295.10 0.41 
889.24 625.83 3226.98 0.32 
1094.06 1075.63 2996.13 0.44 
580.22 987.52 3377.96 0.41 
889.61 744.73 4740.69 0.47 
788.47 857.73 3557.30 0.32 
790.99 752.17 3595.69 0.42 
744.96 1051.60 3178.33 0.52 
816.36 712.55 2612.68 0.42 
876.83 661.09 3735.07 0.33 
976.19 842.51 3473.36 0.43 
867.53 887.09 4386.22 0.53 
655.40 807.87 4096.00 0.42 
627.27 904.23 3207.35 0.35 
710.14 860.40 4923.99 0.42 
1237.45 733.77 3981.88 0.36 
865.13 1038.94 5094.57 0.50 
922.13 830.95 3757.86 0.41 
652.80 567.75 4478.37 0.28 
634.34 1000.34 4767.95 0.38 
825.58 567.60 3519.57 0.44 
954.46 629.27 4551.95 0.52 
709.69 1020.94 4139.74 0.48 
634.60 1178.30 3487.38 0.39 
704.38 825.02 3967.82 0.52 
701.61 686.87 5113.31 0.50 
613.18 599.80 3538.37 0.42 
902.62 908.07 3820.81 0.32 
700.06 1234.88 5761.19 0.35 
1045.60 543.01 4559.40 0.42 
553.62 782.89 5032.96 0.42 
880.78 718.75 4098.76 0.33 
642.66 823.79 4089.44 0.46 
933.97 800.17 2755.32 0.44 
592.54 586.34 4801.33 0.56 
865.40 957.79 3347.17 0.46 
1183.73 879.60 4022.11 0.50 
655.15 559.03 5672.59 0.35 
708.92 1099.91 3763.52 0.52 
725.35 1024.19 4073.68 0.50 
620.03 659.50 5167.29 0.38 
997.67 872.26 4013.66 0.48 
1164.96 647.78 3786.87 0.39 
552.36 607.42 4386.15 0.43 
596.41 790.73 3473.43 0.35 
624.42 598.64 4222.94 0.38 
541.77 675.99 4166.28 0.40 
565.76 974.86 4792.73 0.52 
1070.43 692.27 3795.85 0.45 
1012.63 932.60 4669.17 0.30 
564.07 555.86 5219.19 0.52 
682.89 923.61 3966.60 0.50 
660.78 1108.17 4644.85 0.27 
1076.69 849.40 4366.96 0.51 
679.13 951.90 3765.29 0.31 
775.86 608.39 4244.67 0.55 
789.05 903.18 5208.31 0.26 
905.30 820.53 3490.40 0.38 
