647.94 1258.13 3869.75 0.55 
920.96 777.24 2957.36 0.44 
1141.72 543.75 4618.20 0.51 
969.90 786.50 5322.75 0.38 
885.00 616.27 3799.28 0.32 
622.48 608.53 3916.12 0.34 
808.59 947.13 5165.32 0.32 
554.64 600.50 2568.91 0.20 
1071.98 811.56 4297.83 0.48 
971.11 743.93 3638.65 0.45 
766.84 1061.53 4017.85 0.40 
1089.69 563.43 4778.60 0.38 
600.29 572.29 2943.17 0.49 
666.61 573.66 3640.04 0.48 
1210.95 550.50 3507.56 0.24 
548.77 585.21 4090.23 0.20 
651.14 995.78 2754.77 0.53 
557.36 662.16 3431.84 0.46 
862.62 892.99 3243.58 0.45 
750.32 941.66 4950.62 0.39 
839.21 655.11 5440.82 0.43 
749.44 853.98 4248.17 0.38 
880.71 928.29 2833.24 0.37 
658.88 997.89 2970.97 0.50 
1002.57 697.47 3533.98 0.30 
578.99 716.20 4728.89 0.51 
1008.74 692.32 2991.99 0.53 
935.64 573.16 3930.43 0.37 
567.41 1016.89 2677.92 0.41 
1068.22 939.00 4084.57 0.38 
1145.78 807.96 3263.45 0.36 
580.22 692.78 3807.27 0.45 
809.89 1066.27 5368.35 0.54 
721.83 700.27 4712.15 0.44 
1228.46 810.02 3912.25 0.41 
1024.38 878.78 3254.09 0.55 
1050.07 686.90 4141.21 0.38 
613.90 985.40 3539.15 0.24 
837.35 633.78 3652.29 0.38 
596.99 801.25 4455.50 0.61 
938.98 964.66 2955.14 0.36 
