776.75 566.13 4146.88 0.60 
616.06 563.54 3801.55 0.49 
921.34 980.53 3769.99 0.09 
752.14 887.96 2876.80 0.45 
637.70 978.66 4158.65 0.42 
725.03 662.45 4431.76 0.25 
806.89 567.66 3968.68 0.33 
578.27 1098.68 4185.39 0.36 
960.15 1050.04 3883.21 0.49 
675.63 747.66 3825.35 0.36 
604.39 790.94 4480.68 0.32 
955.11 1151.96 3694.95 0.45 
780.07 1216.52 5027.49 0.48 
1484.48 661.39 3524.03 0.33 
556.14 570.13 3974.19 0.49 
710.89 665.46 4998.89 0.51 
627.40 1013.00 3949.06 0.47 
797.17 784.15 4881.54 0.52 
592.68 591.43 4058.40 0.42 
986.29 959.98 4176.46 0.52 
784.79 634.67 5019.38 0.28 
654.24 1056.97 4275.42 0.31 
795.20 1066.23 2814.85 0.38 
623.66 657.25 2895.30 0.50 
859.10 852.47 4513.04 0.40 
1475.62 868.59 4228.92 0.38 
666.54 1215.29 3178.17 0.53 
749.88 610.26 5006.04 0.38 
693.45 1468.58 4246.20 0.41 
942.85 782.10 4014.56 0.50 
630.47 712.17 3295.77 0.57 
864.75 635.49 2968.12 0.31 
591.23 1310.51 4386.60 0.49 
570.42 726.44 4363.02 0.37 
681.04 725.07 5877.74 0.39 
695.77 592.36 3028.70 0.48 
546.90 755.57 3299.27 0.36 
805.28 1110.26 4917.50 0.41 
543.65 687.84 5089.07 0.41 
946.15 885.04 3821.09 0.44 
672.19 835.46 3346.01 0.48 
545.97 598.75 4058.46 0.43 
924.14 791.29 2884.68 0.18 
1334.31 1556.58 4236.24 0.27 
646.93 563.33 3518.09 0.45 
725.12 805.27 2856.57 0.33 
966.87 752.73 4078.62 0.34 
1231.08 999.36 4116.80 0.33 
966.03 786.76 3166.05 0.27 
931.88 652.66 3098.04 0.43 
633.48 709.85 4651.76 0.50 
1108.43 1082.01 3017.40 0.40 
799.00 1353.39 3486.51 0.39 
596.24 871.79 4438.62 0.46 
990.94 708.13 4453.18 0.27 
1010.65 549.36 3063.23 0.59 
684.27 737.18 4619.05 0.37 
1125.64 780.06 3461.06 0.42 
934.21 1286.70 4723.80 0.32 
1138.27 543.26 4526.78 0.47 
566.95 1361.07 4573.43 0.50 
956.76 1234.68 3373.18 0.54 
775.82 677.84 5211.03 0.33 
638.36 717.72 2861.31 0.39 
560.61 875.84 3119.37 0.25 
707.73 829.76 3858.92 0.35 
778.53 1000.45 3571.53 0.43 
828.76 764.90 3469.69 0.47 
795.42 759.31 4787.28 0.40 
706.16 718.03 3557.56 0.54 
857.14 618.05 3299.41 0.42 
658.70 620.45 4372.49 0.43 
873.92 1281.73 3928.46 0.31 
556.84 569.41 3875.72 0.48 
1097.60 618.44 2876.63 0.47 
805.57 580.25 4040.04 0.40 
700.68 592.19 3504.69 0.41 
621.53 664.29 5155.65 0.24 
916.45 946.17 3351.54 0.47 
798.16 620.53 3591.23 0.60 
723.50 587.54 4404.37 0.43 
778.93 759.80 4300.11 0.56 
888.81 572.79 4953.60 0.24 
575.45 733.24 4228.69 0.47 
819.13 769.09 3681.64 0.49 
797.67 1231.16 4529.02 0.39 
641.94 638.75 4469.11 0.38 
685.57 917.41 3527.61 0.50 
657.84 1058.36 3745.42 0.39 
631.40 687.80 4505.96 0.38 
785.96 960.29 3855.31 0.49 
