197.57 229.40 0.48 2465.40
52.91 112.92 0.60 6188.02
59.68 43.53 0.44 4442.40
22.19 100.32 0.45 3257.68
68.02 103.56 0.60 7886.29
97.21 140.68 0.53 10061.22
61.41 271.91 0.60 6232.47
158.46 306.83 0.46 5335.82
145.79 281.39 0.51 6718.05
80.19 257.75 0.60 4054.38
197.32 221.01 0.49 1093.50
114.77 309.83 0.40 1401.49
128.92 492.69 0.60 9660.49
109.19 493.03 0.60 6379.78
89.36 531.74 0.43 2277.18
108.58 571.17 0.42 4648.70
60.42 413.03 0.33 6569.52
110.15 508.67 0.55 1783.45
78.34 815.84 0.45 10000.93
75.52 680.07 0.60 10461.45
3.08 638.54 0.39 5001.67
58.06 711.84 0.57 8072.75
77.80 738.85 0.52 10746.19
137.24 758.68 0.60 4041.38
45.04 818.95 0.46 766.32
73.52 964.70 0.60 7018.05
53.90 810.90 0.43 2433.80
135.93 914.69 0.25 10280.10
224.99 961.86 0.60 1879.09
6.52 946.76 0.33 5766.08
279.91 123.27 0.46 3951.97
229.57 70.09 0.43 4906.72
236.50 196.85 0.60 1976.42
355.89 161.37 0.34 1222.96
385.86 218.73 0.44 723.94
216.66 15.55 0.60 7613.31
413.47 292.86 0.50 9703.32
320.47 248.22 0.53 2944.85
258.53 420.49 0.45 5841.35
371.44 263.34 0.45 5771.81
294.89 305.38 0.54 3130.95
303.98 297.59 0.52 8264.08
300.59 426.46 0.53 5417.57
298.21 510.15 0.49 2103.10
402.48 441.66 0.51 7969.14
337.75 520.94 0.48 10118.25
349.26 525.83 0.41 4036.03
241.77 489.76 0.43 5551.15
247.23 827.91 0.43 4189.16
298.87 706.11 0.57 1971.20
353.17 747.44 0.60 9402.33
300.19 672.61 0.54 3662.11
327.30 584.16 0.48 3620.60
348.35 642.04 0.58 10316.62
334.58 882.74 0.43 10339.79
355.12 857.65 0.46 5881.21
331.02 866.44 0.46 7241.57
244.04 903.42 0.43 8651.68
337.38 902.77 0.52 6267.60
347.51 928.05 0.29 3625.41
432.88 124.10 0.54 1527.46
591.61 220.63 0.33 10720.94
486.31 192.18 0.52 9398.82
419.02 75.12 0.58 7516.76
446.65 77.42 0.45 2399.63
513.21 57.06 0.55 7902.19
516.66 266.76 0.47 8872.34
470.07 358.73 0.60 9219.20
519.71 227.96 0.60 7287.13
558.48 267.05 0.48 2818.51
488.51 373.26 0.52 4711.67
467.33 379.17 0.58 9296.75
471.07 467.41 0.44 6754.09
504.67 505.86 0.41 7252.57
416.09 556.87 0.53 8478.88
464.71 494.01 0.39 4278.46
511.76 612.28 0.49 2576.34
409.91 520.77 0.54 3194.54
467.13 699.07 0.50 747.90
570.10 615.93 0.47 5528.27
512.94 815.49 0.60 7442.79
530.06 738.88 0.60 1588.82
512.97 768.05 0.48 6962.65
550.26 686.60 0.40 9427.15
468.17 905.80 0.52 3179.58
491.27 855.58 0.48 10714.81
505.21 967.03 0.36 6469.75
509.54 790.99 0.54 9358.41
457.57 949.73 0.51 5722.08
502.97 908.84 0.60 5636.13
704.15 111.52 0.48 3598.28
688.37 116.99 0.58 7343.36
641.59 150.16 0.55 1436.54
592.85 150.79 0.51 3447.79
641.63 113.48 0.60 8191.89
790.25 154.79 0.46 9691.02
619.56 296.68 0.56 10005.48
729.91 267.52 0.46 8364.43
748.91 313.55 0.43 3767.20
664.82 318.15 0.38 7660.31
622.65 294.17 0.26 1756.97
644.71 302.19 0.60 1697.10
712.91 502.78 0.54 3132.34
620.16 472.28 0.50 8848.57
676.40 463.56 0.52 8375.11
654.09 494.17 0.37 2084.52
696.08 511.79 0.50 3252.81
705.28 430.81 0.47 3274.93
637.81 686.05 0.55 1585.06
682.23 675.70 0.46 2871.36
724.40 730.91 0.32 8118.76
715.84 744.18 0.45 4726.54
823.87 717.59 0.40 2040.28
670.99 727.08 0.44 3195.57
678.48 920.27 0.48 5976.39
686.71 857.66 0.50 7175.28
595.89 889.48 0.60 5979.20
703.15 913.94 0.29 6041.85
737.08 920.10 0.34 7210.49
696.57 865.14 0.41 3867.86
856.61 101.27 0.60 883.99
986.18 43.16 0.49 8163.91
844.75 56.31 0.60 961.97
932.06 126.03 0.40 7633.31
856.80 112.21 0.60 3264.59
861.12 30.00 0.42 6573.90
906.40 284.49 0.35 10173.20
861.21 360.90 0.50 1274.65
839.88 339.49 0.60 3202.55
921.78 226.04 0.38 7776.66
921.22 256.69 0.56 7567.96
936.25 249.67 0.43 3931.48
970.67 473.20 0.25 2116.66
999.61 477.98 0.47 5187.40
909.75 470.92 0.34 6921.97
877.33 500.48 0.60 8334.03
912.76 406.37 0.36 3533.68
909.53 546.74 0.47 10309.40
890.55 686.95 0.38 3432.42
953.29 781.25 0.51 9126.42
943.42 748.64 0.38 6677.54
949.51 739.32 0.56 9902.42
850.51 642.43 0.57 2853.39
829.43 767.37 0.50 9167.78
863.07 869.45 0.43 4084.64
936.23 868.06 0.48 10510.22
867.04 852.85 0.47 10755.13
833.74 835.79 0.56 749.39
885.32 938.06 0.60 6862.65
915.51 915.46 0.54 2209.30

8100.2325153980055
