50.37 7.18 0.25 8405.45
4.03 171.37 0.13 7852.67
33.61 171.88 0.23 5888.82
188.67 111.99 0.14 8894.58
40.02 362.37 0.19 6568.10
78.12 202.32 0.31 5936.45
18.22 243.62 0.17 6094.53
91.37 373.12 0.31 6998.68
65.75 582.08 0.21 6655.49
171.77 524.06 0.23 7359.93
139.60 560.56 0.15 6702.95
95.36 434.43 0.20 8485.54
2.33 694.50 0.25 6156.20
170.10 701.50 0.26 7851.51
38.45 776.01 0.26 5700.41
73.35 643.23 0.27 8044.81
176.87 835.03 0.23 5974.48
51.04 908.62 0.20 6750.45
151.02 908.17 0.32 6468.94
40.71 912.13 0.27 8649.90
262.54 124.11 0.24 6803.47
359.66 3.72 0.28 8439.60
303.91 160.07 0.15 8213.69
310.24 146.77 0.20 7221.47
317.58 327.03 0.27 7206.87
256.81 387.35 0.30 8057.64
345.12 221.51 0.18 7439.37
283.92 214.26 0.29 7967.90
295.97 550.25 0.08 5102.04
338.74 579.49 0.29 8546.52
312.65 442.87 0.07 6352.94
389.91 462.26 0.30 6547.94
394.31 762.22 0.42 6143.27
390.84 714.27 0.04 8690.74
326.30 760.33 0.32 6079.85
207.24 730.18 0.12 5054.15
225.02 898.84 0.12 7177.22
391.30 846.73 0.34 5788.77
268.33 954.42 0.20 6506.07
368.88 919.52 0.20 5359.25
599.56 50.97 0.17 7790.52
443.83 47.81 0.25 6701.19
599.98 121.78 0.06 8187.90
495.93 93.01 0.06 5557.82
594.12 250.86 0.03 7591.14
596.95 218.87 0.28 6321.10
429.24 245.88 0.24 7274.18
452.60 245.91 0.35 8240.18
408.43 587.84 0.03 7599.85
542.39 563.42 0.12 6761.83
516.94 459.15 0.42 7592.52
535.08 562.33 0.48 7457.15
481.05 778.83 0.26 7228.22
565.38 603.66 0.10 8789.92
541.05 633.09 0.23 5555.32
547.75 798.97 0.11 7414.41
457.14 844.40 0.10 7398.47
501.03 932.81 0.17 8144.98
557.83 822.46 0.04 6009.62
527.82 983.38 0.33 7499.97
602.51 19.04 0.19 7044.37
742.25 155.64 0.14 7004.62
621.93 55.57 0.32 6301.41
649.30 50.18 0.21 5470.94
784.67 398.51 0.27 6820.02
678.56 215.67 0.19 5614.10
612.58 261.33 0.21 8719.99
641.36 218.76 0.43 6979.45
684.25 551.90 0.29 7818.38
784.44 410.61 0.34 7072.20
738.19 591.07 0.12 7491.47
779.55 455.66 0.20 5754.89
700.64 688.65 0.06 5906.88
747.38 641.15 0.08 5979.72
617.79 726.33 0.32 6055.31
790.87 624.47 0.07 7164.47
739.51 815.92 0.16 5366.70
655.60 820.56 0.24 6507.98
767.53 955.30 0.18 6900.92
760.34 816.07 0.23 8639.00
877.39 37.85 0.15 7226.96
814.69 139.43 0.25 8051.69
878.64 161.28 0.22 5424.16
968.42 83.50 0.11 7627.99
924.72 389.34 0.19 6991.68
944.95 364.03 0.38 5648.76
911.64 398.08 0.14 4408.68
989.64 223.76 0.26 6228.64
933.07 506.62 0.28 5524.24
989.15 589.58 0.01 8425.96
819.14 524.66 0.33 7102.97
910.20 420.66 0.15 7231.21
839.62 691.14 0.23 7023.51
869.89 789.02 0.23 5911.49
893.15 778.26 0.18 6265.99
923.28 774.52 0.17 6001.67
881.67 943.97 0.22 7194.23
818.19 829.52 0.19 5781.27
800.91 895.23 0.27 6249.47
950.42 902.19 0.21 6827.58

10378.04
