40 25 47 17 61 34 33 8 26 54 10 63 44 55 13 64 7 1 42 11 21 15 14 18 4 50 6 30 41 48 27 3 45 70 28 53 67 24 69 31 36 35 56 20 38 39 49 5 37 52 43 12 16 62 9 57 60 2 51 32 46 58 22 29 19 65 68 66 59 23 
Best fitness: 4.05
25 61 36 35 3 27 50 56 48 17 34 64 7 70 15 14 4 6 45 24 67 1 42 11 66 41 12 16 9 69 62 33 8 26 43 30 21 53 28 68 55 44 54 63 10 32 51 2 57 23 13 60 52 58 49 29 38 39 46 47 37 5 40 22 18 19 31 65 59 20 
Worst fitness: 5.30

Alpha: 0.50
K: 0.01
Crossover probability: 0.50
Mutation probability: 0.10
Change mutation operator probability 1: 0.15
Change mutation operator probability 2: 0.00