102.98 54.00 0.33 7619.27
104.93 139.59 0.11 9268.31
168.59 24.26 0.11 9691.01
71.49 71.36 0.16 2609.56
40.87 74.27 0.34 4668.45
72.26 113.77 0.07 1841.58
185.34 380.81 0.22 8233.45
49.31 280.01 0.08 8796.23
212.84 356.89 0.10 3552.36
196.42 296.55 0.29 849.83
95.05 295.95 0.07 6248.07
44.91 259.47 0.20 5889.02
146.37 485.33 0.28 1501.36
70.30 517.55 0.26 4187.64
151.14 525.84 0.20 1237.17
144.13 535.78 0.14 7765.44
145.86 434.41 0.21 4270.07
118.36 458.86 0.23 5658.93
193.20 701.41 0.22 1454.95
157.78 666.79 0.14 7963.51
81.17 660.03 0.11 3956.04
64.00 685.62 0.08 5046.24
123.51 646.13 0.23 7179.19
156.08 661.61 0.20 3679.12
85.82 898.83 0.23 7617.03
82.12 867.52 0.25 4557.28
78.57 858.94 0.27 8082.18
79.18 848.05 0.23 6103.61
184.04 921.24 0.23 5976.22
37.26 855.85 0.27 3244.95
253.76 74.83 0.13 6529.42
259.54 115.71 0.23 5581.80
246.83 144.34 0.32 7726.39
288.69 72.28 0.23 867.21
315.83 108.99 0.17 5582.22
262.12 32.85 0.40 911.20
294.59 334.65 0.30 3382.87
321.03 281.16 0.18 10332.63
255.36 357.00 0.10 8535.68
283.60 216.44 0.22 1676.17
286.62 284.63 0.49 1015.58
276.36 293.14 0.37 6548.27
257.31 458.18 0.14 4647.55
297.49 542.06 0.27 3311.03
303.67 435.66 0.22 1950.37
287.11 547.87 0.10 3832.69
263.28 491.66 0.21 6365.71
373.05 511.91 0.23 4666.72
324.59 670.66 0.30 3963.96
353.85 652.05 0.26 5495.13
248.06 714.64 0.10 1562.33
303.26 683.04 0.14 9737.89
290.00 665.90 0.17 7814.08
337.25 691.13 0.28 4023.65
379.83 911.62 0.30 5991.36
380.32 921.97 0.26 3855.75
237.77 843.52 0.15 10274.85
254.18 857.43 0.29 3734.74
298.44 891.06 0.18 3419.12
260.46 842.54 0.24 6504.19
611.45 186.54 0.14 3553.83
531.85 24.55 0.13 9279.37
566.83 1.09 0.10 5892.12
403.51 25.99 0.33 8772.52
406.61 145.87 0.15 6302.14
411.10 76.78 0.27 1394.60
469.42 278.96 0.20 8417.45
489.01 285.55 0.19 9130.31
443.81 262.63 0.12 9573.67
495.69 293.54 0.23 9544.39
474.66 278.13 0.20 9952.15
493.94 356.42 0.26 4744.90
536.88 495.67 0.25 1413.26
511.34 532.66 0.36 2149.13
473.05 536.08 0.16 4825.40
539.12 472.80 0.23 6125.23
512.24 466.26 0.21 6747.07
490.78 524.47 0.19 2835.66
525.80 707.34 0.08 9181.37
546.71 679.02 0.49 2747.35
546.55 640.61 0.21 9861.97
510.12 524.08 0.33 3483.25
458.65 671.54 0.15 9656.59
570.85 776.16 0.02 8401.38
482.41 965.32 0.08 7569.63
492.76 963.30 0.11 2603.27
428.63 933.54 0.18 4121.29
513.01 862.51 0.36 9523.77
466.05 951.47 0.14 2591.45
487.31 894.53 0.33 2241.76
778.11 82.61 0.14 3503.48
722.88 124.51 0.21 728.49
697.33 132.98 0.35 5652.02
706.45 24.68 0.20 8273.81
683.29 158.90 0.11 5675.56
688.50 112.65 0.11 7691.86
662.89 473.93 0.42 2415.23
636.43 244.44 0.25 1438.87
714.56 306.19 0.16 3562.56
675.19 344.58 0.22 1936.72
716.21 299.89 0.29 1377.49
733.52 387.09 0.23 2042.19
730.11 506.40 0.02 1516.68
799.98 468.56 0.37 2382.60
737.65 414.93 0.13 1354.36
811.08 514.76 0.25 6795.71
732.87 613.83 0.15 7440.52
724.30 515.83 0.25 4344.25
766.76 736.47 0.14 10405.61
667.67 703.29 0.26 10768.25
721.74 740.65 0.35 8499.66
751.20 662.62 0.06 5868.57
608.09 692.00 0.20 5955.39
677.81 695.98 0.12 6180.52
609.94 957.99 0.22 6156.12
788.35 920.38 0.16 7663.51
743.75 910.11 0.26 10790.15
688.45 848.18 0.07 3545.22
770.67 866.25 0.20 2989.75
683.40 904.20 0.25 9429.62
900.52 12.17 0.31 5708.28
872.23 41.68 0.22 4964.62
895.23 70.34 0.17 3973.94
850.62 57.70 0.06 8014.32
884.56 118.43 0.20 10438.07
889.41 139.43 0.05 6207.12
951.86 366.35 0.11 6880.33
957.21 186.25 0.19 4596.74
877.46 318.19 0.42 1900.48
893.56 249.16 0.19 2473.36
904.73 294.01 0.06 7936.30
985.69 281.44 0.29 8084.66
987.33 494.53 0.26 4220.45
902.75 522.42 0.09 7274.98
965.70 484.49 0.22 5838.17
882.25 461.46 0.12 5762.02
862.79 459.85 0.10 2512.70
909.28 470.54 0.19 8991.61
869.73 641.65 0.34 3236.88
860.26 685.54 0.19 10564.55
921.37 656.43 0.14 9852.83
908.88 652.16 0.14 6398.52
968.90 707.60 0.17 9526.13
951.29 685.52 0.29 4245.80
930.15 878.12 0.17 3929.01
870.31 851.80 0.17 10615.97
902.91 853.54 0.12 8079.56
901.62 915.88 0.28 1633.40
815.72 908.48 0.20 10171.62
871.62 910.39 0.37 3903.12
27980.17911836732