92.35 176.98 0.10 8992.79
92.80 170.64 0.14 5529.25
78.72 153.18 0.04 10455.58
101.87 181.54 0.25 7676.27
0.35 7.25 0.32 3784.77
48.69 98.89 0.18 1421.75
94.94 101.90 0.11 4262.94
157.59 51.02 0.23 9531.68
97.57 391.06 0.37 5050.01
67.01 317.43 0.07 2778.59
124.37 311.18 0.24 9936.99
91.10 276.76 0.29 5066.64
125.12 298.98 0.28 9167.81
104.93 309.70 0.27 9469.93
154.54 278.86 0.09 5691.10
151.30 358.34 0.12 7703.42
158.02 534.55 0.08 6964.82
149.78 555.53 0.20 9279.34
130.81 540.88 0.22 8584.55
60.58 583.03 0.15 6712.37
147.62 571.49 0.30 4331.42
60.94 549.90 0.06 10594.78
147.31 412.18 0.17 8222.88
125.05 470.33 0.29 4793.46
141.29 731.47 0.10 3917.11
116.89 738.88 0.08 10694.36
81.88 797.23 0.16 3321.17
150.18 715.57 0.43 6163.77
69.55 584.32 0.10 8925.05
155.15 676.54 0.21 6635.15
10.03 721.01 0.20 6328.49
18.17 757.47 0.39 6853.88
141.50 938.21 0.25 6225.06
112.80 880.10 0.11 4955.09
7.33 876.55 0.16 2987.38
167.04 914.18 0.16 4575.70
95.61 946.95 0.15 8251.17
33.59 919.70 0.12 5934.88
112.95 782.59 0.28 7453.11
58.71 812.76 0.15 7587.46
296.16 142.63 0.12 2540.68
317.20 28.01 0.22 4284.68
342.08 174.01 0.35 2156.71
244.44 151.03 0.15 5709.50
291.76 178.55 0.29 2030.19
329.60 119.45 0.03 2953.17
376.66 165.17 0.29 3386.78
222.79 21.90 0.28 3120.28
249.51 313.35 0.03 5207.10
335.82 245.75 0.13 7023.15
344.82 268.50 0.23 6242.24
215.74 227.26 0.31 3230.18
264.21 397.11 0.01 5000.41
295.58 326.98 0.29 7333.19
391.15 273.45 0.22 9714.05
290.86 365.65 0.28 3606.88
300.06 575.04 0.34 5788.34
297.90 556.66 0.08 1211.71
276.74 554.58 0.16 5709.53
219.68 592.30 0.41 9766.43
324.20 477.44 0.02 4047.81
306.51 435.48 0.09 6361.32
233.65 482.50 0.26 7895.91
332.78 561.60 0.39 9661.96
333.31 727.10 0.18 1551.24
310.74 685.85 0.22 10770.85
288.81 685.73 0.18 2504.20
327.62 770.00 0.07 4601.78
312.40 682.41 0.26 5997.10
237.93 674.07 0.12 936.71
249.73 668.33 0.28 8131.08
313.72 760.03 0.22 10631.32
255.54 954.61 0.06 4639.50
267.20 879.02 0.22 1537.43
351.58 874.07 0.22 8343.39
252.81 954.87 0.30 2289.52
293.47 869.61 0.02 4094.92
304.91 808.11 0.24 4375.48
263.24 815.75 0.08 9064.19
249.51 949.32 0.23 7454.21
561.80 181.53 0.25 2731.63
479.26 39.00 0.25 4642.42
514.55 122.13 0.31 4833.55
560.10 29.99 0.19 8284.71
587.61 160.53 0.18 3459.97
436.16 51.32 0.19 7826.04
592.20 106.69 0.18 3689.44
549.84 74.02 0.39 1381.69
498.87 391.49 0.28 3761.49
353.59 240.33 0.32 10366.03
547.49 374.51 0.20 2568.64
474.00 332.71 0.34 3927.46
552.55 409.51 0.20 3285.46
496.59 262.49 0.16 2516.94
473.75 284.99 0.38 8032.45
472.59 376.20 0.24 4843.17
563.35 467.16 0.19 9936.12
486.53 483.17 0.26 10116.24
586.29 551.14 0.18 9538.91
479.41 582.20 0.27 6039.62
482.80 490.97 0.03 6277.41
487.05 411.98 0.44 10460.19
427.30 517.19 0.04 5628.14
563.03 484.27 0.34 2138.03
477.97 747.62 0.37 9091.68
554.57 707.87 0.27 8096.75
463.83 650.74 0.24 5625.27
485.49 680.28 0.26 7336.41
572.82 743.82 0.31 7850.05
477.17 713.14 0.10 658.40
610.18 710.43 0.21 1737.27
424.03 753.31 0.07 10345.11
495.90 956.83 0.26 6194.74
521.63 909.87 0.20 2943.99
493.87 917.81 0.09 6347.88
481.40 999.00 0.07 1646.27
440.63 951.76 0.22 10165.33
487.14 879.79 0.19 10395.66
523.41 886.39 0.04 4835.59
467.62 936.94 0.33 6438.87
690.85 73.77 0.16 5167.20
662.62 41.71 0.40 1042.06
577.70 93.88 0.14 4641.89
681.62 35.36 0.22 9811.84
702.75 163.40 0.13 3058.49
572.01 146.23 0.06 3176.24
685.75 147.90 0.23 4153.36
788.30 113.07 0.30 2061.52
668.18 363.70 0.18 1237.25
763.81 335.49 0.35 6446.23
621.40 349.32 0.15 9316.60
661.44 282.58 0.28 812.01
705.42 260.74 0.17 3186.61
703.43 318.29 0.13 4998.92
644.53 210.90 0.22 5102.30
764.27 367.82 0.24 8983.33
657.28 624.66 0.36 7616.37
689.04 421.46 0.28 10391.94
749.93 493.13 0.32 10456.76
722.44 533.15 0.13 5666.46
643.42 508.59 0.30 10006.56
636.47 463.11 0.14 9008.96
645.44 564.41 0.04 1200.67
680.60 450.13 0.28 5729.16
703.90 718.45 0.04 6119.57
744.93 754.21 0.14 9566.96
721.85 714.20 0.21 1584.70
681.65 589.72 0.31 9800.02
679.55 737.55 0.31 5589.34
579.61 710.56 0.17 6843.78
700.38 701.78 0.37 4249.50
687.00 720.04 0.23 7486.88
824.85 899.31 0.03 6704.48
619.10 842.87 0.14 7543.20
757.05 865.12 0.31 5527.07
725.19 873.71 0.26 2184.20
633.47 866.27 0.22 10528.64
742.85 974.69 0.20 8400.67
673.44 899.28 0.17 9215.94
657.93 912.63 0.25 9086.75
844.50 120.48 0.21 6908.11
877.73 54.99 0.24 3521.03
916.56 60.69 0.14 7519.41
804.50 28.80 0.19 8469.85
961.51 89.77 0.28 6788.79
927.57 165.91 0.05 8648.06
919.65 138.12 0.28 1505.44
944.64 93.34 0.21 8285.87
953.07 331.31 0.34 5402.41
999.00 212.87 0.16 3498.82
855.82 242.17 0.04 5690.93
874.29 379.86 0.19 2450.12
892.18 346.38 0.26 6275.94
894.75 262.99 0.12 3439.02
996.88 375.65 0.35 5042.55
858.07 407.55 0.14 4178.22
913.97 399.74 0.02 9099.65
890.77 492.01 0.17 9640.07
866.88 445.42 0.04 6132.40
896.17 547.91 0.14 7745.87
849.26 505.34 0.23 10683.60
841.86 471.62 0.39 5635.00
929.49 524.02 0.30 4713.10
924.39 518.32 0.18 2051.66
947.05 694.11 0.32 5602.87
889.32 705.26 0.13 5377.93
934.19 658.72 0.22 2925.02
884.87 721.65 0.23 5239.80
833.54 637.29 0.29 5146.14
786.94 669.18 0.08 7951.91
840.21 700.48 0.03 5127.98
890.59 702.85 0.26 8864.63
834.57 823.74 0.10 4775.51
805.78 887.49 0.24 4993.52
925.18 952.93 0.03 9627.48
879.33 954.65 0.37 6128.07
926.72 876.98 0.26 7483.22
839.71 892.02 0.16 8422.86
904.05 859.75 0.09 4524.79
872.32 883.81 0.16 2198.28
30194.81895528669