1 18 20 21 23 24 38 37 72 56 40 27 11 14 10 8 6 4 19 35 36 32 33 47 61 64 69 65 66 31 12 13 26 42 45 58 75 73 70 67 71 68 52 49 62 51 50 54 55 60 59 74 57 28 15 30 43 44 25 7 9 5 2 3 34 46 53 39 41 48 29 22 17 63 16 
Best fitness: 2.16
10 8 40 72 56 67 54 52 34 37 23 21 35 31 32 19 13 14 24 20 4 39 42 60 75 53 33 36 27 26 12 11 43 44 29 9 22 45 58 68 66 64 69 38 5 1 3 2 46 61 65 70 73 59 74 57 50 49 51 47 48 17 18 62 63 41 28 30 15 25 55 71 16 7 6 
Worst fitness: 2.92

Mean: 2.45

Standard deviation: 0.02
2 4 19 38 72 56 42 40 14 13 11 10 23 37 31 35 61 66 64 32 33 1 20 21 24 27 43 45 60 75 71 67 52 50 69 68 54 57 74 59 58 55 65 63 62 49 5 9 12 26 25 29 39 53 51 46 48 16 47 36 34 70 41 30 28 15 44 73 3 17 18 7 8 22 6 
Best fitness: 2.17
2 23 56 72 14 10 5 4 3 17 1 61 51 49 31 20 19 12 13 24 37 33 48 46 52 57 58 75 60 43 40 41 54 66 64 62 50 32 16 18 21 35 36 38 65 69 68 70 67 71 55 39 42 25 27 26 11 28 30 74 59 45 44 22 9 8 15 29 53 73 34 47 63 7 6 
Worst fitness: 2.71

Mean: 2.43

Standard deviation: 0.02
