15 17 23 49 35 19 40 28 20 56 71 1 74 63 85 36 66 57 72 68 2 11 5 86 8 6 69 38 58 54 4 7 90 10 84 45 39 51 44 79 26 65 73 67 77 81 64 34 41 48 24 55 52 75 29 13 70 60 62 9 82 83 76 47 32 89 18 61 30 25 50 78 42 22 12 59 31 88 14 53 27 43 80 46 33 21 87 3 16 37 
Moving time: 90.96 107.46 171.14 235.78 258.07 279.74 320.23 338.67 383.06 452.36 520.57 535.89 594.46 610.18 623.85 638.86 673.25 693.96 834.97 865.40 904.10 948.27 996.57 1052.05 1118.90 1149.82 1178.56 1219.98 1232.49 1279.79 1358.04 1373.37 1390.82 1411.31 1426.72 1505.75 1535.44 1558.13 1688.44 1728.55 1809.38 1927.16 1950.04 2024.24 2117.92 2159.36 2219.64 2262.16 2306.95 2352.86 2372.41 2405.84 2437.90 2439.52 2478.22 2553.97 2583.50 2671.15 2727.47 2825.44 2889.82 2996.76 3001.48 3023.89 3060.27 3173.49 3191.72 3286.90 3326.97 3383.23 3409.90 3465.71 3603.74 3672.87 3699.28 3761.42 3817.82 3846.75 3894.18 4021.53 4055.67 4174.10 4228.66 4316.86 4370.06 4395.67 4454.43 4498.11 4521.47 4605.22 4716.14 
Best fitness: 5.00
Worst fitness: 9.0
Average fitness: 6.83
Alpha: 0.50
K: 0.02
Crossover probability: 0.50
Mutation probability: 0.10
Change mutation operator probability 1: 0.15
Change mutation operator probability 2: 0.15