817.49 81.76 2333.40 0.53 
288.82 721.62 2345.37 0.41 
230.71 298.51 1743.34 0.38 
468.38 133.18 1466.64 0.34 
890.08 119.57 594.67 0.37 
522.83 514.20 1155.62 0.45 
505.66 135.97 694.72 0.33 
266.32 126.39 1399.74 0.42 
854.95 952.47 811.34 0.56 
512.07 1.95 1155.32 0.37 
963.47 61.56 825.27 0.27 
248.80 97.02 2221.20 0.34 
156.70 369.65 644.35 0.64 
761.19 23.09 2210.37 0.25 
238.12 744.06 1289.22 0.48 
657.14 567.28 2566.31 0.32 
8.62 714.01 1589.01 0.48 
63.20 319.13 815.30 0.40 
200.97 487.59 2263.99 0.33 
94.93 628.62 2512.72 0.50 
695.65 768.41 944.45 0.43 
394.75 301.09 1696.06 0.32 
974.57 701.32 1152.89 0.20 
803.72 690.78 1572.80 0.45 
100.54 331.52 1202.46 0.35 
545.09 566.71 550.68 0.36 
852.36 612.41 800.15 0.26 
50.33 499.38 1446.94 0.32 
847.13 585.89 2171.79 0.29 
358.94 841.74 1408.30 0.25 
719.82 428.96 630.11 0.46 
930.65 265.77 1861.42 0.34 
459.52 608.10 1561.71 0.26 
486.82 461.19 2249.63 0.52 
405.70 109.80 1939.89 0.31 
860.70 23.34 1275.76 0.57 
847.27 274.08 1039.71 0.10 
704.72 854.54 1215.31 0.50 
631.22 4.38 1556.27 0.44 
647.52 1.10 2276.06 0.57 
243.74 372.09 1262.65 0.25 
190.59 754.25 1201.68 0.25 
870.63 888.92 909.82 0.39 
311.07 888.56 2640.99 0.33 
448.77 952.06 2054.78 0.34 
626.55 7.72 573.99 0.51 
488.30 343.79 2022.17 0.37 
762.64 355.10 2735.49 0.32 
856.46 811.68 1022.13 0.31 
633.07 940.43 2063.21 0.34 
975.34 992.14 1537.65 0.45 
36.41 82.45 868.51 0.41 
285.02 548.11 1120.39 0.22 
835.86 191.61 1153.76 0.41 
973.43 851.58 2051.13 0.35 
17.38 870.81 1866.74 0.44 
68.17 788.85 1288.95 0.53 
815.84 823.44 546.09 0.38 
43.46 938.11 1172.82 0.57 
512.81 87.04 1870.44 0.46 
215.99 55.89 2779.46 0.50 
299.52 291.29 1783.12 0.25 
813.96 305.65 1316.98 0.35 
73.33 837.64 1713.64 0.41 
708.24 214.58 1777.99 0.48 
209.37 554.54 2074.12 0.55 
226.75 904.46 1646.46 0.32 
186.08 769.77 1686.87 0.48 
144.08 611.77 1311.15 0.55 
613.00 206.46 1750.97 0.45 
86.90 998.58 1534.41 0.43 
334.16 330.30 1592.44 0.35 
39.62 817.49 860.02 0.39 
185.12 6.14 670.92 0.39 
19.39 394.67 1380.12 0.34 
944.93 645.78 1498.68 0.29 
38.40 350.25 720.09 0.54 
527.52 607.08 3114.30 0.23 
236.69 403.93 1629.32 0.41 
434.39 925.79 1775.42 0.42 
179.65 887.88 2129.02 0.49 
580.25 593.93 839.11 0.25 
229.51 283.73 1709.50 0.51 
395.73 437.24 1212.11 0.43 
155.51 244.60 2100.32 0.37 
400.95 162.90 1840.26 0.44 
607.04 887.26 975.26 0.30 
476.90 649.20 1851.14 0.39 
180.43 829.13 2135.00 0.28 
789.51 910.93 2874.77 0.37 
833.93 386.94 2098.51 0.39 
645.89 105.83 1799.91 0.42 
695.15 389.65 1840.64 0.29 
591.81 235.20 1565.84 0.42 
537.45 231.48 2040.65 0.30 
351.37 949.11 1415.58 0.43 
631.88 598.68 1217.88 0.41 
28.78 786.51 788.88 0.34 
391.76 946.61 1090.64 0.41 
552.81 783.76 1214.96 0.57 
379.06 433.84 1975.66 0.56 
66.06 269.06 641.50 0.41 
325.31 995.94 1264.39 0.45 
715.61 753.33 1211.70 0.47 
900.94 370.45 634.02 0.51 
664.90 633.91 1634.04 0.46 
942.67 681.04 2682.61 0.66 
645.62 279.50 1667.21 0.46 
691.27 117.52 1054.54 0.40 
736.01 374.39 939.56 0.30 
604.35 978.93 2927.30 0.40 
471.80 905.94 1395.99 0.36 
369.99 0.74 1380.94 0.37 
756.19 199.41 925.96 0.42 
565.63 290.28 701.84 0.47 
176.45 83.65 1834.23 0.40 
768.07 124.54 1330.00 0.33 
301.12 834.01 1522.75 0.30 
940.10 302.94 2162.62 0.19 
819.77 536.09 1730.13 0.33 
287.99 129.76 1585.12 0.44 
198.29 76.41 1713.57 0.29 
23.90 563.40 1280.63 0.42 
8.63 51.03 1105.10 0.44 
176.03 704.20 810.35 0.26 
610.04 527.13 2612.71 0.45 
693.36 892.42 1638.85 0.55 
219.16 159.67 1327.67 0.50 
97.41 0.75 1763.59 0.43 
119.84 597.81 1311.95 0.34 
172.07 481.54 2445.81 0.56 
298.45 184.57 1379.49 0.30 
66.29 770.51 731.83 0.34 
813.48 506.40 1161.00 0.39 
452.19 363.38 2176.22 0.51 
842.73 564.43 1139.77 0.27 
350.42 328.66 1832.64 0.49 
422.41 969.85 877.14 0.61 
50.81 961.50 1928.67 0.27 
177.90 196.83 1468.94 0.47 
443.35 435.84 951.26 0.16 
827.46 216.89 918.85 0.37 
583.47 594.51 1496.49 0.39 
352.61 779.39 1160.94 0.47 
577.46 800.55 1365.64 0.50 
609.44 760.76 695.54 0.32 
845.35 134.23 1187.64 0.49 
895.07 775.05 1330.22 0.37 
536.83 186.03 1828.29 0.43 
876.46 95.25 2401.47 0.41 
704.63 499.25 1235.60 0.47 
129 52 124 74 10 113 77 13 18 102 143 31 115 86 140 116 70 108 110 34 41 79 84 101 46 40 109 97 6 26 80 138 100 82 137 72 7 147 36 5 105 151 91 107 58 23 148 43 50 87 45 146 145 21 90 9 24 27 134 120 114 54 127 38 104 103 73 57 68 59 125 20 25 66 28 75 85 128 131 15 144 99 42 69 135 8 121 53 19 123 3 83 39 149 60 4 35 22 47 65 92 11 1 117 94 126 93 51 49 106 98 133 17 64 89 118 2 62 141 48 111 30 67 96 136 142 63 16 33 130 61 132 139 56 119 32 150 78 76 29 112 81 88 44 55 95 12 122 14 37 71 
Best fitness: 86.36
52 116 100 146 26 66 25 68 96 138 24 27 58 144 13 77 102 59 103 143 145 127 9 90 49 119 46 74 129 124 122 149 107 21 137 94 115 54 36 5 105 76 29 136 120 31 134 110 84 130 28 131 60 7 8 132 86 65 1 117 109 128 140 18 125 151 48 126 82 97 57 73 133 17 118 44 15 69 121 147 91 106 87 43 38 104 63 142 108 70 114 101 22 135 6 81 71 112 4 40 41 75 42 53 79 83 51 111 67 20 123 33 78 88 47 95 64 99 45 10 62 3 35 92 32 16 30 98 2 50 148 23 72 141 34 113 61 39 11 150 80 139 56 19 85 12 14 37 55 93 89 
Worst fitness: 109.48

Mean: 98.32

Standard deviation: 21.71
