782.23 706.45 1599.55 0.40 
109.22 861.67 1606.04 0.29 
240.58 285.97 625.98 0.40 
159.11 383.17 2356.32 0.41 
489.58 769.05 591.07 0.67 
94.38 320.83 763.85 0.35 
760.11 571.14 1144.80 0.29 
791.36 81.34 1652.38 0.34 
288.19 358.07 811.84 0.48 
951.24 102.02 985.98 0.53 
435.13 110.26 868.45 0.31 
218.78 446.30 2018.47 0.33 
262.56 271.57 1124.68 0.56 
173.11 63.59 847.36 0.34 
86.56 622.45 1878.61 0.45 
277.70 132.31 776.60 0.43 
328.17 144.07 1436.35 0.21 
701.04 331.57 885.59 0.40 
466.06 874.27 1839.75 0.56 
565.16 501.46 1669.56 0.48 
632.51 593.27 2037.67 0.37 
80.80 148.34 1321.01 0.32 
507.61 817.48 1553.06 0.33 
322.28 649.16 1410.28 0.35 
614.08 677.85 1350.03 0.29 
174.59 906.96 588.33 0.53 
935.62 669.20 1387.02 0.33 
541.73 34.89 791.96 0.27 
336.50 291.59 1980.66 0.44 
988.13 403.01 1132.33 0.53 
493.73 273.10 1392.17 0.37 
42.11 904.63 1652.92 0.49 
735.32 334.77 1432.15 0.31 
827.26 496.42 1405.59 0.34 
156.83 498.97 1658.46 0.41 
108.65 180.65 1610.37 0.41 
841.89 375.81 1787.29 0.49 
307.58 443.71 778.40 0.48 
694.11 13.48 964.42 0.48 
311.95 389.74 1648.14 0.23 
881.58 44.67 1082.09 0.26 
14 36 3 13 9 38 12 24 5 26 32 15 35 6 16 17 11 28 39 41 10 18 31 20 21 7 1 27 30 37 34 33 25 23 19 2 4 22 29 40 8 
Best fitness: 5.97
15 26 5 29 16 14 6 38 9 3 13 11 33 18 10 41 39 28 8 30 37 31 36 22 17 20 21 25 24 40 4 12 35 32 2 19 23 7 34 27 1 
Worst fitness: 7.79

Mean: 6.83

Standard deviation: 0.14
