547.82 729.22 7414.57 0.35 
542.43 566.76 7911.28 0.41 
712.57 631.80 2050.67 0.46 
654.04 580.02 3805.14 0.37 
582.30 578.24 3180.16 0.40 
546.66 716.35 5781.23 0.55 
576.61 673.31 7878.72 0.47 
557.38 564.83 7444.77 0.28 
597.22 821.78 4118.75 0.46 
555.13 601.49 1103.46 0.31 
656.88 580.94 3465.22 0.38 
662.31 543.52 2264.50 0.36 
680.13 734.36 4875.30 0.50 
595.78 577.65 4422.84 0.37 
590.34 572.34 4949.10 0.45 
764.98 541.97 6637.37 0.29 
685.69 638.15 720.48 0.28 
581.32 602.69 4573.25 0.43 
603.56 625.82 3634.59 0.37 
688.21 648.65 3433.29 0.37 
562.13 610.86 1428.26 0.41 
653.66 556.10 832.93 0.55 
611.37 621.40 5676.38 0.41 
614.49 555.20 5486.33 0.34 
540.49 858.68 6015.31 0.45 
612.27 612.05 7543.02 0.43 
767.71 597.71 3067.24 0.58 
682.80 591.56 5783.73 0.31 
559.68 556.33 1178.68 0.48 
597.37 703.47 6059.38 0.35 
638.26 543.68 7394.19 0.38 
616.67 708.49 5222.38 0.33 
540.19 586.18 5012.35 0.38 
842.66 625.83 4074.58 0.34 
622.45 579.71 7295.54 0.28 
589.84 598.77 2769.09 0.43 
630.41 552.42 7875.86 0.24 
645.31 571.14 3166.98 0.29 
553.93 635.12 1614.52 0.28 
541.85 598.95 6255.33 0.46 
671.38 574.66 5688.11 0.51 
648.08 602.76 2806.57 0.44 
556.15 600.52 1367.43 0.33 
672.28 590.95 993.82 0.36 
617.08 568.49 6208.47 0.43 
690.98 649.67 4294.04 0.36 
578.77 596.40 2404.32 0.28 
556.10 780.75 2185.02 0.43 
632.80 663.52 5203.58 0.40 
588.14 632.54 7548.08 0.31 
667.32 598.75 4198.39 0.53 
691.20 622.99 2544.73 0.42 
617.38 566.25 6803.41 0.25 
644.83 597.64 949.09 0.31 
634.49 580.79 2056.60 0.32 
630.39 540.34 2330.40 0.40 
648.92 543.77 6862.67 0.34 
573.36 703.59 4192.56 0.25 
933.41 540.20 2558.59 0.28 
666.31 574.35 2333.78 0.54 
672.95 577.84 6884.92 0.30 
593.78 653.93 604.28 0.32 
639.48 610.32 5383.46 0.35 
750.43 593.66 7739.77 0.51 
561.03 667.41 4615.91 0.48 
627.95 591.72 6201.26 0.23 
600.09 582.17 6474.81 0.46 
877.88 615.35 947.71 0.29 
639.17 672.15 669.83 0.62 
576.26 590.11 1347.32 0.39 
663.79 555.38 4883.18 0.42 
656.91 665.20 1789.96 0.50 
585.15 562.06 2977.64 0.41 
671.09 596.98 3890.20 0.27 
627.18 559.93 7172.08 0.46 
542.03 634.93 5525.00 0.30 
548.96 659.62 3860.16 0.35 
591.08 605.33 4398.37 0.34 
552.21 749.97 7078.80 0.34 
573.50 557.29 3427.42 0.59 
641.02 604.70 7810.36 0.48 
552.15 612.12 7779.95 0.62 
541.50 733.49 1004.66 0.22 
659.83 751.41 7965.54 0.53 
589.02 610.56 6238.84 0.50 
584.72 626.15 2043.67 0.49 
633.14 641.84 5850.25 0.41 
618.09 641.12 1709.03 0.36 
576.20 634.56 7354.69 0.22 
661.64 749.86 5132.27 0.21 
663.04 610.89 5971.25 0.42 
589.17 640.76 6243.32 0.37 
550.11 554.04 6959.77 0.41 
614.89 760.99 7222.52 0.23 
597.78 623.31 1867.48 0.40 
572.72 546.71 2465.58 0.38 
602.64 706.67 2048.53 0.31 
764.76 872.69 1282.81 0.48 
587.45 562.42 6734.04 0.28 
548.34 540.86 2177.69 0.34 
649.73 830.88 5508.17 0.29 
630.21 625.48 6369.21 0.34 
594.89 649.75 4976.74 0.49 
646.69 604.56 2015.83 0.59 
720.85 686.02 1803.79 0.36 
545.65 582.03 5923.96 0.33 
635.85 563.77 4646.55 0.47 
608.69 578.25 7863.38 0.28 
583.87 576.62 2212.18 0.45 
584.88 563.05 2456.57 0.45 
552.36 580.54 3017.34 0.22 
620.06 672.17 3123.93 0.51 
670.54 732.47 794.37 0.33 
703.70 663.95 5396.99 0.25 
725.97 732.88 7999.89 0.38 
580.85 614.68 5304.85 0.47 
702.16 621.98 4371.77 0.31 
566.94 654.92 3732.78 0.40 
561.74 695.07 1771.12 0.50 
595.87 623.96 3758.19 0.37 
578.16 550.26 1353.83 0.39 
545.21 682.56 1217.71 0.26 
591.54 693.99 982.24 0.43 
625.92 919.25 7085.24 0.33 
772.87 561.82 6096.03 0.41 
642.32 621.12 2008.09 0.33 
581.70 636.41 3891.90 0.49 
677.13 684.99 2974.14 0.41 
769.44 542.13 3786.24 0.42 
563.34 598.66 2964.66 0.38 
611.79 656.69 6311.34 0.38 
574.17 618.57 2225.40 0.28 
650.43 677.99 1324.74 0.43 
585.42 677.18 1133.09 0.31 
667.85 618.67 5407.20 0.30 
643.95 806.08 2969.58 0.39 
711.12 713.45 7578.73 0.35 
578.00 571.15 7264.07 0.36 
650.44 625.94 7744.76 0.53 
708.83 732.58 5933.27 0.39 
615.47 686.75 1855.35 0.41 
563.32 813.72 1515.11 0.53 
556.89 711.24 729.45 0.48 
728.44 665.90 3144.72 0.60 
559.61 557.57 4229.41 0.33 
651.47 733.98 3930.68 0.36 
724.33 578.95 7817.63 0.33 
801.64 588.52 1129.18 0.55 
590.73 606.93 4221.29 0.33 
591.37 576.61 5044.50 0.20 
546.92 652.16 3899.03 0.54 
547.57 580.06 6245.11 0.39 
679.78 689.49 3448.84 0.56 
700.33 579.35 7428.59 0.53 
555.00 636.59 5662.74 0.48 
601.74 574.50 1637.26 0.37 
661.28 577.59 7792.69 0.51 
593.40 574.14 2227.30 0.52 
651.83 670.89 6126.28 0.55 
570.96 715.55 6310.46 0.39 
575.29 903.56 2078.98 0.45 
566.59 588.62 1781.23 0.59 
696.98 588.24 2412.66 0.43 
546.13 643.15 6278.53 0.32 
622.44 617.17 1835.51 0.27 
648.43 693.19 2166.12 0.50 
670.92 660.66 7904.93 0.47 
691.60 588.99 4617.08 0.35 
584.94 651.68 897.78 0.45 
725.42 747.86 2244.69 0.33 
631.71 682.88 1808.66 0.11 
677.49 576.08 2885.88 0.40 
647.22 589.20 5250.08 0.26 
660.66 561.63 3775.65 0.33 
721.53 578.17 4734.02 0.44 
681.33 552.36 4686.80 0.44 
574.17 548.42 4763.15 0.51 
586.83 672.75 6243.43 0.49 
625.48 752.13 5346.26 0.38 
559.64 714.57 4086.57 0.38 
554.77 591.79 5855.08 0.50 
558.56 691.66 2444.61 0.30 
555.86 639.24 1310.71 0.27 
569.70 563.60 6440.49 0.63 
550.20 651.51 3094.70 0.41 
685.66 553.95 3312.60 0.43 
547.33 717.68 3152.11 0.50 
626.07 641.84 1582.33 0.51 
566.76 547.69 6027.96 0.13 
579.27 548.68 1400.74 0.34 
604.02 719.34 4101.20 0.44 
756.92 597.90 6518.80 0.32 
542.58 583.62 4156.86 0.28 
754.83 688.59 6776.05 0.51 
588.45 623.51 952.00 0.38 
605.50 566.93 3542.77 0.40 
566.80 646.19 2917.84 0.53 
547.12 587.60 6360.38 0.29 
698.72 603.71 3742.01 0.43 
636.49 553.99 6198.19 0.31 
610.75 569.52 4511.84 0.40 
