564.82 558.38 1696.50 0.52 
781.79 678.02 943.79 0.33 
701.67 587.14 7499.21 0.42 
721.98 567.99 5310.14 0.62 
576.01 616.53 4402.27 0.52 
611.71 617.03 5626.81 0.52 
544.78 696.90 5188.41 0.45 
598.49 608.15 4594.91 0.32 
645.73 574.57 5447.82 0.36 
700.23 567.95 6510.63 0.21 
644.36 759.57 7816.87 0.28 
577.83 791.99 1402.68 0.50 
540.41 568.48 3381.45 0.40 
673.99 575.79 5922.51 0.39 
599.77 754.24 6055.31 0.40 
840.61 850.50 2252.99 0.15 
694.81 724.76 1952.42 0.45 
754.71 626.14 1444.98 0.26 
790.29 555.59 5495.38 0.50 
616.35 560.16 961.25 0.32 
562.31 648.18 4311.07 0.36 
605.77 574.00 6417.16 0.59 
604.81 563.83 4473.45 0.36 
702.31 573.78 4717.15 0.31 
549.22 600.62 1181.51 0.54 
653.11 590.28 1561.10 0.48 
696.32 623.87 3618.73 0.18 
598.68 581.87 1718.03 0.37 
636.04 587.80 4937.52 0.37 
686.76 696.39 1476.28 0.51 
669.10 769.30 2517.26 0.41 
