609.12 683.04 6891.33 0.58 
680.01 646.71 2978.70 0.36 
649.11 568.97 6998.85 0.38 
617.55 553.75 4557.55 0.48 
618.72 570.71 820.66 0.38 
557.22 636.76 7400.44 0.38 
553.13 776.60 2697.45 0.35 
608.15 603.15 4376.57 0.37 
564.92 567.47 5673.66 0.55 
752.45 666.36 4757.33 0.47 
665.33 683.65 1406.59 0.45 
691.86 544.76 4774.50 0.44 
559.46 555.06 4914.85 0.27 
921.71 553.23 1739.23 0.38 
706.96 546.60 733.02 0.44 
677.66 613.75 7366.09 0.54 
584.26 571.12 3655.31 0.49 
575.22 548.17 6753.75 0.44 
643.71 560.10 2124.41 0.46 
555.07 558.67 6083.38 0.24 
562.89 692.14 4415.53 0.49 
713.00 637.90 2144.10 0.52 
642.99 563.24 5785.01 0.48 
548.72 545.52 4799.82 0.32 
555.96 607.83 1108.32 0.49 
617.60 573.47 4664.19 0.24 
610.11 581.71 5066.50 0.47 
562.70 610.70 1670.78 0.40 
864.65 583.50 1632.01 0.34 
611.89 636.60 4978.08 0.37 
589.21 724.88 1656.25 0.39 
574.58 614.93 7797.10 0.38 
548.41 652.88 1817.32 0.21 
619.92 561.52 1070.41 0.51 
771.43 700.20 3328.72 0.49 
708.93 599.42 5511.97 0.26 
585.22 875.81 5291.00 0.25 
572.94 664.76 3887.90 0.45 
710.33 683.91 5547.97 0.44 
561.05 550.23 3548.84 0.44 
577.54 916.19 3388.27 0.22 
