583.31 611.71 6417.26 0.60 
624.70 627.84 2845.89 0.26 
602.80 697.15 6637.90 0.35 
696.90 637.25 6880.76 0.28 
621.32 685.72 4916.91 0.45 
620.91 651.21 3647.36 0.40 
711.42 728.03 5783.45 0.45 
609.31 551.28 597.22 0.32 
606.54 560.68 7951.60 0.44 
594.74 563.57 4950.96 0.34 
594.83 592.25 6710.08 0.39 
650.51 630.08 4685.23 0.42 
616.58 612.74 2757.46 0.38 
581.81 571.40 3049.75 0.59 
624.92 880.67 6174.27 0.40 
795.56 611.55 6859.71 0.52 
596.04 609.97 7507.15 0.45 
596.81 585.74 5487.92 0.40 
703.03 562.04 885.69 0.49 
555.87 680.35 3401.36 0.48 
543.69 583.51 6829.83 0.38 
609.01 646.99 737.45 0.52 
544.52 611.29 6261.17 0.38 
669.78 577.66 1706.03 0.44 
621.09 645.93 3614.10 0.31 
581.94 749.47 647.88 0.22 
619.82 586.73 3226.07 0.30 
596.72 602.19 5980.83 0.27 
568.22 735.11 6158.09 0.39 
602.46 541.70 4757.28 0.31 
732.57 564.18 3178.50 0.31 
574.74 610.94 5418.27 0.34 
667.84 575.59 2280.57 0.38 
743.25 693.78 1497.45 0.20 
660.62 636.07 1147.93 0.51 
704.25 682.42 4993.52 0.44 
590.98 552.87 5234.25 0.28 
541.12 656.72 3313.82 0.35 
753.78 610.13 983.80 0.43 
737.37 568.22 3416.63 0.33 
560.75 601.82 648.52 0.26 
565.46 609.75 6131.61 0.35 
681.30 699.31 7342.23 0.45 
570.77 718.37 711.71 0.38 
542.72 630.23 4312.32 0.47 
597.28 595.92 4133.63 0.49 
655.13 772.63 6299.06 0.43 
649.53 663.10 5127.82 0.46 
877.23 683.50 2690.25 0.24 
544.39 568.90 2632.46 0.32 
595.96 768.39 7246.24 0.32 
580.11 566.81 992.70 0.54 
561.10 574.09 7444.68 0.42 
653.33 610.07 3939.74 0.25 
644.09 668.22 6825.06 0.42 
548.40 572.16 2839.84 0.37 
704.70 557.43 6595.25 0.42 
692.11 561.37 7058.98 0.32 
626.39 747.28 7014.71 0.51 
625.95 708.13 7651.62 0.47 
565.76 596.58 6303.12 0.51 
790.35 691.64 5094.40 0.29 
614.22 703.62 4327.24 0.35 
558.84 556.80 7746.99 0.43 
574.10 644.65 2342.16 0.38 
547.14 581.11 818.43 0.39 
706.39 599.85 881.38 0.16 
588.54 754.31 3340.93 0.52 
606.45 659.70 1591.61 0.36 
568.97 569.72 4372.85 0.46 
679.70 747.35 3976.66 0.24 
836.81 627.44 6554.32 0.35 
567.32 560.29 4895.55 0.32 
675.64 577.96 6634.56 0.23 
581.35 733.29 6906.53 0.38 
863.14 556.10 7038.45 0.47 
736.56 555.15 6363.35 0.26 
596.80 661.09 7516.15 0.30 
565.21 612.85 5534.61 0.36 
609.84 555.05 4655.78 0.52 
559.33 725.93 1132.38 0.29 
