556.24 551.54 5170.50 0.22 
706.85 633.92 948.78 0.35 
618.93 646.87 6549.22 0.45 
548.37 560.21 7018.79 0.50 
610.54 703.51 2501.83 0.39 
633.37 653.96 2764.79 0.48 
579.11 605.19 3102.48 0.56 
587.01 692.60 5973.22 0.42 
605.74 632.17 1693.68 0.44 
653.47 656.33 2312.31 0.27 
620.76 551.79 694.50 0.31 
559.19 873.62 3483.85 0.54 
557.59 556.46 7957.65 0.57 
621.20 759.64 900.71 0.26 
692.38 604.86 7982.23 0.29 
605.32 647.36 2131.53 0.39 
574.27 657.06 7229.44 0.56 
568.51 566.22 3885.88 0.53 
611.27 625.33 2463.35 0.26 
556.97 687.42 3941.09 0.27 
675.44 675.08 7368.73 0.41 
