555.24 677.04 6046.22 0.39 
555.51 678.86 1706.28 0.28 
638.94 646.10 7334.77 0.47 
580.74 909.65 4412.74 0.34 
546.18 562.42 7634.30 0.33 
570.58 578.20 5848.46 0.41 
604.51 620.91 6033.56 0.52 
588.88 640.49 7416.10 0.33 
663.17 598.02 7563.12 0.33 
641.90 608.83 853.10 0.27 
693.98 734.22 6396.11 0.39 
556.00 575.16 5918.32 0.49 
559.17 655.11 1609.33 0.43 
575.67 715.52 6480.84 0.24 
629.74 671.35 3035.40 0.29 
559.31 651.99 7894.66 0.44 
669.78 612.37 6134.80 0.53 
606.21 732.39 7022.03 0.32 
619.89 602.85 4768.15 0.43 
615.67 602.22 3539.46 0.22 
654.18 572.61 818.52 0.15 
574.62 583.66 5917.31 0.51 
713.26 546.83 3200.76 0.35 
587.90 614.92 5540.59 0.19 
552.41 633.72 1622.14 0.50 
628.44 638.00 1710.74 0.44 
594.13 630.23 7794.83 0.33 
695.62 784.50 7483.75 0.38 
580.09 617.91 5524.61 0.34 
586.76 590.89 1337.09 0.22 
562.35 570.10 7990.77 0.32 
618.00 759.57 4658.40 0.32 
587.62 594.63 4444.89 0.26 
642.94 546.91 893.47 0.54 
591.96 602.40 3658.14 0.39 
597.90 651.91 6894.54 0.49 
621.57 588.18 7592.99 0.38 
563.72 565.75 2937.03 0.34 
554.32 654.56 1999.08 0.40 
728.40 542.38 4830.32 0.65 
626.33 651.24 1588.81 0.34 
731.77 625.81 6184.94 0.44 
744.25 800.28 7257.34 0.30 
573.85 575.13 2373.77 0.33 
568.22 562.44 1146.25 0.33 
642.24 607.73 5550.68 0.46 
544.08 605.66 6979.50 0.45 
571.18 671.55 6719.25 0.30 
596.96 608.89 1715.55 0.35 
602.00 742.99 4731.60 0.46 
773.06 714.38 1477.24 0.34 
671.38 544.21 4188.61 0.40 
540.73 610.21 7410.56 0.20 
679.02 628.69 4346.67 0.46 
661.72 680.79 7750.13 0.38 
688.77 778.29 5250.69 0.51 
566.35 564.91 7639.99 0.32 
752.68 682.63 5270.39 0.39 
548.23 593.44 1306.52 0.48 
610.33 686.43 6448.42 0.34 
577.45 636.25 7711.32 0.47 
565.77 739.61 5679.29 0.38 
766.16 570.97 6207.38 0.29 
676.30 827.50 3772.65 0.50 
832.13 740.38 5024.72 0.32 
547.27 708.04 2680.55 0.43 
694.21 811.45 5612.09 0.28 
629.90 643.25 1623.73 0.46 
569.92 635.95 1220.28 0.28 
691.24 540.99 949.10 0.32 
578.11 700.07 6488.49 0.32 
743.14 590.40 2597.89 0.42 
734.73 618.69 5786.60 0.27 
614.04 549.33 3938.81 0.41 
543.97 632.57 6080.56 0.32 
557.10 547.14 4663.89 0.62 
590.03 685.81 3081.36 0.60 
738.11 557.27 7476.56 0.39 
666.18 681.36 4745.90 0.58 
591.32 563.56 6717.34 0.26 
594.32 545.40 7534.96 0.38 
545.63 544.89 4073.40 0.38 
591.75 547.85 902.82 0.44 
548.47 643.79 5614.95 0.37 
554.39 551.12 1827.53 0.28 
560.85 621.24 6236.49 0.36 
573.21 587.68 6642.20 0.69 
645.86 584.99 2359.16 0.33 
595.93 585.88 786.37 0.46 
596.37 585.48 3997.19 0.40 
712.36 603.17 7402.61 0.33 
