593.41 608.07 3839.14 0.39 
639.31 558.09 6626.47 0.38 
630.71 653.56 6748.18 0.54 
548.14 610.38 3787.07 0.32 
574.12 599.99 712.64 0.44 
550.92 688.65 5951.98 0.38 
610.20 617.06 5318.96 0.38 
674.29 682.03 7077.70 0.35 
647.27 709.67 3920.61 0.50 
620.61 589.61 6946.99 0.53 
546.00 608.27 5773.22 0.46 
641.59 575.37 3317.70 0.26 
574.73 749.86 6891.52 0.59 
549.28 712.00 7265.37 0.42 
611.89 620.11 3557.18 0.37 
683.31 777.20 6481.57 0.08 
629.92 621.82 2974.23 0.23 
610.11 577.81 7970.52 0.58 
542.92 782.06 7552.90 0.35 
625.51 554.47 6668.81 0.56 
611.65 696.66 4620.44 0.45 
703.36 585.86 1806.23 0.64 
624.13 577.83 3247.02 0.47 
569.83 543.02 1037.68 0.43 
603.90 610.46 5330.07 0.46 
576.42 582.91 3738.93 0.34 
587.09 610.42 5507.51 0.51 
641.56 746.77 5613.96 0.31 
579.93 592.38 7462.41 0.36 
847.47 566.66 5424.39 0.22 
574.18 815.67 5772.00 0.38 
771.91 604.10 5455.11 0.43 
559.48 705.65 6714.18 0.32 
640.39 743.45 2594.96 0.53 
653.37 549.38 1716.08 0.47 
705.93 603.92 1902.81 0.27 
638.93 683.05 4162.25 0.29 
662.03 672.18 930.20 0.60 
674.81 567.41 7702.66 0.34 
599.31 778.63 2402.26 0.35 
551.50 678.19 562.77 0.50 
612.85 690.90 2203.23 0.55 
570.49 633.40 3535.03 0.55 
695.27 748.15 7545.27 0.44 
548.06 621.97 7451.60 0.43 
636.76 571.26 5547.96 0.33 
684.46 698.31 744.68 0.39 
622.74 638.50 5766.13 0.48 
740.43 712.15 5041.17 0.36 
669.04 589.06 6188.17 0.26 
579.90 584.17 6542.97 0.49 
565.89 814.30 1804.21 0.54 
658.51 659.17 2698.08 0.33 
670.56 569.55 7488.46 0.40 
648.86 608.32 3370.64 0.30 
734.52 573.23 1605.03 0.35 
635.90 639.01 3792.52 0.44 
631.84 640.98 2689.28 0.27 
668.58 620.55 2772.80 0.36 
604.63 592.53 4383.16 0.33 
581.52 634.62 3675.86 0.29 
601.95 631.46 6193.30 0.47 
703.40 540.18 7368.95 0.51 
595.72 556.40 1814.17 0.47 
583.72 558.55 1165.77 0.32 
554.54 579.22 6039.04 0.36 
625.24 608.23 2836.98 0.48 
735.29 565.72 940.71 0.36 
708.81 553.17 6839.84 0.49 
606.51 580.12 4748.98 0.44 
711.19 584.31 7888.29 0.43 
615.12 634.76 7248.06 0.48 
673.71 639.41 6617.88 0.38 
580.13 665.16 3533.95 0.36 
719.91 554.98 2737.12 0.34 
550.12 748.59 3508.26 0.36 
583.54 577.83 2890.82 0.42 
577.22 867.79 6253.70 0.46 
628.98 558.61 3941.27 0.36 
732.72 612.21 7148.99 0.36 
752.42 579.44 3569.96 0.47 
669.02 604.27 1753.96 0.48 
721.25 603.30 7053.84 0.23 
607.69 592.37 592.74 0.41 
679.72 588.25 4863.81 0.44 
611.37 730.43 644.65 0.50 
548.44 709.39 7395.78 0.43 
732.56 560.13 1855.67 0.42 
695.51 576.74 4622.14 0.47 
594.36 577.01 3210.89 0.33 
589.13 565.67 5737.93 0.45 
582.46 668.89 1210.94 0.43 
577.55 557.69 1616.79 0.49 
605.04 541.31 4958.75 0.26 
610.48 757.36 3367.45 0.21 
571.16 541.30 7791.19 0.53 
669.83 598.96 5956.80 0.35 
711.78 649.01 7071.00 0.55 
585.62 591.78 5008.79 0.46 
578.09 549.15 5967.10 0.32 
558.36 610.57 1102.25 0.42 
