548.10 599.41 2518.08 0.50 
613.26 685.31 2618.77 0.39 
562.88 576.79 7383.22 0.45 
580.37 608.09 2224.24 0.51 
556.78 650.53 5809.26 0.32 
617.81 562.46 7558.62 0.51 
573.33 618.38 3215.61 0.41 
581.93 682.97 7117.95 0.33 
624.73 717.53 5570.22 0.25 
636.72 559.81 5646.10 0.30 
634.82 655.11 4718.94 0.52 
604.59 614.95 6450.61 0.43 
547.72 622.70 7904.92 0.45 
573.38 682.89 4707.75 0.45 
552.63 559.51 4341.05 0.58 
688.86 617.90 6843.40 0.39 
768.12 578.83 4087.34 0.38 
609.06 571.91 6882.70 0.50 
584.47 562.64 5090.08 0.39 
692.98 636.39 1511.57 0.40 
602.25 573.80 3319.62 0.29 
631.00 741.42 2177.21 0.44 
560.75 688.43 2810.87 0.16 
558.28 736.54 1131.35 0.37 
734.70 613.34 3172.27 0.45 
742.51 552.40 4392.64 0.33 
647.31 580.84 1335.15 0.44 
568.78 545.35 3515.43 0.32 
690.78 734.05 5361.53 0.56 
569.18 631.87 5976.31 0.53 
659.07 707.71 6462.79 0.44 
561.48 609.68 5014.82 0.45 
636.35 597.89 3387.62 0.47 
551.47 541.37 4896.89 0.27 
579.40 577.84 4301.67 0.46 
590.93 558.16 7080.30 0.37 
636.08 683.96 6575.23 0.66 
570.60 552.19 3770.50 0.47 
683.18 590.75 6083.12 0.36 
675.15 623.95 4936.31 0.32 
623.29 667.42 3042.96 0.37 
654.14 643.46 1822.07 0.33 
566.92 597.68 6936.48 0.49 
695.97 585.31 5181.61 0.39 
560.77 608.93 3321.69 0.29 
628.42 557.44 1497.60 0.29 
568.00 593.81 3231.45 0.35 
787.63 664.41 3916.87 0.49 
679.68 608.31 6784.07 0.35 
609.21 582.78 787.07 0.33 
582.07 604.77 5040.44 0.44 
709.92 687.96 6847.27 0.34 
685.21 649.18 6276.43 0.53 
551.36 633.11 3695.75 0.30 
541.66 551.55 5573.98 0.46 
600.73 674.49 5840.00 0.55 
804.03 738.63 7642.87 0.40 
754.19 580.31 1171.45 0.35 
551.00 548.99 1282.23 0.42 
591.63 569.38 6571.01 0.43 
612.57 577.73 4937.03 0.32 
596.32 619.52 3779.66 0.42 
560.11 548.83 6772.81 0.52 
577.81 572.96 5553.20 0.33 
745.78 594.71 1091.38 0.42 
671.95 588.51 934.93 0.41 
540.37 658.71 2991.15 0.38 
610.70 542.20 2919.08 0.43 
657.27 648.32 5295.84 0.43 
623.50 589.13 7606.83 0.44 
619.45 577.27 7143.40 0.22 
558.12 674.26 1134.97 0.25 
565.05 549.09 1988.50 0.19 
551.52 708.47 4202.07 0.52 
544.23 648.11 3733.61 0.37 
606.14 542.26 1550.88 0.35 
596.92 596.34 599.06 0.52 
609.23 577.80 3640.40 0.34 
610.88 572.52 6337.52 0.31 
550.78 664.69 1780.42 0.41 
667.25 674.57 7332.89 0.31 
724.45 569.52 5531.20 0.45 
584.59 562.59 7683.01 0.33 
562.85 723.20 6878.83 0.36 
582.74 573.01 5538.03 0.27 
693.95 562.06 3760.30 0.40 
595.47 568.22 5613.85 0.20 
682.96 640.85 6623.01 0.51 
574.96 568.15 6260.47 0.55 
547.93 581.16 1251.86 0.46 
721.55 619.39 997.96 0.47 
625.53 592.60 997.90 0.37 
675.62 567.82 2603.99 0.37 
850.62 543.84 4619.20 0.47 
743.18 588.05 6903.65 0.34 
542.42 548.44 6275.62 0.38 
677.79 678.12 6310.29 0.46 
780.74 597.07 5519.80 0.53 
594.95 593.49 7548.44 0.38 
552.50 643.33 7360.12 0.41 
748.61 670.46 1822.01 0.33 
650.10 620.63 4785.13 0.55 
617.45 687.60 5203.60 0.50 
773.17 559.35 1058.74 0.34 
687.42 633.01 2086.98 0.33 
670.05 611.33 5843.71 0.54 
600.43 580.57 2654.66 0.46 
629.59 644.84 2834.60 0.41 
548.69 627.64 6645.44 0.47 
555.39 573.26 5897.13 0.27 
653.31 637.47 2533.22 0.41 
551.66 544.03 1908.57 0.29 
554.18 571.51 813.56 0.52 
634.75 571.36 3582.90 0.26 
686.35 588.92 4948.57 0.17 
702.39 613.79 3158.30 0.30 
628.00 676.33 1436.63 0.53 
815.53 675.17 2525.86 0.50 
692.31 667.98 6419.06 0.38 
672.27 590.68 4203.07 0.41 
564.43 688.05 4792.87 0.46 
556.70 603.69 3299.86 0.43 
716.67 599.58 4392.56 0.48 
544.14 570.79 7088.01 0.46 
566.17 577.36 3225.07 0.36 
695.75 594.61 4595.59 0.44 
800.93 687.42 7572.93 0.33 
582.76 563.14 1208.79 0.45 
723.38 565.79 1861.40 0.37 
583.08 605.01 3217.11 0.41 
714.23 620.21 5535.27 0.60 
568.75 611.80 1169.00 0.40 
570.63 738.34 5958.92 0.55 
583.00 585.10 3809.32 0.43 
789.82 657.05 7896.42 0.29 
684.15 596.57 1276.31 0.51 
579.17 717.41 1863.84 0.37 
595.59 591.02 3592.27 0.34 
548.79 591.33 4429.20 0.53 
574.01 666.58 5100.55 0.25 
629.64 607.34 5411.02 0.24 
550.66 557.12 6263.61 0.41 
690.87 684.00 7689.06 0.19 
561.09 677.98 7317.32 0.32 
594.76 611.25 2381.96 0.33 
580.42 700.96 6930.59 0.42 
543.50 632.20 2979.91 0.35 
665.84 609.84 5263.94 0.34 
556.62 630.27 3825.24 0.33 
698.59 609.66 1664.83 0.40 
585.07 646.22 4542.28 0.28 
