646.92 639.76 7266.39 0.36 
628.28 554.82 3280.31 0.39 
680.36 551.78 6900.72 0.40 
741.58 615.64 3208.24 0.43 
634.12 596.22 3782.11 0.41 
554.46 629.29 1422.32 0.56 
624.37 775.92 3055.15 0.38 
782.33 619.80 841.34 0.22 
609.83 696.29 6148.02 0.37 
696.91 580.64 1890.40 0.29 
579.85 692.44 1994.90 0.46 
704.06 548.65 7100.08 0.52 
548.85 570.83 7591.85 0.23 
550.35 611.31 6522.59 0.37 
604.76 569.08 7243.72 0.31 
549.05 564.81 4969.55 0.26 
657.32 582.08 4757.08 0.30 
541.07 556.09 6596.70 0.28 
586.32 616.89 1304.71 0.36 
701.14 577.78 7699.43 0.45 
674.26 780.63 3449.93 0.40 
583.60 553.28 3333.55 0.44 
633.04 546.59 3440.28 0.45 
674.56 574.67 6042.91 0.46 
550.08 575.16 3017.06 0.29 
624.20 680.18 6195.62 0.39 
548.62 560.57 5454.87 0.21 
764.69 698.05 3842.49 0.45 
609.57 554.90 2298.11 0.53 
633.84 564.65 4493.57 0.55 
549.21 559.09 1202.99 0.27 
668.04 671.83 4073.01 0.37 
657.72 682.76 1216.64 0.24 
576.10 594.18 4742.39 0.47 
586.33 700.46 3141.09 0.30 
634.70 804.17 6140.35 0.59 
580.86 584.25 2269.41 0.40 
576.88 723.69 6320.60 0.40 
584.61 714.46 3124.84 0.46 
547.81 546.23 5595.68 0.33 
742.33 658.88 3709.55 0.33 
567.94 659.21 4741.79 0.39 
595.76 576.43 1345.27 0.31 
680.68 703.08 7539.07 0.40 
745.04 671.85 3152.02 0.76 
610.72 557.40 4325.51 0.38 
583.74 617.35 4436.97 0.43 
573.90 686.73 3274.01 0.22 
671.87 609.89 7141.28 0.36 
687.27 699.94 556.65 0.60 
694.18 619.22 4999.53 0.58 
607.91 581.06 7174.85 0.39 
680.64 567.35 6210.58 0.39 
541.60 665.82 1706.54 0.45 
727.50 567.42 4669.23 0.50 
712.92 714.08 2982.84 0.55 
554.23 638.56 5169.78 0.53 
668.63 665.44 3977.16 0.40 
599.25 735.57 4642.46 0.24 
626.09 559.17 5493.32 0.38 
713.54 665.43 2424.43 0.37 
632.69 682.92 3860.43 0.37 
879.22 546.37 1324.27 0.24 
625.38 698.69 2356.44 0.43 
663.04 582.61 6212.56 0.36 
686.16 602.46 6398.84 0.52 
684.81 806.97 2636.23 0.52 
552.40 554.90 2367.13 0.56 
545.76 686.87 6287.78 0.23 
675.96 625.26 1270.48 0.50 
670.96 590.90 4525.99 0.40 
