57 63 3 54 59 99 58 45 66 95 77 68 5 82 60 56 14 28 17 30 46 65 33 100 75 55 25 72 91 37 41 67 76 31 39 84 89 19 42 71 88 22 20 64 34 92 2 13 93 80 23 18 29 4 87 32 38 12 6 15 9 27 97 43 50 10 96 94 83 44 62 24 69 40 78 36 21 70 51 53 90 74 79 49 73 1 48 7 47 8 81 35 16 85 52 86 61 98 26 11 
Best fitness: 4.77
43 42 19 54 63 14 28 29 60 33 46 77 68 69 92 3 84 91 41 30 67 37 89 50 99 59 20 88 2 86 7 71 22 51 31 12 76 83 5 49 1 13 24 94 95 96 34 36 100 65 56 75 52 55 57 25 48 6 4 87 23 21 80 45 16 64 78 8 66 74 82 39 15 17 81 79 90 35 58 85 40 70 44 73 98 32 72 27 9 18 47 62 53 93 61 11 10 26 38 97 
Worst fitness: 5.70

Alpha: 0.50
K: 0.01
Crossover probability: 0.50
Mutation probability: 0.10
Change mutation operator probability 1: 0.15
Change mutation operator probability 2: 0.00