61 11 70 2 20 64 78 39 38 26 65 53 46 16 56 42 19 49 47 80 37 13 27 48 1 74 10 32 45 7 66 58 31 9 3 73 29 6 71 90 28 59 87 52 22 84 81 5 30 51 34 14 36 76 88 82 24 43 57 75 69 8 55 23 79 83 68 60 17 21 44 25 40 62 18 89 35 67 41 33 85 15 72 4 86 12 63 54 77 50 
Best fitness: 2.62
9 19 56 16 65 38 90 79 6 20 70 69 8 15 37 80 27 61 11 14 39 76 46 78 64 5 74 48 51 30 42 47 49 66 84 81 2 3 86 1 29 58 59 87 57 25 13 53 26 18 17 89 35 71 55 62 34 12 10 88 36 50 23 44 28 43 54 82 45 40 73 31 4 85 75 72 22 32 41 60 83 67 21 68 33 77 24 52 63 7 
Worst fitness: 3.02

Alpha: 0.50
K: 0.01
Crossover probability: 0.50
Mutation probability: 0.10
Change mutation operator probability 1: 0.15
Change mutation operator probability 2: 0.00