1 6 11 21 18 13 19 14 24 20 9 4 5 10 15 25 30 35 50 40 29 33 23 22 28 16 7 12 17 27 32 47 42 48 43 38 49 44 39 37 41 46 26 3 2 31 36 45 34 8 
Best fitness: 0.32
13 18 35 25 20 10 15 24 14 19 28 22 12 6 11 21 29 44 50 40 30 4 7 1 16 27 42 47 23 9 5 8 34 45 39 49 48 33 17 32 26 36 41 46 38 43 3 31 37 2 
Worst fitness: 0.47

Mean: 0.39

Standard deviation: 0.00
1 6 11 13 18 14 19 24 20 25 35 45 50 40 15 10 4 7 17 22 23 29 30 44 39 33 28 27 21 16 36 41 46 47 42 37 26 32 38 43 12 3 8 9 5 2 31 48 49 34 
Best fitness: 0.34
11 26 47 50 18 13 14 25 30 35 40 20 24 21 16 6 17 22 28 23 19 10 5 4 3 2 7 1 33 44 45 39 34 29 15 9 27 46 41 48 38 42 32 12 49 43 36 31 8 37 
Worst fitness: 0.49

Mean: 0.41

Standard deviation: 0.00
