18 2 7 3 36 20 14 19 24 23 25 35 6 28 31 30 21 39 15 8 29 16 27 11 5 4 40 37 26 38 17 9 1 33 10 13 32 22 12 34 
Moving time: 143.07 161.35 184.28 192.79 198.69 210.69 233.21 255.34 279.58 310.62 314.95 339.26 365.85 398.54 423.25 449.00 481.18 513.62 540.81 565.73 591.60 596.53 616.75 633.79 649.70 677.97 718.68 741.98 756.10 781.21 811.14 839.46 865.98 903.25 932.56 941.11 950.33 961.85 988.84 1020.78 1145.48 
Best fitness: 0.00
Worst fitness: 0.0
Average fitness: 0.00
Alpha: 0.50
K: 0.02
Crossover probability: 0.50
Mutation probability: 0.10
Change mutation operator probability 1: 0.15
Change mutation operator probability 2: 0.15