795.08 212.40 0.16 8989.87
930.43 795.45 0.28 6080.33
121.30 951.77 0.17 8909.87
641.52 744.21 0.34 507.04
924.92 380.03 0.08 5975.85
665.94 171.05 0.10 2258.52
977.33 9.22 0.38 4622.65
929.82 521.36 0.15 2043.56
690.44 104.76 0.36 9151.50
783.45 139.05 0.19 10678.53
269.26 913.64 0.22 5854.44
50.91 840.81 0.37 3158.78
32.78 131.79 0.26 8986.85
659.99 656.44 0.08 3629.32
288.56 829.06 0.16 10369.84
578.30 919.31 0.04 2282.94
213.91 187.99 0.11 8208.77
590.23 819.76 0.33 6576.96
615.71 620.41 0.17 9852.37
742.38 947.52 0.19 6814.77
223.80 105.12 0.38 5552.06
902.56 445.16 0.27 8004.35
594.98 670.83 0.02 2919.87
370.53 649.07 0.01 8744.15
799.38 916.42 0.21 4720.33
379.53 580.52 0.07 2929.71
225.95 846.94 0.10 3346.95
979.75 406.35 0.18 4283.31
120.15 867.59 0.25 7133.36
144.27 832.56 0.06 9955.15
371.05 79.51 0.09 6799.70
965.23 312.52 0.14 7859.61
815.17 204.68 0.19 5351.73
265.74 226.43 0.20 7628.54
206.51 731.59 0.15 7785.24
763.84 693.34 0.13 5288.38
176.38 851.26 0.16 9712.74
8.02 28.13 0.35 4639.04
249.64 8.23 0.32 4298.46
436.41 604.42 0.23 10497.81
796.42 805.60 0.21 9800.75
206.39 653.72 0.09 8060.17
892.52 452.96 0.24 8550.97
243.46 650.03 0.06 3797.99
141.43 231.64 0.29 2720.28
620.79 100.15 0.19 2663.72
895.26 992.63 0.20 6409.86
178.54 577.89 0.14 9474.94
345.82 885.92 0.27 7238.90
918.98 734.65 0.09 10627.88
313.91 475.19 0.12 3340.87
368.19 233.33 0.20 5301.23
719.49 508.24 0.17 9524.12
730.81 804.41 0.23 9904.84
258.98 350.00 0.42 3331.81
296.98 405.17 0.21 9186.67
752.61 108.15 0.05 1952.80
762.39 117.52 0.31 4668.08
681.32 706.47 0.25 4868.56
530.55 446.03 0.18 6183.51
607.93 608.71 0.15 8612.27
665.36 246.34 0.11 6048.67
268.92 776.46 0.16 7845.45
843.57 653.37 0.03 999.96
322.44 238.89 0.17 3949.41
847.47 568.10 0.18 6620.49
329.44 530.72 0.05 2060.70
834.16 229.31 0.17 4991.24
64.47 637.02 0.26 8847.29
894.13 485.92 0.25 2962.17
100.45 172.56 0.36 9795.63
82.90 516.72 0.35 6546.10
465.35 859.49 0.10 8261.91
194.17 360.17 0.05 9328.14
915.87 433.14 0.01 7048.96
958.32 582.98 0.39 9318.57
120.52 759.82 0.31 5548.53
203.94 444.59 0.10 9562.98
204.47 495.27 0.22 1862.36
13.70 33.62 0.22 2210.78
18.14 167.15 0.20 6669.72
875.64 167.22 0.10 5109.63
65.05 229.51 0.35 2663.97
916.36 101.90 0.27 2183.58
236.01 170.44 0.17 7661.73
369.15 30.01 0.18 1968.57
183.37 428.99 0.10 9259.42
512.25 102.55 0.13 2197.36
192.12 9.76 0.34 5175.06
628.91 737.73 0.06 2578.67
701.70 722.68 0.46 7175.94
646.64 553.21 0.19 5550.06
16.12 841.46 0.02 8346.88
395.98 558.37 0.20 5066.12
963.12 145.46 0.03 7363.43
48.18 823.36 0.21 2187.60
834.45 379.14 0.13 2232.63
881.85 641.32 0.21 8932.54
917.14 890.50 0.29 7659.88
856.80 160.71 0.40 9782.97
616.52 879.64 0.29 7941.61
890.07 327.17 0.18 8623.37
986.22 558.61 0.24 3948.60
288.72 613.82 0.25 513.82
886.49 367.01 0.20 2470.85
340.65 612.03 0.16 8734.67
528.54 884.80 0.25 8657.72
849.42 72.14 0.05 4918.16
546.81 111.72 0.30 9809.63
171.01 690.62 0.21 8988.72
93.28 920.43 0.16 8035.62
51.10 749.83 0.11 2126.91
694.83 883.16 0.13 6004.05
328.09 608.53 0.26 9426.06
940.68 484.91 0.22 4819.60
432.59 2.30 0.27 4002.56
24.28 584.06 0.28 10697.95
660.88 231.27 0.27 6975.22
446.20 357.20 0.30 5032.08
225.10 393.45 0.23 5298.38
410.11 603.23 0.36 8573.13
923.40 5.08 0.23 8527.93
630.05 735.37 0.32 10440.26
268.07 576.08 0.01 4939.57
516.73 262.16 0.14 4861.64
