72.90 35.02 0.27 5678.25
448.46 590.06 0.10 4455.36
849.96 485.57 0.32 4618.47
59.66 691.04 0.13 718.64
694.70 718.25 0.27 5642.00
622.23 758.71 0.30 984.32
263.60 648.81 0.11 7699.07
723.10 698.91 0.18 6529.14
699.65 684.56 0.14 7990.32
291.41 131.46 0.34 4305.48
333.72 958.53 0.05 9325.64
380.49 197.12 0.22 4347.48
396.27 155.43 0.39 2558.22
107.44 559.36 0.12 3764.20
601.46 690.22 0.07 10793.03
436.77 967.58 0.14 6081.10
579.77 334.43 0.36 3571.22
689.20 260.05 0.12 4075.08
721.80 388.24 0.07 7197.32
44.71 839.76 0.23 8884.47
931.53 386.62 0.19 1567.95
808.90 807.26 0.17 3028.76
399.14 829.74 0.22 1976.57
454.81 532.77 0.15 8357.90
961.69 956.33 0.26 4104.20
448.50 21.24 0.37 6890.81
165.34 395.35 0.20 4473.22
76.78 320.45 0.04 3985.80
346.00 654.51 0.23 8827.54
968.44 551.77 0.21 7018.39
427.22 443.96 0.21 2658.60
39.56 511.59 0.13 2421.02
506.30 663.42 0.25 7427.64
440.80 601.47 0.23 8999.15
496.42 255.32 0.37 4764.81
876.16 329.44 0.27 2736.36
366.35 422.68 0.16 339.63
421.76 437.44 0.28 9010.16
483.87 427.40 0.31 6208.09
873.80 293.44 0.08 8642.40
424.91 797.89 0.39 232.94
502.72 312.86 0.14 7209.83
154.93 818.47 0.03 3107.15
285.47 361.89 0.15 4467.93
167.05 472.55 0.50 5011.50
692.83 558.86 0.12 1770.94
218.95 977.91 0.07 9087.30
201.45 205.06 0.11 564.78
158.33 314.84 0.29 391.05
440.56 683.30 0.11 3731.42
158.20 248.22 0.15 3180.19
699.89 637.82 0.16 5139.60
699.57 902.75 0.23 8797.40
751.29 67.77 0.34 6933.26
112.20 994.36 0.07 2693.55
259.70 56.69 0.02 8159.64
522.84 302.81 0.10 5490.19
198.85 925.76 0.29 8467.31
413.93 519.20 0.15 7532.82
731.27 845.40 0.17 2352.99
422.91 57.66 0.04 9633.66
999.82 740.71 0.06 7481.12
46.58 670.55 0.32 3748.35
16.19 679.93 0.30 4772.70
18.90 905.25 0.10 6697.59
598.74 264.38 0.28 826.14
354.48 685.18 0.03 7321.73
22.90 91.76 0.14 6144.90
301.21 38.54 0.16 7006.65
579.94 452.64 0.09 1324.96
157.62 210.33 0.23 6672.45
276.46 573.31 0.24 6814.27
612.05 234.84 0.44 7871.52
644.97 573.64 0.37 6195.59
802.20 736.11 0.22 7647.43
549.16 134.41 0.24 3226.20
509.35 136.69 0.27 3543.62
924.01 871.34 0.03 1641.46
356.75 108.69 0.17 8038.48
901.07 789.41 0.11 3020.72
614.32 786.36 0.28 4097.53
203.22 999.76 0.01 8702.25
1.06 579.88 0.01 5007.09
119.13 792.57 0.17 3124.25
913.96 365.04 0.14 6854.48
601.19 676.90 0.21 6585.29
56.30 682.12 0.08 3923.88
659.64 935.86 0.28 10096.99
233.24 201.24 0.18 7068.79
37.05 251.91 0.39 3888.98
463.91 747.81 0.18 1917.79
464.55 322.78 0.21 4135.46
633.76 852.21 0.04 787.51
781.83 129.62 0.36 4928.60
60.73 749.40 0.34 -221.95
754.30 90.79 0.15 7966.52
977.85 576.91 0.17 5287.16
53.25 399.32 0.33 6893.44
238.73 678.09 0.03 10451.05
734.59 896.32 0.06 4483.53
605.98 614.77 0.31 7223.57
616.76 576.40 0.24 747.14
427.53 798.72 0.24 5045.85
344.74 197.12 0.15 7508.67
460.78 417.79 0.20 4929.12
705.00 26.52 0.33 4265.77
871.29 883.39 0.16 6005.23
341.18 841.80 0.27 3560.71
958.16 239.21 0.22 711.10
499.71 495.98 0.13 10717.68
824.92 307.37 0.15 7255.63
207.26 426.81 0.05 2681.45
620.72 340.72 0.15 10624.67
749.93 836.65 0.33 5257.74
742.88 890.46 0.23 6078.38
770.37 750.77 0.15 3363.87
660.24 330.30 0.27 1826.61
620.14 254.06 0.07 1836.64
208.01 294.71 0.11 2870.54
408.80 27.88 0.11 8653.47
978.79 484.31 0.04 8878.25
115.08 848.17 0.13 4175.96
854.14 434.15 0.09 7344.11
256.42 100.39 0.08 2782.73
695.48 33.39 0.28 7429.83
834.56 149.00 0.25 4839.52
100.96 468.77 0.41 4817.44
604.80 213.25 0.21 9294.82
924.28 201.00 0.20 4157.16
762.07 181.61 0.19 6071.90
803.15 43.17 0.03 658.40
932.31 121.27 0.28 5983.10
463.71 703.54 0.29 3111.68
660.21 372.11 0.18 2127.63
858.32 721.29 0.01 7350.15
966.49 813.66 0.06 8872.59
522.90 855.61 0.18 9406.55
824.33 718.44 0.21 4393.50
406.79 512.43 0.02 631.12
874.89 118.43 0.21 6243.06
857.81 310.13 0.16 9933.05
340.79 16.70 0.33 4679.74
496.66 97.45 0.09 6210.91
959.15 360.82 0.29 328.55
674.25 156.38 0.01 9331.82
136.76 685.84 0.03 9979.47
524.81 404.82 0.31 8849.55
838.53 348.89 0.12 2512.16
715.96 161.10 0.23 1369.48
25.27 898.44 0.25 2720.66
129.61 717.08 0.40 4708.91
298.47 987.64 0.19 6364.63
485.51 338.28 0.21 3145.22
487.41 39.05 0.22 3120.61
565.02 977.61 0.17 6396.85
815.23 686.70 0.27 5337.01
792.94 96.15 0.28 7437.21
805.47 44.36 0.12 8774.67
524.07 363.99 0.23 7210.81
85.86 649.08 0.26 7786.10
470.36 312.71 0.12 3258.32
632.20 790.74 0.01 2193.10
768.80 370.45 0.24 3401.18
956.74 186.78 0.21 1103.43
719.03 120.55 0.18 6878.52
189.16 373.38 0.13 4042.74
433.27 736.05 0.22 2716.82
483.44 987.51 0.03 4806.31
442.46 257.16 0.41 4686.96
319.29 807.32 0.19 5456.39
55.73 920.93 0.37 4807.27
323.74 813.33 0.28 2512.21
466.63 383.57 0.29 7428.15
470.23 569.34 0.12 2238.84
417.93 158.52 0.20 6694.11
