18 2 78 58 83 19 17 66 86 97 72 31 90 49 39 50 41 85 76 11 47 77 91 70 13 87 16 32 3 68 1 95 10 64 96 24 71 36 20 80 56 67 57 28 75 69 42 43 62 73 63 88 38 53 92 34 51 21 94 61 65 22 100 5 54 12 40 74 25 30 82 27 15 4 29 98 33 45 14 9 46 52 79 48 84 81 99 6 59 35 89 55 23 7 37 26 44 60 93 8 
Moving time: 133.70 155.87 166.93 198.64 218.20 258.72 340.62 380.66 439.65 505.82 518.94 528.64 594.04 631.82 716.55 773.22 800.66 816.59 878.07 953.65 972.69 977.92 1038.06 1088.69 1093.06 1119.47 1170.05 1187.91 1192.38 1236.52 1302.07 1322.14 1409.61 1483.35 1526.88 1541.42 1567.94 1643.72 1708.52 1758.18 1770.25 1812.41 1851.75 1919.36 1936.60 1994.20 2014.81 2058.45 2123.58 2183.46 2231.24 2265.62 2334.55 2432.30 2468.16 2506.70 2520.85 2529.21 2569.92 2655.58 2719.05 2795.14 2811.31 2841.27 2874.14 2995.79 3118.09 3154.25 3171.07 3185.38 3236.22 3279.28 3303.81 3379.34 3505.22 3628.61 3653.37 3734.03 3776.52 3789.95 3832.43 3879.11 3909.19 3981.76 4041.74 4088.32 4103.76 4142.25 4175.10 4302.49 4356.29 4446.81 4520.47 4547.33 4583.48 4650.23 4668.32 4739.39 4837.54 4865.29 4996.72 
Best fitness: 8.00
Worst fitness: 11.0
Average fitness: 9.50
Alpha: 0.50
K: 0.02
Crossover probability: 0.50
Mutation probability: 0.10
Change mutation operator probability 1: 0.15
Change mutation operator probability 2: 0.15