84 41 90 6 66 98 64 3 16 15 81 19 54 23 82 39 9 70 72 17 77 22 27 34 12 32 100 7 14 37 18 5 45 74 53 25 31 11 35 33 79 71 42 58 86 63 47 49 69 92 2 76 99 56 57 83 65 52 60 29 89 20 94 88 91 43 8 96 44 75 38 13 10 36 28 4 50 59 62 21 1 80 68 95 30 87 51 67 78 61 55 73 24 48 26 97 93 40 46 85 
Moving time: 155.48 170.73 205.38 228.74 254.38 277.48 294.16 298.77 312.61 322.54 335.78 346.73 377.91 383.46 409.70 432.83 448.01 470.69 498.60 504.04 511.84 536.14 551.82 561.02 570.04 576.93 605.43 630.90 658.25 663.53 668.43 682.19 708.08 722.43 745.22 785.70 814.13 818.53 833.43 848.59 862.74 872.46 897.41 904.19 915.86 921.57 929.58 932.50 937.91 942.15 968.67 992.48 1008.86 1022.65 1036.82 1042.66 1053.24 1059.08 1082.65 1107.23 1122.63 1139.38 1148.47 1171.71 1206.78 1225.65 1235.25 1257.10 1278.09 1309.29 1341.77 1374.86 1399.78 1411.17 1430.28 1447.95 1455.96 1466.94 1486.89 1512.12 1531.31 1555.92 1589.69 1616.81 1641.93 1655.84 1662.46 1681.31 1685.07 1691.58 1703.55 1710.70 1730.82 1767.96 1798.86 1809.11 1830.82 1878.82 1908.31 1918.35 2057.09 
Best fitness: 4.00
Worst fitness: 5.0
Average fitness: 4.47
Alpha: 0.50
K: 0.02
Crossover probability: 0.50
Mutation probability: 0.10
Change mutation operator probability 1: 0.15
Change mutation operator probability 2: 0.15