15 26 8 32 34 31 4 9 5 2 39 36 20 38 19 6 28 24 25 29 1 40 14 22 33 16 11 7 18 27 23 3 30 12 21 10 35 17 13 37 
Moving time: 165.49 200.58 223.06 264.05 335.18 368.24 442.48 516.10 593.11 635.40 675.84 686.02 710.58 726.96 793.53 844.58 903.15 952.31 1021.70 1116.06 1167.31 1237.39 1244.50 1314.34 1389.27 1442.17 1462.14 1517.51 1583.22 1608.88 1663.52 1691.68 1728.47 1753.72 1812.70 1862.81 1887.69 1917.06 1949.87 1997.73 2132.80 
Best fitness: 0.00
Worst fitness: 0.0
Average fitness: 0.00
Alpha: 0.50
K: 0.02
Crossover probability: 0.50
Mutation probability: 0.10
Change mutation operator probability 1: 0.15
Change mutation operator probability 2: 0.15