36 13 15 6 27 38 21 40 24 28 22 20 12 4 19 35 30 3 29 5 9 2 25 8 1 31 37 33 39 16 26 17 34 23 18 7 10 11 32 14 
Moving time: 139.65 151.05 177.17 202.88 225.75 255.40 286.26 307.34 317.87 373.31 405.99 430.74 451.97 477.47 506.34 526.71 565.33 594.85 601.48 613.83 636.39 641.17 654.40 677.43 689.23 711.60 738.41 779.54 807.73 822.98 831.72 839.69 865.68 891.41 899.04 906.01 921.33 936.58 944.85 961.68 1118.64 
Best fitness: 0.00
Worst fitness: 0.0
Average fitness: 0.00
Alpha: 0.50
K: 0.02
Crossover probability: 0.50
Mutation probability: 0.10
Change mutation operator probability 1: 0.15
Change mutation operator probability 2: 0.15