17 70 43 1 54 8 58 34 32 21 59 38 52 20 4 66 53 12 64 26 45 60 65 63 6 35 46 49 23 62 5 56 69 67 24 61 25 41 42 57 50 33 39 15 55 30 29 14 48 13 3 7 28 47 36 11 16 18 40 19 22 31 68 9 44 10 2 37 51 27 
Moving time: 148.90 222.56 307.75 368.33 390.45 401.63 411.43 503.54 561.47 640.87 689.59 788.55 820.43 836.24 871.63 933.64 1003.27 1022.74 1109.22 1192.23 1246.23 1310.39 1359.29 1391.04 1495.88 1600.72 1679.20 1740.66 1792.90 1800.85 1825.04 1902.56 1914.53 1952.56 2012.26 2051.97 2081.93 2107.54 2139.83 2162.54 2206.70 2244.04 2284.94 2310.96 2327.07 2371.48 2434.87 2523.87 2582.64 2614.45 2655.52 2701.58 2794.11 2829.68 2864.53 2905.08 2927.43 2971.51 2996.15 3081.68 3157.27 3203.24 3262.86 3365.04 3396.45 3428.74 3490.83 3516.54 3551.09 3638.89 3856.85 
Best fitness: 1.00
Worst fitness: 2.0
Average fitness: 1.90
Alpha: 0.50
K: 0.02
Crossover probability: 0.50
Mutation probability: 0.10
Change mutation operator probability 1: 0.15
Change mutation operator probability 2: 0.15