38 49 22 30 18 3 11 21 62 57 24 31 28 25 42 43 6 20 53 39 41 51 16 35 8 12 50 10 17 2 60 61 64 54 66 26 34 63 19 69 4 36 5 45 68 9 37 14 48 27 33 56 23 7 70 67 52 58 32 40 55 1 15 47 65 59 46 13 29 44 
Moving time: 145.75 161.44 188.87 209.92 232.57 242.37 248.08 253.08 281.90 283.58 297.89 310.63 331.10 345.97 360.97 367.47 380.38 391.13 405.95 416.42 431.54 460.76 503.11 547.17 573.70 588.76 627.43 656.25 673.57 684.28 701.99 720.50 753.73 774.81 793.38 810.13 826.66 833.61 844.98 878.89 903.90 935.74 954.74 993.00 1014.23 1021.61 1041.70 1049.53 1058.85 1072.16 1094.13 1107.46 1117.95 1140.84 1148.60 1160.69 1164.56 1179.69 1199.60 1229.80 1252.84 1288.56 1311.45 1329.49 1342.90 1354.60 1363.28 1383.01 1405.81 1417.65 1554.60 
Best fitness: 1.00
Worst fitness: 2.0
Average fitness: 1.03
Alpha: 0.50
K: 0.02
Crossover probability: 0.50
Mutation probability: 0.10
Change mutation operator probability 1: 0.15
Change mutation operator probability 2: 0.15