39 35 29 33 24 13 71 6 66 67 74 42 12 14 27 23 72 73 80 20 2 41 21 70 58 79 69 26 46 64 36 76 57 25 40 34 30 15 56 11 43 31 60 8 52 54 59 75 62 47 65 1 16 68 77 48 63 9 5 3 55 44 4 45 18 22 17 49 78 37 53 61 32 28 50 38 19 7 10 51 
Moving time: 141.34 191.36 251.95 296.03 322.43 361.88 386.03 460.34 541.84 574.41 642.68 682.35 730.45 778.52 796.89 912.00 996.75 1043.81 1090.66 1163.94 1208.48 1247.21 1290.98 1341.40 1380.66 1411.90 1473.23 1494.91 1553.29 1577.59 1663.30 1729.82 1769.34 1816.00 1818.00 1909.63 1981.15 2013.69 2047.50 2084.31 2104.70 2141.52 2159.11 2208.59 2293.42 2339.51 2385.84 2441.63 2566.07 2668.90 2730.55 2819.91 2867.86 2878.22 2916.15 2984.47 3034.28 3061.81 3127.21 3166.71 3202.48 3286.45 3334.34 3356.09 3393.86 3498.33 3562.96 3579.83 3634.97 3659.46 3695.01 3754.70 3776.87 3827.41 3895.14 3929.65 3937.07 3953.94 4000.10 4051.58 4215.35 
Best fitness: 2.00
Worst fitness: 3.0
Average fitness: 2.73
Alpha: 0.50
K: 0.02
Crossover probability: 0.50
Mutation probability: 0.10
Change mutation operator probability 1: 0.15
Change mutation operator probability 2: 0.15