80 1 63 31 19 43 26 40 36 18 70 52 24 42 20 45 23 51 14 64 53 68 30 21 55 56 22 73 57 67 10 29 37 9 76 27 28 32 77 71 25 34 12 38 62 41 66 5 60 17 72 39 13 59 11 78 65 79 3 2 69 7 16 58 50 49 8 61 4 15 6 74 75 48 44 47 54 35 33 46 
Moving time: 149.74 173.28 203.61 244.44 280.41 282.58 300.14 311.78 316.83 348.37 378.03 414.64 433.64 441.96 464.54 477.92 479.80 500.30 529.44 540.50 546.95 563.88 580.08 590.54 607.19 622.66 632.44 647.98 653.74 654.60 683.56 702.72 705.56 725.95 761.64 798.23 834.07 854.37 883.58 905.59 914.71 939.95 948.14 964.42 966.66 978.13 987.21 1012.14 1024.58 1038.98 1051.75 1065.13 1072.71 1104.42 1142.74 1160.77 1175.79 1181.75 1185.56 1197.88 1222.34 1229.55 1274.25 1304.81 1315.13 1321.75 1342.60 1359.51 1367.90 1403.10 1436.90 1440.50 1451.07 1455.09 1468.09 1485.83 1503.76 1516.39 1542.16 1546.18 1690.48 
Best fitness: 0.00
Worst fitness: 0.0
Average fitness: 0.00
Alpha: 0.50
K: 0.02
Crossover probability: 0.50
Mutation probability: 0.10
Change mutation operator probability 1: 0.15
Change mutation operator probability 2: 0.15