2 75 49 34 11 31 19 28 41 25 16 83 68 73 53 60 36 7 12 17 74 3 18 66 54 47 9 65 24 67 10 48 44 50 13 32 8 1 35 20 29 4 21 82 88 90 27 61 56 64 57 33 23 71 42 58 14 87 78 6 76 38 79 81 63 30 72 85 22 46 89 77 55 26 69 84 15 37 51 45 70 86 80 62 39 59 40 5 43 52 
Moving time: 135.40 153.99 192.17 203.63 221.12 243.52 271.60 290.30 310.86 318.48 338.76 363.87 389.03 421.52 440.70 456.27 473.15 491.36 509.88 514.34 529.87 547.05 553.23 558.53 602.61 637.18 643.72 655.52 678.11 700.40 719.00 731.63 750.81 774.88 791.10 811.32 832.02 850.54 861.27 866.82 887.32 910.61 927.08 937.06 978.64 1020.42 1030.17 1035.44 1052.03 1061.38 1075.86 1084.77 1105.62 1125.56 1166.38 1176.57 1185.59 1193.92 1210.65 1222.88 1243.78 1249.83 1264.57 1286.52 1314.65 1331.06 1344.63 1370.21 1380.62 1406.27 1427.74 1435.77 1458.59 1466.74 1480.01 1502.49 1525.04 1537.81 1554.13 1588.95 1626.83 1648.99 1650.86 1655.59 1687.87 1726.19 1754.68 1777.99 1802.10 1813.63 1961.02 
Best fitness: 2.00
Worst fitness: 3.0
Average fitness: 2.03
Alpha: 0.50
K: 0.02
Crossover probability: 0.50
Mutation probability: 0.10
Change mutation operator probability 1: 0.15
Change mutation operator probability 2: 0.15