16 20 33 81 32 46 56 19 7 10 66 83 23 61 15 53 78 1 12 31 79 70 74 11 24 84 90 58 59 80 6 25 36 48 82 9 52 45 88 37 86 65 73 87 49 13 50 54 62 64 22 2 35 41 21 40 67 28 51 42 85 3 44 55 18 8 47 30 72 63 17 34 69 39 71 68 26 77 89 75 43 38 14 4 76 57 29 27 60 5 
Moving time: 148.01 205.10 211.61 256.01 311.05 397.10 442.15 453.68 503.49 560.68 612.58 631.21 648.81 678.71 736.23 793.89 825.58 848.48 884.97 923.24 966.37 997.92 1049.22 1109.64 1132.37 1182.42 1264.20 1302.50 1317.29 1409.20 1505.21 1551.78 1597.20 1651.64 1713.72 1779.91 1823.29 1891.22 1962.03 2057.27 2116.58 2241.89 2402.49 2460.36 2478.28 2535.59 2644.73 2690.36 2701.56 2709.90 2750.27 2811.08 2851.28 2888.60 2945.07 2997.57 3045.47 3087.45 3120.60 3176.46 3251.06 3302.73 3371.77 3467.14 3518.98 3590.66 3653.12 3680.74 3715.21 3763.18 3839.39 3933.01 4007.16 4097.80 4201.65 4243.49 4295.64 4356.99 4389.91 4435.11 4498.11 4563.78 4669.26 4789.09 4897.25 4904.23 4926.60 4941.25 4971.28 5045.46 5148.44 
Best fitness: 1.00
Worst fitness: 2.0
Average fitness: 1.30
Alpha: 0.50
K: 0.02
Crossover probability: 0.50
Mutation probability: 0.10
Change mutation operator probability 1: 0.15
Change mutation operator probability 2: 0.15