211.53 105.85 5022.40 0.47 
624.18 340.29 4904.80 0.39 
381.24 611.00 3508.57 0.20 
682.25 805.24 3976.18 0.38 
678.40 955.76 3983.92 0.35 
79.62 196.41 2528.75 0.40 
674.81 489.41 3974.75 0.16 
407.37 345.93 2681.85 0.50 
395.91 824.20 3318.47 0.56 
927.67 747.11 4315.92 0.33 
200.89 827.39 3284.69 0.36 
146.16 545.13 3501.37 0.38 
776.16 952.39 3475.45 0.38 
373.02 607.14 3132.83 0.52 
230.91 882.75 4741.95 0.44 
63.95 880.83 3112.07 0.57 
296.67 525.04 3708.59 0.43 
893.26 945.35 3827.15 0.35 
858.77 656.27 3369.62 0.39 
236.59 603.49 3456.18 0.34 
52.86 864.16 4104.55 0.54 
