204.31 240.24 4065.61 0.50 
311.10 496.90 3306.35 0.35 
736.59 114.16 4612.44 0.34 
263.36 990.35 3418.54 0.30 
794.18 635.08 2749.88 0.54 
31.66 752.48 3367.25 0.27 
740.04 822.62 3929.45 0.58 
494.27 747.20 4003.92 0.53 
364.47 228.57 3451.25 0.33 
936.00 647.44 3276.20 0.47 
63.76 404.10 2971.37 0.31 
278.87 888.26 3960.50 0.37 
164.82 644.23 2999.08 0.52 
276.79 935.86 4255.85 0.11 
114.19 873.25 4396.08 0.35 
731.23 728.24 3968.88 0.46 
861.24 693.85 4394.23 0.55 
187.86 914.90 4139.72 0.29 
607.50 756.89 3646.37 0.40 
989.40 40.17 3933.10 0.45 
281.48 354.26 3769.70 0.49 
485.25 636.18 2504.87 0.49 
322.66 86.38 3267.90 0.36 
832.95 852.84 3696.96 0.57 
141.16 401.45 3308.72 0.46 
324.79 618.48 3605.42 0.46 
558.46 993.36 3096.73 0.53 
889.96 837.11 4118.94 0.53 
557.30 429.02 5442.82 0.23 
169.58 58.50 4198.88 0.39 
279.00 856.99 5022.41 0.53 
850.05 753.24 3199.54 0.30 
738.80 334.79 4317.78 0.41 
236.31 463.46 4504.83 0.46 
593.62 760.82 3736.51 0.33 
19.11 936.09 3204.08 0.52 
232.51 871.73 3162.62 0.39 
961.73 962.46 3783.07 0.36 
784.69 483.05 4732.22 0.49 
626.46 206.37 4865.49 0.19 
499.55 528.70 4164.72 0.32 
58.66 292.32 4433.40 0.36 
569.93 365.94 4515.18 0.45 
526.74 913.35 3972.32 0.48 
397.58 831.29 3032.42 0.50 
415.69 599.64 4312.74 0.27 
666.31 188.72 3891.97 0.34 
326.48 38.19 3657.70 0.46 
353.42 134.89 3585.62 0.30 
435.36 752.25 3373.51 0.38 
8.31 602.56 4001.56 0.55 
509.16 416.85 3844.84 0.39 
624.17 119.41 3360.17 0.48 
402.81 811.31 3610.23 0.33 
165.90 777.30 3502.34 0.34 
832.88 177.71 5064.70 0.52 
65.76 489.34 3343.54 0.36 
130.20 679.69 3304.05 0.59 
606.26 656.52 4959.18 0.33 
131.20 431.44 3693.39 0.45 
254.55 832.98 3735.68 0.42 
431.66 712.53 3701.33 0.55 
447.91 620.89 3622.20 0.41 
660.30 99.13 2982.90 0.36 
640.58 200.83 3670.74 0.48 
949.53 252.86 3534.88 0.33 
267.41 419.41 2757.31 0.29 
304.68 519.92 4485.05 0.51 
650.31 726.32 3733.25 0.21 
474.55 638.18 4674.50 0.25 
335.85 943.78 5499.35 0.42 
278.74 140.09 3892.71 0.30 
302.35 530.46 4694.14 0.44 
181.05 212.82 4786.89 0.31 
386.18 793.39 3627.81 0.25 
442.97 153.22 4883.75 0.33 
951.16 227.72 3451.02 0.38 
132.82 276.90 4401.52 0.39 
642.15 606.69 4582.37 0.54 
991.49 434.64 3980.77 0.40 
232.00 581.41 3400.53 0.22 
6.02 704.08 4178.14 0.51 
376.01 819.10 4176.36 0.39 
60.98 493.09 4306.45 0.34 
144.53 244.88 4981.71 0.41 
222.72 168.49 2742.48 0.28 
704.23 848.82 3506.24 0.39 
762.13 448.96 3634.83 0.37 
482.87 68.66 3880.88 0.34 
591.90 535.39 3609.30 0.43 
679.27 708.56 4374.96 0.38 
