145.93 169.75 0.20 10664.98
977.44 832.17 0.03 7794.98
93.51 642.61 0.21 2958.30
525.27 726.84 0.02 3743.17
608.06 690.41 0.17 9787.17
874.33 606.75 0.28 9237.47
390.48 345.43 0.11 4312.86
533.32 519.33 0.13 7792.41
654.64 623.29 0.13 5106.18
726.01 34.62 0.33 3428.36
178.95 368.23 0.27 8392.74
326.75 786.80 0.13 2127.00
266.72 785.19 0.21 9936.57
506.45 612.63 0.03 8707.37
140.05 514.35 0.04 10625.09
975.04 413.65 0.29 9068.49
810.06 540.24 0.13 9288.04
258.01 463.40 0.17 676.29
636.15 60.45 0.18 8516.10
732.62 238.52 0.23 7236.70
359.96 782.21 0.20 3494.74
275.08 626.55 0.17 9645.65
814.67 84.32 0.11 3946.56
327.68 163.82 0.18 5609.43
176.96 893.78 0.28 3345.58
380.49 632.62 0.15 8964.49
836.41 628.75 0.14 9130.88
896.54 752.13 0.20 3732.03
427.31 891.24 0.20 8125.02
965.56 780.25 0.32 8451.09
227.28 137.68 0.19 10228.38
347.58 315.69 0.20 7351.92
354.45 877.64 0.12 2380.35
606.12 702.24 0.23 10433.73
65.31 176.13 0.10 6431.93
651.82 146.73 0.25 2814.13
600.60 846.94 0.30 6591.53
142.98 104.59 0.16 5649.67
836.70 635.01 0.30 8011.50
762.23 867.62 0.28 1475.44
469.79 622.47 0.13 9901.52
205.47 577.53 0.24 7169.73
737.06 190.70 0.31 9685.55
101.52 132.14 0.26 3124.31
132.28 635.91 0.25 5897.86
676.38 933.62 0.29 9383.78
494.77 478.86 0.18 3500.74
108.56 412.03 0.29 1216.78
96.37 962.83 0.29 7772.08
856.33 522.97 0.06 670.96
128.23 754.16 0.38 5147.53
985.93 293.59 0.21 4201.04
513.20 318.96 0.15 6016.78
577.48 212.30 0.21 3796.71
669.60 244.80 0.08 2421.13
766.68 992.31 0.16 2260.88
369.14 459.17 0.15 3304.99
872.38 391.42 0.19 9991.63
785.41 249.48 0.14 3278.80
854.92 321.73 0.12 9182.89
419.43 145.30 0.17 8199.17
884.85 265.80 0.27 8149.17
197.80 761.37 0.13 8374.78
682.22 228.65 0.16 5872.12
488.91 90.07 0.16 9502.91
380.80 450.51 0.28 10569.51
532.94 675.16 0.19 9177.06
532.45 107.12 0.32 10479.56
18.11 625.92 0.23 8070.42
434.57 997.32 0.32 5234.46
522.33 544.18 0.15 5172.98
25.58 593.65 0.30 10394.29
934.31 78.70 0.05 5778.30
32.41 326.31 0.28 4239.99
29.46 53.42 0.19 4131.44

22608.478167917194
