487.1257021937514 223.7390674534082 0.27475806026705624 8102.2744350126695
551.1731760628185 314.1795211596383 0.37976083385848236 8551.503446146153
729.4279665139354 515.6788474283533 0.08717540323362727 7987.324979522301
470.2183446534047 295.780376946508 0.32028742441208363 8221.98578093717
329.129873179535 673.0629739638986 0.09083679949020174 8136.402287645488
488.4160888791267 416.8936108867563 0.12164465895455337 8883.90229844262
576.3827795510396 586.1615995780327 0.2941819095686418 8123.849928272342
427.9794284269486 283.31472131332373 0.17611503576628637 7827.738713436944
661.6349188522428 600.1743868524804 0.13119268341773663 8340.757928913468
592.3391929069267 441.3240042463495 0.08637301167145783 9199.065264776253
475.68522681029157 449.3595414884446 0.21464362778594762 8926.356600961344
347.33048094279445 263.76013766554064 0.19134615575016573 8253.081452193643
440.4340292210961 498.87261952717853 0.21250210334726255 7313.421979499251
637.2665534022212 544.438788336804 0.2639651890151151 7731.987514073715
636.7087359066638 633.4692108746884 0.26632986291345945 7948.5156891959405
315.96425959939484 437.81043086461693 0.11440712238070042 8480.923783210581
475.30244703392106 622.6167572796479 0.17955885038039868 7954.285532285728
465.00139593241477 601.4493343712344 0.2433372125158548 7357.0657759069
197.85170424636112 656.5238928051469 0.32885985021359476 8787.8237776405
530.1286138806712 446.7705906427029 0.2792739879305891 7280.676357858386
