691.48 623.55 4204.08 0.38 
567.12 557.67 3984.03 0.50 
694.25 676.85 4587.98 0.55 
704.35 577.77 3823.86 0.32 
591.80 725.06 4919.71 0.56 
648.27 641.78 3880.45 0.40 
592.17 577.82 3558.88 0.39 
596.65 567.61 3089.04 0.29 
646.41 581.33 4003.47 0.42 
622.30 618.81 2443.65 0.26 
675.45 607.24 4039.61 0.19 
780.45 547.03 3866.62 0.46 
598.73 639.23 3669.30 0.17 
554.68 669.32 2775.41 0.49 
744.11 545.33 3970.55 0.49 
676.39 707.04 4041.70 0.49 
571.09 588.87 3455.99 0.43 
694.95 656.70 3766.43 0.31 
595.47 659.41 4860.95 0.30 
560.34 682.05 3368.99 0.49 
658.58 541.49 4210.59 0.33 
598.48 552.67 4544.56 0.32 
566.85 609.54 4354.55 0.50 
583.39 722.78 3730.43 0.30 
549.89 706.25 4291.05 0.53 
563.94 561.77 4450.78 0.36 
552.64 626.07 3306.32 0.48 
591.25 758.72 2729.40 0.37 
641.17 580.69 3824.66 0.51 
549.55 577.49 4425.46 0.50 
712.26 605.50 4345.93 0.27 
563.53 601.33 4905.22 0.39 
549.85 625.77 3884.52 0.37 
766.38 576.55 4554.62 0.28 
734.18 705.27 4684.18 0.25 
619.13 631.73 3353.12 0.40 
584.63 543.41 3339.61 0.29 
643.66 666.28 4440.01 0.48 
665.51 586.93 4206.89 0.51 
573.42 725.98 3983.44 0.37 
575.49 669.34 3771.37 0.51 
919.10 697.77 3425.67 0.41 
600.99 786.28 3090.08 0.47 
641.82 648.07 3299.97 0.29 
555.65 592.97 4129.89 0.59 
690.81 567.89 3846.03 0.35 
828.25 718.77 3410.79 0.43 
656.56 687.65 2684.49 0.51 
623.78 679.39 3818.72 0.40 
699.39 549.23 3401.11 0.54 
552.13 680.80 3301.89 0.27 
701.47 552.25 4373.74 0.29 
756.32 648.88 4592.52 0.44 
561.94 605.82 4876.64 0.51 
563.81 622.90 6362.21 0.37 
600.78 579.31 3705.60 0.41 
643.75 632.28 3837.20 0.26 
566.93 639.76 4346.52 0.33 
646.55 791.17 4480.48 0.36 
731.18 552.22 4072.28 0.42 
554.39 577.08 5014.30 0.51 
652.11 651.70 3575.61 0.31 
662.27 609.84 3504.48 0.42 
693.70 594.53 2780.76 0.54 
637.82 578.35 4133.45 0.57 
689.46 584.90 5397.39 0.54 
558.64 556.48 3994.14 0.26 
574.01 808.44 5015.31 0.33 
577.61 655.17 3221.83 0.58 
591.71 631.12 4015.35 0.37 
698.87 568.36 4346.26 0.64 
651.41 595.13 5023.59 0.43 
636.20 586.39 3878.85 0.23 
548.27 660.99 3566.21 0.45 
880.00 711.81 4709.81 0.49 
663.70 840.16 3782.53 0.42 
551.46 697.82 4404.61 0.12 
759.91 725.42 3925.92 0.44 
666.33 594.74 3800.40 0.39 
652.96 584.76 4630.06 0.36 
572.46 604.11 4013.78 0.34 
548.14 599.17 4007.42 0.40 
713.20 833.23 3319.45 0.36 
556.89 654.39 5139.92 0.36 
724.80 608.30 3294.87 0.46 
673.79 630.21 4048.03 0.35 
589.17 578.01 3449.81 0.55 
655.58 838.63 3598.73 0.55 
591.60 708.65 3732.30 0.38 
550.62 543.84 4969.09 0.44 
562.75 633.63 4722.00 0.49 
589.59 556.28 3610.78 0.35 
626.42 644.12 3517.79 0.38 
775.68 642.89 4224.69 0.37 
620.59 744.18 4650.07 0.39 
598.51 700.67 5797.27 0.45 
616.05 564.64 4514.08 0.37 
748.68 665.30 5309.27 0.47 
558.38 692.89 3422.40 0.36 
692.52 698.61 3954.70 0.41 
600.68 581.01 3337.46 0.51 
572.75 690.22 5461.39 0.43 
565.51 584.86 4191.46 0.32 
654.00 599.92 3216.64 0.37 
611.97 672.49 4285.00 0.49 
607.81 611.78 4816.88 0.39 
624.01 544.81 4005.67 0.41 
757.98 611.60 2961.87 0.50 
596.11 583.41 2904.67 0.49 
611.92 639.22 4845.13 0.52 
548.80 802.56 3376.40 0.41 
548.50 573.29 4883.17 0.29 
554.88 558.72 3873.10 0.35 
600.65 545.38 3270.66 0.41 
588.56 569.33 3626.22 0.29 
627.00 597.32 3737.26 0.42 
570.87 541.17 3579.68 0.52 
558.81 648.06 4574.97 0.49 
572.73 697.84 4170.89 0.42 
630.55 704.42 3156.47 0.28 
558.26 773.56 4545.23 0.45 
563.81 587.79 4530.90 0.58 
581.50 690.61 5281.37 0.50 
650.81 604.46 3626.45 0.28 
847.21 661.05 3502.07 0.21 
618.91 581.49 2850.31 0.42 
713.83 607.59 4471.04 0.62 
646.58 678.37 4440.84 0.42 
606.09 590.63 4017.63 0.43 
647.40 600.10 3998.20 0.35 
698.91 588.72 3171.80 0.64 
577.36 616.44 2715.30 0.51 
660.99 809.25 4825.06 0.34 
686.61 573.79 4023.13 0.27 
569.19 622.85 3785.08 0.49 
725.65 544.67 3268.60 0.32 
608.25 766.61 4709.72 0.50 
601.41 759.21 4485.17 0.21 
657.06 627.30 4107.40 0.35 
672.33 561.96 3035.60 0.22 
608.55 638.34 3406.78 0.65 
718.28 594.65 3337.13 0.41 
564.56 695.64 3235.29 0.40 
572.12 571.00 4692.43 0.46 
570.36 620.12 3367.53 0.56 
541.39 643.64 3948.21 0.40 
704.16 649.64 3967.40 0.50 
559.64 596.41 3904.77 0.35 
692.29 627.26 4112.87 0.35 
544.25 674.61 4348.54 0.54 
631.12 658.15 3109.73 0.59 
