610.26 704.83 3300.53 0.48 
728.00 678.77 4211.52 0.18 
586.29 588.29 4434.20 0.38 
706.93 577.92 3955.53 0.39 
664.97 551.41 3936.74 0.32 
543.50 542.28 3281.61 0.49 
560.79 545.79 4709.13 0.40 
584.69 588.15 4131.00 0.60 
573.09 647.22 5301.56 0.31 
550.38 578.43 3499.56 0.31 
567.40 660.96 4483.48 0.45 
551.71 618.06 4459.90 0.41 
617.63 554.26 4290.67 0.30 
714.61 697.56 5009.82 0.33 
698.92 789.67 4047.81 0.50 
582.00 591.31 4981.59 0.56 
570.05 635.54 4114.22 0.33 
584.60 656.95 2773.17 0.39 
551.62 586.73 4092.68 0.50 
571.63 636.62 5667.21 0.31 
692.78 598.06 4641.24 0.42 
582.84 592.06 4564.47 0.39 
601.99 642.06 4633.81 0.25 
599.95 659.62 3604.29 0.30 
570.03 544.66 3778.08 0.35 
623.13 672.22 3908.56 0.33 
766.96 621.59 2528.84 0.27 
638.36 640.84 4449.49 0.20 
641.81 576.78 4201.12 0.31 
555.71 693.19 3580.37 0.42 
691.40 638.20 3935.44 0.36 
561.99 640.90 4458.68 0.28 
654.01 662.83 4183.44 0.57 
671.07 613.44 4087.61 0.45 
697.65 700.51 4724.73 0.31 
574.84 639.72 4245.81 0.58 
582.68 551.37 5023.58 0.34 
731.58 631.84 4213.69 0.26 
585.49 560.60 4080.02 0.49 
551.25 622.57 4613.15 0.62 
574.98 639.07 4433.56 0.37 
687.61 661.54 4828.54 0.34 
698.07 625.15 5187.19 0.44 
872.69 647.26 3285.41 0.33 
683.84 620.63 4468.76 0.36 
595.05 625.51 4200.76 0.34 
748.04 661.91 4267.95 0.54 
658.94 729.54 4314.04 0.55 
791.91 603.13 4260.38 0.32 
799.06 565.86 4685.53 0.48 
684.84 669.08 4628.80 0.36 
620.27 574.71 3329.67 0.52 
546.95 637.64 3732.14 0.32 
627.73 567.24 4909.34 0.43 
618.29 565.91 3216.41 0.37 
540.88 551.04 3724.68 0.48 
568.39 547.27 3889.62 0.56 
583.04 634.36 3913.99 0.32 
541.54 552.61 3487.12 0.40 
709.94 817.55 4369.96 0.56 
620.12 663.26 3792.20 0.49 
645.63 548.46 3378.60 0.26 
635.46 576.31 3584.10 0.38 
806.93 545.99 5344.22 0.36 
602.06 663.80 4141.66 0.42 
621.55 541.69 4498.83 0.31 
639.83 635.22 3518.45 0.37 
543.13 550.19 4821.62 0.44 
608.64 742.23 5459.17 0.27 
615.04 595.47 3650.84 0.35 
623.03 650.76 4630.27 0.50 
754.21 553.23 5120.26 0.37 
658.34 544.40 4705.49 0.49 
577.32 671.86 3952.75 0.33 
552.38 627.57 4653.90 0.46 
714.75 568.82 3342.50 0.30 
631.81 674.77 5211.29 0.25 
633.47 546.78 3022.70 0.37 
565.70 713.97 3631.65 0.40 
545.81 573.61 3351.12 0.52 
685.60 603.82 2575.36 0.47 
