664.98 630.67 3561.33 0.37 
571.00 557.24 3244.41 0.31 
546.50 575.09 4004.00 0.49 
580.42 588.27 3862.95 0.45 
605.54 625.55 4418.14 0.44 
642.75 663.23 3686.92 0.51 
679.86 586.34 3957.81 0.26 
625.94 630.05 4165.94 0.44 
689.80 600.72 4444.44 0.43 
561.69 553.30 2892.82 0.37 
581.14 568.08 4945.80 0.46 
707.46 645.41 5742.63 0.36 
605.95 697.99 4027.69 0.32 
545.12 563.74 3976.37 0.50 
694.98 561.61 3076.43 0.40 
578.74 743.81 2392.52 0.17 
657.42 635.65 3427.58 0.36 
588.39 616.00 3105.76 0.35 
588.41 576.89 3774.64 0.35 
600.90 541.97 5502.89 0.17 
565.44 646.22 2808.66 0.39 
566.10 655.34 3773.56 0.37 
714.40 552.02 4241.43 0.45 
609.96 555.77 4353.19 0.45 
645.59 878.19 3765.88 0.52 
633.95 637.17 3531.03 0.46 
688.45 623.41 4980.44 0.43 
565.98 599.68 4065.04 0.43 
616.76 641.53 2965.14 0.38 
701.08 753.50 4531.14 0.22 
591.68 731.53 5137.06 0.40 
581.11 621.16 4529.17 0.36 
657.54 621.75 3832.15 0.33 
606.64 717.06 3315.62 0.47 
578.78 714.30 2976.39 0.43 
639.24 555.58 2608.39 0.35 
606.54 658.70 3227.31 0.35 
674.33 601.85 6354.57 0.34 
683.18 615.87 2790.72 0.40 
564.66 550.38 3813.20 0.43 
573.96 619.19 4681.96 0.46 
546.10 711.45 4431.61 0.41 
578.98 560.57 5244.16 0.45 
678.45 548.46 4097.21 0.49 
581.08 568.94 4230.81 0.43 
642.04 595.65 4231.76 0.19 
627.16 633.92 4263.60 0.31 
603.03 699.35 4711.91 0.49 
728.13 571.95 2777.60 0.42 
588.30 641.74 4105.21 0.35 
589.75 679.38 3836.40 0.36 
686.00 685.24 3480.13 0.39 
571.86 782.29 3548.57 0.41 
691.55 572.08 4206.44 0.51 
548.22 604.40 4809.52 0.51 
656.06 612.22 3979.78 0.40 
798.74 757.26 4197.43 0.41 
698.68 632.98 3405.89 0.28 
561.74 559.89 3871.30 0.39 
692.44 664.41 4355.83 0.50 
650.51 627.83 4665.69 0.43 
565.77 677.52 4506.61 0.33 
599.60 748.47 3769.79 0.41 
764.55 675.14 3531.06 0.40 
632.19 567.92 3299.02 0.34 
566.90 588.85 4716.86 0.43 
608.78 557.86 4227.07 0.28 
622.59 718.74 5076.39 0.41 
662.38 722.39 4770.85 0.56 
668.99 570.59 3112.78 0.51 
657.03 669.85 4426.33 0.50 
618.63 544.64 2903.81 0.47 
625.91 670.59 3020.81 0.38 
571.24 582.06 3981.40 0.57 
728.02 582.26 3803.60 0.57 
578.69 699.75 4232.68 0.40 
610.81 566.25 4466.43 0.57 
616.51 578.00 5074.75 0.60 
564.65 603.84 3369.14 0.42 
717.74 587.85 3910.67 0.32 
596.40 584.97 4528.41 0.47 
617.33 637.62 3504.31 0.28 
573.95 647.41 3845.57 0.43 
669.17 542.31 4474.79 0.23 
579.34 663.55 4829.49 0.34 
578.82 564.15 3794.22 0.24 
543.30 681.39 4508.03 0.42 
640.35 575.20 5078.53 0.45 
666.07 810.47 2429.18 0.43 
708.10 579.99 3862.32 0.36 
623.33 675.38 4612.58 0.45 
664.98 575.62 4723.88 0.56 
607.44 713.64 3721.02 0.45 
559.17 667.43 2990.94 0.29 
589.80 684.63 3109.28 0.53 
623.60 693.06 3550.51 0.51 
617.40 612.08 3532.48 0.20 
606.92 542.93 4691.23 0.43 
603.42 585.78 4731.22 0.36 
652.29 628.94 3537.57 0.45 
600.43 565.78 5142.99 0.31 
661.90 580.78 4463.72 0.31 
562.20 626.11 2745.69 0.49 
604.43 723.59 4387.29 0.32 
641.16 578.47 4399.49 0.48 
667.19 685.58 4276.95 0.38 
720.48 561.69 3538.22 0.74 
550.20 688.51 3892.58 0.53 
659.53 550.35 4386.18 0.26 
575.77 602.96 3627.08 0.62 
552.01 709.38 4459.64 0.39 
674.88 601.55 3374.67 0.36 
627.46 556.38 4164.62 0.53 
603.03 580.88 4420.71 0.42 
641.45 635.29 3474.69 0.41 
568.28 801.28 4264.72 0.30 
541.69 599.96 4532.67 0.32 
653.84 560.32 4670.58 0.44 
645.46 580.83 3770.80 0.50 
573.82 610.73 3227.88 0.29 
612.19 559.02 4466.65 0.30 
577.30 582.21 5001.98 0.43 
655.74 549.03 3886.14 0.48 
540.98 870.39 4938.61 0.49 
540.79 632.35 5291.73 0.36 
674.11 706.94 4281.49 0.44 
572.00 690.04 3459.66 0.38 
616.40 556.54 3170.74 0.28 
564.41 675.62 3243.92 0.41 
570.55 758.17 4958.49 0.37 
545.42 560.79 3292.87 0.28 
585.94 584.81 5251.49 0.40 
808.59 594.62 4528.13 0.51 
567.90 614.16 4319.21 0.38 
550.27 572.15 3560.17 0.32 
588.90 581.43 4845.14 0.32 
555.69 626.92 3775.96 0.45 
685.51 554.21 3964.14 0.24 
719.08 687.06 4366.01 0.39 
540.44 674.82 4025.63 0.39 
684.93 545.85 4928.59 0.25 
547.98 662.19 4375.98 0.40 
819.60 635.71 3382.44 0.52 
548.55 594.80 4030.44 0.44 
650.48 815.25 4983.66 0.55 
583.58 591.24 3352.30 0.44 
585.21 597.02 3674.97 0.50 
715.88 818.26 4444.09 0.51 
581.61 582.24 3250.28 0.35 
611.80 596.32 5301.18 0.31 
604.82 626.55 3050.16 0.54 
626.78 604.46 3619.94 0.38 
562.42 589.05 4066.08 0.46 
624.52 696.50 3755.86 0.37 
544.51 579.94 4376.12 0.42 
699.13 724.58 4313.14 0.26 
599.69 778.67 5195.94 0.30 
572.70 710.57 4328.72 0.30 
580.81 614.87 4730.08 0.45 
775.69 627.56 5517.35 0.41 
644.22 631.36 3397.20 0.46 
702.73 720.29 3878.90 0.31 
574.15 578.01 4300.91 0.43 
597.63 753.01 5332.33 0.51 
568.27 727.66 3832.90 0.41 
816.32 717.63 4679.84 0.26 
595.02 681.48 4799.47 0.51 
743.02 566.89 4924.83 0.35 
690.27 690.86 4578.27 0.42 
549.24 582.49 3144.62 0.31 
549.92 654.16 4317.00 0.50 
550.89 715.65 4798.27 0.53 
634.39 645.94 4392.15 0.34 
583.53 572.27 3002.93 0.41 
598.53 639.50 3326.03 0.44 
630.15 689.56 3417.09 0.23 
731.25 576.39 4054.91 0.44 
573.37 660.75 3446.82 0.30 
570.82 603.51 4743.88 0.25 
703.27 644.32 3997.99 0.50 
629.25 570.99 3295.69 0.39 
555.01 621.16 4475.67 0.40 
542.90 545.43 4893.64 0.43 
627.54 549.62 3947.58 0.22 
574.03 591.20 3952.61 0.42 
603.30 567.56 3622.17 0.31 
600.91 776.03 4217.79 0.38 
560.13 571.21 4888.53 0.43 
565.58 634.06 4185.79 0.06 
575.17 616.38 4094.55 0.20 
707.69 677.40 2429.90 0.41 
587.40 545.84 4231.03 0.47 
598.86 713.64 3838.79 0.49 
701.30 567.11 4793.01 0.41 
665.59 579.48 3877.86 0.50 
663.71 738.48 4707.73 0.44 
664.48 556.40 4448.23 0.59 
571.14 652.87 4120.89 0.38 
689.13 591.08 3880.03 0.45 
629.33 740.34 4497.34 0.60 
622.02 599.49 4116.42 0.48 
