799.20 561.03 3459.26 0.39 
680.56 597.35 4031.11 0.38 
629.60 547.12 3471.80 0.53 
578.29 563.21 5207.64 0.52 
607.89 792.87 4502.24 0.44 
631.12 581.52 3297.61 0.32 
718.41 639.20 3815.83 0.51 
560.43 731.69 5920.00 0.38 
540.26 721.06 4691.34 0.40 
763.28 575.18 3747.39 0.21 
630.96 597.64 4344.66 0.43 
722.64 581.23 4972.14 0.29 
664.53 577.39 4939.38 0.44 
594.53 565.60 5217.82 0.55 
550.31 709.60 4317.12 0.44 
705.60 621.43 2023.93 0.42 
596.71 653.61 3998.88 0.49 
567.40 646.37 3535.66 0.54 
779.01 590.86 3784.96 0.35 
559.31 683.83 3995.22 0.40 
664.12 553.08 5725.14 0.46 
723.51 583.50 4082.94 0.35 
656.51 589.68 3541.27 0.52 
622.03 568.79 5056.69 0.26 
565.57 552.91 4224.87 0.43 
677.68 630.22 3669.11 0.57 
788.81 663.97 4741.34 0.36 
741.10 670.69 3651.13 0.44 
636.46 571.49 4944.73 0.25 
627.68 552.69 4277.88 0.48 
585.09 767.92 3430.78 0.46 
558.62 740.19 3629.87 0.26 
714.04 741.83 5179.83 0.17 
622.99 640.44 3559.34 0.44 
636.14 559.87 5087.37 0.49 
624.50 697.53 3711.40 0.34 
576.83 710.79 3556.72 0.28 
804.71 594.75 3557.18 0.65 
554.70 552.00 3110.75 0.27 
623.76 730.31 3733.84 0.45 
621.25 555.29 3631.68 0.29 
579.79 724.84 3204.05 0.45 
630.45 641.87 4155.72 0.56 
712.20 623.99 3204.94 0.29 
560.50 645.55 4081.19 0.32 
548.22 732.76 3298.95 0.24 
602.88 558.79 3942.80 0.58 
582.89 624.68 4762.07 0.24 
568.60 542.24 5352.08 0.36 
553.75 693.45 4010.87 0.30 
674.10 595.82 3869.94 0.42 
545.79 575.03 4197.04 0.55 
824.38 575.99 4793.02 0.30 
608.94 588.15 4109.99 0.40 
546.13 603.71 3948.40 0.25 
628.73 597.70 3969.30 0.36 
623.33 622.11 2767.00 0.55 
723.45 553.00 4114.24 0.46 
675.75 542.17 3505.92 0.57 
551.39 783.56 3093.59 0.48 
615.90 561.28 3460.31 0.36 
668.38 570.17 3666.13 0.40 
541.05 541.27 5057.09 0.42 
598.92 733.99 3717.35 0.51 
651.65 582.03 3938.53 0.47 
646.29 578.48 3866.53 0.42 
668.83 661.12 4838.75 0.30 
733.93 624.45 3109.11 0.36 
564.45 580.04 3264.00 0.45 
586.60 627.63 4082.03 0.49 
565.24 583.63 4022.35 0.40 
611.41 595.58 3827.37 0.44 
552.34 540.58 3734.20 0.25 
563.81 613.75 4968.83 0.40 
614.39 596.04 3441.97 0.23 
725.57 622.26 3666.85 0.34 
560.27 579.29 3802.74 0.53 
564.23 646.59 3321.24 0.43 
632.99 669.91 3708.97 0.49 
554.17 583.22 4337.65 0.47 
595.89 592.97 3195.89 0.42 
568.59 606.98 4113.60 0.51 
562.29 608.33 3975.49 0.35 
659.72 697.53 3914.91 0.39 
582.97 615.57 2866.87 0.41 
549.63 624.63 4345.78 0.30 
604.75 661.96 4253.95 0.32 
549.37 731.09 4129.84 0.32 
556.89 663.69 2844.01 0.50 
572.72 652.77 3105.12 0.34 
631.98 560.15 4631.12 0.44 
693.06 558.39 3285.68 0.34 
698.05 660.40 3483.66 0.44 
645.93 717.57 3873.60 0.36 
575.65 736.51 3725.20 0.47 
573.74 622.89 4437.68 0.48 
604.28 669.53 4973.34 0.35 
669.24 658.52 4113.42 0.42 
764.81 548.20 4845.31 0.26 
609.15 598.81 3200.22 0.54 
738.22 569.22 4647.42 0.52 
