578.49 645.60 4405.59 0.37 
574.11 571.63 4722.38 0.46 
549.86 616.86 3599.38 0.28 
839.54 656.58 4473.40 0.31 
715.03 554.22 3986.73 0.37 
681.51 643.32 4552.95 0.42 
745.27 681.85 3314.37 0.25 
562.13 621.02 4270.38 0.44 
580.79 604.38 4058.08 0.28 
591.92 565.08 3163.26 0.46 
591.39 665.18 3923.65 0.40 
547.58 562.49 4562.10 0.48 
678.61 675.47 4432.31 0.54 
631.84 583.70 2817.34 0.25 
553.35 550.35 4547.33 0.45 
738.94 823.00 3442.44 0.50 
542.79 554.97 4878.29 0.39 
541.90 570.84 3499.31 0.45 
730.13 546.10 4205.06 0.53 
774.09 794.42 3537.31 0.45 
722.23 565.85 3821.58 0.42 
608.53 708.72 3271.72 0.37 
579.90 691.33 4152.11 0.66 
541.70 575.00 3139.31 0.39 
580.87 696.42 3449.24 0.34 
690.87 759.06 3203.91 0.53 
581.48 579.83 3892.19 0.30 
634.23 577.78 3719.85 0.53 
622.20 677.99 3837.48 0.52 
772.62 574.28 4375.61 0.46 
630.30 680.70 2944.53 0.58 
672.52 665.20 3938.81 0.32 
625.96 611.87 4052.38 0.09 
571.46 780.05 2751.61 0.56 
579.12 563.04 4796.32 0.42 
611.51 541.85 5312.56 0.42 
563.76 563.55 3718.32 0.34 
674.75 543.06 3579.79 0.27 
551.57 612.58 3346.52 0.35 
617.96 693.79 4968.63 0.33 
566.88 623.36 5002.46 0.45 
