772.13 625.34 4442.24 0.39 
615.72 605.92 5114.62 0.43 
629.32 542.32 3794.55 0.49 
624.00 642.13 3873.81 0.39 
599.86 719.18 4691.33 0.34 
718.43 674.85 4543.19 0.35 
617.64 566.36 3501.79 0.34 
615.20 633.93 2993.94 0.50 
686.21 586.98 3696.82 0.41 
543.97 557.19 4185.46 0.33 
599.95 552.63 4731.28 0.24 
717.14 640.19 3420.95 0.35 
543.82 554.50 5301.77 0.52 
565.92 604.15 4613.00 0.31 
557.34 695.92 3988.48 0.47 
600.97 697.01 4003.58 0.31 
540.56 544.26 3942.46 0.45 
589.63 564.17 2818.32 0.38 
631.34 552.26 4438.40 0.28 
593.79 655.52 4636.17 0.46 
667.12 587.35 3418.29 0.34 
562.27 581.48 3843.57 0.44 
607.60 567.08 5147.32 0.34 
640.35 589.92 4103.48 0.17 
601.11 814.79 3723.89 0.52 
699.48 634.66 4489.43 0.31 
649.51 610.50 3433.47 0.20 
653.79 595.81 4278.88 0.60 
552.20 658.53 5805.96 0.35 
563.93 615.90 3405.99 0.26 
601.77 638.28 3294.54 0.35 
547.82 591.47 3959.59 0.27 
644.47 608.51 4086.69 0.57 
541.61 614.80 3011.81 0.30 
678.05 652.78 3667.63 0.54 
704.22 608.85 3913.70 0.40 
632.37 540.77 4144.26 0.46 
546.52 606.65 4531.99 0.33 
743.15 595.02 4637.62 0.26 
541.32 551.53 3956.04 0.64 
711.66 558.23 4281.47 0.44 
606.11 570.52 2987.05 0.46 
564.80 595.82 5337.87 0.29 
582.54 587.13 4107.19 0.41 
554.00 600.68 3352.62 0.46 
545.15 551.79 2905.09 0.59 
547.54 612.24 4518.55 0.54 
547.30 631.21 3784.89 0.41 
575.53 598.46 3473.53 0.37 
649.88 571.49 3347.28 0.37 
612.63 622.09 3667.49 0.55 
567.32 722.82 3184.29 0.46 
577.35 580.61 5430.20 0.44 
713.18 693.60 4859.22 0.63 
750.49 541.27 4993.24 0.44 
567.09 641.25 4351.22 0.47 
625.43 585.36 4135.53 0.29 
626.13 733.72 3945.67 0.40 
681.31 571.94 4610.61 0.51 
589.19 585.03 4059.87 0.57 
546.63 588.02 3055.31 0.38 
597.25 687.71 3411.91 0.43 
648.47 576.71 4748.46 0.47 
654.47 625.33 4411.18 0.41 
608.26 684.79 4029.92 0.42 
540.16 613.43 5990.32 0.39 
669.39 636.08 3715.42 0.34 
715.89 708.40 3565.60 0.32 
575.65 540.70 3237.88 0.50 
584.85 578.03 4424.64 0.18 
634.50 545.20 4467.98 0.32 
581.01 543.91 4063.66 0.40 
683.78 552.62 4287.00 0.29 
642.77 707.45 4050.22 0.41 
599.06 701.87 3599.74 0.27 
561.19 639.33 3277.67 0.33 
762.14 630.96 4863.17 0.34 
613.51 690.70 4345.07 0.44 
545.99 563.13 3503.95 0.29 
581.40 566.15 3796.38 0.45 
596.30 653.39 4740.53 0.32 
579.81 638.80 3740.41 0.38 
648.20 618.28 5179.48 0.32 
559.92 575.43 2641.18 0.46 
831.45 711.34 3418.05 0.33 
591.08 745.86 3216.37 0.33 
571.24 663.91 4880.46 0.43 
554.95 547.07 3760.72 0.33 
729.67 656.83 3890.39 0.18 
559.19 559.60 3400.34 0.33 
597.31 556.11 3389.65 0.51 
