541.73 780.13 3148.55 0.40 
682.97 759.86 2549.29 0.28 
606.12 607.62 3448.43 0.40 
543.47 661.63 3937.28 0.40 
716.24 568.56 3914.29 0.53 
577.19 658.94 5052.48 0.46 
605.56 782.78 2696.20 0.56 
684.10 574.49 3917.87 0.45 
552.53 604.02 3944.87 0.36 
651.87 634.79 4318.75 0.36 
690.41 615.67 3354.27 0.33 
593.23 677.97 4069.71 0.34 
588.14 631.29 3646.87 0.56 
572.99 617.27 4481.35 0.45 
598.01 641.40 3414.34 0.36 
593.26 617.71 3883.21 0.48 
545.68 602.56 3453.13 0.44 
550.45 644.89 2652.05 0.40 
698.31 558.40 3033.78 0.48 
590.41 544.55 4946.83 0.48 
594.36 542.75 4213.86 0.42 
591.83 541.76 4070.84 0.38 
610.93 615.09 3487.99 0.55 
609.02 662.62 3701.80 0.40 
622.35 564.78 3453.76 0.47 
668.46 660.32 3655.22 0.33 
639.93 698.37 4031.51 0.48 
740.52 675.44 4205.67 0.27 
626.95 811.86 4097.59 0.65 
561.11 636.19 4296.29 0.46 
548.11 561.32 4659.53 0.37 
