737.84 666.05 4133.15 0.49 
587.28 617.09 4688.05 0.42 
550.99 578.30 3605.34 0.38 
595.24 579.84 3582.61 0.46 
673.15 596.46 5102.89 0.30 
632.10 655.69 4752.61 0.33 
688.22 568.45 4049.08 0.23 
712.63 571.01 5103.63 0.33 
618.40 567.73 3220.04 0.46 
694.37 627.20 3607.99 0.47 
644.58 578.95 2473.64 0.51 
563.92 581.19 3675.40 0.36 
712.12 746.49 3654.71 0.52 
720.87 746.96 4150.45 0.44 
540.13 603.29 4100.40 0.41 
559.07 618.84 4531.57 0.24 
579.62 639.31 4195.60 0.29 
707.76 676.94 4644.39 0.44 
667.48 635.10 2773.29 0.42 
638.74 648.08 4258.42 0.41 
607.50 757.89 3018.80 0.31 
603.79 665.91 4896.03 0.36 
551.63 583.70 3034.01 0.45 
540.34 573.90 2303.37 0.39 
604.00 681.98 4088.83 0.35 
606.89 558.47 3879.35 0.52 
666.15 718.09 3905.68 0.43 
638.52 711.89 4034.08 0.60 
583.44 559.60 3436.98 0.41 
548.60 615.75 3753.91 0.38 
600.12 557.34 5244.05 0.31 
667.15 610.02 4201.21 0.35 
714.59 715.23 4320.99 0.19 
613.14 585.06 4033.11 0.28 
587.56 574.90 4249.19 0.45 
613.25 576.45 4252.30 0.34 
799.77 882.36 4145.10 0.36 
682.91 598.08 4404.74 0.33 
578.28 600.96 4425.68 0.56 
586.66 541.34 4437.41 0.50 
694.37 600.56 3960.58 0.43 
608.30 710.17 4333.89 0.52 
625.33 638.45 3348.50 0.31 
584.59 607.68 3819.85 0.31 
553.37 589.11 5029.33 0.34 
895.01 656.22 2899.75 0.32 
784.54 547.10 5498.99 0.39 
668.99 745.44 5036.20 0.32 
629.28 615.29 4504.37 0.57 
663.06 610.64 3769.47 0.27 
686.72 625.66 3529.85 0.16 
568.50 717.59 3268.24 0.52 
557.07 562.93 3434.18 0.33 
626.39 594.98 4356.99 0.49 
797.03 588.05 4958.33 0.48 
583.48 567.17 4401.92 0.52 
561.37 693.54 3904.57 0.37 
551.56 614.03 2743.03 0.38 
640.30 613.88 4059.75 0.51 
588.63 667.85 3176.52 0.33 
548.37 604.69 4037.01 0.53 
617.48 632.34 3313.20 0.43 
590.77 648.37 4320.79 0.48 
575.44 672.35 4849.10 0.34 
552.71 609.95 4446.75 0.32 
599.68 700.64 4907.24 0.34 
607.88 560.39 4817.24 0.48 
630.81 646.61 3864.53 0.19 
601.90 569.82 3153.01 0.39 
560.30 576.94 4355.11 0.35 
604.62 834.67 4215.04 0.33 
