554.24 696.80 3511.92 0.42 
652.35 738.93 3780.06 0.37 
543.08 681.46 3529.20 0.44 
568.17 551.15 2611.79 0.49 
598.24 603.02 4095.77 0.30 
572.65 633.06 3515.29 0.32 
593.96 637.35 4875.76 0.50 
563.75 600.25 4276.36 0.33 
565.78 545.17 4092.08 0.50 
555.68 603.12 4214.35 0.46 
669.05 768.27 3584.14 0.34 
633.36 579.19 4858.15 0.23 
635.31 638.50 4309.94 0.55 
625.43 654.75 3764.75 0.48 
789.89 598.42 4211.96 0.51 
770.17 672.51 4075.77 0.39 
635.58 665.17 4105.78 0.31 
569.04 570.89 5108.10 0.31 
546.34 603.57 3311.14 0.50 
554.64 599.62 4152.64 0.29 
822.44 547.12 4473.65 0.47 
