10.06 80.92 7755.70 0.52 
484.39 58.06 1181.33 0.33 
192.19 449.78 7986.74 0.31 
31.61 48.99 5831.72 0.36 
886.68 167.68 3555.98 0.41 
372.60 284.74 617.45 0.32 
298.85 866.27 6776.82 0.50 
939.01 883.71 2093.22 0.44 
774.91 371.77 7485.88 0.38 
960.33 475.35 5419.16 0.67 
758.31 514.12 3910.56 0.24 
749.30 532.75 7686.85 0.41 
544.36 439.03 7880.12 0.38 
104.41 406.05 6916.62 0.37 
605.74 369.02 3513.99 0.38 
693.25 120.41 870.81 0.48 
207.28 878.07 1042.13 0.60 
402.60 854.89 1434.28 0.41 
990.07 137.47 2438.90 0.37 
216.82 696.64 4840.11 0.43 
858.94 941.76 1944.86 0.36 
775.66 148.54 3062.10 0.57 
109.50 21.83 3852.45 0.46 
627.96 165.20 3324.51 0.51 
363.06 537.68 5209.43 0.46 
555.32 488.88 6121.29 0.28 
701.98 259.64 7784.24 0.36 
608.28 367.04 7500.02 0.44 
903.25 792.37 6014.92 0.26 
549.15 549.71 5668.58 0.52 
921.05 968.87 6359.09 0.52 
805.07 807.96 3194.48 0.33 
667.03 897.38 1856.72 0.31 
331.56 183.10 5496.23 0.39 
651.18 937.72 1397.97 0.48 
700.61 196.74 7923.64 0.31 
480.64 424.84 6899.46 0.32 
444.51 329.40 5948.63 0.42 
446.70 259.72 4698.46 0.57 
93.39 42.35 4810.51 0.40 
170.90 515.96 6325.53 0.44 
282.66 386.25 7390.29 0.57 
314.17 134.26 3431.50 0.45 
819.77 48.67 4677.84 0.46 
794.76 218.12 3140.43 0.35 
184.48 359.17 7265.34 0.52 
501.05 727.78 4551.70 0.59 
794.94 940.37 1341.32 0.35 
647.45 774.24 6462.05 0.42 
654.33 90.17 3343.64 0.62 
301.51 721.99 5634.70 0.35 
58.28 655.29 829.23 0.47 
137.14 853.05 7872.86 0.26 
700.05 740.37 1215.17 0.41 
645.61 63.77 7627.02 0.25 
271.09 546.88 4093.34 0.35 
196.81 549.33 4630.75 0.36 
986.39 489.12 5130.73 0.50 
898.84 474.71 2901.40 0.56 
33.57 354.48 5815.43 0.27 
893.51 480.59 7637.64 0.47 
876.69 104.19 7574.70 0.56 
866.70 478.91 673.69 0.27 
462.99 219.54 613.80 0.37 
290.46 459.80 1532.84 0.32 
463.51 636.41 2433.22 0.48 
472.41 63.90 1916.18 0.45 
706.69 952.77 5475.16 0.53 
419.47 33.34 4112.72 0.43 
373.65 997.00 6910.16 0.44 
955.79 602.24 4196.58 0.41 
450.93 90.37 4698.48 0.43 
428.85 639.20 1237.73 0.46 
473.55 586.78 3362.08 0.45 
727.53 330.44 6582.07 0.32 
30.91 16.43 859.75 0.43 
586.53 262.63 6493.12 0.38 
598.31 464.23 6813.63 0.23 
205.50 506.74 6173.11 0.20 
447.10 574.31 5188.91 0.24 
838.42 244.57 6800.72 0.44 
