598.47 579.41 6367.88 0.37 
649.97 563.73 6805.36 0.54 
555.87 614.82 6780.26 0.49 
571.78 647.47 6578.53 0.43 
550.41 541.22 6911.55 0.54 
586.64 557.56 5806.93 0.40 
651.25 565.19 7039.14 0.58 
728.27 809.34 6559.65 0.59 
623.91 657.98 6381.66 0.31 
672.47 731.96 5473.82 0.55 
569.93 580.80 5727.00 0.42 
701.79 565.01 6318.15 0.23 
607.96 619.46 5820.27 0.47 
563.84 639.06 6754.47 0.30 
595.99 684.59 5995.64 0.50 
568.11 671.58 6792.96 0.44 
760.66 569.78 6043.93 0.23 
730.07 641.12 6188.25 0.45 
662.07 745.07 6996.31 0.36 
835.54 635.85 5120.17 0.33 
594.22 688.29 6010.38 0.25 
575.27 632.39 6662.63 0.19 
558.80 779.49 7254.36 0.29 
610.78 664.24 6181.67 0.43 
651.46 774.40 7104.34 0.32 
838.16 770.75 5873.42 0.45 
551.91 773.11 6233.58 0.42 
623.92 566.67 6371.59 0.09 
640.51 550.58 6812.28 0.39 
562.29 630.97 5862.74 0.41 
589.52 643.26 5813.97 0.37 
582.32 545.74 6872.99 0.25 
633.60 551.84 6888.66 0.56 
544.60 591.72 6969.66 0.54 
740.33 562.23 6958.87 0.19 
612.49 669.75 6293.12 0.19 
655.92 698.34 6468.74 0.13 
702.62 682.24 6320.38 0.56 
672.12 563.38 6099.47 0.39 
671.80 665.71 6545.83 0.44 
696.40 719.47 7760.60 0.56 
659.70 687.99 6822.12 0.31 
552.17 625.90 6138.46 0.51 
566.89 553.93 6807.40 0.36 
651.29 585.48 6123.49 0.36 
569.09 603.30 6017.91 0.32 
661.88 558.80 6605.46 0.25 
576.71 617.20 6449.43 0.50 
647.79 556.28 6375.92 0.60 
746.03 606.07 6020.58 0.25 
637.48 607.13 7936.44 0.47 
580.20 582.64 6496.54 0.46 
794.29 612.84 6716.55 0.37 
558.64 593.87 6126.37 0.40 
626.59 590.17 5655.25 0.48 
573.09 559.00 6519.09 0.40 
647.95 656.42 7113.73 0.45 
615.65 728.86 6341.01 0.38 
607.85 550.74 6622.15 0.45 
589.22 585.50 6688.87 0.42 
575.62 616.30 6978.09 0.51 
552.99 568.15 7171.24 0.66 
722.62 618.12 7138.85 0.35 
605.73 733.92 7271.32 0.45 
724.75 687.79 6280.90 0.54 
626.63 595.12 5651.58 0.46 
614.31 865.56 7212.19 0.54 
545.34 582.57 7793.24 0.36 
548.54 746.28 6723.37 0.45 
773.12 623.65 6526.13 0.44 
840.15 541.38 7536.81 0.47 
590.18 669.16 6236.95 0.41 
546.38 613.19 6495.48 0.37 
651.26 583.47 6571.28 0.39 
564.65 590.38 5505.66 0.47 
687.80 702.72 6687.67 0.61 
579.76 615.46 6367.58 0.35 
571.49 652.05 6023.60 0.36 
552.81 664.92 7040.06 0.58 
708.12 650.16 7343.36 0.51 
576.51 668.92 5747.17 0.29 
661.91 604.61 6328.07 0.38 
573.51 552.01 5695.10 0.26 
587.29 567.24 5924.16 0.52 
617.65 607.50 7247.74 0.41 
571.98 608.32 6037.47 0.41 
657.35 565.79 5072.63 0.33 
631.15 588.06 7191.32 0.48 
549.24 563.39 5261.94 0.40 
771.42 559.49 7327.97 0.42 
599.15 736.17 6948.73 0.36 
560.61 601.87 6956.60 0.33 
587.30 564.97 6047.43 0.42 
549.38 646.85 6116.67 0.55 
592.78 600.24 5878.84 0.45 
650.89 609.83 7228.03 0.51 
644.98 801.99 6427.18 0.44 
622.40 591.94 7484.19 0.36 
605.05 604.36 6824.84 0.41 
827.98 672.79 6733.11 0.38 
681.71 552.68 5796.70 0.47 
