677.36 632.17 6622.51 0.26 
646.39 811.95 5901.86 0.34 
543.89 572.34 6096.79 0.37 
588.78 652.50 6224.60 0.27 
648.39 569.10 6157.31 0.33 
672.80 570.22 6485.50 0.53 
578.61 823.05 7022.40 0.56 
722.15 618.51 7355.59 0.32 
571.40 610.90 7142.80 0.37 
646.20 562.54 6230.66 0.43 
552.41 663.54 6328.84 0.27 
779.47 673.30 6850.20 0.41 
543.83 589.39 7076.43 0.34 
767.40 568.92 6157.91 0.48 
707.75 549.35 6014.85 0.47 
547.92 673.16 6459.02 0.33 
562.07 554.85 5284.96 0.45 
608.13 645.12 6965.70 0.29 
839.72 571.84 6758.64 0.44 
560.21 829.09 6504.79 0.40 
589.16 623.87 6183.87 0.19 
553.25 608.12 6695.54 0.50 
590.81 639.54 7255.15 0.57 
627.68 605.67 6782.78 0.28 
623.85 640.68 6484.28 0.57 
663.00 588.10 6262.30 0.30 
591.86 592.61 6528.25 0.32 
588.55 565.99 6473.39 0.46 
701.61 589.85 7226.39 0.50 
681.11 542.33 6950.86 0.28 
714.99 637.76 6944.42 0.34 
583.04 570.37 6542.17 0.50 
540.67 668.53 6684.83 0.30 
582.85 659.35 6470.82 0.46 
584.32 804.03 6268.99 0.36 
551.17 603.23 6635.19 0.45 
545.22 669.14 7016.82 0.29 
585.74 554.05 6347.05 0.35 
592.20 631.37 6077.59 0.32 
701.17 563.13 7034.99 0.26 
606.97 613.56 5572.13 0.68 
583.98 630.95 6682.33 0.39 
558.35 627.06 6315.12 0.43 
620.84 548.42 6934.52 0.25 
596.55 678.93 6911.78 0.49 
691.50 580.81 5931.99 0.29 
560.75 565.89 7308.60 0.43 
573.57 550.23 7378.24 0.34 
767.59 664.78 5831.57 0.30 
635.19 551.60 6375.68 0.50 
640.34 573.69 7594.62 0.44 
552.47 707.22 6787.09 0.35 
594.88 576.87 6648.94 0.34 
738.20 551.93 6531.85 0.59 
603.70 719.91 7389.60 0.60 
692.14 581.81 7062.44 0.42 
594.70 740.55 7048.92 0.40 
620.14 653.87 5770.96 0.38 
647.52 548.01 7174.20 0.42 
590.94 604.12 6679.04 0.38 
630.07 553.35 6021.33 0.26 
690.46 659.07 6934.95 0.29 
597.38 654.13 6866.70 0.30 
668.61 742.93 6619.99 0.34 
581.95 573.60 7297.42 0.40 
771.88 560.35 6548.20 0.36 
548.43 585.90 6703.26 0.23 
565.90 651.36 6231.36 0.37 
586.40 651.00 6686.94 0.38 
584.45 573.56 6767.19 0.44 
600.85 683.70 6928.37 0.51 
587.55 684.31 6701.83 0.40 
647.11 627.32 6727.60 0.50 
786.66 545.47 6654.76 0.44 
686.92 588.84 4688.97 0.22 
551.66 594.17 5863.77 0.36 
611.08 655.65 5940.77 0.39 
616.17 659.45 6684.80 0.45 
545.34 553.28 6625.51 0.52 
590.19 635.59 6565.33 0.29 
618.86 589.77 6835.34 0.50 
