520.740000 555.120000 0.310000 5901.940000
395.680000 408.710000 0.250000 7230.490000
504.320000 501.630000 0.080000 4729.680000
661.220000 461.100000 0.160000 6221.590000
552.610000 515.060000 0.120000 6973.960000
668.530000 561.110000 0.140000 7589.250000
413.730000 555.360000 0.180000 6311.310000
430.870000 374.090000 0.100000 6497.580000
548.670000 561.450000 0.280000 6636.500000
500.810000 585.700000 0.310000 6640.680000
511.620000 361.070000 0.370000 4184.430000
517.970000 414.270000 0.160000 5682.950000
447.330000 485.980000 0.180000 5718.250000
423.370000 567.570000 0.230000 6132.990000
499.120000 486.630000 0.150000 7175.560000
428.850000 484.050000 0.350000 5816.460000
495.150000 524.050000 0.360000 7430.060000
480.630000 272.880000 0.090000 5479.520000
513.850000 365.780000 0.120000 7518.130000
449.360000 538.170000 0.210000 5806.080000
492.140000 500.620000 0.370000 5288.520000
583.710000 451.600000 0.210000 5853.670000
553.160000 357.160000 0.140000 6944.100000
641.310000 638.710000 0.110000 6787.410000
464.380000 543.030000 0.250000 5737.170000
504.900000 452.600000 0.200000 5734.760000
500.430000 569.030000 0.310000 4180.680000
604.740000 507.630000 0.330000 7984.200000
666.820000 665.250000 0.440000 7480.960000
701.970000 650.290000 0.200000 6032.190000
544.860000 462.990000 0.200000 6938.650000
524.820000 512.930000 0.230000 6904.820000
517.670000 466.150000 0.160000 5921.290000
327.810000 544.960000 0.310000 4741.050000
601.270000 521.380000 0.260000 4648.940000
532.340000 534.310000 0.270000 5078.090000
514.410000 615.940000 0.300000 5949.020000
475.950000 539.000000 0.320000 5364.990000
586.160000 470.910000 0.150000 7038.470000
431.370000 509.580000 0.200000 7096.060000
481.330000 615.420000 0.130000 5609.980000
531.090000 555.490000 0.400000 5130.120000
403.370000 510.440000 0.190000 5968.480000
531.070000 506.560000 0.230000 7615.490000
366.680000 542.430000 0.120000 5898.040000
462.360000 506.070000 0.100000 5839.050000
246.380000 617.510000 0.140000 5832.920000
658.640000 674.710000 0.300000 6363.340000
528.960000 354.460000 0.390000 4952.960000
390.310000 514.120000 0.180000 5736.380000
498.370000 577.890000 0.070000 5827.390000
478.540000 420.740000 0.180000 6776.950000
359.440000 497.390000 0.200000 7121.780000
645.920000 717.250000 0.130000 6081.220000
547.820000 480.930000 0.280000 6599.750000
634.800000 624.200000 0.120000 5919.390000
420.360000 444.740000 0.270000 4582.680000
501.200000 533.230000 0.220000 5493.980000
499.520000 620.510000 0.140000 5478.140000
444.650000 394.350000 0.300000 5429.070000
672.950000 424.330000 0.280000 7186.860000
419.020000 465.930000 0.300000 6295.140000
608.640000 467.880000 0.180000 6384.680000
451.230000 445.450000 0.240000 6776.380000
695.400000 616.010000 0.120000 6526.660000
626.850000 639.850000 0.060000 5329.830000
472.760000 559.470000 0.170000 7874.820000
586.080000 389.030000 0.230000 6353.480000
568.990000 596.220000 0.150000 3671.020000
466.040000 604.550000 0.120000 5089.560000
538.000000 507.630000 0.150000 4645.570000
553.850000 645.500000 0.140000 4177.080000
590.240000 565.240000 0.140000 7182.380000
516.350000 454.460000 0.180000 4653.260000
575.050000 710.830000 0.110000 6766.460000
497.180000 554.780000 0.050000 6520.970000
424.390000 613.480000 0.290000 6745.000000
500.950000 599.330000 0.130000 5359.690000
495.120000 441.920000 0.240000 6722.900000
512.340000 495.010000 0.320000 5528.020000
556.560000 518.200000 0.110000 5637.250000
526.360000 731.980000 0.350000 4510.510000
414.960000 421.790000 0.280000 5962.970000
556.620000 490.360000 0.070000 6664.680000
300.050000 409.470000 0.250000 4950.020000
397.560000 401.080000 0.060000 5982.650000
491.240000 615.340000 0.190000 5368.980000
499.730000 402.950000 0.130000 7918.970000
486.570000 490.410000 0.190000 6297.660000
523.730000 589.990000 0.110000 6721.230000
517.890000 274.050000 0.060000 7210.100000
505.980000 336.320000 0.220000 6908.680000
481.720000 427.430000 0.250000 5677.870000
473.940000 549.650000 0.110000 6208.220000
473.440000 672.020000 0.070000 5293.380000
480.830000 291.920000 0.290000 5281.410000
383.110000 375.810000 0.180000 5421.170000
512.790000 414.130000 0.030000 7619.760000
478.220000 487.940000 0.050000 5516.690000
467.180000 579.270000 0.140000 4682.200000
85 100 27 67 17 38 14 37 90 1 42 36 35 28 80 25 58 32 71 55 74 15 21 46 62 83 2 97 16 13 57 60 96 11 49 92 19 88 93 40 43 50 20 7 77 41 10 72 69 82 70 87 78 44 63 22 26 79 31 39 84 9 4 61 23 68 64 89 99 3 33 12 8 86 53 34 81 52 98 76 94 73 56 54 48 29 30 59 45 47 24 75 51 5 66 65 6 95 18 91 
Best fitness: 1.36
34 87 37 46 16 57 92 23 12 39 28 36 10 27 51 89 93 44 71 55 31 74 33 21 3 58 17 38 25 32 1 90 9 42 80 64 2 97 11 49 22 61 35 13 60 85 83 62 53 14 50 79 98 68 4 100 70 41 77 20 26 52 96 63 78 67 94 7 45 43 40 15 59 75 82 29 56 72 69 73 99 88 19 84 5 81 30 65 6 48 54 95 47 86 8 18 91 66 24 76 
Worst fitness: 1.66
96 92 60 11 49 12 79 83 16 40 67 42 27 76 58 17 21 25 38 81 28 56 82 72 37 9 36 32 87 59 78 10 69 1 70 77 14 100 20 50 43 57 64 44 80 71 35 31 22 55 74 26 88 52 2 62 89 33 34 45 13 8 93 68 61 63 39 4 6 24 29 54 48 73 53 85 86 97 94 15 99 46 3 41 51 7 84 23 19 90 75 30 5 66 65 95 47 98 18 91 
Best fitness: 1.36
11 12 21 74 3 25 14 34 45 20 42 81 73 35 38 27 37 28 49 23 31 33 80 41 87 72 1 36 32 13 57 83 89 9 10 100 7 40 46 17 58 44 71 26 79 52 93 64 16 70 77 62 2 53 50 43 60 96 85 97 55 69 59 82 48 29 78 67 94 15 22 68 61 63 4 56 24 30 54 5 88 19 99 76 75 66 6 39 90 51 98 86 8 18 92 91 84 65 95 47 
Worst fitness: 1.62
85 2 16 43 7 20 38 25 76 27 67 94 46 40 64 93 74 49 11 15 21 58 36 1 42 3 80 79 96 60 83 57 62 13 17 90 10 78 59 37 69 9 14 34 53 89 32 30 29 48 56 61 63 22 35 28 5 44 55 31 26 81 71 51 77 100 52 97 86 12 33 39 84 41 87 82 75 72 68 50 45 8 18 92 19 6 4 73 65 66 47 99 54 70 24 95 23 91 98 88 
Best fitness: 1.38
11 26 74 27 1 94 40 16 38 7 77 100 67 3 21 17 79 93 83 64 42 10 87 82 37 69 5 35 36 80 49 96 85 2 97 52 60 57 62 25 48 29 28 68 55 78 59 9 71 44 32 50 46 58 20 43 34 53 13 89 33 4 61 92 99 12 88 31 22 63 72 54 30 6 76 19 15 98 45 14 81 84 39 90 70 41 56 24 66 75 73 51 95 65 23 86 8 18 47 91 
Worst fitness: 1.63
96 11 26 74 31 55 39 68 23 49 97 86 83 60 57 89 99 21 80 1 10 27 9 28 35 81 32 71 44 5 36 42 78 87 37 69 58 17 16 50 34 77 100 7 14 20 25 38 40 43 2 85 53 13 64 93 79 90 72 73 29 30 56 22 33 62 88 98 45 67 48 54 82 59 3 15 63 61 19 12 92 91 18 4 24 94 75 76 51 70 95 84 46 41 8 52 6 65 47 66 
Best fitness: 1.36
97 57 53 50 21 38 67 25 80 26 11 93 100 37 76 49 31 55 84 81 82 72 42 1 58 17 36 27 10 90 9 87 69 35 28 33 74 92 19 22 71 32 83 2 62 16 40 20 70 79 52 60 64 13 89 99 15 7 43 14 77 86 96 18 68 88 85 34 45 94 78 41 51 30 29 63 4 44 3 5 54 95 59 24 48 56 6 73 61 39 23 98 12 46 65 66 75 47 8 91 
Worst fitness: 1.66
