1002.31 836.94 6179.39 0.28 
852.66 596.26 944.81 0.52 
640.30 971.89 4408.35 0.28 
798.87 902.15 5055.84 0.34 
1060.80 604.50 3170.44 0.32 
748.87 1234.70 4753.96 0.32 
657.16 1106.31 3539.66 0.39 
622.51 965.53 6372.47 0.50 
676.32 746.25 4466.76 0.40 
1266.88 647.24 5875.07 0.40 
581.18 691.62 5695.03 0.46 
1138.98 1015.99 2244.03 0.46 
678.62 729.52 2454.75 0.46 
1120.69 770.63 7374.10 0.48 
660.64 1411.55 1509.01 0.39 
751.23 819.21 7197.26 0.47 
1295.45 737.34 4046.21 0.43 
1157.46 892.73 3871.36 0.46 
682.94 1184.93 5999.44 0.52 
633.93 690.33 1893.41 0.45 
717.79 947.85 1642.25 0.61 
1103.76 571.46 1229.41 0.63 
619.14 824.83 687.23 0.46 
813.44 811.71 3179.30 0.48 
636.54 761.09 1962.27 0.31 
765.95 831.10 3525.30 0.37 
1176.72 547.47 7311.14 0.46 
800.37 664.20 5933.76 0.20 
895.22 1017.09 5547.08 0.52 
955.13 596.85 6826.25 0.51 
786.88 547.41 1300.79 0.39 
851.48 653.42 2931.62 0.31 
1039.10 1123.72 7656.21 0.39 
977.08 806.27 6512.64 0.30 
610.14 556.97 1129.85 0.46 
695.33 877.95 5911.69 0.45 
725.90 1031.78 7390.70 0.45 
848.79 843.73 741.38 0.40 
994.07 575.47 2620.28 0.46 
998.29 740.40 3835.09 0.40 
953.73 610.15 1884.96 0.38 
1071.69 571.33 1878.36 0.33 
658.56 639.33 1608.86 0.34 
591.79 726.40 5976.25 0.47 
561.46 935.68 6323.68 0.21 
572.95 1051.15 1149.41 0.37 
1105.54 1476.89 717.24 0.44 
600.47 557.23 4379.73 0.34 
1181.25 726.46 2333.34 0.34 
624.26 804.52 5065.99 0.47 
796.74 669.02 6388.16 0.38 
683.64 619.71 1183.31 0.41 
687.84 1009.85 3611.55 0.54 
696.04 782.09 3973.98 0.24 
606.92 602.46 1522.13 0.23 
946.11 613.37 2670.12 0.31 
650.55 741.27 4572.28 0.50 
731.04 858.31 5691.56 0.47 
1228.08 776.16 2991.23 0.54 
944.67 757.82 1250.65 0.36 
613.62 820.45 4439.82 0.47 
1197.42 712.46 3866.02 0.36 
1437.61 1269.13 7599.66 0.34 
904.26 903.35 1289.49 0.45 
733.53 1316.04 1560.63 0.30 
781.69 852.07 3248.08 0.55 
741.17 819.09 6244.34 0.23 
937.37 585.28 5260.79 0.56 
564.06 617.70 1938.13 0.39 
555.54 1001.27 7837.13 0.27 
744.55 690.09 6062.98 0.41 
543.29 554.97 3281.69 0.41 
672.02 784.21 3273.00 0.29 
761.32 570.48 5931.21 0.34 
867.65 979.81 2142.11 0.21 
657.20 1197.86 6253.36 0.46 
850.93 1069.76 3948.79 0.31 
984.57 1104.74 3461.37 0.41 
1090.71 657.54 1832.82 0.45 
817.32 762.52 795.77 0.60 
843.20 817.24 2281.42 0.33 
768.17 814.86 3921.74 0.41 
568.46 760.55 3688.20 0.49 
1062.95 936.62 2074.12 0.56 
625.68 1013.30 809.60 0.48 
834.72 676.07 2083.73 0.47 
797.79 998.36 573.20 0.47 
645.78 769.81 4562.38 0.44 
794.30 546.99 4563.18 0.36 
1298.19 621.75 4925.75 0.52 
969.97 1167.26 884.97 0.38 
890.60 963.75 5632.50 0.50 
590.39 1094.36 5546.18 0.43 
757.86 580.09 3318.27 0.60 
872.91 620.28 4159.77 0.31 
1341.13 972.47 7576.71 0.38 
1622.63 595.11 7952.57 0.44 
1028.41 1044.04 5297.93 0.25 
618.98 708.54 6670.97 0.49 
592.75 550.97 4824.63 0.34 
716.65 752.99 1333.74 0.46 
546.40 726.60 5004.42 0.44 
650.34 619.18 1342.30 0.38 
668.92 770.89 2027.07 0.42 
1063.22 607.88 6479.08 0.42 
552.00 936.44 3198.99 0.33 
690.81 724.68 7089.90 0.42 
747.72 707.51 3283.78 0.47 
756.26 715.03 5953.57 0.40 
682.56 815.54 5614.37 0.47 
654.25 990.58 5267.51 0.38 
816.45 846.69 6253.97 0.48 
563.47 825.81 3719.57 0.28 
672.44 688.33 5442.70 0.44 
959.68 654.15 6300.20 0.48 
1070.23 720.78 6425.24 0.31 
772.04 732.96 2314.09 0.23 
689.34 1138.64 7649.94 0.47 
596.30 1011.65 4893.68 0.35 
625.64 1091.49 708.80 0.36 
998.63 575.75 5237.07 0.49 
784.62 738.75 3933.37 0.37 
798.22 792.83 818.76 0.33 
1068.69 680.84 5617.54 0.49 
716.53 661.18 711.75 0.36 
647.18 655.97 2592.05 0.34 
556.60 622.28 5053.28 0.36 
767.33 747.96 1986.75 0.44 
727.93 1043.16 6803.70 0.38 
615.25 592.90 3899.33 0.37 
822.05 1159.31 2737.79 0.29 
906.82 836.53 7716.97 0.46 
782.33 850.35 551.67 0.31 
588.93 558.05 1891.02 0.34 
617.15 789.98 3545.02 0.38 
576.99 650.01 6053.46 0.28 
910.12 719.01 4430.41 0.51 
839.04 818.12 1493.36 0.34 
1136.61 930.72 2258.62 0.42 
771.41 572.76 2407.32 0.46 
630.00 868.78 1573.31 0.37 
683.68 547.62 1310.87 0.31 
894.97 804.67 1681.58 0.33 
738.69 680.41 3629.63 0.47 
985.36 737.35 1871.01 0.49 
644.48 781.61 4155.46 0.46 
897.34 681.50 7931.23 0.28 
699.55 943.97 7831.87 0.23 
1095.58 1071.26 7611.03 0.43 
940.08 916.78 6525.88 0.31 
1458.33 1050.71 4844.39 0.45 
619.14 1382.88 4003.34 0.69 
608.69 727.14 593.08 0.55 
728.46 600.85 2498.93 0.36 
979.04 563.28 6453.37 0.22 
812.32 1089.79 1169.55 0.55 
710.28 568.79 5084.76 0.53 
632.29 820.35 3552.59 0.39 
557.67 920.26 1301.84 0.36 
755.71 818.53 5404.26 0.42 
674.90 1052.59 3833.39 0.48 
733.64 690.06 5765.32 0.42 
559.73 582.84 6528.08 0.34 
653.39 661.68 5192.17 0.52 
922.05 557.38 4720.83 0.45 
576.01 907.38 5645.34 0.36 
1708.80 915.45 6392.08 0.26 
649.25 553.38 1139.44 0.53 
918.60 540.23 1080.44 0.46 
731.40 1425.16 1119.02 0.43 
1090.71 701.00 4903.47 0.31 
789.45 663.01 6904.74 0.43 
818.16 613.32 5608.01 0.19 
1022.84 900.46 4288.80 0.49 
763.17 1211.45 7396.93 0.47 
1008.50 775.09 654.89 0.39 
658.98 1043.79 5631.51 0.34 
844.77 667.32 4777.10 0.43 
1442.18 851.41 5523.58 0.53 
1337.37 574.24 5415.85 0.41 
857.01 902.16 3658.84 0.66 
662.76 849.77 4405.40 0.49 
542.38 776.02 4378.11 0.52 
560.99 888.46 1792.67 0.36 
632.80 737.16 3397.02 0.46 
807.43 1165.21 1835.22 0.26 
1142.68 709.50 784.03 0.27 
842.84 1128.19 3149.91 0.45 
640.66 724.46 4291.40 0.39 
728.69 731.85 4981.11 0.43 
1372.61 606.88 952.18 0.39 
827.87 657.57 1577.70 0.46 
555.31 738.44 1229.69 0.38 
966.39 581.39 6195.27 0.30 
605.37 1682.37 4791.56 0.46 
686.34 759.65 2558.47 0.42 
852.35 1270.61 1011.43 0.32 
655.39 895.45 4517.56 0.39 
580.14 863.99 2265.46 0.28 
872.21 1382.98 7913.87 0.37 
770.48 930.27 6841.04 0.49 
126 162 52 28 51 71 153 44 35 100 168 2 31 22 191 105 176 40 133 38 36 85 120 146 13 190 125 169 165 74 142 80 123 112 122 135 88 113 21 23 159 106 65 170 19 156 197 47 91 64 101 110 157 154 94 89 115 39 192 53 46 111 20 164 43 69 86 137 144 141 184 182 54 87 1 60 181 24 138 132 82 128 104 196 158 198 117 30 171 79 143 81 145 140 103 108 99 185 193 55 48 114 57 174 12 92 199 186 77 26 134 72 127 25 9 41 139 49 187 42 121 68 32 172 178 18 84 63 17 10 160 50 189 73 173 56 129 152 188 78 75 58 66 4 131 161 15 76 61 155 194 5 102 163 83 183 8 109 11 136 119 70 37 7 118 29 59 177 166 201 195 200 6 93 90 180 179 150 27 124 95 67 3 149 98 45 16 130 62 116 96 151 34 107 148 175 147 14 33 167 97 
Best fitness: 57.46
35 31 125 196 21 80 52 101 148 111 93 87 181 81 137 176 47 197 46 23 67 13 38 133 2 103 146 102 106 85 120 69 130 43 169 192 128 160 193 164 99 88 57 153 55 20 22 5 64 112 123 61 53 166 141 60 34 147 86 132 45 159 170 156 113 104 16 58 182 110 140 143 91 78 12 145 42 194 94 32 66 117 173 178 184 188 131 155 79 142 157 168 89 165 30 39 138 92 40 49 59 124 95 108 185 25 71 154 144 51 190 162 75 186 19 122 74 136 126 9 68 10 201 175 161 50 83 135 48 72 163 199 73 114 44 158 24 172 121 56 41 180 187 17 191 171 7 65 152 15 33 139 115 62 116 167 151 150 76 77 84 105 26 4 82 14 198 36 177 119 183 189 11 54 1 174 98 118 8 134 107 3 70 29 90 28 37 149 18 179 96 63 27 100 127 109 97 129 200 6 195 
Worst fitness: 68.84

Mean: 63.77

Standard deviation: 6.22
