1068.70 747.45 7909.63 0.43 
636.45 575.73 4435.13 0.50 
1049.31 860.09 3045.44 0.43 
776.39 677.19 3974.85 0.36 
566.81 751.89 5839.35 0.49 
655.06 1032.17 7291.12 0.43 
1507.16 587.63 4273.20 0.43 
1056.31 631.78 6940.14 0.23 
668.06 922.31 4373.51 0.49 
668.80 979.06 778.44 0.36 
739.18 680.95 5558.26 0.45 
931.27 1090.45 3908.43 0.55 
586.48 590.22 3585.21 0.48 
742.31 816.73 6879.19 0.36 
686.57 598.87 4942.05 0.29 
633.05 830.36 4386.93 0.55 
1059.90 641.33 2979.02 0.45 
607.11 632.32 4514.88 0.30 
696.38 681.72 7835.09 0.33 
1169.21 920.13 1601.13 0.37 
739.90 693.27 3099.01 0.47 
628.02 1107.32 3510.24 0.35 
821.42 745.73 2142.15 0.57 
622.89 945.57 3929.47 0.40 
624.57 644.60 2832.23 0.44 
776.79 798.51 665.01 0.35 
713.72 1092.24 3541.36 0.44 
655.68 619.84 4051.53 0.44 
1091.87 567.09 2769.83 0.41 
846.24 722.31 3447.55 0.55 
942.61 740.85 5026.08 0.41 
770.92 939.11 7698.52 0.40 
637.85 561.40 3344.25 0.26 
848.58 785.42 7353.62 0.42 
697.70 1118.89 3702.27 0.48 
837.36 688.41 7484.83 0.43 
809.72 1149.16 1417.09 0.50 
774.11 776.53 7027.84 0.35 
773.80 992.50 568.24 0.37 
1061.17 1065.65 3384.01 0.40 
997.72 751.43 3249.39 0.39 
1194.00 948.41 3146.15 0.45 
745.73 544.42 5068.39 0.34 
648.52 832.75 4473.26 0.41 
989.06 580.82 3283.72 0.39 
775.47 603.72 6783.24 0.44 
652.50 722.75 6428.42 0.32 
932.85 1366.65 866.98 0.32 
830.03 1081.85 2925.83 0.39 
622.18 555.32 1820.69 0.31 
1140.71 1090.27 985.04 0.49 
826.99 1135.62 6171.70 0.51 
814.28 896.83 6472.42 0.46 
1309.50 1108.88 2288.58 0.48 
1028.25 778.32 4020.54 0.38 
851.84 1141.35 6642.02 0.26 
613.49 886.22 2471.29 0.59 
745.28 771.76 4296.39 0.40 
1322.14 906.17 3439.46 0.47 
684.54 632.74 5680.78 0.31 
876.75 651.01 1780.15 0.38 
725.51 1006.08 4837.23 0.37 
1813.62 604.92 1142.90 0.53 
788.50 1147.33 985.01 0.41 
549.97 893.43 4771.32 0.48 
1107.92 938.51 6903.79 0.39 
596.66 814.19 2064.49 0.46 
684.53 557.09 4373.98 0.27 
655.73 1090.66 3290.84 0.32 
637.41 705.30 6913.73 0.36 
903.69 690.09 5411.24 0.37 
1138.97 1296.54 7065.32 0.46 
919.22 694.52 4822.72 0.36 
563.26 767.15 868.02 0.47 
866.56 1333.50 4082.57 0.32 
590.46 865.91 1091.14 0.42 
956.32 706.70 7131.50 0.42 
671.76 1070.22 5196.33 0.59 
893.43 586.74 4920.93 0.54 
549.27 1104.21 7367.20 0.55 
755.18 844.46 659.85 0.41 
50 25 26 81 74 65 76 57 10 39 6 78 37 49 64 27 67 47 21 23 77 41 51 20 42 54 63 7 29 45 17 73 30 34 44 16 24 22 35 69 75 48 52 9 70 13 68 2 28 58 14 38 55 71 61 79 4 11 36 31 3 12 62 5 43 8 59 40 53 46 15 33 18 60 80 72 66 32 56 19 1 
Best fitness: 8.29
13 25 15 2 50 46 58 61 26 23 21 74 81 57 10 76 67 51 54 64 39 78 37 48 20 59 17 29 45 30 49 12 41 42 63 7 3 38 34 19 44 27 35 16 65 5 28 33 18 47 9 24 22 69 62 53 79 73 4 43 68 11 71 31 55 56 52 40 75 80 6 77 8 32 36 66 72 1 14 70 60 
Worst fitness: 10.26

Mean: 9.36

Standard deviation: 0.21
