789.43 617.62 7983.25 0.42 
1147.64 1107.31 4641.15 0.46 
662.19 591.96 2110.84 0.46 
794.97 1051.55 3371.94 0.47 
900.86 649.33 6388.64 0.32 
756.27 796.98 5389.76 0.41 
638.35 543.95 3352.08 0.44 
617.96 699.25 4460.53 0.41 
674.27 571.86 6185.42 0.31 
1026.85 598.21 5841.31 0.42 
657.75 834.33 5131.99 0.32 
857.82 763.85 6410.93 0.49 
914.13 838.68 1645.79 0.35 
678.31 627.02 1234.34 0.32 
643.00 708.66 4464.55 0.50 
824.25 578.95 7785.31 0.42 
1156.60 1133.08 6602.26 0.37 
1028.52 845.14 5510.37 0.34 
572.96 831.05 2303.84 0.53 
1102.64 1484.78 5895.48 0.50 
694.71 733.63 2528.40 0.44 
923.54 825.15 5637.35 0.52 
798.86 739.04 7384.78 0.35 
690.28 994.45 562.71 0.43 
1103.08 762.08 6175.86 0.51 
835.83 606.06 6337.87 0.35 
797.13 1000.27 3352.33 0.59 
1204.21 806.21 6892.11 0.38 
651.55 741.98 5844.36 0.16 
799.97 574.69 4855.26 0.26 
666.45 802.29 3867.49 0.37 
665.62 557.15 6291.25 0.55 
645.47 773.48 5309.96 0.34 
890.79 725.95 664.70 0.34 
560.91 853.20 1500.00 0.31 
801.46 830.39 5642.11 0.37 
685.93 797.19 4756.05 0.51 
844.23 556.45 4907.04 0.38 
590.98 726.91 5339.56 0.33 
773.73 1139.42 4660.93 0.45 
936.99 627.09 5341.57 0.37 
7 3 14 23 34 13 27 4 24 35 19 39 33 29 21 15 8 32 9 1 26 6 37 31 11 36 12 22 10 38 30 16 5 41 25 18 2 17 20 40 28 
Best fitness: 1.62
39 24 34 26 38 30 3 14 15 35 19 31 33 21 37 27 40 4 13 22 9 32 7 8 29 11 6 36 23 12 41 10 25 28 2 17 20 18 16 1 5 
Worst fitness: 1.95

Mean: 1.78

Standard deviation: 0.01
