651.57 1157.07 5179.52 0.35 
756.24 865.12 6635.96 0.39 
574.67 696.19 5534.46 0.56 
1181.88 598.96 882.81 0.46 
751.52 753.59 6937.46 0.22 
649.05 1471.25 4143.78 0.45 
682.68 893.91 7023.32 0.41 
705.22 1173.46 4497.02 0.40 
786.25 765.01 577.91 0.43 
808.09 848.11 6273.28 0.46 
887.55 775.05 7288.40 0.44 
670.67 796.29 2896.17 0.37 
681.05 779.41 602.80 0.31 
1241.11 830.54 4985.96 0.27 
623.90 704.87 7803.53 0.41 
1095.65 1061.97 6471.36 0.31 
864.46 702.06 3500.93 0.38 
603.88 842.76 7780.84 0.31 
957.12 694.33 2317.41 0.46 
1044.66 1146.79 1775.49 0.53 
766.99 780.04 3098.49 0.38 
3 15 13 12 21 9 17 19 4 16 20 6 8 1 7 2 10 11 5 18 14 
Best fitness: 0.96
13 9 19 4 20 11 17 21 5 12 3 10 2 7 1 8 6 16 14 15 18 
Worst fitness: 1.04

Mean: 1.01

Standard deviation: 0.00
