591.85 663.43 7898.94 0.60 
907.37 1450.69 7124.47 0.40 
959.91 566.39 1808.28 0.35 
732.80 953.45 5523.02 0.45 
1104.12 912.79 1823.90 0.38 
968.52 1097.07 4152.65 0.37 
874.60 702.28 6568.51 0.37 
554.08 672.35 6777.52 0.21 
549.93 707.18 2056.60 0.45 
844.50 555.88 4986.82 0.58 
629.05 707.10 7508.87 0.43 
616.83 973.11 7888.58 0.46 
816.37 813.84 1399.79 0.46 
891.42 928.49 1459.36 0.46 
894.17 1051.24 5012.17 0.28 
880.80 716.67 5747.16 0.58 
631.48 707.87 2984.01 0.41 
718.63 757.65 7172.22 0.44 
577.94 1060.97 4455.36 0.44 
933.48 784.93 4747.14 0.45 
713.60 730.53 4614.50 0.27 
576.78 904.69 1960.96 0.26 
954.38 1129.06 3819.42 0.37 
728.97 1009.22 3391.13 0.40 
1086.95 973.94 6360.55 0.47 
554.89 844.53 3837.25 0.23 
798.99 591.86 5451.00 0.61 
808.73 1009.33 2965.54 0.43 
547.58 619.23 3059.39 0.38 
1080.62 892.64 5802.97 0.47 
735.37 696.75 4836.66 0.46 
1282.11 1112.82 1186.26 0.28 
805.64 795.88 6319.01 0.48 
757.50 723.46 3537.13 0.47 
916.03 590.46 3935.46 0.56 
850.66 588.35 2350.10 0.44 
955.69 696.85 2747.54 0.44 
577.61 611.07 5400.78 0.42 
644.63 675.65 4101.67 0.48 
1202.95 699.01 3585.78 0.44 
883.15 1003.70 770.09 0.36 
611.15 1014.70 4304.06 0.47 
1249.51 748.87 4535.71 0.33 
648.92 794.16 2683.36 0.44 
924.15 939.84 7558.45 0.44 
780.62 949.78 6355.15 0.47 
831.75 647.45 5428.44 0.40 
1086.89 780.54 3371.09 0.30 
1161.81 615.75 6913.86 0.19 
742.85 837.02 3240.91 0.52 
809.74 853.87 2411.74 0.28 
662.10 922.33 7524.76 0.33 
1085.42 584.74 2568.41 0.59 
757.71 874.79 4895.81 0.41 
622.32 704.85 5356.37 0.33 
702.77 656.88 6036.00 0.26 
1007.92 560.15 1526.96 0.37 
805.29 908.80 6077.15 0.31 
752.75 639.99 3627.36 0.39 
948.42 855.79 3473.60 0.44 
630.31 717.45 5717.98 0.58 
710.92 892.48 7322.62 0.48 
823.03 548.45 1596.37 0.40 
792.94 586.00 1964.16 0.44 
1007.47 1068.17 879.36 0.32 
687.84 886.12 7458.84 0.38 
736.80 615.19 1600.99 0.31 
645.58 826.65 7357.45 0.31 
747.25 884.42 4492.80 0.57 
905.05 752.54 7198.75 0.33 
838.48 908.95 4371.42 0.44 
660.94 669.43 5905.47 0.38 
845.43 1024.59 4639.56 0.51 
651.08 845.07 4129.82 0.30 
930.42 1225.99 5596.65 0.50 
1140.43 634.81 7114.16 0.37 
851.73 869.83 6459.07 0.52 
701.26 994.44 2035.28 0.33 
773.89 907.17 2074.21 0.48 
623.57 691.78 1642.00 0.20 
615.55 1326.45 7432.02 0.51 
857.72 812.73 585.93 0.27 
864.45 724.30 2740.16 0.53 
804.22 1002.86 4460.66 0.56 
787.26 670.90 1680.14 0.51 
1252.50 709.05 6251.79 0.61 
751.02 821.04 6109.45 0.38 
649.15 964.61 4599.34 0.24 
871.36 1084.13 7555.62 0.51 
886.04 588.35 5949.25 0.39 
706.12 857.88 5470.62 0.39 
762.85 1030.74 3766.95 0.52 
919.20 1105.84 2445.36 0.47 
693.31 684.35 4142.30 0.35 
1166.42 808.41 3253.32 0.32 
761.81 1415.68 1963.83 0.46 
543.52 694.21 3917.08 0.50 
1079.30 685.42 7754.35 0.53 
1080.05 765.74 2502.34 0.22 
549.85 1224.85 2298.16 0.45 
586.13 869.92 6827.72 0.25 
742.89 637.04 4780.98 0.37 
640.64 616.54 3807.78 0.23 
687.12 720.12 1711.63 0.42 
611.58 1034.78 3938.03 0.44 
566.33 837.63 7183.40 0.29 
556.08 779.29 6237.12 0.38 
1236.87 1155.86 1553.16 0.35 
975.35 586.62 3011.35 0.41 
939.30 791.50 4587.22 0.38 
544.55 911.88 2692.26 0.41 
1006.56 654.28 6060.17 0.56 
1171.36 542.03 7379.69 0.43 
776.85 973.89 732.22 0.45 
749.40 773.91 3512.20 0.34 
683.70 795.58 1612.79 0.45 
546.97 1100.83 6375.52 0.19 
719.39 1136.48 834.38 0.54 
735.98 596.49 720.25 0.51 
597.28 754.01 2737.70 0.41 
1169.54 600.24 7493.90 0.29 
647.06 892.00 4034.15 0.31 
1263.21 917.73 6353.71 0.43 
638.13 671.17 1955.97 0.48 
1343.60 1058.31 3826.22 0.46 
789.34 591.71 7291.72 0.41 
915.76 673.65 3913.44 0.48 
694.63 879.74 2191.69 0.54 
600.78 677.74 554.35 0.56 
1112.51 757.98 6553.69 0.40 
609.90 1128.87 5890.89 0.37 
560.40 917.34 4226.82 0.40 
1132.90 555.54 2511.73 0.43 
1207.20 910.69 2674.04 0.39 
609.70 749.89 2631.03 0.40 
708.65 1235.01 1521.80 0.36 
557.40 825.12 4146.86 0.28 
747.06 606.14 1366.89 0.44 
1141.45 636.36 7451.05 0.26 
707.72 685.27 6841.06 0.45 
648.25 557.01 1463.56 0.28 
695.99 895.42 5538.30 0.40 
660.01 697.21 1296.63 0.45 
1247.04 849.31 3968.00 0.41 
723.50 953.11 4402.52 0.20 
783.32 869.76 4850.41 0.30 
1222.49 1108.60 5940.39 0.47 
799.95 604.42 5564.87 0.36 
681.08 1126.61 4968.98 0.43 
1022.65 1083.66 1151.88 0.43 
793.04 744.72 7250.45 0.39 
9 80 55 124 39 114 118 42 132 129 8 29 141 41 136 96 100 61 17 119 138 64 36 27 44 143 67 59 85 53 82 13 116 128 66 120 111 97 104 20 14 6 150 65 93 108 32 5 99 43 139 133 83 101 22 135 69 78 131 12 52 60 70 127 57 10 63 109 3 35 37 31 140 73 23 89 4 105 19 24 28 92 71 79 46 142 62 50 33 149 117 88 54 51 58 84 144 125 95 112 48 34 21 1 102 151 115 122 91 26 72 94 56 38 137 107 106 68 77 110 16 47 90 40 134 75 15 145 74 87 11 103 7 146 98 30 25 86 18 148 126 81 45 76 113 130 2 49 123 147 121 
Best fitness: 25.65
66 118 91 102 138 119 56 8 129 38 80 82 116 31 63 3 124 17 74 128 71 79 13 46 24 92 28 114 136 149 78 62 37 40 123 139 35 77 41 23 150 65 105 100 117 120 135 44 143 67 85 27 64 34 73 14 127 36 53 5 30 60 140 29 9 97 103 72 133 98 50 51 20 83 109 16 7 47 126 10 141 39 84 19 131 111 26 69 61 55 1 21 112 57 110 93 151 68 22 106 42 52 94 59 104 115 142 88 6 32 108 132 101 12 145 48 86 146 122 58 33 89 96 81 75 49 121 144 134 130 18 43 147 45 4 107 137 11 54 15 25 87 70 148 90 99 95 76 113 125 2 
Worst fitness: 31.40

Mean: 27.99

Standard deviation: 1.49
