735.53 747.54 4207.27 0.47 
701.60 833.56 799.81 0.65 
594.59 575.76 7622.04 0.32 
805.20 604.53 6359.83 0.34 
950.87 824.39 3337.35 0.36 
620.31 694.54 783.11 0.49 
1072.03 550.60 2268.93 0.39 
542.05 830.57 7513.77 0.38 
802.96 658.78 2658.14 0.23 
933.82 1691.83 6234.91 0.19 
1168.57 782.34 5076.09 0.35 
799.20 657.36 3779.38 0.17 
603.67 973.70 5319.24 0.45 
841.81 879.39 7865.63 0.42 
1147.33 831.93 3241.78 0.41 
1060.08 1091.54 5968.71 0.41 
825.58 666.88 1637.85 0.28 
691.94 986.67 6736.78 0.51 
802.18 731.03 588.32 0.56 
776.11 695.88 1325.36 0.33 
645.82 872.00 4911.36 0.40 
743.76 560.00 7499.10 0.25 
737.07 555.00 5183.57 0.45 
562.76 575.29 1083.48 0.33 
667.57 809.26 5570.09 0.44 
909.65 601.27 3487.12 0.54 
609.21 623.56 558.14 0.55 
684.79 841.09 3763.99 0.45 
648.43 769.01 7760.08 0.39 
814.45 940.88 1010.27 0.40 
836.33 1122.52 2760.82 0.52 
564.35 1109.78 1702.77 0.41 
578.93 885.12 7671.95 0.53 
1255.90 584.64 1706.78 0.46 
622.96 601.66 1303.74 0.60 
555.87 897.94 1507.76 0.28 
737.39 1233.40 847.25 0.30 
1160.39 857.31 6808.75 0.34 
1097.34 803.26 777.06 0.35 
613.67 613.03 7788.53 0.50 
632.28 694.36 941.07 0.34 
1089.50 755.83 3404.07 0.53 
727.19 820.20 7182.91 0.40 
650.04 626.25 3755.02 0.42 
1069.26 713.50 2916.70 0.33 
639.55 898.11 2794.15 0.54 
617.42 668.46 4028.41 0.40 
765.11 646.75 2940.59 0.30 
736.33 912.03 976.13 0.55 
887.60 563.42 2635.11 0.38 
655.44 814.52 6848.29 0.54 
1034.52 862.87 4648.53 0.33 
977.44 559.78 1269.09 0.37 
542.24 1032.55 6094.49 0.49 
578.59 1197.55 6979.18 0.66 
987.55 710.91 4730.84 0.29 
968.32 639.38 3612.05 0.46 
713.60 738.31 5335.67 0.35 
963.60 584.38 799.67 0.57 
625.86 791.41 3823.65 0.34 
632.23 1474.10 969.05 0.26 
569.25 676.27 3537.60 0.23 
1182.07 892.08 6482.77 0.37 
1336.64 1021.73 7944.28 0.29 
822.90 1240.94 3636.22 0.53 
631.50 773.10 668.95 0.42 
795.78 1117.02 3680.99 0.38 
658.16 630.32 3161.80 0.53 
854.39 1139.86 4073.32 0.38 
590.29 554.06 7622.55 0.37 
972.19 1075.29 2957.87 0.32 
27 6 66 2 43 20 19 49 30 31 65 37 32 46 41 47 35 24 68 44 58 1 9 26 53 59 57 39 17 12 4 50 7 34 42 52 36 13 18 67 69 71 22 23 70 3 48 45 15 5 28 51 25 40 62 60 21 33 54 55 61 16 38 11 29 56 8 14 63 64 10 
Best fitness: 6.57
24 6 66 58 68 41 47 27 35 26 59 19 2 49 53 34 39 48 20 30 69 31 5 7 57 17 44 46 37 36 40 23 22 9 29 60 51 21 25 28 54 55 32 61 65 67 52 42 1 12 50 45 15 18 71 16 8 33 13 62 11 64 63 14 56 4 43 3 70 38 10 
Worst fitness: 8.18

Mean: 7.23

Standard deviation: 0.14
