736.53 626.25 1261.37 0.35 
645.47 622.02 684.53 0.33 
703.27 639.60 1032.72 0.47 
561.78 674.63 2988.32 0.41 
607.70 633.19 1308.71 0.37 
565.97 638.91 1315.62 0.42 
556.54 741.46 1280.96 0.46 
542.81 648.11 1593.09 0.29 
545.92 646.75 2496.19 0.34 
677.51 711.56 789.04 0.30 
775.74 608.85 1691.30 0.36 
644.47 677.27 2169.43 0.38 
667.84 568.20 1455.56 0.50 
566.44 615.84 1089.53 0.38 
598.67 771.92 1053.88 0.39 
679.43 777.26 2716.13 0.44 
587.48 668.20 1984.23 0.38 
542.09 638.51 1666.07 0.35 
681.79 631.11 1572.26 0.30 
588.69 736.19 782.11 0.22 
667.89 552.36 980.61 0.47 
606.95 591.82 1601.87 0.28 
591.08 608.08 620.12 0.36 
684.26 565.24 2465.16 0.32 
578.09 637.60 1350.98 0.30 
760.86 659.18 1642.00 0.36 
721.36 661.23 1554.77 0.21 
577.83 546.40 1922.82 0.34 
571.02 721.37 1127.31 0.44 
605.95 608.30 2464.50 0.37 
590.44 795.60 807.53 0.36 
575.62 697.85 1114.89 0.32 
543.47 778.49 1085.21 0.20 
630.38 655.30 1058.40 0.44 
565.82 543.59 1893.37 0.41 
582.45 775.72 859.31 0.35 
603.70 675.44 1221.13 0.64 
574.06 577.76 1708.58 0.34 
802.85 546.57 2074.22 0.58 
644.11 578.21 742.85 0.42 
690.96 723.21 2418.50 0.26 
609.09 557.55 1950.99 0.37 
560.25 540.60 1578.92 0.53 
697.71 559.87 1271.69 0.33 
675.88 587.98 932.85 0.47 
592.23 641.11 2093.95 0.51 
565.84 596.86 1434.55 0.52 
693.18 703.54 1258.03 0.43 
639.06 576.10 1778.80 0.36 
542.59 682.07 920.59 0.33 
663.13 639.01 568.04 0.51 
652.17 671.08 1828.03 0.47 
568.43 567.42 1395.01 0.42 
602.66 816.55 549.22 0.46 
646.16 578.45 1522.94 0.35 
683.16 619.62 2469.27 0.51 
657.50 576.01 1450.16 0.40 
550.88 637.55 2988.99 0.33 
605.52 541.93 1888.73 0.47 
608.37 631.51 874.00 0.37 
556.45 821.19 1686.02 0.33 
547.79 566.25 2673.61 0.49 
761.94 593.90 1727.75 0.36 
640.59 709.05 1102.90 0.15 
559.08 737.58 1664.02 0.42 
756.33 605.55 2180.48 0.53 
720.51 612.34 698.23 0.24 
659.58 847.65 1602.46 0.34 
565.31 597.05 1450.14 0.26 
550.59 602.58 1915.78 0.35 
612.54 579.16 1229.72 0.47 
