598.08 546.92 604.06 0.56 
613.40 566.87 772.45 0.45 
601.15 573.08 1030.68 0.48 
650.18 623.41 985.89 0.61 
550.82 690.64 1436.82 0.39 
540.71 608.57 1854.32 0.42 
555.57 600.33 1359.39 0.45 
813.01 544.52 1610.98 0.48 
693.81 555.34 1757.20 0.41 
594.46 589.38 2526.05 0.48 
616.93 658.86 1650.85 0.38 
608.09 635.82 1721.35 0.24 
705.94 544.35 2160.57 0.29 
547.89 566.01 1152.08 0.58 
550.39 715.92 1285.55 0.39 
595.12 625.18 1172.76 0.42 
667.13 556.58 1676.86 0.43 
657.29 548.68 2123.22 0.27 
580.40 561.57 561.59 0.35 
579.53 744.14 700.99 0.40 
688.84 553.07 912.32 0.37 
735.37 551.35 1682.88 0.31 
683.34 638.44 1649.14 0.39 
709.19 633.38 1557.31 0.35 
622.08 546.63 1964.89 0.38 
580.31 556.07 1278.38 0.47 
780.21 569.51 1414.03 0.32 
753.73 559.15 1345.87 0.26 
542.29 750.38 941.45 0.52 
608.89 635.09 1155.12 0.45 
685.19 572.31 1378.30 0.43 
666.52 745.76 959.10 0.36 
716.62 821.87 873.17 0.39 
573.45 761.89 567.19 0.37 
581.80 671.85 799.96 0.37 
696.68 555.53 1725.11 0.34 
544.88 550.69 932.24 0.41 
583.18 672.88 2803.25 0.29 
583.41 617.62 1005.72 0.52 
810.22 621.19 2245.85 0.34 
767.61 693.36 2471.11 0.30 
693.15 596.79 1226.86 0.49 
555.69 560.96 2000.62 0.27 
588.49 547.27 1392.73 0.29 
850.60 855.40 1894.94 0.39 
634.95 554.54 1262.36 0.42 
607.33 695.34 610.25 0.29 
568.32 564.16 646.40 0.39 
550.62 618.12 1236.43 0.54 
552.45 547.03 2320.06 0.31 
662.07 544.93 1460.05 0.33 
582.15 638.23 1645.97 0.31 
597.68 587.36 693.85 0.28 
542.19 580.45 2146.81 0.41 
713.86 561.10 1669.39 0.47 
566.25 660.90 2442.69 0.40 
638.40 568.54 1269.85 0.40 
639.51 629.21 1806.31 0.40 
590.88 552.77 2732.02 0.35 
743.94 654.15 2161.52 0.48 
593.68 656.90 1118.17 0.38 
654.13 713.85 2557.64 0.51 
647.59 618.49 1026.10 0.30 
613.31 561.42 1575.15 0.32 
596.61 684.25 1904.09 0.27 
756.27 673.48 2333.04 0.36 
727.18 590.15 2006.98 0.54 
603.90 642.60 1412.56 0.54 
674.97 693.05 1386.88 0.45 
676.48 609.82 1540.10 0.35 
706.65 633.68 1707.10 0.40 
626.08 584.35 1436.18 0.35 
583.09 564.13 1771.77 0.47 
730.74 553.76 2821.46 0.50 
777.70 610.84 718.28 0.38 
564.75 661.19 1730.09 0.42 
691.30 776.96 1122.35 0.29 
653.59 558.81 1151.00 0.49 
545.36 566.72 1666.91 0.46 
595.66 576.21 1229.99 0.31 
645.47 764.97 855.93 0.39 
563.37 686.35 850.30 0.30 
547.09 663.85 706.63 0.29 
548.18 722.53 1307.82 0.57 
558.01 542.94 1088.97 0.34 
614.55 580.65 1628.32 0.59 
598.98 646.17 943.83 0.45 
545.16 761.22 559.43 0.62 
667.16 632.91 921.49 0.48 
578.30 568.50 2190.39 0.39 
578.01 645.59 1792.64 0.32 
