589.11 618.26 3297.04 0.57 
603.73 694.04 4839.85 0.31 
711.36 601.92 3474.33 0.32 
596.80 689.01 3107.92 0.45 
543.32 606.30 4039.69 0.34 
574.64 779.20 4230.20 0.35 
558.46 581.52 4234.56 0.36 
558.97 561.01 4111.64 0.33 
580.40 633.68 3310.37 0.35 
605.42 608.81 2808.34 0.57 
634.18 725.76 4519.97 0.45 
592.91 705.53 3934.29 0.33 
633.97 653.74 3994.42 0.37 
578.98 547.54 3651.97 0.40 
674.23 641.73 4001.88 0.29 
570.00 666.65 3904.31 0.57 
668.16 573.64 4639.43 0.42 
708.84 596.46 3612.51 0.61 
736.92 564.69 3371.14 0.33 
568.61 554.05 4663.20 0.49 
639.49 588.58 3908.49 0.31 
681.24 706.92 4607.06 0.27 
600.01 647.18 4160.10 0.53 
612.49 677.96 4180.39 0.21 
713.80 758.99 4177.61 0.27 
583.97 748.03 3730.33 0.27 
662.05 585.25 3838.06 0.48 
681.51 647.27 4167.16 0.41 
661.10 670.52 3652.79 0.26 
612.21 720.92 5135.02 0.54 
613.15 595.98 4458.89 0.59 
659.18 778.00 4063.50 0.55 
540.19 540.51 4210.44 0.46 
682.89 556.48 4434.66 0.28 
610.49 587.61 4381.93 0.55 
556.04 588.62 3735.61 0.38 
805.69 608.26 3414.85 0.31 
555.32 542.86 4924.16 0.51 
609.40 625.21 4619.80 0.35 
556.27 764.45 4346.24 0.45 
710.17 631.90 3728.41 0.46 
