601.73 568.29 2210.77 0.59 
971.31 620.56 1989.68 0.32 
660.82 549.58 7837.85 0.38 
579.38 676.88 1773.11 0.41 
614.46 596.92 3853.57 0.36 
717.22 885.38 4784.51 0.37 
704.62 691.74 650.13 0.51 
676.89 791.45 4661.06 0.35 
697.28 722.10 6113.09 0.37 
590.56 617.08 2481.14 0.49 
611.88 634.02 1620.22 0.30 
685.58 1052.28 5022.26 0.44 
618.22 595.15 2228.17 0.41 
923.58 648.50 4574.81 0.49 
573.44 810.05 5972.68 0.45 
982.32 616.80 2661.69 0.49 
757.63 572.42 6257.10 0.39 
925.58 565.90 3510.87 0.35 
664.25 822.26 1916.08 0.39 
650.73 743.64 2409.78 0.28 
905.02 677.17 1085.07 0.47 
593.00 661.54 7897.53 0.45 
844.56 1327.27 4780.85 0.58 
589.97 728.36 3236.46 0.39 
545.12 692.51 4136.64 0.35 
737.60 727.25 6777.31 0.20 
765.18 932.42 5248.45 0.47 
632.87 643.66 3103.00 0.31 
552.88 588.63 7294.30 0.43 
647.03 542.34 5322.26 0.34 
742.96 726.81 2148.40 0.13 
735.29 822.99 3114.67 0.46 
801.54 722.32 668.39 0.44 
556.83 638.09 7728.50 0.47 
654.05 733.24 2222.82 0.38 
541.23 1043.20 7949.37 0.34 
1005.04 633.13 970.52 0.43 
615.38 543.31 4464.28 0.62 
792.71 619.90 6634.12 0.37 
613.53 765.82 5207.33 0.54 
581.59 773.36 3793.26 0.41 
706.01 657.04 6812.22 0.53 
614.12 793.71 7321.12 0.34 
834.48 555.45 5995.26 0.49 
868.58 606.87 5411.83 0.32 
890.92 733.59 6601.31 0.25 
600.26 645.33 4950.99 0.40 
561.50 547.23 2584.79 0.40 
824.37 789.85 7480.35 0.30 
656.78 662.56 5027.13 0.22 
816.37 628.30 4330.27 0.31 
1052.97 961.59 4269.21 0.43 
615.79 572.21 3034.63 0.42 
870.37 712.78 4089.82 0.46 
553.96 1071.37 6846.54 0.30 
556.44 694.57 745.57 0.39 
652.57 694.65 1376.40 0.42 
740.53 783.24 5018.33 0.58 
647.72 659.36 1394.67 0.42 
631.95 549.72 4369.42 0.30 
825.92 634.00 3659.59 0.36 
709.92 749.61 5837.01 0.33 
781.07 607.03 4495.91 0.47 
620.80 701.93 7568.74 0.53 
754.51 709.54 5068.49 0.45 
762.26 824.12 3525.88 0.24 
716.45 611.65 3626.63 0.53 
807.85 993.18 5380.31 0.49 
920.70 819.65 6409.42 0.19 
1147.49 980.87 2969.32 0.52 
788.88 618.47 5894.46 0.42 
709.04 817.55 4267.02 0.41 
786.33 841.22 3433.18 0.39 
596.19 774.24 7619.90 0.41 
836.63 620.66 4013.93 0.33 
724.03 564.77 2607.77 0.43 
743.42 568.11 1183.65 0.27 
575.69 764.77 5043.57 0.56 
543.70 543.87 5201.32 0.46 
629.42 977.38 2042.95 0.14 
590.65 670.55 4569.56 0.31 
