801.98 641.70 3617.77 0.30 
793.87 843.70 7598.69 0.21 
662.59 620.27 7280.14 0.31 
1083.05 709.13 3910.57 0.40 
634.33 648.99 5618.74 0.66 
675.86 729.47 5639.28 0.33 
636.90 685.75 4200.62 0.37 
688.14 801.93 4268.17 0.40 
952.00 561.28 7036.90 0.37 
1048.13 834.47 3877.37 0.59 
931.80 696.04 3378.59 0.57 
588.51 824.30 4425.93 0.38 
889.39 643.91 3194.39 0.47 
881.45 745.28 6352.69 0.37 
859.50 630.55 1308.43 0.52 
698.80 745.84 7641.45 0.42 
608.84 754.13 1917.27 0.49 
691.92 616.20 5373.11 0.31 
803.98 1043.86 1663.63 0.33 
626.48 890.62 6392.30 0.36 
771.87 928.90 4254.83 0.34 
802.85 732.07 6899.15 0.58 
923.77 697.46 7963.67 0.30 
676.90 882.30 1078.87 0.17 
848.83 633.84 5025.32 0.51 
783.05 990.78 1552.10 0.53 
590.19 598.14 6177.18 0.37 
986.01 1010.26 2756.54 0.61 
753.09 763.45 5498.53 0.46 
791.20 583.56 1361.82 0.53 
828.88 583.81 5108.28 0.22 
612.56 597.63 1452.98 0.26 
842.87 544.91 1684.37 0.30 
602.53 575.48 5357.17 0.29 
951.77 666.40 1175.16 0.51 
595.69 560.71 1460.40 0.37 
944.48 1047.14 2447.14 0.40 
638.38 778.30 2007.38 0.59 
640.05 832.96 6895.11 0.27 
690.06 542.45 7493.84 0.36 
645.70 569.81 6310.05 0.40 
583.83 629.90 5445.52 0.25 
1005.24 700.36 7018.71 0.49 
863.16 559.48 6936.49 0.32 
730.92 983.03 1791.65 0.35 
607.74 547.91 5966.89 0.56 
577.85 741.32 1807.27 0.56 
661.37 546.38 3891.11 0.22 
721.47 967.53 5826.41 0.53 
960.18 783.19 3794.48 0.47 
900.61 650.50 7122.34 0.30 
707.26 801.96 5502.31 0.25 
700.28 858.70 7785.70 0.46 
752.18 590.63 3821.26 0.37 
650.13 887.60 5433.83 0.45 
754.71 661.30 2528.99 0.36 
565.37 680.37 2331.76 0.41 
626.94 584.54 7454.83 0.49 
750.74 618.89 7554.18 0.25 
558.33 867.08 6668.26 0.36 
557.66 644.91 6027.58 0.52 
636.96 566.07 4243.71 0.38 
710.03 763.78 2529.88 0.30 
597.06 1037.48 2222.61 0.44 
599.21 639.47 7708.49 0.48 
696.29 862.60 1756.67 0.39 
624.58 901.78 7849.02 0.28 
822.90 756.39 7740.77 0.43 
825.60 635.68 7137.53 0.39 
592.11 754.87 5956.44 0.24 
653.34 1235.35 5453.69 0.43 
923.97 1114.69 3829.27 0.43 
595.79 609.29 1395.88 0.24 
582.95 776.81 1277.47 0.38 
607.31 776.56 6619.18 0.39 
603.12 550.31 4606.38 0.32 
765.75 577.64 5822.19 0.26 
750.87 578.03 6783.74 0.44 
540.06 576.22 2879.03 0.32 
643.23 651.21 3133.26 0.31 
736.51 899.60 6150.19 0.46 
966.03 602.33 727.04 0.51 
803.64 902.81 3293.87 0.36 
557.35 767.06 1868.02 0.21 
634.92 832.82 3622.57 0.39 
667.05 596.62 7168.83 0.56 
723.68 624.75 7225.40 0.46 
574.94 909.80 5127.53 0.39 
750.15 614.48 5801.05 0.30 
561.19 719.08 7849.35 0.41 
574.02 657.02 3942.30 0.27 
540.67 593.16 7209.29 0.40 
646.51 842.99 6787.40 0.37 
579.09 802.12 4686.75 0.12 
557.33 777.58 814.11 0.46 
582.87 687.93 740.84 0.42 
666.26 805.86 5298.34 0.49 
707.38 707.45 6605.75 0.40 
786.68 930.75 3701.03 0.38 
601.80 778.43 4187.89 0.46 
865.32 675.38 2098.33 0.48 
