578.90 633.69 5688.12 0.32 
993.66 781.15 7924.89 0.52 
558.83 699.24 3836.65 0.53 
650.23 718.38 7540.66 0.45 
1014.38 577.73 7260.79 0.61 
1046.66 802.80 4578.11 0.26 
550.31 922.59 6034.45 0.53 
787.17 685.05 5516.40 0.39 
647.06 837.27 1150.12 0.56 
685.14 695.55 6430.38 0.44 
786.81 573.11 4850.44 0.34 
698.20 1048.22 7826.30 0.47 
1092.05 571.61 2667.68 0.49 
670.07 621.26 6702.37 0.28 
777.65 600.51 4566.74 0.54 
792.47 918.79 3927.18 0.40 
718.08 614.83 4668.89 0.51 
646.93 613.97 3197.37 0.55 
893.03 621.85 6861.15 0.38 
683.72 711.26 7920.97 0.44 
639.25 573.42 2672.76 0.40 
690.40 702.64 5440.71 0.46 
592.07 656.67 4578.44 0.39 
958.10 609.17 6857.35 0.34 
616.59 803.03 5154.71 0.32 
583.24 795.20 6050.29 0.44 
734.27 903.27 5215.32 0.57 
777.86 741.13 4855.73 0.36 
585.19 709.92 1955.44 0.50 
593.56 832.61 7732.64 0.50 
715.18 777.84 6419.36 0.27 
624.16 738.02 4155.76 0.40 
574.78 920.60 3106.79 0.45 
582.94 598.69 3112.96 0.51 
932.78 583.18 4859.13 0.66 
610.19 819.80 4681.30 0.39 
632.96 650.95 856.51 0.45 
1009.40 564.91 4169.83 0.40 
611.38 721.67 3092.67 0.40 
634.41 711.68 3116.44 0.58 
579.83 582.41 4157.50 0.29 
