702.52 1064.93 2894.74 0.31 
673.94 748.01 5250.74 0.32 
875.16 593.88 5452.12 0.43 
615.38 737.89 4517.97 0.40 
602.92 640.51 3698.83 0.34 
688.15 642.87 718.45 0.56 
744.81 998.26 1342.17 0.50 
571.70 685.07 4529.85 0.49 
797.67 961.16 3118.75 0.44 
732.51 684.84 2469.38 0.27 
991.49 731.85 5226.55 0.26 
578.27 553.08 5045.78 0.29 
1077.19 932.55 4586.33 0.31 
693.85 890.67 4743.95 0.36 
680.02 741.37 6512.43 0.43 
590.27 690.51 5652.21 0.41 
1141.65 696.97 3816.91 0.60 
569.86 663.06 2831.58 0.34 
703.49 921.98 7642.76 0.40 
551.14 707.00 2159.92 0.52 
592.82 701.31 2419.37 0.38 
