616.78 991.53 3420.48 0.38 
629.60 655.74 3495.16 0.56 
581.42 544.68 6818.43 0.43 
699.12 604.83 2003.14 0.55 
795.60 675.59 6611.40 0.38 
883.21 765.27 726.51 0.56 
779.04 860.34 852.18 0.34 
1017.44 689.93 3509.17 0.39 
589.47 636.29 7037.28 0.34 
572.49 702.08 2055.87 0.38 
647.82 632.15 1507.33 0.27 
800.76 576.62 6521.01 0.46 
882.78 590.43 7682.10 0.41 
625.19 562.32 3302.00 0.50 
796.87 654.94 6894.37 0.46 
664.38 841.11 1479.60 0.36 
554.40 854.45 7875.12 0.27 
787.25 895.87 5885.86 0.43 
865.86 646.86 5099.05 0.31 
750.61 581.18 4893.01 0.34 
651.40 996.50 4216.91 0.56 
666.43 548.60 1984.71 0.44 
680.34 652.55 5393.53 0.14 
798.10 965.16 7040.02 0.32 
636.95 867.74 840.82 0.28 
691.93 627.19 4247.57 0.41 
743.55 557.58 2322.46 0.50 
611.05 573.23 4647.60 0.44 
765.93 810.73 4586.65 0.30 
1001.72 702.42 1227.57 0.38 
634.50 566.55 1058.13 0.45 
638.66 588.80 896.43 0.49 
662.73 775.44 7538.10 0.26 
894.73 754.24 1425.66 0.48 
959.24 555.94 1107.25 0.45 
555.86 789.79 2683.92 0.33 
644.07 633.29 1403.88 0.45 
589.65 935.57 957.29 0.47 
695.88 681.68 3484.46 0.38 
1147.42 839.39 4517.70 0.41 
836.59 778.27 6043.35 0.19 
790.51 541.75 3248.49 0.40 
900.55 842.25 2442.76 0.49 
666.25 763.60 3204.27 0.45 
889.92 550.56 2651.87 0.54 
603.31 1255.42 7381.18 0.51 
600.99 736.84 1829.35 0.23 
714.75 667.22 6377.30 0.40 
581.25 852.39 3248.76 0.20 
545.16 793.39 7718.93 0.45 
589.95 627.87 7497.16 0.30 
709.35 897.70 4677.83 0.44 
665.20 1204.63 1410.94 0.19 
747.55 797.78 3973.69 0.30 
635.40 845.94 4266.57 0.42 
652.33 815.70 1894.91 0.45 
806.04 615.52 2689.32 0.49 
668.39 543.10 1881.71 0.30 
633.70 693.19 1879.95 0.43 
675.86 584.00 6919.14 0.41 
603.01 558.17 3571.64 0.46 
833.47 587.30 5062.63 0.38 
870.77 642.87 982.34 0.33 
675.38 706.58 5133.96 0.42 
689.69 638.35 3095.54 0.53 
591.58 659.68 6219.51 0.43 
640.13 632.75 7995.56 0.65 
863.17 665.51 1709.95 0.27 
651.49 627.71 3528.57 0.40 
977.32 632.85 2979.53 0.38 
643.11 808.61 2270.35 0.36 
829.29 608.78 4076.03 0.41 
722.19 621.74 658.24 0.16 
675.74 652.63 855.23 0.52 
799.71 949.82 7361.11 0.43 
626.20 729.26 1777.76 0.20 
595.89 929.18 1134.19 0.49 
1002.25 543.64 2064.32 0.42 
782.52 604.49 6751.61 0.50 
583.43 800.53 4738.28 0.33 
734.53 659.45 7157.43 0.40 
814.11 814.21 2382.57 0.33 
667.75 1063.83 6606.01 0.29 
596.60 583.48 689.75 0.42 
762.51 639.08 5856.77 0.47 
934.42 605.35 6438.63 0.29 
582.20 708.50 2789.64 0.29 
835.81 733.16 5404.73 0.37 
765.32 631.60 991.55 0.28 
577.55 706.27 2512.19 0.29 
737.95 545.18 7996.49 0.38 
615.65 1332.81 4265.56 0.40 
760.99 589.00 5791.44 0.32 
692.05 662.51 1907.88 0.53 
820.93 643.82 3596.24 0.51 
794.67 674.36 5207.60 0.41 
616.40 727.48 6028.97 0.22 
755.24 904.10 3785.78 0.46 
859.20 634.49 5272.80 0.43 
914.76 612.09 7417.31 0.38 
741.56 898.25 7858.73 0.34 
684.98 573.96 4056.69 0.39 
644.67 647.84 6488.35 0.46 
685.22 1178.32 3959.55 0.43 
738.75 568.31 2708.21 0.59 
678.86 758.90 1555.28 0.30 
846.61 830.24 632.08 0.47 
672.42 617.30 1070.65 0.38 
645.36 696.22 3749.50 0.53 
625.71 770.37 7747.42 0.43 
565.42 711.33 7341.40 0.38 
825.38 1200.55 4222.97 0.48 
916.61 678.32 4318.73 0.63 
636.02 943.81 2009.47 0.35 
704.55 659.06 3254.68 0.22 
735.03 719.97 6165.06 0.30 
1245.90 956.70 1520.55 0.31 
647.23 797.93 3336.65 0.46 
766.63 556.72 1729.37 0.35 
962.03 587.55 6087.27 0.44 
549.60 827.46 6618.64 0.42 
927.69 1113.18 3775.28 0.61 
598.83 727.58 1476.95 0.38 
601.22 718.20 6777.06 0.56 
721.07 630.40 3510.07 0.22 
849.99 549.36 2989.38 0.50 
815.07 691.79 3087.22 0.64 
663.36 634.75 1910.21 0.47 
717.35 591.30 5711.33 0.38 
760.04 682.08 6766.01 0.60 
917.49 703.09 7018.29 0.30 
584.67 589.74 6894.95 0.30 
698.62 594.84 7066.90 0.33 
748.58 646.02 7415.61 0.37 
925.13 761.35 5655.81 0.32 
728.05 653.04 2524.24 0.35 
1170.42 711.40 4947.27 0.58 
547.85 981.27 1913.77 0.43 
1020.34 554.62 2975.35 0.34 
560.90 955.88 4558.28 0.46 
815.37 553.50 2012.94 0.51 
558.06 726.33 1879.14 0.24 
759.62 808.69 874.91 0.45 
994.56 724.46 1453.95 0.39 
557.88 603.53 622.98 0.37 
546.89 564.16 1728.34 0.43 
918.98 653.57 2161.41 0.41 
982.29 784.01 7180.97 0.51 
711.05 1040.83 7762.75 0.55 
754.34 647.76 5053.43 0.30 
613.89 776.30 1094.52 0.38 
