677.23 610.68 1081.92 0.55 
887.78 781.94 7698.20 0.33 
933.43 646.08 3572.28 0.56 
547.04 1012.52 7043.70 0.36 
784.16 709.32 2351.71 0.22 
845.87 686.92 679.07 0.66 
540.11 657.13 5346.44 0.31 
683.78 634.18 1808.99 0.38 
906.33 561.28 7334.41 0.38 
542.12 633.88 6468.12 0.56 
827.57 797.68 3466.26 0.28 
546.15 733.62 5610.58 0.45 
985.76 587.01 5483.69 0.38 
721.88 978.43 3822.48 0.25 
664.45 555.91 6561.73 0.31 
712.97 698.10 3362.85 0.53 
622.34 613.16 2383.80 0.36 
896.53 562.32 2162.41 0.27 
573.01 681.60 7843.54 0.49 
584.79 735.32 3228.65 0.57 
686.97 635.72 1565.55 0.24 
904.76 597.55 5444.82 0.49 
555.70 724.28 6938.59 0.39 
985.69 756.94 4379.32 0.42 
805.80 646.79 6831.66 0.47 
925.35 732.00 3934.62 0.31 
790.42 924.78 2939.06 0.30 
780.98 1159.00 4847.78 0.29 
773.41 612.98 951.01 0.30 
730.40 998.88 3550.37 0.31 
700.19 1173.00 2707.72 0.49 
701.63 657.46 2709.97 0.24 
778.15 678.79 3165.72 0.34 
721.99 665.16 3157.26 0.58 
614.69 721.89 4855.76 0.45 
755.65 1080.87 6896.88 0.36 
581.28 674.81 3443.10 0.42 
844.23 573.83 5264.22 0.44 
758.07 1049.81 7996.30 0.44 
707.94 634.29 4825.74 0.39 
731.11 601.80 1935.08 0.44 
926.92 728.78 5714.38 0.43 
777.88 781.00 1256.65 0.60 
676.89 634.30 5742.41 0.58 
630.92 994.82 3461.83 0.58 
609.86 832.98 5178.56 0.45 
554.01 711.57 6065.58 0.51 
965.35 729.93 4869.09 0.38 
698.61 692.55 1653.61 0.36 
798.96 752.33 1809.93 0.58 
773.49 668.17 6337.76 0.43 
580.84 588.33 1251.66 0.25 
765.27 1092.36 4584.67 0.38 
644.05 1108.26 3454.58 0.53 
810.38 829.24 6617.22 0.47 
730.24 690.09 7199.00 0.47 
586.95 736.71 3317.02 0.27 
750.81 544.81 3637.79 0.26 
739.24 680.57 2513.80 0.49 
1227.46 562.58 3183.16 0.31 
766.35 554.76 3857.76 0.50 
783.45 665.51 998.33 0.21 
751.36 569.29 5912.36 0.46 
1002.78 669.36 4103.60 0.36 
578.63 635.06 3563.90 0.40 
586.75 557.00 7104.45 0.39 
866.43 966.96 6633.04 0.31 
619.53 728.26 5231.43 0.31 
1126.26 616.15 5120.71 0.31 
583.09 552.64 7874.28 0.41 
615.21 588.66 6392.77 0.33 
568.89 826.70 1260.13 0.53 
649.81 644.67 4276.21 0.35 
749.61 752.32 4220.49 0.39 
961.86 601.22 583.16 0.70 
649.78 873.75 5318.36 0.67 
640.95 1129.08 3092.82 0.37 
570.32 678.25 6004.90 0.42 
827.24 662.65 718.01 0.38 
548.30 801.64 6347.05 0.55 
572.34 613.00 3679.58 0.41 
629.85 690.51 3061.68 0.34 
952.00 777.98 5134.62 0.43 
594.40 683.61 3388.52 0.36 
736.25 639.58 1193.77 0.41 
585.19 927.37 3029.91 0.48 
549.03 576.71 6037.92 0.32 
949.04 670.19 2518.09 0.31 
898.68 920.29 3008.73 0.34 
879.90 689.61 6605.94 0.32 
787.64 1038.17 3313.21 0.26 
