891.27 642.43 6477.97 0.41 
563.79 695.60 5072.58 0.40 
561.84 584.42 4258.85 0.35 
742.68 676.26 5965.85 0.30 
597.63 590.17 2097.40 0.27 
606.42 1108.00 5360.69 0.34 
551.54 826.25 4197.42 0.29 
739.76 1014.29 1333.59 0.57 
782.86 587.26 3051.39 0.38 
540.18 722.75 6190.64 0.39 
678.77 752.62 7644.19 0.30 
759.22 614.46 4539.93 0.53 
556.23 655.30 559.86 0.27 
593.49 689.98 6681.66 0.42 
660.67 941.88 1524.48 0.45 
960.77 555.40 4446.05 0.57 
1055.07 660.13 5344.60 0.56 
956.51 583.59 6118.41 0.22 
796.04 674.19 2852.90 0.45 
1188.11 723.71 5713.43 0.33 
933.42 776.60 5809.64 0.44 
778.58 914.77 1065.91 0.42 
590.47 675.87 6779.93 0.26 
692.94 571.42 1958.07 0.42 
574.65 816.70 7854.19 0.52 
652.32 802.53 7000.72 0.55 
562.16 785.16 2945.56 0.50 
799.94 664.49 809.57 0.62 
795.47 707.22 3388.28 0.65 
916.13 718.75 4355.20 0.48 
620.04 623.52 2270.80 0.53 
601.88 582.71 2494.91 0.33 
862.84 864.37 7375.45 0.54 
635.60 573.10 7511.77 0.32 
588.34 716.54 7990.51 0.28 
633.07 547.85 7368.37 0.36 
770.13 848.02 3143.65 0.30 
880.94 748.45 6293.00 0.33 
554.19 601.73 5837.53 0.51 
566.07 844.82 5309.36 0.39 
762.33 919.60 3526.25 0.29 
755.76 844.17 3909.77 0.35 
693.90 655.79 3127.25 0.17 
550.13 744.87 3308.21 0.65 
718.26 929.66 1497.84 0.50 
844.20 546.86 5134.67 0.54 
617.14 684.77 4584.17 0.47 
666.32 740.44 6876.07 0.55 
551.65 584.68 4476.60 0.48 
815.83 870.41 3600.55 0.36 
881.39 636.83 6777.69 0.32 
656.38 617.67 889.84 0.44 
540.55 550.53 2554.11 0.39 
1057.56 602.51 1745.44 0.40 
657.04 644.94 3812.94 0.45 
666.24 694.08 3115.34 0.44 
888.35 790.76 7606.76 0.31 
573.90 874.50 5313.84 0.46 
909.17 899.38 4914.35 0.45 
631.34 545.08 2442.93 0.53 
731.89 825.25 1558.21 0.30 
649.24 1106.05 5202.10 0.27 
556.44 750.77 5624.62 0.33 
566.62 679.26 6158.48 0.33 
552.96 606.18 1281.92 0.39 
916.95 908.93 6300.59 0.46 
635.88 796.69 4539.68 0.42 
629.23 1001.74 6899.58 0.37 
754.37 650.31 7674.51 0.41 
762.48 843.69 6799.33 0.21 
624.54 883.96 2071.58 0.46 
548.63 591.23 6912.06 0.38 
719.86 655.73 5956.14 0.44 
698.76 569.09 1844.93 0.42 
969.62 682.09 1255.59 0.51 
635.76 643.88 6784.90 0.40 
638.14 877.39 5862.37 0.28 
744.05 576.97 586.94 0.34 
551.52 585.39 2474.92 0.46 
596.44 628.94 3043.35 0.31 
776.93 670.94 3103.65 0.37 
726.11 574.47 3929.28 0.14 
595.43 717.01 827.48 0.40 
644.51 725.49 6699.10 0.47 
557.19 882.30 5682.99 0.34 
579.19 658.61 3608.69 0.59 
706.38 651.22 4482.49 0.36 
695.83 713.11 4994.18 0.34 
898.65 987.48 5180.24 0.36 
545.92 601.63 3316.06 0.31 
984.30 632.72 5251.64 0.55 
910.34 664.33 6671.13 0.35 
694.02 723.52 5952.34 0.42 
897.56 572.27 1039.05 0.47 
1146.56 540.20 6809.43 0.44 
559.07 575.77 1635.43 0.34 
795.13 559.35 6942.73 0.46 
618.65 644.98 2594.60 0.50 
643.06 830.64 2520.48 0.34 
590.86 619.17 7528.49 0.33 
865.77 586.64 4420.41 0.45 
800.69 1125.23 4378.63 0.38 
604.68 576.10 6807.71 0.50 
925.27 966.43 3319.56 0.31 
577.35 600.36 7919.34 0.36 
653.60 1082.62 3426.72 0.34 
786.70 765.78 1144.47 0.33 
570.47 655.03 7772.92 0.40 
555.40 853.88 4482.17 0.37 
770.23 674.11 2434.54 0.25 
704.59 601.27 2476.56 0.47 
735.26 797.72 5933.32 0.33 
620.46 643.61 6748.91 0.45 
768.73 721.02 4669.51 0.29 
1004.66 703.22 3155.06 0.38 
699.58 589.58 616.95 0.32 
568.46 596.05 2630.75 0.28 
919.65 699.14 4436.44 0.38 
707.98 711.10 5470.19 0.25 
626.90 909.40 4897.92 0.47 
606.10 564.88 4251.85 0.30 
803.18 597.64 2778.77 0.47 
1121.88 590.78 5137.71 0.44 
729.06 615.97 4080.84 0.29 
786.99 924.54 1908.13 0.35 
729.64 555.52 3504.58 0.39 
854.61 752.93 6384.64 0.34 
866.82 673.95 3429.03 0.48 
745.34 614.15 1740.64 0.42 
549.69 795.86 2681.77 0.35 
554.75 551.90 6809.14 0.44 
797.64 1263.78 2254.85 0.27 
603.05 897.42 1493.72 0.45 
731.03 812.11 3870.55 0.56 
560.61 540.06 7050.24 0.39 
684.55 808.10 5993.70 0.29 
681.90 639.93 5322.88 0.49 
590.14 716.71 4412.65 0.38 
665.92 698.14 1057.98 0.53 
607.16 826.64 5936.48 0.36 
701.93 778.00 3956.30 0.53 
620.09 782.33 3477.03 0.36 
770.52 603.80 5161.41 0.46 
735.09 693.08 4686.65 0.39 
632.40 560.02 4054.70 0.38 
821.32 695.38 7269.15 0.41 
1029.62 944.02 3292.87 0.47 
550.83 598.91 2577.53 0.40 
824.45 567.02 1499.65 0.52 
665.16 933.48 4487.37 0.56 
591.18 646.47 4940.44 0.31 
824.49 643.94 5413.04 0.51 
566.78 828.51 3567.47 0.40 
721.93 830.52 7974.04 0.41 
611.23 627.21 767.32 0.44 
711.68 644.25 7480.74 0.43 
850.90 707.00 1377.29 0.37 
607.12 1139.60 6741.03 0.55 
615.89 885.38 2576.89 0.30 
905.01 606.79 890.11 0.47 
684.88 800.53 4695.62 0.44 
731.45 623.01 1029.96 0.55 
642.20 736.06 2815.25 0.33 
946.33 862.84 4830.68 0.41 
854.27 583.11 3316.68 0.37 
993.71 664.73 736.05 0.52 
1102.51 788.30 1489.14 0.51 
777.63 604.54 764.88 0.43 
680.44 703.09 4998.62 0.46 
588.92 780.89 6240.88 0.46 
585.76 713.92 1796.58 0.35 
561.48 582.84 1688.82 0.46 
567.51 957.99 7778.33 0.46 
941.42 583.78 964.37 0.41 
1039.54 746.97 2419.94 0.40 
562.64 568.13 7210.17 0.43 
557.56 581.13 5954.82 0.45 
697.64 890.03 1039.08 0.36 
554.56 552.52 7036.80 0.37 
900.81 619.05 2187.37 0.45 
664.56 580.80 1460.16 0.39 
670.86 726.41 5631.11 0.35 
765.96 666.23 4762.41 0.12 
633.73 743.73 5266.27 0.27 
649.86 659.82 3010.16 0.40 
855.51 625.17 2660.79 0.34 
854.00 550.23 2589.82 0.27 
777.19 579.06 1961.80 0.38 
643.50 621.18 2602.53 0.41 
572.15 548.56 1913.88 0.34 
925.15 588.54 5158.19 0.44 
832.97 602.01 1760.46 0.37 
576.38 568.30 4669.60 0.48 
702.21 705.96 2499.30 0.53 
659.82 730.21 2298.19 0.67 
939.22 629.82 7746.74 0.33 
794.26 760.40 4334.34 0.44 
625.82 583.62 3502.97 0.48 
581.44 605.89 3654.51 0.25 
977.94 570.12 6761.71 0.36 
641.67 768.46 1864.24 0.36 
