666.12 697.70 7500.90 0.45 
692.63 670.90 7508.99 0.38 
891.26 607.30 7939.94 0.32 
605.05 680.91 5419.51 0.52 
557.47 852.92 3305.24 0.40 
657.19 693.26 7605.38 0.31 
700.15 573.74 7037.26 0.38 
590.65 710.98 5007.88 0.35 
886.87 971.38 4699.61 0.40 
628.43 748.44 7964.87 0.39 
686.22 897.84 7883.86 0.38 
571.19 561.49 767.58 0.30 
564.07 591.44 5553.82 0.46 
571.39 623.58 6662.01 0.34 
677.97 617.27 6125.19 0.29 
686.90 701.31 3587.63 0.35 
1089.74 611.13 6330.10 0.59 
597.02 617.34 4765.88 0.34 
584.27 715.02 3606.32 0.31 
562.69 546.77 1451.27 0.38 
924.02 937.92 6325.29 0.41 
754.32 1438.85 4847.32 0.53 
630.36 759.82 4049.59 0.36 
727.58 582.70 4651.05 0.48 
591.15 940.36 5500.37 0.48 
656.34 612.02 1759.76 0.49 
701.22 628.79 7288.97 0.51 
587.82 752.33 4732.59 0.42 
730.49 592.54 3119.39 0.42 
764.78 714.50 4693.01 0.37 
603.10 757.31 2983.14 0.42 
