597.37 1160.30 1138.36 0.53 
720.65 690.51 7899.43 0.30 
618.37 602.67 1016.27 0.46 
580.22 1018.25 1466.47 0.36 
619.25 576.44 7677.77 0.29 
551.60 729.34 1761.44 0.31 
593.36 958.25 4414.53 0.47 
680.30 753.54 6488.67 0.23 
801.51 641.79 6072.90 0.42 
587.80 671.09 872.20 0.39 
695.24 1058.33 4665.31 0.46 
691.43 779.91 4417.70 0.43 
662.64 583.20 7695.99 0.39 
588.74 968.69 2108.28 0.30 
740.60 548.12 4948.99 0.35 
629.59 700.89 795.91 0.34 
941.60 730.62 4829.57 0.42 
715.67 769.11 7485.59 0.55 
686.76 976.91 4526.60 0.32 
588.57 631.67 1007.40 0.56 
872.96 582.15 1436.05 0.49 
624.42 571.53 3864.04 0.46 
616.15 729.16 1738.57 0.44 
727.82 567.78 6118.85 0.29 
558.86 561.53 4763.56 0.40 
695.91 593.15 3671.35 0.33 
551.37 722.03 7614.65 0.46 
610.95 695.02 6803.25 0.33 
616.15 754.70 2987.54 0.35 
1040.86 1168.66 6875.23 0.40 
847.83 743.30 6069.71 0.52 
648.29 628.65 2700.63 0.34 
1325.55 559.67 3226.04 0.46 
842.31 776.77 6472.58 0.47 
799.11 676.43 3507.53 0.32 
557.19 639.38 6621.38 0.32 
821.97 662.97 3728.35 0.33 
598.49 725.41 2412.54 0.64 
620.13 746.60 2995.10 0.34 
580.20 573.64 1747.12 0.32 
886.17 547.64 2680.80 0.43 
806.35 618.44 1466.14 0.30 
674.93 615.12 5163.90 0.11 
543.45 551.39 2411.67 0.50 
705.83 580.84 5681.83 0.37 
848.00 872.07 6439.48 0.46 
742.36 619.59 2381.19 0.29 
690.61 1012.88 1530.46 0.33 
591.22 798.05 6708.86 0.42 
576.70 787.51 7459.67 0.50 
824.37 596.00 6234.44 0.36 
814.37 668.20 5630.58 0.47 
938.55 587.76 1273.85 0.36 
895.16 568.95 3223.10 0.37 
576.00 581.26 5765.13 0.35 
575.66 930.08 2575.51 0.41 
592.03 999.49 6721.25 0.37 
548.40 562.02 4104.31 0.38 
591.72 818.29 6894.14 0.33 
889.85 586.26 2338.84 0.63 
668.81 804.77 7222.65 0.47 
682.29 779.53 3300.16 0.28 
658.77 691.40 4680.46 0.53 
994.40 613.36 6659.31 0.33 
637.55 540.02 905.40 0.44 
576.10 607.41 1969.04 0.49 
843.08 783.26 987.37 0.35 
805.88 548.14 3186.20 0.41 
810.66 615.70 1059.43 0.41 
805.98 799.79 3917.47 0.35 
807.84 874.01 1155.63 0.20 
