538.55 547.65 0.18 5913.95
475.71 416.20 0.17 4257.27
555.68 524.57 0.28 8793.43
454.49 511.58 0.06 7385.83
461.15 445.16 0.39 5798.81
532.93 493.49 0.18 3652.47
472.72 526.12 0.28 2652.23
443.82 460.00 0.15 4508.49
551.06 480.02 0.25 1558.68
501.84 508.71 0.11 1607.90
500.00 516.76 0.21 1951.08
427.96 454.43 0.30 3265.37
475.26 559.11 0.38 5527.85
560.41 513.66 0.30 1172.50
551.85 581.20 0.14 9445.58
565.36 491.15 0.05 4115.99
445.72 432.72 0.29 9164.74
555.37 505.05 0.29 3649.43
491.16 510.10 0.16 8511.58
490.56 504.68 0.18 703.63
473.29 437.65 0.24 6919.71
545.18 518.11 0.07 7379.86
511.62 550.33 0.26 3405.91
416.35 498.29 0.17 1779.96
546.67 450.49 0.14 8120.36
494.58 428.25 0.20 4575.47
479.79 533.30 0.24 6507.65
529.87 551.24 0.13 2317.91
525.60 450.47 0.31 5116.16
527.68 549.06 0.15 4616.14
452.91 591.62 0.24 9397.88
527.01 511.56 0.15 3529.47
363.03 557.24 0.20 1156.18
528.40 556.39 0.17 8915.77
456.36 563.92 0.32 2543.32
533.70 530.01 0.20 6799.61
454.79 507.52 0.30 5778.58
459.97 489.83 0.15 4293.28
412.47 533.51 0.18 906.49
585.39 514.65 0.22 7792.60
476.24 550.96 0.11 2649.10
441.84 429.05 0.37 7824.63
484.94 597.06 0.24 5998.24
493.22 483.49 0.34 3332.05
548.48 491.53 0.27 695.77
536.18 498.34 0.25 4665.53
484.75 526.02 0.13 10437.99
515.94 488.36 0.37 3255.43
489.07 505.44 0.18 2514.16
521.65 535.08 0.25 2651.74
562.58 429.20 0.06 9974.39
523.11 589.17 0.18 4642.54
494.11 437.58 0.22 10406.16
493.87 557.09 0.12 2157.26
539.80 535.06 0.18 10180.75
549.62 518.43 0.11 5152.92
543.60 509.61 0.21 9678.80
441.40 525.83 0.09 7330.97
510.99 484.74 0.18 4558.51
530.72 628.74 0.10 10201.18
556.30 536.93 0.08 4760.78
639.41 521.83 0.31 3899.58
653.27 559.49 0.21 2868.57
535.01 488.23 0.12 6010.38
523.60 565.01 0.22 7098.26
430.48 508.73 0.21 5659.77
526.82 573.92 0.22 2871.41
462.40 443.72 0.21 4170.85
456.95 497.98 0.20 10339.33
491.64 485.60 0.07 5999.58
429.93 527.51 0.07 1622.56
469.74 574.91 0.01 1369.71
499.74 664.63 0.17 5018.37
568.34 510.21 0.28 6443.36
585.00 497.83 0.19 6117.51
512.35 488.82 0.26 6602.28
484.19 495.96 0.36 6052.13
551.88 583.77 0.29 9134.55
456.27 582.24 0.34 10366.25
512.79 458.83 0.30 7735.83
597.68 514.88 0.17 1712.35
425.72 571.20 0.26 4838.46
473.27 511.63 0.01 10577.96
473.46 439.85 0.21 4116.47
545.37 525.19 0.14 7875.43
515.43 538.22 0.21 7429.54
479.85 506.54 0.19 10780.94
461.87 504.06 0.05 2480.93
573.21 474.25 0.09 2727.23
460.91 562.27 0.20 5750.21
516.98 568.82 0.14 1072.12
445.39 507.54 0.23 10646.10
545.50 528.78 0.26 1724.32
524.27 565.54 0.02 3816.76
531.38 490.43 0.25 3784.95
554.96 471.98 0.31 6797.11
487.12 570.97 0.23 9247.07
396.61 444.30 0.36 9829.80
519.89 581.86 0.27 2614.70
520.72 579.39 0.24 2436.57
516.96 498.13 0.21 8607.94
536.92 473.71 0.30 6187.25
469.97 512.79 0.26 10601.75
472.12 477.09 0.27 8305.61
478.24 499.17 0.23 5786.95
575.04 543.33 0.16 1788.58
570.71 529.60 0.13 2838.28
527.46 450.87 0.31 6719.96
455.98 434.09 0.20 8367.35
567.53 552.21 0.34 9528.60
467.07 444.05 0.29 6306.61
511.02 469.79 0.42 5155.21
466.42 598.55 0.26 6800.01
491.85 517.56 0.35 1887.76
543.07 554.51 0.32 5928.24
503.73 532.90 0.01 996.95
531.76 523.51 0.19 7728.99
475.96 516.78 0.20 9050.36
491.57 596.43 0.17 1199.51
501.21 474.21 0.31 7998.78
454.60 481.56 0.22 10052.88
518.69 520.78 0.04 5745.41
463.53 464.98 0.26 10552.17
515.93 457.72 0.11 10663.43
476.84 466.82 0.20 3599.85
525.09 510.82 0.23 3522.40
575.69 472.74 0.05 1430.99
488.05 407.87 0.40 9399.09
458.37 602.50 0.17 9142.81
488.37 486.11 0.09 10601.74
565.66 568.66 0.18 6600.98
548.13 530.67 0.22 4317.40
466.99 536.92 0.30 7935.40
502.22 505.64 0.02 9258.38
550.90 486.03 0.28 729.99
481.62 570.29 0.24 3851.68
505.05 584.61 0.27 4030.81
537.91 534.51 0.11 4905.64
607.14 493.65 0.21 6529.93
548.61 470.85 0.30 4531.66
395.57 577.12 0.17 5414.88
518.69 519.70 0.31 7905.11
560.28 593.09 0.32 9990.39
472.58 454.08 0.31 9218.33
501.11 470.19 0.28 6565.79
531.11 495.90 0.07 6743.35
505.85 563.16 0.32 6012.85
482.14 498.06 0.18 7907.05
536.32 573.82 0.31 9049.77
566.29 504.95 0.28 6035.75
