451.77 475.83 0.24 6314.30
446.51 536.06 0.04 5447.88
496.74 508.32 0.38 6481.76
494.76 497.22 0.14 6372.23
457.24 492.12 0.19 8193.62
489.49 480.10 0.33 7074.50
506.68 552.87 0.41 7360.05
552.34 549.89 0.58 6249.18
510.78 426.18 0.31 6659.45
443.27 515.44 0.31 5361.84
418.81 425.70 0.01 9700.44
473.31 567.59 0.13 8526.90
541.56 545.60 0.45 6829.84
496.59 480.55 0.17 7403.03
515.30 532.46 0.07 8010.31
520.68 446.27 0.48 8828.90
530.81 433.99 0.12 7467.06
545.47 579.39 0.38 5703.74
399.67 448.58 0.30 7206.06
512.33 433.06 0.15 6803.61
524.38 523.09 0.12 7731.17
484.78 549.33 0.04 6214.35
560.51 484.66 0.12 6161.54
438.75 515.30 0.48 4093.33
467.46 569.04 0.20 7763.52
514.17 421.61 0.03 5722.95
538.57 611.75 0.57 8601.89
506.91 495.13 0.17 6764.97
566.62 600.63 0.22 8038.65
442.56 427.47 0.04 7477.84
537.04 593.36 0.56 6161.96
439.92 439.11 0.42 7915.50
531.18 471.65 0.25 6891.24
400.25 512.09 0.04 8283.49
472.94 540.46 0.38 8206.28
540.20 454.06 0.44 8122.90
552.22 452.53 0.12 8227.52
531.87 501.17 0.60 6283.16
526.32 513.83 0.07 6673.88
483.81 530.70 0.50 6208.79
545.07 511.14 0.14 6281.62
479.63 489.24 0.29 6739.64
442.96 458.72 0.29 5894.67
504.60 513.30 0.24 7159.02
443.53 458.11 0.49 5815.04
417.22 493.25 0.27 8099.42
513.21 479.45 0.60 7931.46
504.46 437.63 0.24 6991.24
531.63 467.80 0.56 7254.86
400.02 500.52 0.45 6258.20
560.02 520.49 0.51 6062.41
468.95 504.45 0.13 8107.54
430.88 463.70 0.23 5484.35
517.80 444.62 0.46 7197.84
430.67 470.97 0.42 7524.84
475.10 432.07 0.30 5708.75
539.66 486.06 0.37 6530.20
529.20 473.70 0.57 7210.77
474.41 519.70 0.07 7833.23
483.64 505.74 0.57 6036.15
473.96 576.62 0.21 6881.12
629.78 437.69 0.20 6627.94
533.55 547.55 0.07 7599.86
496.90 491.03 0.56 6389.74
550.11 499.17 0.42 7327.47
475.46 596.89 0.41 9209.71
539.73 531.67 0.45 6492.01
539.90 552.78 0.06 5380.87
502.86 470.68 0.15 6624.81
516.72 532.41 0.52 7516.23
505.97 502.12 0.55 9031.05
463.76 452.10 0.20 8043.91
470.03 383.69 0.01 6238.25
490.27 529.77 0.23 6463.43
423.49 428.74 0.34 7217.46
394.86 520.00 0.42 6330.25
454.26 445.44 0.14 8298.69
540.36 549.06 0.47 6955.68
574.06 418.44 0.53 7008.58
558.11 450.81 0.04 8106.29
492.32 456.30 0.30 7132.05
505.59 458.43 0.00 6355.79
494.79 562.72 0.16 7467.69
546.60 520.11 0.41 7177.28
542.24 465.72 0.40 6806.42
468.78 561.17 0.22 6716.65
428.10 471.89 0.27 8304.77
598.75 411.41 0.56 6791.60
596.67 486.04 0.45 5982.07
530.93 425.17 0.53 7251.81
536.10 475.48 0.02 7225.33
444.04 417.19 0.11 8345.81
534.16 515.97 0.18 6244.87
485.41 476.67 0.22 7403.78
545.72 522.30 0.36 5880.95
533.72 446.25 0.42 6945.96
515.84 495.85 0.55 7383.70
569.92 462.29 0.44 5952.12
520.00 504.18 0.26 6932.16
473.08 586.79 0.51 5902.09
475.36 475.49 0.21 8129.98
433.49 532.52 0.29 7598.22
505.32 474.02 0.22 7128.07
493.56 516.14 0.13 8138.84
499.97 424.89 0.41 8648.55
600.78 489.74 0.20 7922.17
470.18 466.32 0.39 7554.07
429.90 529.24 0.45 7450.52
447.70 516.95 0.24 6153.66
580.40 503.79 0.46 7638.02
544.42 436.11 0.52 7470.64
552.53 491.92 0.10 8480.58
547.71 549.50 0.21 5775.57
426.82 494.05 0.10 7750.15
427.10 514.31 0.33 5753.72
422.69 590.09 0.05 6754.35
448.87 557.40 0.59 8135.42
518.62 333.97 0.44 8127.77
519.68 428.12 0.33 7543.14
628.78 471.57 0.27 5717.06
467.24 442.94 0.08 8234.08
510.34 490.08 0.52 7455.40
527.85 449.76 0.32 7046.37
482.04 473.06 0.15 6396.50
500.26 456.21 0.47 6472.13

1967.9450617502073
