602.480000 638.950000 0.350000 2501.990000
454.540000 544.140000 0.090000 1701.460000
510.630000 505.230000 0.310000 1254.010000
503.820000 437.380000 0.140000 1668.030000
512.930000 493.790000 0.040000 1302.920000
490.370000 469.820000 0.180000 2323.720000
544.410000 477.990000 0.180000 2433.470000
553.820000 546.850000 0.290000 668.680000
570.360000 445.770000 0.160000 2188.590000
454.410000 543.980000 0.120000 2771.350000
563.090000 480.050000 0.310000 1363.980000
460.020000 476.420000 0.160000 1561.090000
457.700000 471.610000 0.190000 1691.580000
550.110000 488.640000 0.290000 2561.280000
530.190000 529.670000 0.150000 1088.520000
524.450000 500.220000 0.140000 790.680000
458.920000 517.230000 0.070000 1267.250000
472.240000 487.360000 0.110000 1986.560000
484.140000 369.840000 0.260000 2646.870000
454.070000 432.530000 0.340000 834.210000
592.970000 535.940000 0.110000 1365.490000
551.090000 528.940000 0.190000 1566.310000
514.650000 419.100000 0.290000 1292.660000
476.810000 402.380000 0.140000 1609.060000
548.760000 418.620000 0.370000 1961.790000
469.320000 472.580000 0.280000 2451.370000
568.000000 448.940000 0.310000 1432.520000
489.480000 494.340000 0.130000 1573.220000
477.780000 510.780000 0.220000 1597.050000
475.820000 579.550000 0.080000 2233.680000
548.840000 560.390000 0.180000 1749.220000
564.140000 453.900000 0.180000 2010.100000
393.080000 505.620000 0.250000 1139.570000
473.260000 539.430000 0.250000 3241.700000
525.850000 504.330000 0.410000 1259.500000
596.980000 437.660000 0.240000 1607.120000
405.580000 608.670000 0.280000 2227.610000
413.020000 480.030000 0.140000 2895.750000
546.130000 461.570000 0.130000 727.990000
519.890000 436.560000 0.180000 1935.980000
481.730000 533.660000 0.240000 3092.690000
494.710000 500.030000 0.040000 1881.390000
427.240000 572.650000 0.070000 1446.950000
412.570000 479.540000 0.310000 1801.300000
483.100000 555.730000 0.180000 923.830000
497.330000 522.700000 0.280000 1602.760000
514.910000 461.330000 0.250000 2191.050000
454.950000 526.430000 0.230000 1366.890000
601.250000 470.740000 0.100000 1471.220000
433.160000 480.350000 0.200000 1780.320000
539.850000 488.070000 0.160000 1471.760000
505.480000 446.370000 0.290000 1190.040000
471.220000 515.610000 0.310000 2678.910000
565.140000 598.250000 0.190000 2613.310000
574.300000 423.920000 0.020000 1875.860000
513.320000 563.440000 0.030000 847.390000
467.290000 501.330000 0.010000 3458.250000
554.040000 536.290000 0.190000 1276.120000
542.630000 534.710000 0.050000 2371.810000
500.470000 555.730000 0.210000 2202.610000
462.210000 499.970000 0.290000 2702.180000
495.570000 499.540000 0.260000 1794.440000
536.970000 532.450000 0.110000 2357.040000
571.460000 520.650000 0.170000 1261.160000
462.260000 486.140000 0.120000 1647.710000
442.510000 538.830000 0.190000 728.100000
498.060000 545.020000 0.160000 1698.350000
464.280000 428.470000 0.280000 2329.600000
500.330000 512.380000 0.070000 1507.430000
536.380000 525.270000 0.210000 1769.690000
501.630000 579.680000 0.160000 727.360000
541.790000 559.880000 0.310000 941.890000
467.510000 497.340000 0.250000 1045.010000
507.360000 342.580000 0.190000 1285.140000
511.510000 545.370000 0.170000 1473.340000
508.790000 447.080000 0.350000 1145.240000
522.420000 580.670000 0.100000 2809.380000
487.490000 503.210000 0.060000 1786.020000
470.800000 526.510000 0.180000 2541.330000
518.840000 498.570000 0.280000 2415.420000
539.520000 498.900000 0.320000 735.750000
484.660000 484.170000 0.130000 1105.170000
539.920000 425.260000 0.090000 1750.390000
493.210000 558.650000 0.360000 3189.990000
494.320000 521.710000 0.170000 1033.000000
460.190000 543.250000 0.260000 3419.280000
451.360000 548.060000 0.310000 1567.630000
493.840000 497.810000 0.180000 1470.000000
479.150000 521.930000 0.370000 1732.400000
539.190000 497.050000 0.190000 950.490000
538.540000 493.580000 0.130000 1752.530000
539.330000 411.700000 0.290000 709.620000
472.880000 544.750000 0.340000 1249.930000
440.740000 421.240000 0.210000 1386.040000
501.740000 374.050000 0.260000 1717.020000
422.780000 471.140000 0.090000 1309.420000
468.160000 513.970000 0.140000 1758.620000
482.730000 517.140000 0.210000 2392.240000
436.120000 499.500000 0.150000 1438.290000
552.660000 572.830000 0.230000 1659.830000
20 76 3 89 85 46 75 67 45 84 72 31 8 81 35 90 64 58 15 93 66 33 50 44 61 73 26 40 92 25 36 32 27 11 39 83 23 68 94 24 4 52 88 53 48 97 62 16 14 70 22 80 28 82 60 71 100 59 7 47 51 91 5 65 99 87 41 98 6 95 74 19 13 12 29 42 18 69 86 37 30 21 63 49 9 79 34 17 96 1 38 57 2 56 54 10 43 78 55 77 
Best fitness: 3.35
19 20 48 72 81 92 27 11 90 16 8 70 3 62 73 44 50 33 93 52 76 4 36 23 12 61 66 89 85 29 46 71 58 35 80 14 64 22 31 100 45 42 47 95 74 94 68 65 88 15 67 84 98 10 87 43 37 53 82 25 39 40 6 13 99 96 26 28 75 60 34 41 79 69 2 86 18 78 57 17 97 91 51 7 32 54 1 24 9 5 30 59 83 49 77 63 21 56 55 38 
Worst fitness: 4.07
20 82 35 81 7 39 52 76 92 83 23 62 85 45 93 86 71 72 8 3 73 48 66 87 2 33 44 29 53 97 89 75 58 15 63 16 91 64 31 22 11 36 25 27 9 32 80 88 51 14 90 70 46 41 60 67 99 13 4 40 47 68 95 74 19 94 26 28 78 61 57 65 12 98 79 34 84 100 5 6 42 17 37 50 38 18 21 1 49 24 96 43 69 56 77 30 54 55 10 59 
Best fitness: 3.33
52 11 58 8 89 66 44 94 20 34 93 45 72 81 7 47 76 96 99 50 23 25 90 35 53 97 61 57 73 28 62 3 16 14 39 27 92 68 26 13 6 78 42 88 41 86 87 48 65 12 4 40 82 29 46 85 5 91 51 80 33 43 71 15 22 100 31 75 60 84 95 74 19 24 32 36 55 21 77 59 70 98 9 49 64 67 69 63 54 56 38 18 10 79 2 37 1 30 17 83 
Worst fitness: 4.17
95 92 25 76 20 94 13 99 66 2 71 67 93 10 48 89 97 73 42 62 88 3 52 23 90 81 22 58 72 100 8 64 35 70 15 85 41 45 86 34 79 53 29 98 46 80 16 75 87 33 38 44 50 12 28 84 60 51 11 32 7 5 82 26 47 74 19 4 40 39 91 14 27 36 31 59 69 6 78 61 65 24 68 37 43 63 21 1 17 96 18 57 83 54 56 9 55 49 30 77 
Best fitness: 3.44
94 65 82 73 6 76 20 3 8 14 16 5 28 35 81 90 11 46 89 87 66 86 67 85 53 57 88 61 33 99 48 17 97 29 93 45 98 39 47 52 64 58 100 72 34 15 80 62 68 23 92 25 36 27 75 70 51 21 71 13 26 12 44 32 7 4 95 24 38 50 18 2 84 60 41 79 30 54 1 31 56 63 22 78 74 9 96 10 37 43 42 91 40 55 49 69 19 59 83 77 
Worst fitness: 4.14
94 20 23 92 35 8 31 100 72 59 22 58 90 91 81 83 27 11 25 12 99 33 66 93 46 85 3 89 15 63 70 14 47 52 76 82 62 71 45 87 10 44 96 50 13 26 53 48 79 29 73 28 88 80 16 75 34 41 61 18 65 4 19 74 95 40 60 84 67 30 86 57 98 51 39 32 36 49 64 21 56 97 17 6 24 68 78 7 9 5 1 54 37 55 38 69 77 2 42 43 
Best fitness: 3.46
33 70 8 72 100 15 35 90 11 23 92 25 91 16 81 66 48 97 73 4 52 20 68 3 85 45 34 44 50 13 53 89 46 76 47 12 61 84 60 58 22 98 29 62 88 80 39 7 27 32 95 40 78 67 56 71 93 2 99 57 6 51 14 21 59 63 54 1 75 41 31 86 10 87 79 42 69 28 18 26 82 83 64 17 65 96 36 9 55 24 74 19 37 43 94 38 5 49 30 77 
Worst fitness: 4.10
