413.830000 560.770000 0.230000 811.300000
468.370000 446.820000 0.220000 1499.040000
427.430000 483.180000 0.320000 728.010000
293.040000 597.360000 0.270000 1373.930000
368.000000 450.520000 0.030000 1273.220000
397.700000 496.090000 0.310000 4029.970000
477.750000 484.750000 0.170000 1325.210000
686.370000 486.140000 0.150000 2432.940000
658.280000 507.180000 0.270000 3313.830000
558.570000 557.760000 0.150000 1297.560000
629.430000 409.480000 0.300000 1233.700000
513.020000 618.440000 0.210000 1009.770000
564.760000 390.080000 0.120000 1690.620000
521.550000 457.180000 0.070000 1029.470000
461.800000 546.860000 0.140000 2501.210000
485.170000 593.930000 0.250000 1274.840000
560.010000 604.160000 0.270000 1102.490000
558.410000 495.280000 0.300000 2147.780000
395.750000 542.820000 0.390000 4247.250000
420.780000 276.890000 0.350000 1146.250000
520.680000 518.560000 0.170000 1614.540000
580.550000 345.650000 0.320000 1197.510000
495.240000 560.090000 0.370000 2226.990000
511.650000 454.560000 0.110000 1450.910000
448.320000 435.040000 0.210000 1851.380000
411.030000 506.450000 0.250000 1150.270000
500.430000 464.820000 0.300000 989.220000
467.940000 473.050000 0.460000 3053.570000
365.370000 458.350000 0.130000 1076.980000
495.780000 469.540000 0.240000 2291.640000
387.350000 627.240000 0.190000 1775.110000
372.400000 261.750000 0.180000 1786.770000
417.940000 509.460000 0.350000 2518.030000
423.150000 620.950000 0.250000 692.290000
412.520000 402.700000 0.170000 2853.030000
318.360000 608.390000 0.120000 1203.140000
520.050000 272.990000 0.110000 2312.270000
561.570000 591.200000 0.140000 818.170000
404.370000 487.750000 0.100000 903.110000
491.030000 435.710000 0.200000 1477.490000
433.250000 647.260000 0.190000 1175.170000
502.410000 439.710000 0.100000 1355.880000
509.440000 462.030000 0.340000 1005.110000
384.250000 317.900000 0.150000 1318.990000
291.980000 493.290000 0.170000 1517.170000
628.850000 497.320000 0.320000 3565.570000
431.010000 463.960000 0.070000 2642.860000
532.360000 592.630000 0.030000 2171.580000
717.340000 426.910000 0.260000 1587.990000
505.300000 694.730000 0.310000 1333.490000
450.690000 718.150000 0.150000 1270.640000
593.790000 642.270000 0.260000 1506.720000
418.190000 572.700000 0.150000 1457.930000
504.060000 498.260000 0.330000 3030.460000
434.010000 465.080000 0.250000 1457.900000
453.070000 354.080000 0.330000 978.700000
345.230000 651.990000 0.290000 1742.130000
473.040000 579.300000 0.130000 569.670000
568.450000 624.500000 0.150000 1795.860000
652.990000 676.150000 0.340000 3713.320000
641.770000 368.350000 0.330000 578.120000
629.750000 663.210000 0.100000 699.140000
592.350000 490.660000 0.350000 667.430000
509.650000 441.760000 0.130000 899.320000
703.240000 631.090000 0.190000 893.570000
505.980000 545.530000 0.320000 1334.500000
443.140000 418.800000 0.190000 1630.980000
371.520000 477.240000 0.170000 4742.970000
478.460000 667.890000 0.140000 1668.640000
595.610000 455.140000 0.160000 981.810000
401.010000 551.490000 0.120000 1355.170000
544.810000 542.840000 0.290000 559.480000
431.250000 441.750000 0.470000 3613.360000
489.640000 543.660000 0.120000 715.770000
512.610000 595.020000 0.070000 1433.860000
495.620000 710.180000 0.200000 2872.290000
203.470000 388.630000 0.220000 1578.530000
306.430000 605.090000 0.260000 1087.900000
514.780000 400.510000 0.350000 2576.120000
553.400000 824.240000 0.270000 1939.540000
489.770000 347.610000 0.290000 1273.140000
409.350000 601.680000 0.560000 1893.690000
565.970000 394.210000 0.250000 978.090000
314.690000 485.610000 0.250000 1670.230000
610.930000 637.400000 0.150000 1829.370000
544.370000 743.720000 0.160000 2241.950000
571.730000 557.850000 0.040000 1409.830000
361.730000 550.120000 0.110000 1346.110000
543.040000 369.400000 0.170000 2150.920000
492.630000 519.710000 0.370000 2454.540000
618.060000 538.420000 0.380000 1381.670000
622.970000 564.330000 0.200000 683.870000
709.900000 591.980000 0.170000 2538.600000
622.540000 660.500000 0.230000 1934.060000
448.930000 439.370000 0.340000 1892.170000
605.860000 577.260000 0.300000 1474.890000
343.780000 654.790000 0.220000 1415.860000
468.100000 626.990000 0.260000 1143.620000
501.020000 376.670000 0.210000 3488.150000
332.760000 484.150000 0.150000 1237.150000
32 56 83 13 22 61 11 66 72 91 96 92 55 73 25 27 43 18 63 70 10 23 82 34 1 41 98 38 17 12 16 71 58 90 79 2 39 26 6 3 20 81 99 89 67 95 74 21 7 64 24 14 30 54 48 75 78 45 68 29 57 97 4 33 28 40 87 59 52 60 62 94 65 51 31 77 84 100 36 53 19 88 50 42 8 9 46 49 86 80 69 85 93 15 44 35 47 76 5 37 
Best fitness: 7.24
29 3 21 23 62 94 60 34 31 1 64 61 22 83 27 43 28 72 10 38 12 17 50 91 96 63 66 74 16 58 15 26 78 82 98 52 65 92 95 35 56 81 79 73 55 2 25 40 42 37 20 100 45 84 53 41 7 18 59 69 4 36 57 97 19 33 6 90 54 30 47 70 11 13 8 9 46 49 67 44 39 71 85 14 24 89 32 99 77 68 88 48 93 87 51 76 75 80 86 5 
Worst fitness: 8.47
20 81 56 3 72 17 38 63 13 61 22 11 49 96 59 12 98 58 90 27 43 18 21 66 74 23 1 34 52 62 91 92 70 83 40 2 55 26 45 84 100 29 73 95 54 30 28 33 4 97 31 78 88 19 82 16 24 64 79 7 87 50 51 41 57 6 39 67 25 42 46 10 71 36 48 65 60 94 85 75 69 53 15 47 32 44 14 99 89 35 5 77 68 86 80 76 8 93 9 37 
Best fitness: 6.96
78 97 41 63 61 9 72 92 17 12 21 27 11 83 42 64 43 22 20 56 3 58 69 82 57 71 1 34 23 66 29 84 4 95 2 14 18 90 33 26 39 55 50 98 16 74 7 28 100 68 73 67 79 81 24 70 91 96 38 53 31 30 40 10 94 52 59 15 54 25 99 46 60 62 65 49 37 89 19 6 44 32 77 51 85 48 88 36 76 80 87 13 93 86 75 45 5 35 47 8 
Worst fitness: 8.90
77 84 100 26 55 47 3 27 83 61 11 63 17 75 23 16 72 12 58 1 19 82 34 66 74 30 43 24 81 22 70 91 92 78 4 98 76 50 38 96 89 79 2 95 40 56 20 29 33 15 53 73 42 64 7 28 67 44 32 5 35 25 14 18 62 94 48 41 97 57 39 90 54 87 59 52 86 80 65 9 10 21 68 45 6 71 31 88 36 51 69 60 85 93 46 13 49 99 37 8 
Best fitness: 7.40
1 72 10 91 61 22 18 63 75 98 50 12 92 96 27 56 28 82 19 3 74 17 52 43 7 39 26 95 2 68 88 34 23 66 58 16 60 94 78 4 100 29 33 90 54 30 55 25 64 21 41 53 38 9 49 8 65 62 79 40 73 71 57 97 31 84 5 70 11 83 13 81 20 44 77 35 67 51 80 69 36 42 14 24 89 46 59 48 6 47 86 76 85 93 15 32 45 87 37 99 
Worst fitness: 9.25
44 81 22 61 83 24 70 63 96 38 17 92 91 72 10 43 21 74 1 82 16 66 90 28 64 40 27 7 58 34 31 41 50 12 26 29 95 55 3 78 4 98 23 11 13 79 56 25 73 57 97 36 19 53 33 2 54 30 20 32 67 18 85 52 42 89 49 93 65 9 15 39 5 6 100 88 71 69 51 94 59 62 60 46 14 84 45 68 86 76 80 47 35 37 99 8 77 75 48 87 
Best fitness: 7.29
3 27 30 74 21 70 61 56 25 44 20 22 10 98 41 34 72 63 92 91 24 43 95 39 47 33 26 82 57 54 96 11 83 66 1 53 58 38 59 12 17 23 16 90 2 67 55 81 40 42 7 28 18 64 14 89 79 73 85 52 60 4 78 19 84 100 45 29 32 49 46 65 50 69 35 5 71 31 36 88 68 97 86 76 6 75 9 8 93 62 94 77 15 51 80 87 13 37 99 48 
Worst fitness: 9.14
