630.07 881.51 1475.26 0.45 
677.59 624.12 1296.27 0.30 
687.07 813.73 942.27 0.50 
745.02 1058.10 2550.73 0.38 
1152.79 651.63 1272.40 0.36 
631.94 749.04 1291.54 0.42 
1090.91 628.72 2037.26 0.46 
551.11 745.70 2052.14 0.33 
562.69 966.43 1797.27 0.35 
809.04 763.10 1501.30 0.41 
560.96 585.28 1351.78 0.34 
681.22 649.95 988.74 0.36 
656.95 878.37 1143.27 0.38 
781.93 834.07 1577.05 0.47 
1078.15 719.84 2247.34 0.28 
682.37 685.65 1493.66 0.34 
746.98 575.63 1777.38 0.33 
590.70 867.77 1554.57 0.32 
835.34 685.15 1063.86 0.37 
815.29 555.10 1538.18 0.24 
749.16 547.41 1641.01 0.48 
724.18 1043.35 731.96 0.42 
687.19 629.99 1610.58 0.29 
621.17 598.01 1086.05 0.27 
1147.65 657.57 1089.28 0.40 
850.48 867.81 1064.97 0.37 
735.10 923.12 1143.08 0.62 
787.81 714.24 1581.03 0.46 
774.55 771.21 1710.00 0.32 
844.02 668.61 1354.68 0.33 
784.92 632.11 2374.13 0.44 
1227.39 604.03 1239.07 0.47 
766.15 579.71 2367.23 0.39 
784.96 596.85 1739.63 0.37 
591.85 817.37 1358.93 0.39 
568.88 812.41 790.55 0.52 
720.60 582.28 560.98 0.54 
1026.47 945.95 1318.29 0.44 
1267.63 910.53 1540.31 0.38 
722.69 554.59 1975.63 0.27 
671.42 720.44 1455.90 0.32 
546.11 568.44 1155.76 0.27 
729.32 888.45 1037.06 0.48 
791.93 623.31 1673.22 0.34 
615.55 861.18 1840.99 0.33 
578.93 550.55 1887.16 0.43 
668.77 605.81 3639.83 0.40 
642.25 584.90 2171.82 0.39 
1102.23 572.52 1464.01 0.38 
622.21 798.55 609.49 0.26 
601.59 610.90 1180.82 0.28 
940.07 712.33 867.36 0.48 
709.62 700.33 906.23 0.49 
757.16 614.05 1215.04 0.21 
742.49 735.40 935.45 0.52 
589.39 783.15 2089.42 0.46 
965.59 780.89 1320.48 0.40 
749.44 664.05 1247.66 0.45 
987.65 758.05 955.74 0.26 
627.12 929.18 2375.66 0.49 
624.34 627.80 1291.90 0.39 
672.11 605.17 1502.23 0.33 
865.03 692.16 670.06 0.39 
627.13 1023.91 1754.65 0.39 
732.35 1051.80 899.55 0.46 
858.33 581.76 2205.10 0.51 
613.33 555.51 2350.00 0.41 
603.23 1266.78 1054.28 0.52 
697.86 924.77 1865.98 0.39 
975.67 750.66 1490.47 0.35 
635.88 579.13 1193.53 0.40 
639.33 683.07 770.78 0.35 
1089.29 966.16 1577.51 0.50 
615.71 933.69 1307.72 0.36 
626.97 581.11 833.56 0.21 
697.91 620.95 660.56 0.35 
749.81 818.67 874.30 0.22 
604.05 658.80 1981.65 0.38 
657.71 670.59 1074.95 0.28 
703.71 613.31 2541.93 0.53 
769.62 578.56 1548.38 0.36 
1032.71 561.71 1667.25 0.39 
646.88 611.58 2042.09 0.36 
581.28 857.94 1804.60 0.33 
605.96 561.14 1508.81 0.35 
583.87 746.29 1723.57 0.49 
658.44 874.88 2449.54 0.38 
677.51 632.32 583.00 0.45 
635.82 587.94 1750.87 0.45 
725.06 648.36 1258.74 0.38 
801.85 628.26 1998.58 0.57 
565.56 576.91 816.01 0.41 
898.29 567.27 1513.48 0.47 
672.64 828.79 1057.95 0.37 
794.62 632.96 1462.51 0.24 
661.78 654.00 1607.13 0.42 
743.65 689.11 1587.11 0.43 
645.58 818.00 1795.83 0.46 
673.31 540.52 2076.40 0.52 
849.90 643.42 2152.82 0.43 
748.36 554.14 1104.21 0.49 
