1136.36 632.82 2193.47 0.41 
553.81 593.61 2031.84 0.39 
623.68 566.03 2253.61 0.46 
576.76 923.22 1429.28 0.53 
561.28 608.89 1895.15 0.40 
690.01 566.95 2820.71 0.38 
835.73 640.45 1021.65 0.45 
716.59 997.31 768.40 0.23 
1026.91 627.81 1618.21 0.28 
681.78 646.15 2183.62 0.67 
640.11 754.32 1249.85 0.39 
675.80 809.82 1530.44 0.40 
645.40 705.18 795.92 0.45 
1191.88 658.72 2399.95 0.43 
617.52 859.26 1242.95 0.34 
825.68 986.26 783.29 0.40 
713.03 707.96 600.05 0.41 
1407.62 750.37 1546.58 0.46 
551.23 636.94 2146.48 0.53 
551.21 632.48 1451.95 0.39 
820.09 700.93 1757.16 0.34 
655.64 702.44 1049.50 0.38 
601.86 1157.20 1136.56 0.38 
939.95 903.71 1073.17 0.67 
869.82 902.02 1790.08 0.23 
890.38 590.88 1152.01 0.58 
710.10 545.27 1384.82 0.56 
611.90 1075.43 931.20 0.44 
801.08 607.84 1085.12 0.52 
1157.66 561.46 1713.07 0.16 
833.96 783.31 2242.71 0.44 
705.06 872.63 698.79 0.52 
578.79 644.91 1344.86 0.48 
611.81 732.55 540.46 0.38 
729.41 677.70 1894.16 0.39 
639.13 569.62 913.51 0.34 
908.77 725.50 1508.31 0.28 
609.68 628.20 2263.44 0.27 
669.17 605.24 1641.62 0.35 
832.98 737.47 2566.91 0.30 
577.60 634.95 1297.55 0.35 
