694.64 824.35 2136.64 0.48 
822.15 698.76 1565.08 0.34 
818.96 691.53 887.80 0.30 
644.23 714.88 2076.61 0.43 
974.80 564.72 1268.09 0.48 
779.43 578.03 1902.09 0.47 
1138.97 567.13 806.20 0.38 
618.27 674.85 1238.78 0.24 
986.37 757.78 849.53 0.40 
641.30 825.77 1077.57 0.39 
567.70 654.78 1719.67 0.52 
620.18 690.35 947.67 0.27 
739.74 572.22 961.89 0.55 
562.70 555.83 562.05 0.52 
703.83 704.81 1675.85 0.53 
1019.25 773.35 1835.11 0.26 
749.81 951.57 557.91 0.59 
687.71 740.98 1998.58 0.38 
748.95 1062.77 1703.44 0.45 
576.14 943.54 965.48 0.42 
718.20 629.32 887.01 0.21 
967.77 816.94 1245.47 0.40 
670.39 609.05 1817.53 0.47 
645.73 608.31 1223.97 0.52 
902.19 945.69 1033.59 0.49 
541.05 702.19 984.02 0.39 
730.93 712.53 842.45 0.34 
733.61 1141.99 1492.19 0.23 
789.31 558.89 1917.14 0.39 
647.05 819.51 1894.40 0.52 
706.86 554.90 722.66 0.31 
607.87 552.43 1848.26 0.44 
606.88 618.26 1260.05 0.30 
604.83 707.81 1945.16 0.44 
833.03 744.96 1634.32 0.53 
544.94 607.96 1818.33 0.39 
568.62 593.51 2838.18 0.35 
652.10 838.72 2006.23 0.51 
598.93 791.20 3351.34 0.21 
555.22 979.92 1329.17 0.41 
637.75 641.16 1679.50 0.33 
652.19 562.88 1785.88 0.52 
881.27 689.65 1875.31 0.45 
557.23 556.20 1403.90 0.54 
784.08 615.49 617.74 0.55 
714.69 645.85 1024.62 0.49 
667.08 595.34 1226.97 0.41 
1042.88 566.04 732.42 0.43 
797.50 1049.71 1930.77 0.25 
592.34 1050.38 1384.19 0.38 
583.26 737.06 1079.40 0.42 
1093.07 661.11 1710.42 0.37 
622.99 867.17 1041.66 0.41 
544.12 674.32 837.83 0.24 
648.32 552.02 2007.52 0.34 
624.19 633.93 1651.70 0.28 
814.95 568.48 1028.24 0.44 
765.77 560.65 1120.55 0.42 
951.32 570.32 1377.67 0.51 
557.73 783.78 2176.34 0.39 
600.98 562.16 770.32 0.33 
780.36 797.43 572.55 0.22 
656.32 783.63 1182.87 0.60 
628.97 764.72 1241.80 0.29 
591.00 705.18 1446.19 0.42 
799.51 959.61 1131.09 0.59 
755.04 830.21 1258.10 0.42 
742.65 933.42 2322.24 0.45 
567.32 686.84 1227.83 0.42 
834.83 719.82 886.26 0.45 
597.44 613.01 1550.30 0.32 
643.61 629.85 779.98 0.40 
604.76 703.45 1348.08 0.52 
590.77 618.73 1134.16 0.46 
690.50 571.25 1246.80 0.42 
600.39 624.19 721.03 0.50 
644.86 566.26 2585.86 0.50 
635.03 723.25 809.94 0.52 
715.03 765.86 1875.31 0.46 
722.16 1015.79 1225.22 0.46 
606.34 559.79 2410.51 0.41 
568.29 1245.02 864.66 0.45 
575.46 873.28 1282.79 0.47 
696.28 545.75 1242.93 0.42 
684.36 728.10 2889.62 0.26 
703.24 689.97 1163.34 0.34 
1015.36 546.48 807.91 0.41 
615.60 618.11 2029.57 0.26 
645.23 634.60 721.66 0.37 
621.22 666.56 1155.72 0.25 
668.70 906.30 1914.34 0.63 
917.38 773.32 753.21 0.40 
637.62 694.90 1023.66 0.60 
788.90 858.11 937.43 0.42 
737.81 650.35 1517.15 0.30 
637.76 542.85 2206.26 0.49 
680.48 791.44 2559.79 0.45 
973.12 551.77 1381.25 0.43 
577.11 875.07 2624.29 0.44 
622.45 926.23 669.59 0.37 
704.36 880.68 1916.61 0.63 
1022.77 676.14 2327.68 0.37 
543.63 642.38 1799.81 0.29 
796.36 823.15 1111.20 0.45 
600.71 612.36 1826.09 0.54 
541.34 721.53 1693.14 0.29 
663.68 775.65 2057.12 0.29 
830.20 907.10 1442.70 0.41 
594.01 610.10 1812.62 0.43 
607.90 634.42 751.16 0.28 
726.79 561.79 1034.21 0.27 
1148.25 689.95 1631.83 0.30 
549.55 864.62 2193.73 0.37 
812.03 566.56 1391.77 0.48 
555.11 566.39 1179.99 0.39 
645.21 904.92 542.53 0.40 
854.97 626.00 1009.49 0.50 
898.90 600.83 1089.27 0.49 
623.05 723.16 2033.01 0.50 
582.83 633.47 700.73 0.33 
898.04 627.46 1109.78 0.40 
676.37 570.99 1269.48 0.37 
1152.73 716.96 1536.35 0.46 
857.11 562.74 685.27 0.40 
601.97 811.56 2189.13 0.21 
907.27 849.33 1754.33 0.39 
640.91 581.27 1341.25 0.46 
963.30 555.88 914.88 0.46 
690.89 926.46 2771.58 0.30 
821.56 711.85 1174.46 0.31 
674.25 786.57 1578.82 0.55 
759.13 735.26 1589.32 0.50 
609.09 644.49 1031.56 0.36 
569.97 911.54 1220.38 0.51 
954.25 596.32 1811.82 0.33 
671.35 642.31 1425.83 0.51 
790.99 752.06 805.23 0.43 
704.06 660.91 2200.77 0.48 
676.84 730.89 651.76 0.42 
540.33 764.03 852.84 0.13 
560.23 922.53 1647.76 0.42 
1020.05 679.21 1500.18 0.32 
926.01 787.89 875.76 0.29 
761.82 866.31 1624.46 0.36 
801.81 703.32 966.39 0.44 
621.23 593.69 1101.43 0.35 
618.98 830.04 646.15 0.39 
592.29 641.15 1177.16 0.21 
714.41 902.27 1542.98 0.32 
555.33 744.26 1575.58 0.25 
900.37 613.30 1156.92 0.25 
