771.39 656.58 1563.36 0.40 
644.60 653.98 1253.85 0.39 
546.85 540.48 1861.60 0.37 
759.85 924.69 1221.81 0.41 
729.87 1081.79 1612.98 0.47 
708.80 720.78 1249.69 0.49 
931.54 989.14 625.69 0.51 
683.15 646.39 1209.26 0.50 
615.18 553.02 1868.18 0.48 
548.25 938.26 1877.66 0.39 
597.67 694.82 1592.86 0.51 
726.49 1113.68 2147.53 0.29 
684.47 965.32 1983.78 0.29 
616.13 564.42 639.94 0.24 
873.24 859.16 1535.92 0.50 
544.94 1021.91 913.64 0.53 
780.30 678.84 1698.12 0.24 
652.92 631.23 1515.72 0.22 
661.97 870.85 1940.89 0.49 
685.92 632.60 976.14 0.36 
672.71 759.12 2055.65 0.47 
635.21 581.70 1292.10 0.58 
836.34 695.35 1623.94 0.27 
562.95 573.25 1945.28 0.46 
805.30 629.12 1037.93 0.40 
746.79 1021.25 692.19 0.38 
597.17 812.69 2023.24 0.33 
689.01 560.20 2051.25 0.62 
607.57 693.45 2401.96 0.36 
603.00 776.80 1054.57 0.57 
1194.38 817.92 620.54 0.49 
559.37 707.82 808.69 0.42 
561.11 653.92 2382.09 0.36 
691.61 651.75 1079.31 0.48 
651.33 631.91 1945.26 0.50 
666.44 564.38 1259.34 0.36 
562.45 1018.98 1978.99 0.32 
609.52 595.89 2184.33 0.38 
667.60 606.27 2028.66 0.46 
551.42 860.20 762.27 0.33 
780.01 557.45 2196.90 0.48 
608.92 693.37 1410.51 0.14 
616.47 570.95 1806.77 0.49 
662.12 721.22 1832.83 0.38 
906.94 853.66 1996.61 0.54 
1023.05 638.47 2464.81 0.47 
657.83 677.22 2237.24 0.42 
934.97 905.19 1988.97 0.40 
606.82 932.26 2017.46 0.45 
839.25 653.80 1822.99 0.29 
637.08 602.23 2917.98 0.44 
711.67 542.99 841.07 0.47 
621.66 675.60 3037.24 0.35 
826.28 623.79 1889.66 0.45 
1027.34 704.28 1930.98 0.27 
833.25 775.78 2407.79 0.50 
679.43 743.75 1669.05 0.41 
615.61 787.49 604.40 0.51 
673.18 827.62 957.15 0.39 
731.79 809.81 994.06 0.40 
724.45 541.15 1820.31 0.45 
562.72 764.47 721.01 0.55 
566.02 762.97 2347.97 0.31 
864.10 803.19 1703.58 0.30 
595.69 743.18 962.85 0.50 
595.04 634.36 1218.72 0.46 
1003.25 594.50 1833.52 0.51 
562.68 679.08 2771.66 0.38 
886.08 563.25 1239.25 0.41 
1274.25 626.02 1311.80 0.37 
655.02 763.37 1907.25 0.40 
545.00 627.11 2260.32 0.38 
750.26 581.21 2705.81 0.44 
601.39 733.40 1524.03 0.21 
621.57 934.46 659.84 0.29 
731.45 890.14 1136.80 0.32 
673.20 618.25 1272.03 0.41 
821.22 820.55 2410.35 0.50 
749.34 564.07 2335.07 0.45 
666.31 750.88 1249.34 0.38 
636.92 590.94 1119.62 0.32 
899.52 841.26 1634.48 0.48 
1076.17 685.34 2382.10 0.36 
869.38 573.82 2223.93 0.46 
603.89 620.37 724.17 0.38 
855.52 711.58 3246.63 0.46 
648.50 585.75 1917.32 0.43 
662.01 597.96 1142.35 0.37 
585.99 885.60 813.20 0.43 
615.16 887.57 1817.86 0.60 
585.39 709.49 2313.96 0.38 
691.63 693.13 2360.02 0.51 
1053.00 704.87 976.25 0.47 
694.46 1180.63 2026.66 0.18 
710.81 610.48 724.28 0.28 
784.94 721.17 1328.63 0.53 
957.63 844.55 989.26 0.37 
786.81 584.31 1729.95 0.27 
790.78 813.97 803.41 0.40 
697.20 729.64 1494.73 0.43 
615.56 799.05 2188.27 0.41 
675.12 862.33 2240.96 0.30 
796.74 671.71 1760.12 0.54 
649.41 667.34 1659.89 0.34 
732.46 696.88 1493.70 0.19 
780.25 637.06 1900.59 0.40 
860.47 717.51 952.43 0.44 
730.48 712.50 1339.52 0.33 
688.46 763.34 827.92 0.24 
602.75 1036.90 2087.06 0.54 
590.20 661.43 2115.94 0.43 
559.02 865.32 1575.59 0.35 
701.97 589.96 1817.45 0.32 
1023.36 998.58 1110.23 0.39 
564.63 594.42 893.36 0.39 
897.65 632.94 1223.67 0.39 
572.40 540.08 599.64 0.51 
852.26 673.37 961.08 0.48 
650.72 787.07 1618.81 0.51 
660.71 557.96 1260.14 0.55 
1236.75 544.95 823.27 0.35 
593.35 695.26 715.00 0.48 
747.16 719.70 1808.15 0.40 
623.04 587.08 1158.76 0.43 
605.04 858.38 850.06 0.38 
619.79 718.92 1142.14 0.33 
644.04 622.16 986.67 0.36 
693.83 632.42 1081.55 0.56 
672.13 799.99 586.02 0.44 
668.35 874.94 1143.49 0.51 
860.51 558.77 2230.42 0.52 
752.09 742.88 1072.05 0.37 
923.94 806.71 1885.01 0.41 
548.85 628.01 1575.21 0.34 
544.03 756.26 1083.17 0.35 
798.92 654.26 2341.66 0.39 
759.56 660.87 872.57 0.55 
827.95 967.20 2311.04 0.38 
541.98 681.14 1189.52 0.31 
659.58 831.84 1564.47 0.57 
593.53 548.06 1437.29 0.37 
770.18 803.39 1959.43 0.47 
590.65 721.99 741.94 0.49 
942.59 648.63 1493.39 0.41 
780.92 872.49 1683.76 0.45 
753.14 583.20 735.62 0.30 
760.89 883.51 2250.55 0.51 
829.46 720.76 2473.27 0.44 
798.39 944.88 653.73 0.24 
764.86 569.45 1013.65 0.48 
693.55 691.36 1244.92 0.38 
578.79 1016.19 2090.78 0.34 
607.40 658.53 740.40 0.54 
891.55 969.94 1896.12 0.49 
676.89 627.85 2364.06 0.41 
697.32 1207.51 992.29 0.42 
637.72 640.67 1194.98 0.47 
802.90 787.18 714.17 0.41 
745.71 1089.15 1853.22 0.27 
696.70 798.55 1615.14 0.41 
694.53 730.17 1284.56 0.42 
1003.01 1242.78 1551.73 0.37 
561.93 595.51 1902.24 0.26 
626.52 562.03 1103.89 0.37 
632.19 877.01 1793.18 0.29 
703.42 584.01 1196.48 0.45 
663.73 601.40 2023.99 0.38 
978.04 696.29 792.59 0.41 
804.59 979.63 1399.30 0.55 
577.78 544.02 1411.05 0.48 
784.07 677.52 2342.11 0.39 
599.32 722.11 594.78 0.41 
739.31 850.31 1445.90 0.36 
973.39 709.85 953.30 0.35 
787.43 611.34 996.22 0.51 
958.14 827.79 1246.51 0.39 
602.29 906.09 977.07 0.51 
1001.84 634.64 556.51 0.29 
594.91 800.90 1400.76 0.27 
630.02 1102.30 1724.53 0.50 
692.77 830.66 1131.40 0.41 
721.74 712.95 1305.02 0.28 
757.74 544.60 1266.32 0.54 
710.78 718.65 967.40 0.37 
553.11 763.51 643.58 0.39 
629.30 1077.81 1399.19 0.53 
763.72 598.97 1082.42 0.35 
792.81 631.58 1652.39 0.38 
582.92 830.96 3006.91 0.37 
543.83 706.96 1613.28 0.43 
1011.03 596.59 2866.10 0.37 
848.06 705.97 1659.31 0.17 
584.49 692.04 2650.99 0.40 
573.55 822.28 994.85 0.48 
641.05 622.20 1614.73 0.48 
653.62 604.75 852.04 0.42 
548.14 598.48 1548.22 0.42 
683.29 639.98 2004.09 0.38 
659.63 556.98 1437.46 0.30 
851.67 884.94 1841.69 0.33 
641.42 560.25 2672.29 0.20 
