580.52 674.88 1753.49 0.43 
596.39 687.47 1667.73 0.25 
759.40 726.31 831.38 0.54 
834.80 748.17 1831.33 0.37 
822.86 828.84 1740.90 0.39 
1046.32 544.61 2025.80 0.38 
614.70 875.92 2871.59 0.47 
898.36 581.01 1745.38 0.51 
818.74 548.39 1668.55 0.53 
687.37 599.83 1362.76 0.29 
636.50 589.12 1690.75 0.30 
596.41 708.50 1503.73 0.31 
1064.22 550.30 2298.47 0.41 
755.90 683.19 1390.16 0.39 
759.55 754.86 985.44 0.38 
815.00 591.52 2287.64 0.36 
719.84 587.28 1410.81 0.20 
628.53 564.89 1595.42 0.65 
823.00 1028.84 2974.75 0.28 
618.47 552.38 2726.10 0.40 
985.43 731.72 2273.03 0.55 
609.99 688.68 1539.62 0.39 
777.08 621.95 1107.49 0.38 
601.02 775.20 759.59 0.48 
1117.53 559.54 1653.40 0.43 
575.41 656.19 1034.58 0.50 
714.62 945.92 1227.77 0.33 
669.25 598.54 2266.90 0.53 
784.16 847.89 1984.52 0.37 
1051.47 601.57 1153.19 0.34 
745.91 1228.41 679.19 0.32 
