958.02 749.36 1942.14 0.36 
787.01 682.30 748.48 0.44 
568.92 779.32 627.69 0.34 
630.60 554.90 1871.18 0.44 
722.95 1036.32 1200.37 0.39 
871.34 595.44 711.71 0.37 
1092.90 595.65 2426.50 0.39 
704.54 582.08 2229.43 0.47 
841.61 649.09 1375.20 0.56 
543.23 807.44 919.41 0.33 
555.35 642.84 1962.22 0.36 
962.03 573.22 1544.05 0.36 
656.26 829.94 1329.36 0.54 
953.05 661.87 1487.68 0.54 
726.93 595.78 805.02 0.38 
646.16 613.42 2650.77 0.37 
596.35 827.54 907.93 0.45 
568.48 628.52 933.00 0.24 
861.08 808.56 1519.63 0.28 
657.39 1056.10 2188.42 0.44 
552.73 591.49 1392.53 0.58 
