978.29 628.81 815.50 0.29 
601.31 857.14 751.85 0.49 
828.89 667.87 1772.74 0.37 
1032.17 660.11 928.30 0.39 
805.74 765.40 1361.07 0.25 
825.70 630.55 871.51 0.23 
678.53 836.85 2056.96 0.30 
950.36 550.22 1289.46 0.47 
628.85 779.31 2191.48 0.35 
574.11 650.70 1787.39 0.52 
899.31 716.07 2868.60 0.46 
779.08 640.24 1504.33 0.44 
618.20 853.05 1754.87 0.50 
972.37 556.88 829.11 0.44 
846.09 912.12 1925.47 0.29 
738.70 1127.71 1147.08 0.40 
920.34 604.08 2002.05 0.37 
834.77 628.03 1918.22 0.36 
559.74 619.02 2014.12 0.36 
573.31 944.85 795.36 0.31 
709.93 595.81 1920.26 0.33 
685.45 563.81 553.92 0.37 
613.98 747.52 1707.14 0.39 
958.04 720.22 1478.28 0.53 
761.66 677.75 2301.97 0.31 
626.11 604.30 824.91 0.35 
798.84 672.96 1528.01 0.45 
752.63 580.69 1079.82 0.41 
761.56 565.32 849.88 0.37 
761.86 636.31 1364.23 0.33 
744.69 805.10 1461.29 0.41 
707.21 874.67 777.74 0.38 
596.27 918.02 928.67 0.40 
1197.57 639.02 1539.28 0.47 
884.87 876.67 1075.85 0.43 
613.68 720.90 966.51 0.44 
754.95 719.63 1269.34 0.36 
595.80 658.37 1591.74 0.49 
727.41 702.43 2096.24 0.37 
688.14 577.47 1538.55 0.43 
549.08 667.86 1280.39 0.42 
947.45 786.78 1428.52 0.44 
671.26 692.14 1641.28 0.42 
571.35 1070.25 742.14 0.40 
709.14 620.03 2471.75 0.39 
678.72 647.60 1334.99 0.33 
816.13 773.85 2065.85 0.46 
843.01 840.68 578.55 0.41 
599.82 634.28 1299.07 0.54 
631.64 572.50 1435.06 0.20 
556.57 985.02 1997.68 0.37 
587.69 668.11 2187.17 0.61 
943.72 800.11 580.73 0.26 
838.96 690.53 2895.13 0.40 
687.62 637.02 2382.80 0.33 
596.18 556.49 1946.37 0.34 
596.79 1090.92 2589.39 0.45 
777.13 807.30 1835.52 0.42 
701.69 632.56 1217.79 0.28 
575.45 576.14 1961.87 0.64 
585.40 544.44 2196.63 0.36 
569.29 990.67 773.63 0.49 
879.50 747.01 1580.14 0.38 
619.89 591.75 1788.22 0.51 
573.58 1250.83 1030.02 0.42 
661.27 731.71 651.26 0.56 
1022.07 570.35 696.37 0.32 
656.71 871.70 2092.47 0.45 
558.10 711.54 806.62 0.60 
654.93 730.16 560.13 0.39 
751.90 846.94 1945.36 0.28 
582.67 653.61 1048.62 0.26 
584.62 746.31 1449.03 0.44 
553.67 776.49 1357.34 0.32 
568.87 777.47 1687.18 0.49 
739.65 708.78 1060.58 0.39 
573.88 939.75 1795.10 0.52 
683.21 786.33 1338.25 0.36 
702.62 712.40 1049.47 0.25 
609.90 819.07 1884.50 0.60 
699.92 775.55 662.19 0.46 
609.42 575.43 1904.67 0.35 
638.61 593.10 731.87 0.46 
928.84 774.71 2114.10 0.37 
612.69 566.84 1190.05 0.64 
548.14 889.42 1608.87 0.34 
563.95 760.69 1272.63 0.41 
678.62 772.73 2532.72 0.45 
587.34 602.85 1418.72 0.44 
725.16 561.13 1840.85 0.44 
555.81 676.09 1805.74 0.46 
