588.40 775.54 1796.12 0.30 
738.28 873.64 1321.30 0.52 
765.81 686.10 1671.79 0.29 
816.76 800.94 981.06 0.37 
724.74 796.38 752.68 0.47 
575.85 653.31 820.10 0.35 
1095.89 752.61 819.95 0.52 
689.30 620.96 1146.05 0.29 
699.71 553.49 2104.33 0.25 
751.90 580.49 1866.83 0.40 
605.56 1067.64 1764.40 0.35 
587.31 925.46 1870.69 0.66 
835.35 775.26 1971.78 0.52 
667.41 851.63 1157.51 0.38 
569.00 540.02 2637.47 0.21 
875.48 555.91 1226.47 0.32 
556.90 714.70 865.99 0.34 
560.68 748.82 1854.77 0.27 
552.40 727.92 1270.30 0.43 
1041.63 612.57 751.96 0.42 
673.56 631.10 1281.83 0.29 
746.72 659.64 1841.94 0.27 
656.08 743.80 1940.74 0.54 
954.81 831.50 1465.01 0.40 
775.26 717.67 1271.34 0.20 
548.75 777.35 2335.64 0.24 
685.09 617.01 897.45 0.32 
801.06 970.68 1788.19 0.37 
698.10 735.83 1377.38 0.37 
587.79 687.33 2093.50 0.55 
893.50 801.15 2072.32 0.43 
607.47 611.43 779.22 0.36 
560.31 571.85 2180.21 0.43 
556.25 818.31 579.11 0.43 
642.77 843.91 663.52 0.56 
681.54 1109.59 1497.08 0.48 
636.20 669.91 1189.84 0.32 
561.82 727.73 601.14 0.44 
849.95 585.52 701.41 0.43 
669.15 678.52 1138.49 0.43 
552.11 880.20 1869.30 0.61 
651.12 608.23 1181.36 0.22 
862.88 557.11 1849.48 0.30 
968.13 932.00 1287.19 0.25 
902.49 797.90 2129.29 0.16 
909.55 803.94 1294.82 0.26 
673.05 904.67 1798.05 0.47 
620.25 638.96 3011.45 0.37 
852.21 740.57 1268.69 0.45 
574.00 577.72 1010.14 0.46 
714.08 1081.80 1313.41 0.49 
676.29 810.67 2037.89 0.49 
684.57 541.15 993.13 0.44 
741.98 729.44 2262.63 0.41 
643.94 797.39 1449.36 0.64 
639.84 594.80 1453.40 0.48 
1060.17 605.90 1886.52 0.31 
1029.30 911.25 1510.16 0.58 
730.00 658.23 1556.68 0.37 
732.44 727.21 2319.51 0.30 
699.91 678.33 835.42 0.49 
663.50 701.76 2364.39 0.41 
868.01 764.08 1750.59 0.28 
545.31 730.80 1715.54 0.45 
623.16 610.55 854.87 0.34 
586.62 611.52 887.62 0.32 
685.77 932.35 817.54 0.30 
565.03 589.47 1698.99 0.51 
597.56 818.16 1188.01 0.32 
866.50 742.34 1889.05 0.50 
587.25 632.28 1208.48 0.47 
753.46 1006.69 743.65 0.51 
564.11 888.58 1324.09 0.38 
765.30 568.16 2028.73 0.55 
635.80 626.94 1484.25 0.20 
615.69 794.02 1482.94 0.36 
573.23 574.21 2515.37 0.28 
757.32 592.76 857.17 0.30 
588.88 689.79 1761.19 0.37 
767.53 666.23 1801.81 0.47 
834.67 620.53 1706.86 0.38 
554.41 645.44 1493.93 0.54 
571.22 834.89 1624.43 0.35 
661.30 818.85 1800.97 0.33 
876.41 788.51 1700.31 0.43 
582.21 774.22 2532.82 0.39 
839.70 553.02 2192.10 0.43 
660.84 636.44 1855.70 0.54 
757.66 647.62 658.04 0.44 
691.88 584.32 1596.97 0.43 
555.35 900.34 1194.82 0.47 
739.80 880.61 1379.52 0.37 
664.27 762.71 1330.55 0.47 
1134.04 883.78 1982.74 0.47 
927.54 999.88 2230.06 0.36 
845.09 820.16 1227.21 0.50 
993.41 683.22 1605.55 0.36 
743.57 707.17 877.32 0.41 
904.85 785.27 1606.56 0.16 
1115.34 890.24 1583.97 0.35 
563.02 885.56 1344.61 0.51 
