604.40 735.94 2875.65 0.41 
547.48 654.37 1536.46 0.31 
741.57 618.59 1743.38 0.30 
555.42 733.53 818.25 0.40 
682.72 656.40 903.32 0.29 
610.56 955.14 632.91 0.38 
778.05 662.70 1571.70 0.19 
667.54 949.54 1236.29 0.36 
769.65 688.79 1553.86 0.45 
1161.01 577.91 1238.16 0.56 
830.89 602.95 1287.96 0.34 
682.68 543.26 2001.74 0.38 
843.89 1083.61 677.12 0.54 
723.16 588.58 932.63 0.48 
681.38 705.49 1191.79 0.60 
687.51 968.00 1504.63 0.46 
675.99 754.05 1483.09 0.24 
565.92 834.53 1258.46 0.37 
788.88 781.90 1196.65 0.39 
624.21 693.27 1632.79 0.37 
732.03 892.03 721.11 0.50 
667.87 586.54 1351.56 0.46 
633.97 923.49 1140.27 0.39 
690.95 644.69 896.45 0.32 
968.75 547.06 1516.43 0.28 
750.83 609.43 1308.73 0.48 
740.15 779.20 2034.66 0.36 
552.45 767.79 2228.94 0.37 
686.20 1102.99 904.93 0.47 
638.81 567.70 959.45 0.27 
740.03 590.10 650.41 0.43 
786.27 587.46 1901.53 0.38 
845.48 662.59 631.74 0.36 
1005.05 745.88 1495.25 0.20 
806.12 1162.39 1998.75 0.26 
822.86 670.22 906.19 0.27 
961.66 901.70 1073.15 0.35 
849.68 674.73 2596.13 0.43 
566.63 864.41 579.85 0.50 
885.88 785.91 1737.18 0.34 
705.02 804.12 1894.74 0.30 
718.79 568.00 2045.64 0.48 
707.93 806.58 1306.22 0.35 
1029.99 1079.60 1709.51 0.68 
703.10 580.36 1020.58 0.41 
853.85 963.72 1267.20 0.42 
626.04 958.04 2475.41 0.44 
556.90 663.78 1488.46 0.24 
634.55 665.88 1442.72 0.47 
769.02 736.07 2092.93 0.49 
1072.27 782.82 879.34 0.53 
669.55 581.34 1154.09 0.45 
550.73 712.31 1700.02 0.48 
558.06 637.80 1859.19 0.31 
657.56 565.76 2259.00 0.62 
767.66 739.35 963.24 0.29 
570.33 611.72 687.55 0.52 
1211.01 989.39 1515.46 0.53 
795.36 695.01 1064.38 0.39 
935.10 769.77 1424.19 0.47 
648.74 743.74 769.23 0.42 
604.17 916.75 1731.54 0.31 
570.72 682.76 2800.39 0.44 
653.83 655.40 1828.70 0.30 
1169.61 685.01 1360.52 0.47 
718.47 597.47 1277.79 0.22 
618.55 638.63 1021.17 0.47 
540.15 672.90 944.81 0.37 
544.79 629.60 2335.18 0.51 
727.30 750.11 3088.26 0.35 
570.65 711.86 1462.39 0.44 
800.53 1125.40 541.25 0.38 
699.07 697.84 1116.39 0.65 
650.74 559.50 1896.67 0.47 
595.16 637.10 1531.33 0.40 
678.26 675.06 1577.23 0.53 
703.49 986.17 1774.47 0.51 
614.42 591.68 1730.16 0.45 
552.26 548.61 1116.75 0.45 
665.97 1271.41 1314.20 0.34 
767.63 764.01 1278.23 0.38 
