645.84 543.27 1558.87 0.25 
545.78 716.90 1797.93 0.36 
541.27 641.18 1569.95 0.38 
684.09 581.00 1132.53 0.35 
575.20 569.31 1956.45 0.53 
614.23 542.64 777.97 0.48 
561.14 755.43 2451.88 0.29 
793.81 590.78 1788.61 0.45 
817.66 774.43 1731.04 0.39 
542.52 607.18 2217.58 0.31 
759.04 588.41 1333.08 0.48 
623.86 559.03 1640.64 0.40 
786.88 558.56 1245.77 0.47 
786.25 684.47 2069.59 0.51 
567.05 701.52 1965.42 0.44 
996.64 603.52 1947.42 0.46 
597.96 702.82 1278.79 0.45 
750.08 577.00 2207.89 0.44 
781.90 581.82 928.38 0.31 
795.59 576.29 1403.96 0.45 
887.10 757.87 1558.73 0.38 
710.96 710.21 701.44 0.39 
550.91 796.56 2081.28 0.43 
669.71 847.44 2539.43 0.27 
569.57 747.71 1079.52 0.35 
583.29 564.81 846.14 0.49 
648.86 582.34 879.95 0.48 
633.68 832.62 2005.39 0.40 
580.17 765.38 1649.98 0.30 
891.30 565.24 2210.96 0.49 
944.16 747.85 1789.30 0.38 
550.32 710.24 979.17 0.51 
668.92 736.09 1078.41 0.23 
654.00 938.67 1062.03 0.36 
614.90 794.29 1857.97 0.44 
709.06 554.69 2185.23 0.35 
586.33 968.49 2072.07 0.40 
624.52 841.84 2018.94 0.38 
575.15 610.25 885.98 0.36 
544.83 683.55 1922.63 0.26 
750.72 634.47 1208.41 0.33 
711.99 885.48 1440.47 0.45 
557.78 691.17 1389.69 0.45 
699.85 785.77 627.95 0.47 
702.22 1032.36 1018.80 0.44 
689.00 687.79 1392.22 0.51 
708.31 742.38 689.56 0.20 
863.46 687.08 2129.25 0.56 
893.32 951.33 1552.87 0.47 
705.75 758.27 2532.07 0.36 
667.65 717.50 2541.14 0.41 
885.80 970.13 1535.98 0.35 
571.66 699.14 884.29 0.28 
554.78 627.21 1812.07 0.39 
682.65 598.40 1112.06 0.52 
849.10 580.21 1873.09 0.53 
794.97 579.57 821.29 0.49 
779.74 1016.80 736.92 0.35 
924.29 637.18 1219.90 0.32 
763.29 603.99 757.71 0.17 
655.18 700.79 2046.63 0.39 
620.42 551.53 2281.78 0.30 
718.30 715.44 2047.87 0.36 
653.26 722.38 1734.71 0.31 
871.19 556.92 785.76 0.44 
927.13 683.44 780.44 0.34 
806.60 558.96 1154.26 0.15 
631.32 669.77 2794.82 0.38 
755.54 980.88 2365.46 0.63 
597.23 890.43 1426.75 0.39 
550.93 661.95 1797.18 0.38 
