527.24 491.36 0.32 2952.34
559.27 480.20 0.25 2013.47
513.97 541.80 0.14 3701.81
456.89 491.21 0.15 5760.30
504.89 524.09 0.13 1346.41
515.07 457.53 0.17 6806.84
619.36 380.80 0.08 10703.99
602.41 627.11 0.05 7338.39
483.50 489.52 0.40 5700.88
589.07 459.06 0.04 5755.59
508.72 492.86 0.35 4403.15
499.31 438.33 0.28 926.85
421.19 491.68 0.11 6113.60
593.81 461.48 0.22 8542.30
451.60 522.92 0.20 3892.22
545.72 441.26 0.28 9053.24
462.31 510.76 0.41 8973.16
486.13 488.53 0.27 5448.08
478.93 485.70 0.01 2019.37
517.30 553.98 0.27 2914.52
524.27 453.38 0.22 8273.01
475.00 595.02 0.46 1110.94
569.10 622.10 0.26 2180.58
490.52 518.75 0.19 1369.55
518.47 514.70 0.17 10774.35
499.40 531.14 0.16 6832.04
539.14 501.88 0.01 833.00
396.70 483.91 0.22 9717.57
614.54 500.15 0.26 5894.91
454.50 449.12 0.13 7748.94
593.05 646.76 0.07 10054.42
459.54 492.19 0.27 675.62
520.49 415.59 0.40 10360.88
447.98 396.40 0.20 8426.93
562.24 503.86 0.30 10267.28
423.78 538.16 0.11 5975.40
527.49 509.06 0.28 5468.64
526.85 541.68 0.05 6698.46
526.90 591.97 0.22 10581.17
493.71 423.73 0.27 8968.41
527.51 532.10 0.27 5902.38
539.10 462.97 0.26 1451.20
537.13 560.82 0.07 6858.16
570.40 459.91 0.12 9670.59
593.10 488.85 0.20 4010.06
531.79 464.10 0.35 9244.58
425.90 555.87 0.26 4974.64
569.68 511.02 0.18 2809.63
500.36 523.03 0.09 7670.48
425.21 385.42 0.25 2233.24
426.54 458.11 0.07 10582.19
498.03 520.52 0.03 3819.80
511.71 501.62 0.23 3956.54
448.88 522.07 0.01 6693.17
608.30 527.14 0.33 2335.34
480.97 542.73 0.22 8072.32
465.94 493.99 0.24 3667.51
414.10 485.63 0.05 5636.29
446.74 436.02 0.43 942.76
522.43 522.50 0.22 8430.79
503.44 477.15 0.26 10254.55
550.20 469.32 0.18 10259.81
484.71 517.67 0.39 8842.37
458.51 477.06 0.27 8473.20
485.00 458.53 0.31 9196.14
551.25 477.60 0.19 9518.62
463.88 528.14 0.17 6093.18
479.93 433.00 0.20 3882.08
412.94 543.76 0.24 4727.61
461.90 584.52 0.07 2761.58
449.88 537.77 0.11 5565.33
503.70 468.76 0.26 7250.93
510.98 506.19 0.17 4212.64
491.05 438.20 0.22 812.28
576.73 509.53 0.08 8800.63
430.90 538.28 0.11 6349.68
544.84 606.69 0.04 7569.53
531.91 468.68 0.23 9462.94
533.89 582.49 0.17 6128.54
527.24 527.26 0.22 6986.88
563.58 409.71 0.37 3863.26
505.14 572.62 0.32 1513.93
543.48 499.05 0.26 5777.36
490.65 469.18 0.32 2631.19
556.54 469.16 0.15 10675.18
534.27 465.96 0.25 3147.35
456.53 504.30 0.15 6103.66
502.38 493.78 0.39 5670.35
544.42 446.04 0.17 4913.08
499.08 526.10 0.29 721.24
461.02 486.79 0.19 3829.33
426.04 468.81 0.24 10370.72
462.26 486.50 0.31 4110.35
550.29 490.71 0.13 5113.15
535.18 552.72 0.11 8895.57
482.77 539.52 0.14 2656.00
454.71 611.99 0.24 7773.27
503.52 454.12 0.17 8771.18
488.30 534.99 0.04 5171.51
533.39 580.23 0.30 9291.19
571.41 529.58 0.23 3321.10
520.14 608.44 0.17 3470.72
480.33 487.42 0.37 2920.57
469.89 535.39 0.22 4604.48
406.98 442.92 0.02 4542.56
516.36 553.68 0.17 4097.04
540.05 508.43 0.19 4309.90
446.62 541.93 0.17 10764.90
444.02 505.30 0.13 8309.95
446.14 566.45 0.03 10013.59
477.57 575.22 0.38 10025.91
374.60 382.38 0.13 4279.08
479.69 568.04 0.09 5781.56
504.34 417.68 0.24 1040.52
448.26 538.10 0.19 3670.49
576.32 533.81 0.36 6391.85
528.63 522.45 0.39 5649.24
555.92 462.29 0.32 7538.69
478.70 515.55 0.22 6537.74
486.51 509.65 0.05 6234.65
451.58 455.83 0.22 1994.35
499.33 535.70 0.17 5442.13
518.74 541.23 0.15 3901.05
441.16 460.81 0.21 1244.00
515.50 532.51 0.03 4287.48
549.53 489.35 0.15 2619.42
533.81 474.88 0.26 4982.74
451.26 482.34 0.33 7707.40
482.62 524.05 0.10 984.49
492.93 511.72 0.25 8591.88
593.62 573.53 0.19 10152.43
454.96 595.12 0.30 2767.73
504.71 501.20 0.49 3381.41
515.25 548.54 0.07 1118.07
512.22 504.99 0.25 6464.20
502.02 512.01 0.26 10462.13
578.76 356.46 0.22 9534.23
504.73 496.03 0.02 9969.40
453.56 428.99 0.05 7718.12
598.78 533.29 0.23 1310.78
467.33 530.20 0.22 8761.23
519.17 436.64 0.17 8039.78
507.25 487.38 0.13 1786.42
484.27 494.13 0.22 3574.51
566.21 497.01 0.17 3405.25
418.20 493.06 0.18 7374.82
470.39 456.74 0.24 5647.94
378.63 486.30 0.29 6787.07
559.79 569.81 0.20 5932.59
439.98 488.89 0.26 9941.63
518.02 562.68 0.11 9801.07
533.61 483.17 0.32 8158.66
519.72 524.57 0.01 5556.88
516.87 548.55 0.14 6050.60
537.91 510.01 0.04 5605.73
482.53 595.64 0.21 1127.88
503.23 422.61 0.32 7811.10
487.84 532.27 0.27 7918.89
495.51 489.99 0.30 6733.93
526.84 487.23 0.13 5547.40
490.63 592.77 0.36 3294.30
526.67 493.23 0.27 3283.67
481.39 527.79 0.16 7299.00
532.09 554.15 0.13 841.71
496.57 499.46 0.31 8418.50
507.89 576.12 0.05 5894.31
536.55 679.28 0.20 6707.72
517.59 503.87 0.28 4583.13
506.66 484.61 0.29 10183.62
435.94 418.61 0.27 7059.29
457.81 482.11 0.12 6598.64
532.46 364.99 0.19 8258.16
464.25 516.89 0.23 2010.83
527.83 490.54 0.13 10417.83
565.48 502.58 0.25 4805.78

5158.84
