859.08 87.84 0.01 6132.94
550.73 587.56 0.14 5641.16
727.32 470.90 0.07 7230.17
203.85 85.89 0.19 7798.10
169.35 438.95 0.16 8916.16
850.19 898.68 0.26 5728.62
47.20 157.77 0.14 4664.79
628.02 606.11 0.02 6328.60
680.01 68.82 0.20 6082.51
874.18 656.81 0.27 5250.18
590.95 897.69 0.24 6657.64
668.18 926.13 0.27 7890.92
255.09 233.33 0.36 4724.85
488.56 609.41 0.20 5025.37
373.60 393.39 0.12 7093.91
629.15 4.29 0.08 7315.38
645.20 133.09 0.38 10692.48
862.71 653.73 0.05 4902.94
772.90 335.34 0.12 7394.05
170.27 711.63 0.12 7137.68
366.63 649.66 0.13 7189.65
76.25 327.48 0.21 9401.76
664.24 373.93 0.14 5935.89
801.36 659.29 0.24 6345.02
517.04 799.39 0.20 6852.16
825.04 836.71 0.43 4473.05
810.96 874.67 0.22 8684.83
393.33 811.01 0.30 4799.63
961.40 93.70 0.16 9585.22
778.32 535.55 0.14 4865.17
998.02 804.74 0.24 5914.04
104.05 33.72 0.28 5306.66
572.63 155.86 0.26 4319.23
356.30 207.54 0.11 10405.42
203.40 593.15 0.20 7821.23
214.47 533.35 0.34 5363.14
331.97 3.97 0.22 5692.49
894.35 971.35 0.26 3791.75
297.79 927.84 0.35 5594.49
805.38 901.09 0.27 5570.71
38.08 583.12 0.26 6044.32
514.93 312.62 0.28 5907.42
334.25 201.53 0.21 3894.29
607.47 529.47 0.24 6002.80
738.71 115.46 0.26 6478.64
535.88 430.87 0.01 6696.95
727.55 310.58 0.31 7176.94
971.85 875.72 0.20 6676.08
226.71 480.70 0.24 6415.93
344.31 805.66 0.12 6384.45
302.10 394.33 0.07 8148.68
7.66 293.84 0.36 5363.50
696.22 986.41 0.18 6165.66
748.93 741.37 0.18 4020.70
853.28 47.70 0.27 8754.78
720.10 679.12 0.25 5624.45
670.39 631.35 0.33 6447.89
199.29 532.37 0.22 5834.14
635.99 529.29 0.22 6776.42
860.36 91.34 0.06 6949.79
127.13 528.17 0.25 4865.38
747.97 530.80 0.20 8213.57
877.98 828.01 0.01 8240.78
77.55 345.95 0.23 5974.42
494.23 67.94 0.07 7424.98
946.06 601.45 0.07 8628.12
570.09 356.80 0.19 6109.06
714.40 178.44 0.18 5505.99
849.81 603.99 0.15 6775.11
636.82 3.80 0.01 6194.69
846.14 359.96 0.25 5407.30
283.86 174.50 0.28 3937.84
599.29 380.35 0.10 6086.17
2.22 790.37 0.33 5437.48
718.69 723.95 0.15 9907.94
895.57 922.73 0.25 7292.02
177.65 101.25 0.31 3967.27
858.14 203.48 0.01 5432.74
640.88 718.13 0.15 5343.53
714.26 780.31 0.22 6986.27
767.83 125.75 0.25 5184.80
424.89 806.08 0.16 5962.02
243.45 574.13 0.28 5260.52
258.78 235.11 0.03 6181.05
745.37 436.66 0.22 5292.75
509.62 890.53 0.38 5230.82
372.73 687.51 0.31 8839.25
308.50 989.90 0.21 4438.11
999.14 717.79 0.13 7933.99
956.96 495.60 0.27 6313.51
732.92 216.98 0.06 6141.90
571.12 503.77 0.27 8338.49
160.58 195.25 0.38 4734.55
977.21 344.07 0.45 4787.67
29.11 335.89 0.23 4205.52
430.01 619.22 0.21 5223.75
231.59 632.56 0.22 4397.39
819.46 240.54 0.34 4769.05
781.46 365.45 0.13 5830.28
792.44 659.17 0.49 5571.98
615.54 180.78 0.15 6938.35
459.51 829.14 0.35 5543.46
597.93 784.13 0.20 8631.61
171.35 691.29 0.26 5238.73
308.51 547.55 0.26 7117.45
729.76 815.44 0.25 6349.87
239.26 830.04 0.22 4447.20
193.51 123.33 0.17 5301.94
669.19 5.80 0.05 4348.03
513.89 157.04 0.04 4837.94
164.48 36.81 0.10 9439.52
97.71 672.12 0.21 4906.66
279.42 604.25 0.04 6714.71
535.88 706.07 0.15 6387.80
327.49 54.42 0.36 5284.58
318.80 956.38 0.24 6985.04
7.44 300.46 0.08 5220.18
381.89 624.98 0.25 6025.68
148.77 683.49 0.23 5314.60
97.79 621.46 0.14 7552.84
70.64 145.41 0.18 4780.29
734.85 998.52 0.31 9184.57
381.86 784.68 0.17 10340.11
912.65 926.73 0.10 4863.42
485.71 797.50 0.19 6637.60
914.88 228.74 0.31 5997.78
740.33 791.87 0.25 5443.67
210.95 561.57 0.22 9667.94
884.38 300.17 0.13 5245.20
837.09 348.11 0.30 8227.07
283.59 74.56 0.22 4960.64
564.44 1.11 0.19 5271.90
708.18 728.62 0.15 5766.98
55.78 508.25 0.04 6901.48
706.46 453.59 0.14 6032.16
790.08 442.74 0.09 6881.50
810.72 280.61 0.19 5376.10
799.33 423.39 0.32 7718.22
689.96 987.01 0.21 7124.93
84.89 143.75 0.05 6541.51
496.22 503.98 0.14 5522.70
643.40 783.76 0.12 7471.85
368.17 321.52 0.13 5709.04
558.89 581.95 0.06 9082.31
825.10 126.10 0.21 5955.70
567.22 914.38 0.20 6847.83
867.21 779.29 0.21 4878.19
104.97 270.76 0.29 4055.39
585.89 459.12 0.23 7226.04
633.81 137.88 0.15 8601.84
543.84 673.00 0.16 7381.41
545.27 654.75 0.28 9268.32
995.67 198.10 0.40 6756.05
991.34 747.39 0.33 6932.86
868.80 599.84 0.15 9784.48
847.56 423.78 0.27 4902.05
263.72 165.25 0.14 6242.98
308.99 321.73 0.16 5471.72
765.68 343.37 0.14 6752.85
751.76 430.72 0.27 4991.69
495.32 387.20 0.10 5218.34
273.11 294.10 0.14 4464.58
431.65 726.53 0.25 4701.80
668.34 344.43 0.20 10326.62
725.62 236.64 0.26 5154.78
760.35 276.69 0.12 5682.20
198.45 6.79 0.09 3753.49
419.70 513.03 0.24 7181.51
705.60 754.63 0.27 5067.27
986.63 143.58 0.14 5882.09
986.32 487.79 0.27 4805.32
700.85 955.29 0.09 5108.25
727.28 331.19 0.25 8089.33
703.11 619.85 0.10 7804.34
11.81 30.00 0.36 5835.79
262.83 158.86 0.05 5995.94
353.07 320.71 0.05 7010.28
290.60 680.69 0.18 4384.85
934.88 969.32 0.11 5592.19
293.80 841.05 0.18 8371.23
14.17 576.34 0.18 9290.69
119.02 17.46 0.13 5764.52
962.72 679.85 0.02 8948.71
738.81 457.36 0.32 4660.46
371.08 252.38 0.09 4696.77
177.33 713.69 0.17 5494.75
909.22 768.43 0.27 5296.23
184.01 435.57 0.24 5287.16
939.82 256.86 0.08 5910.10
564.79 947.00 0.31 6166.71
866.40 199.07 0.28 5591.88
396.78 501.92 0.33 4925.56
567.47 321.62 0.20 5211.84
911.96 308.06 0.29 5253.94
763.47 510.20 0.23 6180.80
244.94 184.11 0.11 7554.57
822.96 550.55 0.15 6106.20
341.63 983.79 0.14 6047.98
156.40 691.30 0.12 7297.28
429.32 597.78 0.04 7118.35
