607.19 992.37 0.21 7107.76
722.09 984.79 0.25 6063.06
665.87 80.69 0.29 6012.94
333.90 131.63 0.27 7214.94
192.79 790.45 0.17 8297.15
567.82 763.24 0.05 6771.96
728.78 640.14 0.28 5517.22
845.08 127.18 0.11 8040.87
22.42 197.55 0.15 10682.65
169.29 908.21 0.18 10206.72
54.42 710.97 0.16 9054.01
475.47 690.51 0.13 6371.10
355.12 900.24 0.21 5806.71
760.61 683.21 0.24 7614.69
354.92 914.40 0.12 9385.12
817.53 666.37 0.15 6030.26
752.64 947.81 0.15 8500.07
930.46 425.57 0.33 7697.49
870.35 556.79 0.19 5069.45
730.14 592.57 0.24 5416.49
591.16 110.11 0.11 8099.22
813.91 766.55 0.17 5572.57
422.67 244.52 0.17 6212.83
866.87 817.99 0.13 6533.56
295.77 400.93 0.28 10245.83
882.20 735.30 0.16 10068.39
624.93 314.72 0.25 6534.75
907.62 175.95 0.41 5782.07
775.95 940.24 0.25 6462.38
247.66 43.98 0.21 6809.96
919.27 759.57 0.09 6514.96
687.51 936.87 0.23 5739.27
143.90 111.56 0.27 8454.41
238.27 345.11 0.22 10042.68
278.70 556.29 0.19 5503.05
474.65 490.11 0.31 9455.22
735.53 539.98 0.12 7857.47
738.55 897.83 0.33 6847.05
215.39 110.34 0.24 8223.38
525.88 780.48 0.09 9753.61
353.67 687.98 0.15 10274.78
15.31 326.27 0.21 9332.19
622.93 597.36 0.14 6168.32
385.07 629.16 0.22 5631.85
778.92 833.92 0.32 6522.61
941.97 951.55 0.18 9173.89
905.09 391.16 0.42 8020.52
599.74 112.55 0.24 5987.34
459.91 513.63 0.18 8137.26
270.72 202.11 0.03 6069.51
444.50 542.64 0.14 7780.02
526.12 581.49 0.13 5827.38
759.83 183.36 0.14 6339.18
47.94 506.14 0.21 10772.09
790.90 944.74 0.33 4865.31
460.39 377.46 0.01 7103.37
684.18 945.80 0.12 7277.92
649.03 103.81 0.35 10545.15
140.54 354.48 0.15 6560.59
989.21 318.24 0.31 10403.62
184.28 605.70 0.16 9226.09
820.06 391.18 0.10 8429.44
433.05 413.54 0.17 3951.61
827.02 321.25 0.20 6424.77
276.35 339.60 0.14 6942.71
256.66 312.43 0.16 9744.63
772.87 564.92 0.18 9946.15
419.06 609.99 0.17 7328.62
119.28 628.98 0.27 6846.58
392.47 138.80 0.41 6041.99
735.26 192.15 0.30 6813.19
235.13 154.03 0.40 6018.95
144.21 561.75 0.15 10772.83
79.71 873.15 0.10 8680.00
393.83 769.29 0.09 7135.44
601.04 654.96 0.14 5302.63
203.73 678.70 0.37 5955.38
627.59 621.97 0.04 6368.55
204.16 963.96 0.18 8372.50
918.53 451.16 0.14 10026.08
535.53 930.44 0.26 7564.32
380.96 669.04 0.24 6456.39
359.90 119.93 0.12 9899.63
196.76 391.13 0.22 6765.09
92.65 486.71 0.30 6387.22
233.18 679.18 0.16 4395.16
503.85 31.41 0.28 8920.61
908.21 840.46 0.14 7612.92
689.03 654.96 0.18 6072.26
192.65 98.79 0.09 8348.56
765.08 671.05 0.09 8008.89
693.49 551.17 0.03 3825.76
202.46 404.07 0.18 7413.26
21.74 524.82 0.10 8784.98
752.02 434.50 0.20 5815.10
612.51 470.35 0.14 6996.37
575.29 312.32 0.37 5931.83
688.69 563.67 0.25 9885.32
191.52 714.58 0.26 6062.76
720.39 729.62 0.21 6715.24
325.09 801.97 0.29 7119.14
792.71 490.04 0.16 8190.98
259.35 18.87 0.21 6258.54
99.22 676.28 0.17 5492.18
475.20 40.29 0.03 6729.16
813.16 464.72 0.12 6353.14
841.96 16.80 0.06 8410.40
185.73 145.93 0.22 6511.57
576.09 850.99 0.01 6821.74
610.88 106.00 0.18 7212.41
595.25 741.09 0.35 5794.82
710.48 976.43 0.20 8051.88
913.23 425.23 0.31 8407.71
933.41 108.75 0.26 6484.99
429.11 652.16 0.16 10135.39
466.78 310.09 0.05 8196.16
813.60 796.17 0.29 7102.16
297.78 949.62 0.12 9593.03
391.15 607.03 0.15 9633.45
254.72 239.02 0.03 7908.78
730.68 689.91 0.41 4570.09
735.11 545.62 0.11 5215.94
698.44 300.71 0.17 6770.30
669.74 238.80 0.16 10053.40
0.22 337.58 0.16 6871.75
