950.27 631.61 0.48 7684.77
868.53 835.80 0.45 8188.05
166.45 142.95 0.42 7664.56
366.17 290.26 0.25 8532.49
698.46 186.30 0.53 5152.97
183.33 824.00 0.39 6038.47
276.53 689.86 0.40 7813.18
658.56 956.86 0.45 6946.56
271.69 901.79 0.56 6644.26
319.76 298.21 0.37 7064.94
348.94 217.54 0.42 7397.12
155.36 333.53 0.56 6942.97
578.84 196.47 0.37 6318.18
947.87 392.15 0.55 8231.24
954.12 816.76 0.59 6467.07
863.80 268.72 0.40 7493.88
379.39 932.89 0.56 7592.82
532.33 727.58 0.35 6841.99
780.71 513.01 0.46 5373.72
249.38 179.60 0.21 7182.83
574.86 917.62 0.56 6074.64
158.73 317.93 0.55 5595.92
559.93 873.24 0.07 7651.90
407.24 627.46 0.44 7370.16
307.84 281.43 0.48 5451.91
298.85 179.99 0.51 8200.52
27.65 575.91 0.27 7309.30
389.06 663.80 0.40 9042.42
372.51 923.03 0.07 6917.16
185.56 854.09 0.50 9581.06
235.70 438.31 0.46 7202.72
677.48 794.44 0.55 8304.83
262.46 388.40 0.49 8558.14
664.15 837.23 0.33 6721.25
241.70 435.07 0.54 6619.01
700.25 292.41 0.54 5985.93
178.15 366.33 0.42 7293.85
417.43 596.82 0.53 6138.01
565.69 280.84 0.46 7635.01
246.14 205.48 0.57 6799.14
427.96 319.95 0.58 6633.60
249.34 868.76 0.59 7474.13
615.59 494.84 0.53 7984.91
556.89 794.89 0.51 7363.16
709.88 545.77 0.20 3279.60
597.25 29.09 0.48 6511.11
402.56 43.85 0.45 8015.81
612.55 637.99 0.52 6795.92
215.59 335.45 0.38 5409.51
307.55 215.47 0.55 6442.05
89.60 953.39 0.38 7479.46
187.72 318.55 0.38 7850.28
995.25 658.57 0.50 5898.86
398.35 296.51 0.52 7296.71
671.19 682.67 0.56 7733.67
967.81 494.08 0.33 7287.96
838.97 712.71 0.55 8607.40
433.58 971.55 0.45 7913.37
549.09 153.11 0.54 6255.58
168.75 905.47 0.47 6825.34
943.36 726.74 0.58 8089.71
601.66 745.61 0.42 8570.64
132.44 301.32 0.39 6919.60
724.67 962.37 0.37 5604.11
275.84 469.75 0.40 6831.83
710.57 935.96 0.57 9001.90
273.82 740.04 0.58 7900.93
887.60 872.73 0.46 5478.69
630.98 928.41 0.06 5688.61
407.35 920.37 0.42 6927.95
884.46 45.61 0.39 6599.64
785.93 62.39 0.60 8099.11
260.05 200.19 0.39 6665.77
269.10 932.42 0.36 7192.80
294.96 115.71 0.38 6978.69

13266.366399515877
