487.81 605.62 0.39 2120.52
476.16 453.35 0.49 8122.41
479.97 447.60 0.45 9290.24
448.65 464.50 0.47 3640.35
548.68 565.29 0.44 7497.94
464.34 477.97 0.45 7037.78
475.33 394.97 0.54 3297.58
428.97 489.49 0.60 2646.68
546.63 464.62 0.51 8107.52
525.49 482.36 0.45 7571.21
550.73 538.41 0.46 5080.33
485.26 508.28 0.50 2819.34
453.18 428.42 0.41 9326.49
513.97 380.62 0.43 3026.65
541.78 628.26 0.59 5175.28
527.36 558.07 0.45 9474.60
480.87 451.47 0.54 6993.66
504.14 522.67 0.50 746.76
526.41 466.05 0.60 4123.35
542.77 595.62 0.56 6784.72
450.16 480.53 0.60 4645.92
474.53 541.35 0.45 6578.49
519.41 423.54 0.60 4006.55
433.33 499.28 0.29 5052.13
411.61 580.17 0.60 6223.22
506.24 582.64 0.59 676.06
476.92 487.81 0.47 10087.80
494.52 536.40 0.34 5465.78
487.53 452.20 0.35 7826.73
509.02 519.81 0.48 5940.03
379.76 534.87 0.29 9007.72
475.71 533.09 0.53 1771.31
517.60 548.43 0.60 8886.03
482.77 437.52 0.39 1104.93
524.54 483.82 0.60 9495.22
390.22 509.59 0.45 2960.77
573.16 561.85 0.43 1426.75
483.55 529.93 0.60 5013.73
516.17 494.59 0.55 6061.25
460.84 539.88 0.35 7433.56
416.13 526.50 0.56 5425.88
387.19 475.19 0.51 4393.43
535.87 495.20 0.60 8080.35
525.77 504.84 0.49 5694.86
437.13 587.34 0.44 3424.37
595.95 423.84 0.38 3060.68
577.26 450.64 0.48 5653.95
517.17 500.02 0.43 2396.98
468.99 391.03 0.42 4772.87
570.50 513.76 0.60 8688.81
546.10 491.77 0.60 4966.08
492.43 479.14 0.46 5950.46
526.31 475.38 0.32 2458.29
448.75 455.79 0.53 8386.71
553.89 553.41 0.54 8470.53
517.88 521.85 0.60 5062.99
380.66 583.55 0.52 7620.82
434.02 549.51 0.36 1917.03
407.17 448.75 0.55 10632.48
427.04 525.24 0.60 6975.18
578.64 443.02 0.60 8254.13
483.31 511.59 0.39 9047.65
555.79 383.14 0.48 8063.82
486.20 544.44 0.47 6717.23
531.93 494.63 0.39 5735.95
592.18 507.26 0.47 4981.03
491.33 530.53 0.40 3929.03
486.28 504.15 0.52 1961.42
580.20 558.45 0.50 5261.80
560.63 572.87 0.46 445.41
493.88 469.97 0.45 8391.47
504.81 488.02 0.49 8391.54
519.09 550.52 0.33 2105.33
586.29 493.23 0.41 2867.67
543.16 469.06 0.41 10238.96
486.76 581.82 0.49 371.42
516.08 553.56 0.58 10153.43
558.06 432.70 0.46 7134.98
504.51 527.77 0.45 8536.56
516.55 524.50 0.55 3432.73
465.11 505.55 0.54 9440.35
504.53 559.53 0.54 3407.18
489.20 431.86 0.60 7061.27
508.51 507.30 0.58 6006.01
490.77 484.83 0.48 7191.27
524.99 522.50 0.51 1507.34
538.56 486.46 0.49 5478.74
530.71 489.41 0.38 4270.31
491.10 464.12 0.39 6948.00
518.94 394.75 0.56 7244.35
527.94 543.65 0.52 9776.37
498.78 525.33 0.46 1246.90
561.46 435.12 0.42 5866.41
495.04 612.44 0.60 8069.09
458.04 335.11 0.60 8148.34
540.11 549.61 0.56 8193.38
515.72 493.25 0.52 7784.78
485.51 549.72 0.45 3350.66
427.09 518.93 0.40 7567.95
433.34 536.90 0.60 6775.94
497.82 485.17 0.38 7342.45
490.12 529.89 0.57 1703.17
542.30 438.95 0.40 9492.15
494.34 531.17 0.47 7218.82
634.56 480.81 0.57 7752.15
500.03 463.76 0.49 6641.11
545.20 391.70 0.60 10477.99
514.75 513.70 0.56 8686.64
519.03 536.83 0.54 7711.16
461.54 458.98 0.44 10528.14
528.19 465.06 0.25 10081.33
557.97 461.31 0.60 2652.54
473.93 494.71 0.53 4752.38
466.78 497.44 0.60 548.84
479.57 582.91 0.54 10068.10
418.71 548.28 0.52 8326.01
508.63 489.90 0.38 9231.74
504.84 470.29 0.40 2423.57
484.30 485.89 0.37 8530.98
529.03 613.40 0.52 3103.91
596.31 431.76 0.49 7822.18
569.91 575.65 0.59 2047.24
540.43 507.49 0.52 1577.11
473.55 475.18 0.60 2462.63
509.35 491.85 0.60 7485.21
482.68 518.02 0.44 5971.97
537.85 518.21 0.39 8854.18
491.83 497.53 0.58 5674.17
443.54 463.04 0.60 9210.46
532.15 486.96 0.56 8982.66
610.97 514.99 0.47 2893.00
465.62 444.42 0.57 4991.68
499.33 512.02 0.51 8163.11
493.47 476.12 0.60 9122.24
482.05 494.20 0.39 10560.27
537.82 457.59 0.57 10081.76
537.37 485.71 0.44 5137.48
484.62 517.22 0.45 6877.67
511.45 482.03 0.59 1592.74
425.46 468.51 0.54 2053.37
430.71 495.20 0.42 3253.01
478.07 453.02 0.59 7044.29
475.47 493.50 0.42 8630.05
441.37 495.50 0.49 4030.20
501.66 564.93 0.42 5337.46
373.61 506.63 0.52 5654.22
358.81 601.61 0.49 8206.05
549.14 415.75 0.52 5255.42
454.53 500.58 0.40 6242.75
500.89 506.80 0.42 3929.17
