362.36 455.42 0.47 2586.73
487.55 431.95 0.60 8124.15
505.82 568.48 0.60 6464.26
495.74 559.76 0.60 3838.10
485.93 552.56 0.37 1425.24
487.63 475.12 0.49 3187.65
517.83 511.61 0.40 9812.31
480.90 522.85 0.58 3562.04
528.44 507.37 0.24 8788.87
638.28 469.44 0.26 2872.75
510.54 580.74 0.48 8888.61
367.59 534.31 0.46 7450.23
534.39 503.61 0.60 3052.98
601.77 476.26 0.60 10431.85
540.73 501.01 0.56 8733.23
441.71 491.07 0.45 4697.69
455.53 492.62 0.42 2430.74
536.95 487.35 0.44 8939.45
493.26 546.49 0.48 4747.47
505.29 581.03 0.55 5541.14
497.67 444.97 0.51 9637.97
485.02 454.08 0.36 10525.57
549.93 546.76 0.60 8071.79
464.67 598.83 0.42 6262.10
440.61 548.95 0.46 8898.67
490.84 493.60 0.30 5824.06
585.43 488.13 0.57 4753.66
470.81 411.42 0.60 5460.00
431.39 509.19 0.55 3596.97
466.61 405.08 0.38 2132.94
522.07 519.93 0.58 10659.24
467.58 495.01 0.49 5402.35
458.19 443.02 0.60 8218.84
472.98 475.15 0.46 7196.76
526.33 541.23 0.54 1420.39
552.17 526.71 0.35 2962.80
528.16 475.37 0.60 6825.30
528.94 559.39 0.56 2584.60
420.09 434.04 0.60 2887.31
429.83 471.57 0.52 7445.71
540.54 507.97 0.53 498.48
524.54 561.77 0.48 5540.90
430.20 471.61 0.54 7320.25
496.12 438.55 0.59 3178.32
490.89 538.21 0.37 4870.52
529.20 520.60 0.51 3263.65
562.91 523.23 0.52 2979.30
459.18 505.97 0.59 3444.83
506.61 416.19 0.33 3365.39
410.12 506.26 0.56 9688.73
434.32 447.76 0.52 1840.90
441.93 525.22 0.60 652.43
465.51 480.82 0.44 6627.27
580.86 587.13 0.60 2373.75
482.28 514.93 0.37 1401.66
563.80 674.66 0.36 5340.25
403.92 536.98 0.53 6985.69
518.64 493.56 0.60 9477.16
508.95 533.25 0.53 2804.49
442.19 559.01 0.50 2517.26
578.20 553.33 0.45 3299.41
570.56 579.66 0.49 4334.96
329.07 508.14 0.48 4223.55
507.18 506.95 0.29 1530.07
588.27 496.11 0.52 3805.61
488.40 590.68 0.57 8495.07
522.85 494.21 0.50 8604.79
580.48 416.80 0.42 2234.81
484.34 532.88 0.33 4148.61
578.35 531.18 0.49 6686.03
604.26 423.80 0.53 8108.15
417.51 501.99 0.53 2253.41
471.14 524.06 0.37 6535.35
509.92 576.84 0.53 4349.37
536.50 523.47 0.47 7699.32
398.14 484.46 0.45 4500.67
386.07 559.24 0.44 6716.20
579.55 510.54 0.55 9045.42
460.62 551.94 0.60 6423.15
522.28 504.13 0.56 6092.79
455.18 499.18 0.60 10335.26
534.18 528.49 0.59 7174.95
547.45 534.90 0.49 3531.64
484.98 466.17 0.52 9371.58
557.48 454.31 0.36 8624.55
463.72 477.21 0.37 9106.68
487.33 585.40 0.33 4889.30
500.15 513.78 0.60 6357.77
549.93 538.18 0.35 3720.64
536.09 539.66 0.56 10028.17
500.08 546.36 0.59 9514.19
513.22 453.11 0.53 7539.19
491.27 502.25 0.56 7362.63
478.78 537.72 0.50 6262.00
526.31 496.95 0.42 6743.11
535.11 607.48 0.32 3960.59
581.53 436.31 0.45 9808.80
497.70 614.18 0.45 1642.71
442.24 498.95 0.60 6101.15
543.80 586.01 0.48 8954.69
439.13 519.83 0.52 9977.27
511.39 447.04 0.47 4842.48
461.94 499.71 0.55 2831.64
456.02 571.77 0.48 7097.81
441.44 486.06 0.60 2632.33
499.23 514.44 0.51 9794.02
510.44 563.40 0.56 5397.15
472.54 560.04 0.41 2138.90
427.53 550.02 0.49 2279.94
477.60 498.80 0.50 5958.79
485.00 538.15 0.53 9909.00
393.78 477.38 0.48 9280.04
598.24 489.41 0.60 5403.23
552.87 562.70 0.41 4129.09
550.03 466.11 0.56 9029.12
423.57 527.27 0.48 7583.27
470.68 439.94 0.40 2751.17
475.01 433.00 0.49 7538.59
571.76 465.90 0.51 1901.20
557.88 543.88 0.60 10545.84
404.71 465.17 0.47 6931.36
543.18 532.84 0.52 5685.63
598.76 447.62 0.47 10404.42
527.51 489.04 0.57 8154.40
434.06 502.88 0.60 2777.93
515.15 562.85 0.47 6823.65
463.73 485.83 0.49 2831.50
583.19 499.10 0.60 3837.93
443.38 512.26 0.56 8752.13
478.48 562.37 0.50 2815.78
537.11 476.17 0.43 10627.62
467.12 560.50 0.57 275.13
411.18 499.60 0.53 5500.82
461.58 476.06 0.54 842.75
546.91 538.86 0.55 7745.27
577.03 445.86 0.60 5012.88
476.83 483.91 0.46 9253.06
436.77 457.84 0.60 6697.45
481.87 404.82 0.50 275.73
567.19 525.86 0.47 4920.84
521.45 476.86 0.47 2040.51
497.41 584.15 0.58 8516.92
532.32 497.41 0.60 4804.64
461.12 555.98 0.52 4968.49
516.34 544.44 0.33 5412.32
462.03 419.80 0.60 6505.93
521.96 449.85 0.51 2296.12
470.33 543.56 0.45 9542.33
535.93 495.69 0.52 9812.61
474.75 503.26 0.46 1189.13
574.68 539.37 0.60 2116.91
469.50 488.50 0.36 4283.80
514.78 410.84 0.47 5292.02
519.74 539.80 0.60 7416.63
531.48 462.69 0.57 2253.72
505.81 538.10 0.56 10533.63
572.21 527.12 0.44 7141.14
546.04 563.51 0.42 1470.84
477.96 598.69 0.47 6740.19
567.11 540.92 0.45 10097.08
523.99 439.18 0.51 10192.07
556.32 505.50 0.46 4284.55
485.24 545.58 0.46 2891.53
540.50 455.86 0.46 7959.04
436.97 427.10 0.37 1797.01
481.61 499.46 0.60 6949.23
479.07 505.51 0.35 1845.52
582.20 414.71 0.58 6457.27
468.98 431.17 0.40 9806.04
558.76 394.47 0.47 7480.19
431.04 390.00 0.60 7080.86
505.25 540.61 0.41 2563.51
531.10 435.20 0.60 8693.10
459.88 513.97 0.31 3366.56
506.83 495.47 0.60 6802.27
