987.420000 958.820000 0.290000 762.220000
110.580000 560.890000 0.070000 2416.310000
653.730000 485.700000 0.340000 875.030000
756.030000 459.520000 0.240000 1221.440000
199.280000 62.480000 0.190000 2195.540000
728.320000 422.860000 0.340000 3127.870000
437.040000 973.750000 0.200000 1157.990000
217.510000 537.670000 0.170000 889.850000
487.680000 937.580000 0.170000 2502.720000
28.500000 505.040000 0.270000 2897.720000
904.720000 765.010000 0.280000 1684.540000
337.350000 505.500000 0.260000 2951.480000
189.940000 878.920000 0.270000 1805.270000
842.660000 560.860000 0.240000 1703.530000
777.760000 595.930000 0.220000 1112.260000
429.960000 685.240000 0.360000 4635.070000
514.630000 448.090000 0.130000 668.570000
760.350000 520.710000 0.090000 2078.590000
944.100000 557.530000 0.190000 2318.730000
926.940000 163.350000 0.120000 2296.180000
842.540000 716.760000 0.190000 1103.590000
295.720000 84.290000 0.190000 2287.370000
98.380000 935.580000 0.080000 2517.740000
719.040000 878.470000 0.380000 1058.320000
87.020000 86.110000 0.290000 847.480000
198.860000 459.280000 0.200000 634.780000
639.910000 325.450000 0.230000 1252.080000
758.300000 824.050000 0.200000 942.930000
772.110000 106.840000 0.200000 1481.530000
670.140000 375.520000 0.110000 1398.170000
498.040000 911.430000 0.080000 2190.410000
126.580000 500.940000 0.110000 2389.290000
238.480000 589.290000 0.300000 2392.340000
389.010000 658.020000 0.340000 1146.630000
590.560000 548.440000 0.310000 998.290000
509.630000 579.130000 0.440000 2740.100000
241.140000 177.330000 0.150000 2018.680000
927.400000 46.110000 0.270000 1011.650000
605.990000 28.870000 0.220000 1705.920000
76.510000 86.570000 0.430000 2580.660000
496.260000 288.590000 0.270000 1951.070000
969.630000 880.250000 0.230000 844.660000
231.310000 449.800000 0.060000 2352.170000
41.950000 688.970000 0.110000 701.480000
676.130000 558.710000 0.180000 1161.610000
446.480000 151.300000 0.250000 4618.630000
261.670000 135.130000 0.240000 1872.960000
556.120000 338.000000 0.170000 915.950000
443.520000 7.580000 0.250000 1762.810000
825.730000 320.410000 0.310000 2533.240000
94.860000 566.460000 0.050000 2264.220000
242.930000 374.310000 0.220000 2302.390000
843.730000 844.280000 0.210000 1533.890000
65.660000 547.000000 0.180000 1936.200000
43.700000 713.470000 0.210000 1477.960000
884.830000 241.430000 0.300000 1062.330000
204.280000 698.820000 0.210000 2547.970000
410.670000 71.320000 0.240000 3212.870000
802.650000 634.660000 0.100000 2324.350000
144.260000 634.230000 0.080000 1400.020000
414.290000 586.510000 0.300000 1292.740000
368.770000 691.900000 0.230000 2391.690000
41.400000 550.990000 0.320000 2046.420000
418.340000 986.860000 0.120000 721.850000
423.800000 979.640000 0.190000 3764.530000
512.610000 364.690000 0.130000 2420.590000
759.590000 940.590000 0.210000 1895.480000
292.010000 897.020000 0.150000 2195.070000
565.850000 889.850000 0.160000 1432.870000
756.880000 719.480000 0.200000 2014.660000
25 40 43 26 8 44 13 28 24 67 1 42 11 53 21 15 45 4 3 35 36 61 17 48 27 56 50 30 14 59 70 64 31 69 55 63 54 33 34 41 49 39 38 29 5 47 62 16 9 65 7 57 12 66 6 58 22 37 52 32 2 10 60 68 18 19 20 46 23 51 
Best fitness: 6.68
22 29 38 1 28 34 48 41 26 12 61 36 17 35 3 27 56 39 49 25 40 4 45 15 21 14 18 59 70 24 67 55 44 11 42 53 7 64 16 62 52 43 8 33 13 68 69 65 31 19 6 57 60 2 51 54 63 10 32 37 5 47 58 46 66 30 50 9 20 23 
Worst fitness: 9.74

Mean: 7.84

Standard deviation: 0.38
