31 36 49 51 67 69 71 73 59 58 55 56 54 20 19 4 8 9 23 24 11 15 14 28 25 30 44 70 72 41 27 40 57 64 65 66 62 47 50 37 38 26 29 12 43 68 53 52 3 1 17 6 21 5 22 39 34 18 33 16 2 32 35 63 61 42 60 75 74 13 7 10 48 46 45 
Best fitness: 2.30
51 69 67 73 58 28 30 55 57 56 20 31 4 6 19 36 21 5 11 25 59 75 74 72 62 9 8 10 27 41 54 42 44 68 49 35 50 47 32 37 15 14 26 23 40 70 71 64 38 34 52 43 29 18 16 39 60 45 66 63 61 48 13 12 24 22 3 1 17 33 46 2 65 53 7 
Worst fitness: 2.90

Mean: 2.58

Standard deviation: 0.02
28 30 58 59 73 57 70 56 67 49 36 20 25 23 19 4 9 24 41 26 29 11 12 15 14 13 6 1 31 32 62 50 71 72 75 74 55 60 44 42 43 10 8 7 5 22 27 37 68 69 54 40 39 52 53 64 51 48 47 34 38 21 18 61 63 66 65 16 17 3 2 33 46 35 45 
Best fitness: 2.43
3 4 36 54 67 73 56 19 20 60 58 59 28 25 8 5 23 41 30 26 40 42 44 75 74 57 68 71 70 51 50 49 37 15 14 72 69 61 62 48 46 47 31 35 9 6 12 11 29 27 38 34 43 39 52 32 18 16 17 1 2 21 10 22 24 55 64 63 45 13 53 66 33 7 65 
Worst fitness: 2.90

Mean: 2.63

Standard deviation: 0.02
