129.39 169.13 0.11 6409.18
47.39 67.54 0.01 5911.60
120.44 49.52 0.32 6664.53
192.24 127.89 0.02 7118.02
45.92 72.97 0.34 6744.40
132.79 304.25 0.23 6867.31
47.56 361.48 0.01 7593.37
131.40 209.43 0.23 8267.73
140.07 232.96 0.22 8745.43
27.14 376.36 0.20 6891.92
185.02 509.60 0.29 7737.88
49.56 466.15 0.33 8313.63
142.48 448.32 0.31 6475.70
28.43 530.59 0.25 7792.98
62.12 525.84 0.11 6554.14
32.09 747.71 0.02 5497.13
102.37 786.08 0.24 8865.39
131.52 759.79 0.09 6816.30
98.47 608.38 0.19 5198.71
57.23 662.66 0.07 6177.85
66.17 909.60 0.14 5417.54
128.14 998.09 0.34 6973.26
104.20 908.79 0.31 5992.55
117.09 908.59 0.24 6498.28
21.58 921.45 0.23 8267.97
335.13 188.81 0.25 8701.89
381.35 64.69 0.27 7300.60
312.92 127.97 0.28 5753.96
320.38 124.12 0.31 8205.85
239.84 96.46 0.19 7502.33
303.97 354.05 0.07 5595.94
288.63 312.26 0.25 7661.95
242.31 210.48 0.23 6829.91
204.04 234.02 0.16 5367.99
333.94 244.27 0.35 7620.43
336.41 541.38 0.07 6757.67
391.33 502.22 0.16 7051.36
207.96 563.83 0.37 5965.86
372.80 436.04 0.12 7323.70
375.80 409.98 0.08 8055.48
234.85 673.76 0.04 8169.33
295.87 709.70 0.31 7864.70
249.57 672.93 0.34 7529.47
325.21 638.59 0.06 7851.21
254.38 748.81 0.23 7135.99
383.54 957.73 0.16 7565.30
351.35 974.71 0.24 6217.37
305.49 962.24 0.19 7238.30
232.08 879.38 0.42 7114.60
312.47 923.30 0.19 8099.16
407.83 84.78 0.22 7861.92
486.84 58.24 0.19 7664.29
563.69 159.15 0.17 7178.29
480.29 165.05 0.25 6800.14
459.81 147.25 0.23 7741.49
408.93 233.47 0.15 6613.45
567.69 340.89 0.16 5945.76
439.96 303.06 0.17 7502.09
495.18 286.10 0.33 7314.35
501.69 241.90 0.11 5800.04
515.30 521.68 0.19 6258.81
554.46 564.53 0.34 8652.74
569.97 555.06 0.09 6949.76
585.44 574.57 0.08 5403.99
438.07 462.19 0.25 8305.71
494.92 607.10 0.11 4930.04
504.94 708.53 0.14 4528.39
509.94 628.67 0.03 6864.42
503.32 652.81 0.20 6731.69
467.62 682.59 0.13 6232.28
502.26 843.99 0.18 6991.81
475.11 816.01 0.23 6172.69
519.90 899.00 0.29 8677.14
585.96 928.57 0.21 7525.03
553.96 813.39 0.18 6909.97
630.71 142.16 0.19 6443.06
692.52 88.02 0.08 7237.12
651.17 18.14 0.22 5573.08
683.15 125.34 0.31 6874.01
743.28 21.73 0.21 6299.73
675.82 313.49 0.18 7074.80
769.77 323.44 0.08 7475.76
638.50 233.10 0.16 7708.08
778.45 359.24 0.35 6707.20
791.34 296.70 0.24 6140.68
713.36 530.95 0.02 6855.19
641.84 471.76 0.20 7198.70
701.13 436.10 0.22 8228.98
767.05 480.01 0.30 6981.67
600.54 465.18 0.23 6374.19
689.46 713.13 0.05 7220.82
696.88 628.45 0.29 8540.78
612.82 741.48 0.27 7283.51
711.23 684.95 0.15 6876.39
786.02 785.85 0.16 9708.89
655.03 892.16 0.06 7389.41
699.29 889.78 0.18 5349.73
744.16 931.88 0.30 8701.45
699.44 812.37 0.35 6972.78
622.74 808.72 0.08 6185.25
978.84 165.11 0.25 7713.63
983.42 156.06 0.11 5874.23
815.72 154.04 0.25 7121.87
901.49 130.17 0.22 7088.26
828.35 130.92 0.19 5441.57
814.95 356.36 0.20 7224.12
866.80 229.85 0.41 7398.78
879.69 323.09 0.20 9874.24
881.90 318.02 0.39 6267.91
995.78 203.53 0.32 7372.78
988.68 501.38 0.12 7446.71
927.64 536.66 0.33 7822.71
977.23 498.87 0.11 6943.21
830.03 487.77 0.23 7810.07
899.78 514.52 0.25 6166.66
907.30 647.75 0.18 6935.57
951.97 796.57 0.25 7717.69
939.33 797.96 0.34 7087.52
911.36 732.35 0.16 5831.60
869.59 708.66 0.17 8356.97
898.66 961.75 0.22 5948.30
815.94 883.33 0.28 6981.85
843.89 801.31 0.25 6451.43
911.24 966.06 0.38 8178.12
819.37 936.25 0.02 6454.94

13044.64
