31.38 190.56 0.13 7881.29
63.22 199.45 0.15 6968.54
167.60 10.64 0.37 7134.85
149.13 166.30 0.34 7744.22
2.08 78.52 0.16 7373.63
45.85 165.83 0.22 5709.63
6.39 15.43 0.19 6573.13
92.58 365.75 0.27 8574.03
188.67 237.92 0.26 6213.70
151.34 278.46 0.28 4515.99
196.34 215.67 0.06 7847.21
105.32 355.78 0.01 7664.98
72.91 302.72 0.11 6821.65
44.81 293.13 0.29 8266.05
100.79 406.34 0.27 6941.23
163.62 476.00 0.20 6437.97
145.84 425.84 0.36 7701.46
46.56 520.56 0.11 6053.89
53.04 450.58 0.31 7418.16
33.46 511.23 0.18 7066.16
98.82 436.35 0.11 6427.72
141.78 668.87 0.08 6373.38
17.26 660.50 0.13 6756.62
127.80 787.20 0.24 5385.27
129.33 700.25 0.05 7722.54
180.36 789.44 0.36 7961.95
132.38 774.45 0.07 4459.81
146.54 682.89 0.23 6905.16
111.88 860.02 0.20 5744.62
71.26 975.84 0.33 4848.01
188.92 805.62 0.26 5870.44
3.70 973.88 0.20 6879.81
56.35 913.41 0.21 8258.51
116.11 821.54 0.01 5360.58
7.10 852.81 0.01 6788.69
389.80 109.40 0.20 5592.90
377.03 54.10 0.11 8506.82
237.04 48.07 0.17 8140.80
302.25 33.23 0.31 7794.43
287.83 108.43 0.13 6116.20
298.28 39.63 0.18 8833.43
275.15 31.59 0.23 6170.78
213.81 256.78 0.15 6132.01
249.80 390.06 0.03 5446.29
343.87 313.43 0.22 7462.21
258.65 397.72 0.05 6363.52
296.04 295.58 0.06 6245.24
304.35 200.96 0.17 8020.03
384.33 341.67 0.15 7311.77
355.64 417.83 0.22 7645.41
341.37 552.00 0.22 8056.30
370.45 538.40 0.19 7181.74
266.24 575.07 0.10 5860.30
350.92 414.56 0.13 7301.57
304.77 443.58 0.10 8334.87
365.95 528.72 0.35 7593.64
257.73 796.36 0.06 6316.49
293.65 736.80 0.16 7195.14
365.11 781.70 0.13 6200.71
218.02 687.26 0.24 8396.63
385.47 791.05 0.35 7893.82
395.92 600.42 0.27 6699.77
308.49 682.37 0.25 7011.79
205.77 966.69 0.32 6634.39
344.01 938.13 0.08 7480.04
277.63 819.46 0.23 7812.93
294.56 850.15 0.25 7040.41
387.06 803.56 0.34 7340.89
362.41 948.77 0.36 6955.17
315.38 824.63 0.07 8678.50
599.13 162.82 0.19 7571.45
543.50 103.92 0.01 7813.81
542.66 174.47 0.10 6782.09
554.69 24.91 0.17 7030.11
480.78 134.59 0.36 7205.40
598.06 129.03 0.15 7455.45
517.25 65.87 0.03 7383.11
578.93 342.50 0.08 6979.58
415.27 227.34 0.25 8726.26
477.16 241.11 0.34 7916.80
565.50 362.96 0.18 8064.37
481.46 385.81 0.17 8614.46
409.84 223.69 0.19 7613.68
547.86 374.35 0.27 8241.52
515.04 477.11 0.16 5643.61
428.88 571.11 0.07 5815.92
435.72 529.70 0.33 7711.73
501.19 417.79 0.14 8100.87
451.56 412.84 0.15 6571.40
500.86 564.52 0.31 6513.02
540.81 466.33 0.12 7764.96
454.02 641.50 0.25 6608.01
531.70 748.69 0.23 5024.48
423.77 737.50 0.21 7757.53
562.53 742.47 0.26 6291.12
434.95 679.51 0.39 6891.08
499.13 698.22 0.19 7846.76
495.50 645.03 0.32 8147.08
572.73 910.67 0.21 7564.77
485.26 925.96 0.10 5724.54
414.55 831.63 0.17 7213.32
498.00 992.46 0.37 7514.91
537.20 917.66 0.14 6185.17
471.19 835.58 0.29 5333.29
467.60 990.41 0.36 9011.85
611.58 187.05 0.13 6488.11
661.32 36.18 0.16 6575.74
785.23 11.14 0.44 8596.71
698.95 191.36 0.14 4965.16
748.75 53.75 0.10 6931.23
663.71 56.14 0.09 6644.87
719.76 164.76 0.05 6840.15
758.69 294.83 0.26 7622.54
723.62 342.75 0.08 7126.02
696.00 328.80 0.20 5886.06
662.50 230.73 0.30 5556.53
612.63 373.61 0.06 9458.49
634.09 368.07 0.41 6853.65
665.89 353.04 0.37 7116.13
646.88 516.67 0.22 6966.82
748.65 592.62 0.36 7686.26
727.06 457.18 0.20 7345.46
671.90 542.24 0.28 8901.99
771.28 567.05 0.31 5421.61
626.19 440.26 0.11 6890.74
798.70 423.41 0.13 8251.85
688.08 668.71 0.19 5453.38
753.23 670.91 0.36 5412.80
661.76 678.16 0.17 5293.51
672.32 728.52 0.38 6360.96
662.02 740.62 0.17 7125.98
670.88 740.82 0.26 6948.00
620.80 732.57 0.18 7682.11
711.60 887.35 0.17 7176.09
749.06 921.41 0.41 6704.81
634.81 943.02 0.24 7841.36
687.52 883.62 0.21 7088.83
770.99 855.43 0.34 6365.56
715.18 884.51 0.27 6607.41
642.75 999.38 0.22 9956.50
978.84 84.90 0.11 6706.41
808.50 165.65 0.07 6188.30
922.63 114.86 0.32 5196.77
830.34 151.78 0.21 6765.87
993.19 128.83 0.05 5610.61
940.92 194.35 0.18 6799.35
825.45 34.59 0.28 7285.92
900.39 253.00 0.33 8451.08
827.41 204.15 0.01 8348.71
963.61 355.72 0.03 6287.70
933.02 370.12 0.40 6557.59
808.40 367.08 0.21 8021.06
929.05 281.20 0.39 6124.03
936.22 302.12 0.22 6712.36
847.92 420.64 0.23 7094.47
845.02 477.91 0.32 6688.85
930.53 548.72 0.06 5832.94
831.19 528.13 0.16 5881.93
847.51 557.63 0.25 8285.29
942.98 526.98 0.06 6630.03
953.45 513.03 0.07 7211.72
969.93 618.03 0.35 7830.02
818.60 704.06 0.34 5935.87
826.31 754.60 0.09 8560.12
915.71 606.36 0.25 7676.28
822.76 660.00 0.20 7388.57
980.82 651.77 0.05 7101.50
966.30 658.25 0.17 8736.56
843.52 884.57 0.11 7879.47
946.93 976.54 0.14 8222.30
918.67 864.17 0.20 6993.97
938.88 888.11 0.24 7762.82
865.18 899.72 0.06 5149.23
993.43 926.17 0.14 8479.65
986.02 964.58 0.11 7208.52

19822.47
