802.51 615.59 6809.71 0.50 
541.91 635.13 5544.57 0.47 
572.13 834.75 7589.53 0.44 
644.95 559.71 6700.97 0.39 
837.35 935.92 6547.42 0.40 
858.49 1141.16 6465.75 0.34 
647.96 554.66 6715.92 0.41 
617.03 1068.98 7364.08 0.54 
668.08 793.77 7429.46 0.56 
768.40 1141.16 7490.66 0.45 
617.22 1103.91 6573.44 0.37 
1422.97 924.24 6278.80 0.31 
1351.83 1007.14 7927.33 0.38 
1023.07 964.19 6707.02 0.36 
1124.00 1195.97 6979.67 0.48 
1206.56 571.99 7364.77 0.27 
1154.72 657.86 5944.53 0.52 
806.42 1472.82 6629.31 0.48 
686.90 657.68 6875.56 0.32 
1374.76 577.24 5453.21 0.33 
549.82 1047.45 6555.89 0.47 
2 4 7 1 19 9 3 21 8 11 10 6 5 14 15 13 12 20 16 17 18 
Best fitness: 0.39
21 8 11 10 9 3 2 4 7 19 1 17 5 14 15 6 18 13 12 20 16 
Worst fitness: 0.51

Mean: 0.44

Standard deviation: 0.00
