671.99 697.89 6309.39 0.54 
1355.01 1002.95 7353.15 0.55 
1261.27 1417.63 7729.43 0.52 
638.91 1035.75 6835.05 0.31 
1722.51 880.86 6800.87 0.36 
742.15 556.34 6029.51 0.54 
918.54 940.65 6493.44 0.43 
816.22 735.83 6626.55 0.40 
775.37 592.29 6003.17 0.41 
759.73 733.63 5545.21 0.43 
588.67 831.79 6608.64 0.36 
628.76 766.85 6845.55 0.53 
638.87 558.18 5877.32 0.27 
723.70 1083.81 6512.15 0.39 
560.86 1040.85 6999.51 0.20 
883.93 982.71 6489.04 0.50 
584.59 702.14 5748.59 0.54 
1075.03 1208.09 6297.11 0.53 
610.18 568.03 6403.76 0.48 
563.76 672.82 7603.71 0.45 
627.57 624.44 6580.08 0.38 
580.53 937.73 5503.95 0.29 
633.12 900.91 6761.01 0.44 
764.89 869.42 7282.72 0.21 
622.71 854.27 7526.71 0.35 
558.02 562.80 7204.72 0.35 
627.11 691.03 6246.39 0.46 
1009.23 711.29 7024.15 0.17 
691.57 702.48 7016.46 0.44 
600.60 778.88 6701.37 0.55 
795.39 916.03 6742.92 0.39 
1031.09 817.86 6962.92 0.27 
782.77 726.43 7677.24 0.36 
1140.71 1169.75 6550.92 0.35 
767.80 779.10 6839.32 0.45 
971.13 795.06 6973.19 0.52 
639.23 816.95 7020.18 0.46 
868.04 1101.87 5378.76 0.39 
566.87 732.84 7657.31 0.56 
953.07 776.02 7462.94 0.44 
874.97 763.72 7768.61 0.39 
931.75 630.33 6100.55 0.44 
902.42 1335.19 7073.04 0.30 
555.12 983.56 7553.68 0.28 
954.01 635.01 6652.35 0.49 
923.72 785.69 6070.24 0.46 
669.10 714.75 5967.71 0.45 
807.18 816.58 6197.82 0.39 
967.12 767.71 6748.63 0.31 
677.75 858.25 6707.71 0.44 
594.53 759.30 6270.31 0.27 
564.66 667.70 6820.64 0.39 
554.63 681.23 5459.87 0.09 
632.24 559.86 6211.52 0.31 
1196.30 800.84 7062.20 0.47 
1119.22 617.84 6519.44 0.33 
912.16 618.42 6256.08 0.54 
590.83 1114.32 6622.30 0.26 
574.57 599.43 7227.71 0.18 
698.46 897.19 6499.81 0.46 
666.09 575.61 5936.13 0.52 
713.40 787.86 7297.14 0.41 
696.96 1154.07 6597.39 0.52 
897.00 689.93 5959.27 0.14 
777.78 1046.70 7059.89 0.34 
1105.67 1204.76 7509.09 0.47 
952.77 794.88 6852.96 0.37 
660.26 948.69 6238.25 0.49 
783.29 553.21 6587.71 0.55 
752.36 576.54 6303.87 0.53 
1019.37 722.67 6699.04 0.35 
704.61 586.46 7479.48 0.47 
1151.83 628.87 6802.35 0.35 
930.98 791.89 7550.95 0.39 
891.37 679.54 6269.44 0.29 
716.46 704.22 6714.75 0.48 
1039.38 731.33 7179.43 0.46 
871.12 776.71 6971.36 0.49 
795.34 627.50 7240.11 0.29 
831.38 598.09 7615.10 0.37 
738.10 1074.04 6637.03 0.26 
26 19 13 54 61 21 76 62 12 30 11 23 68 10 1 33 46 74 40 32 55 71 77 45 42 69 57 75 80 9 70 72 27 47 51 39 37 50 60 31 48 8 78 36 67 41 35 29 17 20 52 6 49 7 16 81 14 63 66 34 18 65 4 44 59 79 25 22 15 24 38 64 28 73 56 2 43 58 3 5 53 
Best fitness: 3.01
59 17 60 24 48 35 19 26 13 61 6 50 38 81 68 37 30 23 11 39 52 51 12 1 21 47 76 16 66 18 14 65 31 46 40 67 64 10 33 49 36 55 28 42 57 70 72 54 20 27 62 8 78 74 71 77 32 7 75 80 69 29 9 79 45 41 34 56 73 25 53 22 44 58 15 63 4 43 3 2 5 
Worst fitness: 4.00

Mean: 3.38

Standard deviation: 0.03
