661.40 651.20 6346.51 0.48 
1302.28 741.59 5574.11 0.48 
672.59 824.37 6282.93 0.40 
595.92 939.31 6278.61 0.47 
638.74 1017.32 6136.78 0.46 
970.21 803.83 6775.03 0.53 
733.32 852.36 7055.09 0.43 
682.18 617.66 7267.08 0.35 
884.47 804.48 7337.11 0.33 
987.86 895.90 7116.38 0.31 
967.64 625.97 5110.05 0.34 
1226.30 990.11 6716.51 0.52 
726.10 740.09 6289.01 0.41 
638.61 748.24 5690.83 0.43 
1022.77 705.40 6443.58 0.35 
732.16 664.02 6840.85 0.38 
1033.97 983.30 6753.88 0.46 
697.78 949.52 6694.28 0.43 
755.00 883.73 6495.49 0.41 
577.92 716.28 7657.99 0.50 
1302.18 848.15 6977.23 0.25 
837.87 1355.61 6027.71 0.52 
757.94 1011.78 6954.15 0.32 
879.90 557.53 7450.23 0.30 
719.42 633.89 7273.27 0.52 
596.14 1086.68 7407.41 0.32 
720.46 1151.45 6788.14 0.25 
657.80 572.97 5358.52 0.41 
597.67 585.98 6697.18 0.43 
605.38 678.66 7387.65 0.40 
931.18 540.45 7008.83 0.24 
694.35 916.64 7628.60 0.43 
812.95 663.79 6042.39 0.34 
749.53 953.92 7335.33 0.30 
1014.80 600.42 5928.07 0.39 
670.00 1171.20 6695.00 0.21 
647.18 623.70 7002.79 0.43 
681.23 666.02 6927.89 0.38 
551.23 761.77 5865.98 0.35 
799.70 614.01 6516.15 0.35 
859.19 772.21 5598.84 0.49 
647.77 950.01 6006.45 0.49 
766.75 811.96 6809.34 0.47 
551.92 1134.51 6685.00 0.44 
806.62 575.97 5938.46 0.50 
858.39 1231.21 6529.06 0.36 
670.82 644.19 5848.54 0.31 
930.50 545.27 7277.32 0.27 
561.65 1219.34 6813.71 0.43 
856.50 838.98 5110.39 0.52 
917.17 792.27 7626.33 0.28 
562.89 1177.14 6163.13 0.39 
1052.02 771.54 5734.36 0.36 
1015.76 958.18 6372.48 0.35 
1026.60 751.70 7059.40 0.41 
599.74 778.96 6402.31 0.38 
743.10 1243.07 7026.26 0.38 
580.19 616.54 6665.35 0.47 
648.88 693.04 7698.09 0.47 
637.91 775.72 7214.49 0.58 
629.86 1042.35 6602.69 0.39 
1018.89 601.25 6464.53 0.43 
557.81 582.42 6732.83 0.39 
728.41 970.29 7963.29 0.47 
675.67 1158.63 7155.66 0.43 
1039.23 833.91 6541.13 0.36 
947.77 856.28 6748.69 0.39 
628.06 557.76 6477.65 0.27 
560.78 836.04 6082.24 0.33 
1606.44 997.96 6528.84 0.28 
630.23 946.66 6392.39 0.46 
687.86 806.53 6941.16 0.43 
591.48 726.53 7395.49 0.40 
972.16 589.53 5996.84 0.32 
573.77 853.79 5601.42 0.34 
977.97 951.56 6046.06 0.32 
852.42 549.61 6572.85 0.36 
1300.55 952.41 7018.34 0.42 
742.11 1014.84 6285.03 0.30 
892.89 549.94 6090.92 0.38 
1638.46 744.42 5391.36 0.45 
554.65 1409.35 6282.61 0.38 
557.29 1300.27 5596.29 0.45 
577.19 618.14 5888.98 0.35 
611.63 617.23 6943.51 0.38 
640.79 766.24 6948.48 0.27 
593.16 1343.18 7004.75 0.47 
583.85 611.87 5151.26 0.31 
1434.12 1832.76 7218.25 0.38 
602.58 795.51 6087.49 0.41 
998.74 998.87 5778.88 0.49 
1020.77 666.77 7137.10 0.26 
747.38 797.09 6473.39 0.48 
633.32 754.66 7199.57 0.44 
764.87 794.96 6463.56 0.30 
1247.43 796.45 5642.64 0.58 
755.22 584.37 6710.77 0.21 
850.42 625.38 5236.57 0.33 
580.97 649.89 5936.57 0.44 
850.63 704.98 5096.70 0.68 
943.25 749.88 4737.50 0.30 
860.15 931.47 5759.00 0.42 
1163.09 666.21 6500.81 0.40 
861.42 743.36 7431.33 0.34 
802.01 632.74 6863.26 0.56 
631.51 709.43 6703.96 0.48 
777.15 690.45 5975.62 0.24 
1097.11 688.47 7138.74 0.43 
1037.06 609.19 6039.25 0.40 
695.16 1165.37 5430.88 0.25 
928.81 979.16 6661.47 0.49 
878.84 676.68 6298.76 0.27 
932.30 797.06 6701.62 0.59 
1042.92 625.87 7504.52 0.24 
1075.55 692.37 5569.58 0.22 
806.64 1059.02 6192.78 0.46 
742.28 1133.27 6308.37 0.41 
786.23 903.31 6961.80 0.33 
777.56 963.52 6482.91 0.35 
607.58 559.69 6092.40 0.40 
1016.83 1234.70 7826.03 0.22 
572.39 581.72 6430.56 0.33 
872.27 1052.61 7758.12 0.50 
545.29 639.32 7521.16 0.43 
925.97 706.15 7757.43 0.34 
1221.52 555.39 7089.32 0.41 
576.29 1162.17 6620.54 0.43 
671.67 864.78 6166.90 0.32 
1073.19 634.57 6340.87 0.34 
688.71 753.23 6679.86 0.32 
660.74 846.77 6857.39 0.34 
686.56 728.67 7853.45 0.37 
794.27 609.96 6042.47 0.46 
701.76 814.46 6788.77 0.39 
895.25 845.01 6755.94 0.43 
815.29 1060.97 7375.36 0.48 
944.04 909.62 6246.98 0.52 
1272.15 663.31 7058.02 0.45 
576.23 1165.85 5429.03 0.49 
670.18 1181.31 6686.87 0.24 
874.60 602.46 6843.70 0.27 
1085.75 1004.90 6424.54 0.54 
763.73 594.44 5506.72 0.26 
546.32 724.10 6836.58 0.45 
1077.05 712.48 5974.52 0.46 
1101.00 661.47 6350.84 0.44 
823.65 545.90 7132.23 0.48 
831.12 589.75 7310.87 0.23 
928.34 748.76 5711.25 0.30 
1100.23 956.77 6385.91 0.22 
786.28 933.87 5519.38 0.47 
63 58 29 120 28 85 124 39 132 95 135 6 98 77 147 45 74 11 113 125 100 144 20 43 19 134 128 131 60 56 18 5 61 57 117 42 37 99 88 40 143 13 7 3 30 73 94 93 118 136 123 91 50 109 114 145 48 31 148 133 47 1 38 16 33 25 59 106 14 71 49 4 32 34 151 44 139 69 84 122 112 104 41 107 130 72 67 66 62 35 53 146 103 115 129 137 76 96 78 142 23 102 111 149 92 55 15 9 75 65 79 86 90 97 105 24 80 101 51 10 17 150 54 119 8 68 141 108 12 36 116 26 52 82 87 83 140 138 126 2 64 27 22 121 110 127 46 21 70 81 89 
Best fitness: 13.38
144 20 59 14 68 120 29 85 72 60 135 13 19 151 42 5 119 91 67 105 45 66 101 137 50 94 106 16 104 149 37 1 30 139 83 82 64 32 130 95 93 145 108 55 100 41 141 98 9 113 44 22 12 96 53 111 102 116 118 54 136 34 4 56 90 69 39 73 134 43 17 123 46 142 103 114 35 6 109 147 24 8 58 99 84 122 124 7 61 52 127 65 131 3 86 75 18 2 138 92 77 62 47 28 133 40 33 129 146 126 63 88 107 132 38 11 48 80 76 140 57 117 27 36 49 71 112 125 97 25 143 74 115 15 21 10 51 31 128 79 23 87 110 26 148 150 78 81 70 121 89 
Worst fitness: 15.73

Mean: 14.45

Standard deviation: 0.31
