5.15 175.59 0.23 6404.32
188.71 385.58 0.21 7286.85
136.83 491.77 0.17 6688.70
143.97 608.35 0.22 6807.58
62.66 807.97 0.27 8661.77
280.81 44.98 0.06 6634.64
218.58 260.29 0.16 9354.82
207.66 543.64 0.09 8296.59
264.45 675.55 0.18 5202.64
275.81 989.49 0.08 7821.75
569.31 153.85 0.30 7870.52
510.14 308.12 0.21 7553.50
581.13 438.33 0.28 6174.49
573.06 630.27 0.17 7668.59
553.51 874.80 0.05 7013.94
686.55 118.01 0.21 7199.26
794.03 280.28 0.16 7414.44
708.89 579.41 0.15 9662.47
793.63 680.84 0.07 6964.91
676.03 844.55 0.19 7209.71
998.11 135.98 0.27 5757.34
974.05 267.01 0.23 6952.57
894.44 596.97 0.44 6055.32
968.29 612.99 0.03 6323.41
903.22 913.83 0.06 7433.11
