380.800000 477.280000 0.360000 3798.100000
480.430000 530.480000 0.260000 2014.510000
484.330000 557.590000 0.180000 2554.600000
521.720000 459.480000 0.020000 3364.640000
545.230000 541.030000 0.070000 1201.970000
505.710000 459.730000 0.110000 2000.250000
531.210000 622.110000 0.160000 3262.680000
433.550000 510.230000 0.210000 4043.190000
614.600000 484.550000 0.450000 3495.640000
471.770000 515.120000 0.140000 1607.840000
494.590000 449.280000 0.160000 1823.550000
516.800000 471.840000 0.410000 3737.340000
502.610000 488.860000 0.130000 2783.490000
462.440000 502.940000 0.380000 2852.270000
498.080000 531.940000 0.080000 2613.390000
502.320000 502.210000 0.220000 3443.160000
518.770000 461.490000 0.250000 2080.460000
548.620000 561.470000 0.100000 3041.980000
578.360000 557.880000 0.180000 2092.280000
523.590000 553.960000 0.290000 2190.960000
459.570000 542.580000 0.310000 1912.950000
441.930000 542.320000 0.040000 3641.710000
429.390000 531.140000 0.210000 5597.670000
449.730000 498.450000 0.100000 3563.440000
448.480000 498.040000 0.250000 2475.400000
537.600000 494.260000 0.140000 3833.130000
465.770000 574.600000 0.280000 1798.260000
453.060000 433.310000 0.240000 1925.070000
542.380000 450.510000 0.120000 2687.300000
520.680000 476.930000 0.200000 2385.290000
435.080000 487.700000 0.050000 1523.250000
555.680000 455.680000 0.120000 3382.310000
488.210000 526.600000 0.130000 4109.110000
563.720000 530.870000 0.440000 4406.970000
520.750000 443.040000 0.100000 3538.240000
556.490000 497.790000 0.200000 2808.830000
502.270000 418.800000 0.290000 3490.990000
488.900000 523.030000 0.130000 3926.710000
554.220000 524.810000 0.010000 1232.750000
401.160000 572.030000 0.430000 3170.540000
1 25 14 10 33 2 21 3 27 20 19 34 36 30 12 17 11 28 37 35 6 4 9 5 16 8 40 7 38 13 26 29 32 24 31 23 15 18 39 22 
Best fitness: 0.45
28 11 6 17 14 10 16 26 30 12 2 21 22 40 27 3 34 36 9 19 20 25 8 1 37 35 4 13 5 29 32 18 7 23 31 24 38 33 15 39 
Worst fitness: 0.51
