85 31 50 32 53 92 14 73 11 20 30 37 79 99 34 23 26 3 40 60 80 43 10 63 54 38 71 94 4 89 72 46 76 68 28 78 33 36 17 86 67 57 98 58 1 87 84 8 15 12 74 29 90 22 21 64 44 16 45 51 100 6 66 24 88 83 19 5 48 93 25 75 7 47 42 35 95 56 41 97 52 91 77 70 61 62 59 27 18 81 39 69 55 9 65 2 13 96 49 82 
Best fitness: 1.17
35 3 5 11 20 53 89 94 100 6 23 76 79 37 14 73 50 12 10 71 33 26 41 30 87 2 80 72 22 90 75 47 7 29 32 46 40 64 57 91 36 86 68 99 85 42 56 78 28 34 67 98 4 60 58 17 1 39 83 82 44 13 96 24 95 19 92 49 93 16 45 51 21 54 84 63 55 18 69 25 38 77 61 52 65 48 66 43 81 27 59 62 97 9 74 15 8 70 88 31 
Worst fitness: 1.40

Alpha: 0.50
K: 0.01
Crossover probability: 0.50
Mutation probability: 0.10
Change mutation operator probability 1: 0.15
Change mutation operator probability 2: 0.00