45 12 49 27 53 3 24 32 66 35 16 68 43 60 34 17 37 31 54 19 38 50 51 42 57 55 14 21 22 18 52 56 29 36 26 13 7 30 47 44 11 40 15 1 69 65 48 41 28 9 62 46 61 25 6 5 59 2 8 10 64 58 4 67 70 39 33 20 63 23 
Best fitness: 1.02
65 11 53 38 32 42 30 22 47 27 24 19 17 14 41 33 39 45 69 12 3 66 34 43 60 35 31 51 21 7 36 29 18 56 52 8 10 44 40 15 1 6 5 25 62 9 46 61 49 48 59 50 54 64 58 4 26 67 20 37 68 28 63 55 13 57 70 16 2 23 
Worst fitness: 1.22

Alpha: 0.50
K: 0.01
Crossover probability: 0.50
Mutation probability: 0.10
Change mutation operator probability 1: 0.15
Change mutation operator probability 2: 0.00