55 30 34 35 22 21 3 41 62 48 65 51 7 39 58 9 25 49 36 19 12 50 1 52 8 18 4 57 70 42 38 44 10 16 40 63 47 43 6 53 45 60 31 29 27 15 54 13 14 37 5 24 33 11 23 64 67 17 56 26 66 2 68 46 61 69 20 28 32 59 
Best fitness: 1.65
62 48 30 23 1 61 29 42 8 18 34 22 35 56 20 3 21 60 50 31 52 25 39 58 9 24 46 36 19 12 63 40 16 10 38 15 27 7 51 49 45 53 6 43 47 44 14 2 37 70 57 5 65 41 32 33 4 54 26 66 28 11 67 17 55 64 59 69 13 68 
Worst fitness: 2.11

Alpha: 0.50
K: 0.01
Crossover probability: 0.50
Mutation probability: 0.10
Change mutation operator probability 1: 0.15
Change mutation operator probability 2: 0.00