71 80 11 18 95 37 48 56 46 66 51 68 41 99 49 16 17 14 76 33 20 44 25 42 24 28 22 32 40 5 19 97 87 59 73 77 38 86 9 63 93 47 72 92 64 83 91 34 12 10 65 85 31 58 43 88 98 7 94 82 50 84 29 1 57 39 61 30 55 36 52 62 53 70 81 100 54 8 74 26 75 78 35 27 21 90 3 69 15 23 67 2 96 6 13 79 4 89 45 60 
Best fitness: 2.82
45 80 47 46 25 76 33 30 17 49 75 86 38 59 77 99 51 42 4 61 44 5 11 24 18 37 97 19 48 87 56 40 32 66 50 27 78 41 22 23 92 72 83 64 10 70 34 14 84 29 54 62 53 93 63 69 68 60 31 100 39 57 7 3 28 2 95 79 12 36 55 73 21 90 8 94 98 43 58 35 16 26 9 1 52 20 81 13 96 15 67 89 65 85 88 74 82 71 91 6 
Worst fitness: 3.41

Alpha: 0.50
K: 0.01
Crossover probability: 0.50
Mutation probability: 0.10
Change mutation operator probability 1: 0.15
Change mutation operator probability 2: 0.00