463.66 485.51 0.39 6303.93
546.45 520.72 0.36 7081.65
540.56 497.21 0.42 9936.43
481.35 429.87 0.02 6272.11
516.33 522.01 0.49 8140.34
525.79 621.34 0.59 5932.09
546.45 464.06 0.43 6714.05
503.42 444.16 0.30 6329.52
475.78 583.43 0.15 7937.01
526.39 561.37 0.37 6061.53
509.49 553.10 0.05 7895.94
416.33 514.70 0.09 6164.10
498.95 453.00 0.13 6418.71
530.28 435.67 0.55 6968.09
507.68 408.24 0.32 6789.97
482.16 562.37 0.05 6234.41
558.28 419.87 0.15 6371.02
491.11 492.02 0.05 7165.76
454.09 448.68 0.09 6325.09
485.22 552.26 0.45 6780.46
496.30 461.84 0.55 6203.54
522.95 330.90 0.20 4976.86
537.15 494.98 0.58 4826.54
481.87 498.09 0.11 6756.08
478.08 463.99 0.23 9355.56
492.50 514.78 0.02 8884.00
488.36 474.17 0.14 8678.75
451.80 481.80 0.05 5075.09
517.67 572.60 0.56 7942.31
525.94 453.34 0.07 7742.86
534.55 437.50 0.36 6021.09
602.84 500.90 0.32 6719.17
515.80 492.37 0.16 4447.98
567.34 462.16 0.08 8257.82
557.35 443.02 0.09 6289.24
400.57 410.64 0.46 7234.22
498.06 533.51 0.13 7415.54
560.43 517.26 0.35 6867.32
403.01 486.21 0.28 6836.55
451.06 542.27 0.57 7147.95
479.24 519.59 0.30 6640.00
501.39 470.16 0.23 9077.32
536.37 488.32 0.28 7113.71
502.17 496.31 0.58 7232.90
542.17 387.81 0.57 7516.08
422.56 607.16 0.41 7872.22
493.70 500.56 0.24 8170.43
483.02 507.35 0.54 5812.36
416.70 539.45 0.52 8632.03
502.99 459.60 0.21 8422.41

22157.129250112837
