516.71 431.60 0.48 5555.77
525.85 472.02 0.49 5817.06
483.78 444.51 0.42 7963.49
479.59 563.54 0.35 7797.83
572.68 542.95 0.32 6267.25
602.37 473.92 0.60 6048.91
532.89 476.73 0.52 6946.30
471.18 463.11 0.29 9127.22
510.79 494.62 0.60 9138.77
559.42 487.95 0.60 4546.79
501.18 456.49 0.56 7795.97
439.03 442.10 0.35 7812.51
441.22 481.46 0.56 6040.71
568.88 564.61 0.58 9283.17
461.14 446.48 0.60 7063.76
495.66 469.43 0.31 7308.60
525.99 534.99 0.57 6732.80
440.17 447.48 0.47 6680.37
608.96 478.14 0.48 6596.50
477.83 469.02 0.44 7658.86
534.23 545.27 0.44 7555.80
525.54 423.97 0.50 5755.15
518.99 374.26 0.50 7907.93
569.40 494.61 0.40 7206.82
544.49 460.79 0.36 4594.33
537.37 406.75 0.45 7982.88
492.22 454.08 0.47 7698.97
327.85 427.85 0.60 6910.68
426.96 590.18 0.60 9135.73
509.04 515.22 0.38 7535.49
438.05 497.95 0.48 7575.00
450.98 511.93 0.49 6903.69
511.72 512.81 0.53 6946.66
450.43 470.80 0.46 6599.06
428.16 544.67 0.44 6252.65
382.10 509.00 0.60 8067.73
574.74 518.81 0.40 4971.96
542.90 471.26 0.49 5466.27
500.25 474.23 0.60 7316.51
492.16 547.63 0.53 6778.86
529.55 427.65 0.60 5810.93
477.36 426.47 0.45 6626.81
577.73 503.41 0.40 6671.17
465.61 464.00 0.44 7597.84
431.45 508.68 0.60 4462.66
424.46 447.42 0.43 7145.43
482.56 526.56 0.55 6326.56
375.06 549.09 0.55 7168.67
447.40 431.07 0.42 7553.36
503.54 557.07 0.55 6170.71
572.59 602.31 0.49 7034.96
561.56 482.56 0.49 9155.34
555.40 530.14 0.50 8437.34
536.41 522.51 0.47 7000.35
550.09 499.74 0.56 7835.83
532.67 535.67 0.39 5898.00
439.98 453.21 0.38 7749.84
529.42 557.07 0.57 8924.83
462.74 469.49 0.54 6249.11
467.30 473.61 0.33 5757.29
505.56 516.02 0.36 9124.63
508.99 498.94 0.34 6881.52
474.98 471.59 0.26 6054.90
498.13 543.09 0.44 6059.35
588.79 427.61 0.50 7021.97
402.74 489.48 0.60 5636.35
431.12 582.42 0.32 8503.01
438.27 456.94 0.53 6016.16
566.90 463.89 0.56 6673.57
480.18 503.24 0.53 7792.28
456.66 569.43 0.54 7170.90
539.35 464.77 0.51 5764.16
480.96 407.55 0.52 6545.31
491.95 625.87 0.44 9166.44
370.72 528.68 0.52 7986.60
557.05 477.22 0.55 6933.08
515.81 445.60 0.57 6190.90
537.00 515.67 0.60 8998.59
608.56 568.41 0.40 7419.14
492.94 568.75 0.44 5654.95
468.73 490.59 0.36 6247.34
493.51 387.44 0.60 7284.11
479.21 517.35 0.60 6750.97
427.79 443.44 0.50 6701.26
440.45 564.38 0.44 7389.38
486.08 499.80 0.54 6176.07
480.45 544.44 0.49 6097.32
521.90 547.24 0.50 6856.68
464.86 494.06 0.60 6916.59
548.10 587.57 0.35 8524.29
569.36 549.41 0.48 7858.14
566.44 487.46 0.52 5321.54
399.37 497.46 0.51 7819.38
515.15 542.90 0.60 6677.11
410.39 451.43 0.44 6056.67
520.84 513.32 0.55 9348.02
497.34 456.78 0.51 5168.40
477.07 496.42 0.32 5469.78
450.14 495.17 0.38 7071.57
568.66 466.77 0.45 5488.99
382.05 423.04 0.48 5626.03
519.65 451.66 0.36 7623.31
545.52 483.10 0.44 6356.46
534.80 478.87 0.34 7044.15
557.67 541.15 0.39 6011.14
500.63 510.46 0.54 6099.26
481.31 524.85 0.47 8668.03
498.18 484.28 0.58 7204.06
501.22 559.08 0.47 7386.84
487.91 586.29 0.59 5868.35
462.06 410.56 0.60 7345.88
538.07 483.44 0.51 4845.32
518.24 478.89 0.39 6035.96
566.07 452.49 0.45 5780.84
506.20 506.03 0.41 6056.19
507.24 563.04 0.60 6340.88
397.66 526.12 0.50 7313.49
610.53 502.95 0.50 7528.19
503.16 478.56 0.47 6961.17
509.81 654.32 0.34 7821.18
404.15 585.29 0.60 6813.28
548.32 541.13 0.32 9398.42
507.02 492.49 0.60 8379.53
452.87 451.63 0.60 6913.36
549.81 498.95 0.48 7051.53
464.20 579.48 0.54 7138.77
524.20 414.66 0.45 6978.13
428.51 496.15 0.44 6685.21
402.37 556.88 0.48 7438.46
566.32 425.49 0.49 6316.16
515.92 567.19 0.51 8331.76
440.60 485.74 0.53 7364.83
516.42 511.84 0.60 8461.03
563.80 504.54 0.54 7289.17
418.98 455.24 0.50 4154.01
530.98 441.55 0.60 6887.03
533.29 418.00 0.40 8373.90
505.31 558.07 0.53 4319.61
556.96 512.73 0.56 6008.81
424.93 396.66 0.42 6030.11
423.60 463.35 0.45 9167.54
471.30 513.99 0.42 6205.69
391.35 434.87 0.44 6956.03
506.73 428.37 0.32 8336.38
526.43 631.52 0.43 5354.08
489.01 582.10 0.39 5694.50
525.01 450.48 0.46 5993.19
505.07 510.84 0.36 6697.01
524.86 529.06 0.46 7899.29
493.30 451.98 0.60 8054.22
