464.60 450.12 0.57 7227.13
437.71 497.78 0.60 6856.11
532.24 441.38 0.57 8097.46
537.15 529.79 0.64 8548.36
534.70 392.70 0.39 6151.70
615.84 418.92 0.68 6266.52
456.29 535.21 0.50 6837.80
432.50 545.26 0.65 6142.89
482.03 422.39 0.37 7151.45
489.86 519.42 0.53 6189.13
590.33 504.05 0.41 8529.06
476.29 418.91 0.45 6660.77
382.72 496.90 0.45 6793.65
541.06 520.14 0.51 8716.39
542.49 445.10 0.49 8027.34
531.91 518.42 0.53 7088.32
370.19 582.44 0.32 5156.54
457.00 513.38 0.48 6869.61
466.76 528.14 0.41 5716.37
601.69 538.03 0.65 6832.71
478.69 498.09 0.73 6530.99
556.56 599.56 0.46 6970.47
492.89 558.61 0.41 8110.26
512.69 431.04 0.39 6906.71
478.98 504.25 0.58 7943.78
514.27 482.30 0.48 5746.07
532.24 509.38 0.66 6612.23
580.86 571.83 0.69 8065.18
534.60 494.27 0.51 8506.23
477.14 458.76 0.61 6730.43
428.38 566.87 0.57 6230.82
425.84 536.53 0.41 5825.89
455.25 350.59 0.44 7079.79
570.92 444.60 0.54 7177.97
474.96 479.93 0.42 5950.53
493.86 517.37 0.46 7401.55
527.14 452.86 0.50 5777.42
425.19 511.58 0.53 6701.75
567.08 509.58 0.54 7113.16
522.02 481.14 0.77 6507.97
604.04 505.82 0.35 6598.03
551.55 481.07 0.29 5691.97
434.80 583.54 0.58 5124.26
506.23 385.91 0.62 7652.88
509.67 453.16 0.35 6562.94
565.50 474.13 0.66 7048.04
571.12 461.77 0.53 9307.32
487.57 517.19 0.40 5946.43
507.11 476.18 0.41 5910.62
527.55 553.37 0.50 3927.57
494.04 481.82 0.45 7029.47
511.08 539.67 0.53 7158.36
571.41 632.19 0.47 6718.17
509.19 541.37 0.57 7770.21
468.24 466.22 0.43 7371.75
465.23 575.20 0.52 7367.44
433.98 510.50 0.49 6832.77
563.86 474.68 0.46 6881.70
560.44 542.83 0.43 7019.22
481.00 579.43 0.49 7114.55
487.05 507.43 0.62 7458.69
433.16 470.45 0.56 7416.42
482.50 524.00 0.35 7205.75
492.72 503.56 0.47 6690.50
500.60 505.66 0.53 6958.08
473.89 511.07 0.55 6358.68
432.96 444.08 0.53 8004.96
507.71 341.25 0.42 6639.18
495.45 545.22 0.49 5223.47
563.18 471.21 0.36 5620.79
476.41 503.14 0.44 8636.62
570.10 575.16 0.45 7816.34
470.90 462.26 0.34 6571.68
588.30 501.06 0.66 7632.41
447.77 530.12 0.38 6242.95
515.64 562.10 0.63 6884.09
468.90 414.95 0.40 6274.51
447.82 430.34 0.42 6776.46
452.30 486.61 0.39 5293.37
458.25 463.82 0.37 8240.96
520.55 522.52 0.62 5534.96
544.03 592.55 0.66 6679.11
414.92 573.68 0.50 7189.57
504.61 470.67 0.32 8426.92
474.78 485.67 0.51 8149.33
549.00 472.71 0.45 7353.71
536.56 461.59 0.45 7676.34
337.45 516.94 0.54 6967.11
410.59 404.11 0.55 5669.85
500.18 573.01 0.32 6794.53
479.34 346.56 0.55 7408.88
504.91 533.81 0.36 5863.56
531.00 469.84 0.49 5453.48
444.40 509.16 0.47 5372.99
563.44 461.01 0.59 7052.68
474.34 452.25 0.50 7603.31
459.77 540.74 0.36 8453.04
525.51 413.44 0.47 8832.80
461.62 512.05 0.57 6069.67
426.78 463.46 0.59 6308.67
539.10 455.04 0.52 8674.81
482.26 492.61 0.41 8028.22
543.43 498.07 0.50 5783.03
492.85 577.92 0.45 7703.78
495.65 494.83 0.63 5929.72
538.39 587.60 0.62 5509.93
469.06 487.06 0.59 6257.01
460.52 394.35 0.35 6957.24
486.36 516.45 0.46 7013.13
582.63 393.43 0.59 7177.63
440.34 510.48 0.65 6271.11
470.06 462.04 0.57 6860.06
387.59 524.78 0.57 7500.23
566.60 547.76 0.61 6700.39
460.66 463.09 0.57 8955.57
455.69 559.66 0.63 4330.80
522.16 522.97 0.58 7817.63
415.88 429.24 0.45 6556.42
460.75 400.43 0.42 7639.01
498.68 494.53 0.45 7505.47
499.21 465.73 0.42 8331.60
577.20 512.90 0.60 5097.69
444.95 537.54 0.61 6135.46
476.53 577.38 0.55 7522.77
500.31 471.97 0.41 5516.98
