427.49 602.42 0.42 8344.54
523.11 505.71 0.34 6595.39
538.03 520.61 0.49 6965.06
465.50 441.72 0.49 5955.32
451.83 545.37 0.42 6981.18
437.72 417.08 0.45 5670.84
538.70 462.45 0.43 7793.23
452.14 584.02 0.62 7409.08
507.90 453.21 0.65 6157.86
551.94 490.35 0.46 8110.29
519.61 485.86 0.60 7932.66
413.04 541.98 0.39 9482.19
481.71 508.43 0.42 5520.58
577.11 474.51 0.38 7231.67
504.85 488.65 0.35 7793.75
539.72 525.29 0.62 6405.22
473.76 532.99 0.53 7559.05
481.98 563.10 0.26 8076.83
563.53 510.88 0.36 8094.07
591.68 518.52 0.49 6379.01
473.18 514.27 0.42 6501.69
531.31 518.82 0.61 8214.37
521.27 521.56 0.47 6770.55
496.84 427.53 0.44 6775.58
334.44 491.27 0.31 5456.85
483.35 538.81 0.42 7284.85
497.35 446.22 0.41 7842.13
488.56 474.17 0.50 7753.66
500.71 448.67 0.40 6127.75
553.65 457.08 0.61 5682.80
510.83 474.12 0.44 5894.81
447.48 501.79 0.43 7960.55
536.96 540.72 0.66 6079.89
507.02 478.38 0.63 5206.36
461.91 457.40 0.51 8947.47
479.35 464.17 0.61 5493.44
572.41 452.62 0.51 7500.08
514.83 494.23 0.49 9071.61
482.77 567.33 0.39 5903.37
457.10 489.37 0.53 7787.23
518.33 552.43 0.52 8179.76
531.58 493.19 0.43 7551.04
504.80 525.46 0.56 7368.95
445.62 478.03 0.30 7469.67
481.00 477.51 0.38 6683.04
477.59 514.25 0.39 7156.29
470.75 612.39 0.40 8134.77
468.65 445.89 0.39 7683.72
587.37 525.49 0.57 8441.51
507.05 532.59 0.50 7510.73
472.42 508.08 0.54 8588.77
490.72 424.42 0.41 6662.55
526.40 524.80 0.72 6207.25
423.40 500.82 0.53 6535.89
571.20 499.51 0.53 7236.18
440.15 503.86 0.52 6921.73
643.29 586.97 0.52 6115.41
542.59 468.30 0.62 7338.11
506.76 562.13 0.51 6957.26
530.23 439.61 0.48 6268.43
440.54 484.75 0.42 5757.72
522.69 419.61 0.57 7998.94
508.30 522.90 0.55 6744.71
423.96 552.19 0.47 7467.11
558.45 547.18 0.53 9318.96
509.63 475.86 0.48 6950.93
475.39 444.98 0.39 7840.29
466.28 514.77 0.41 7026.15
490.48 466.23 0.31 6741.34
405.05 458.40 0.49 6344.87
540.48 640.57 0.45 6660.96
535.23 463.22 0.33 6166.08
498.38 484.12 0.45 8010.41
488.55 526.84 0.44 7588.74
486.68 480.78 0.46 7433.34
525.94 586.58 0.51 6986.23
439.14 531.30 0.38 6986.14
378.56 560.33 0.52 5688.20
505.65 391.84 0.44 8619.59
477.21 486.44 0.42 5673.15
537.04 554.27 0.54 7116.95
477.01 495.34 0.51 5570.58
578.84 541.85 0.40 7891.81
493.93 510.60 0.66 4057.62
540.12 464.09 0.71 6005.78
459.97 488.23 0.52 6149.62
475.73 426.58 0.43 7460.57
507.39 483.13 0.64 7055.72
459.46 467.93 0.53 6171.79
425.34 516.08 0.52 8109.48
506.36 490.85 0.50 6895.28
563.89 484.29 0.42 8747.03
485.07 415.11 0.60 7776.80
487.37 414.54 0.56 5851.91
446.47 407.60 0.68 8919.97
519.10 420.37 0.47 6345.47
468.33 461.69 0.49 7063.20
486.50 484.94 0.62 6739.66
478.45 564.24 0.52 5521.82
589.14 494.11 0.47 4470.03
375.76 487.19 0.67 6340.66
580.17 481.22 0.52 6728.83
481.70 491.52 0.63 6878.70
500.68 450.03 0.46 6163.78
535.71 429.76 0.51 5244.68
512.09 550.87 0.35 7111.54
472.81 334.97 0.52 8571.14
483.16 523.12 0.39 8062.03
543.57 563.20 0.39 5765.67
484.14 449.59 0.42 8576.16
535.41 466.66 0.44 5863.55
494.34 514.55 0.52 5786.55
420.31 484.89 0.40 8130.81
549.28 599.63 0.58 7083.57
407.88 490.90 0.58 6637.62
562.78 421.60 0.37 7550.48
495.75 512.29 0.58 7822.23
515.84 418.70 0.60 5303.80
510.73 497.63 0.69 8088.38
544.58 440.92 0.56 6985.97
480.75 519.39 0.51 7949.68
504.45 496.91 0.65 6822.47
436.31 463.43 0.64 7462.92
480.40 492.12 0.43 7643.24
438.72 415.08 0.47 9457.79
484.24 520.09 0.51 5083.20
545.76 505.72 0.50 5817.29
510.04 439.05 0.61 7152.68
466.15 550.82 0.77 6957.85
477.69 579.60 0.55 7081.61
420.02 510.16 0.39 6466.74
528.50 444.76 0.44 7660.56
471.90 527.29 0.58 6841.62
497.30 537.76 0.45 4867.74
557.86 463.23 0.49 6386.51
520.30 476.56 0.40 7423.20
586.68 477.60 0.55 6101.49
475.36 508.54 0.42 7077.53
550.38 420.48 0.38 7137.53
469.58 465.45 0.57 8364.86
509.31 509.26 0.53 7096.64
501.51 583.34 0.63 7654.23
449.35 484.82 0.65 8126.87
501.06 451.69 0.46 7302.79
467.53 537.09 0.54 6363.57
453.05 574.73 0.51 6105.35
477.58 529.33 0.54 5740.21
464.35 422.56 0.71 7684.72
440.04 561.43 0.59 8837.81
526.68 493.40 0.65 6331.23
554.56 460.86 0.69 5018.77
459.89 486.28 0.49 6400.38
428.03 530.63 0.56 6164.80
471.71 454.60 0.41 6591.51
438.84 561.66 0.31 4840.25
509.88 411.09 0.52 7519.69
485.10 487.47 0.46 7934.46
428.59 470.81 0.63 6928.73
403.99 541.48 0.46 5383.87
557.20 484.45 0.64 5673.98
528.71 447.40 0.51 7350.26
497.75 432.89 0.51 7412.95
614.68 516.80 0.60 6401.91
465.71 352.49 0.52 8393.16
515.99 524.46 0.45 8224.19
518.40 512.04 0.45 5928.32
459.39 501.68 0.35 7020.09
489.20 516.05 0.60 6138.49
546.20 446.71 0.50 7171.37
486.91 452.76 0.24 5434.33
424.49 451.75 0.45 7361.01
478.68 534.05 0.16 8153.47
539.16 503.01 0.52 6185.23
474.13 434.57 0.50 8628.69
460.72 389.31 0.59 6058.70
