95.72 70.19 0.32 5500.24
130.04 97.65 0.06 10387.90
55.96 160.69 0.54 8266.87
62.77 283.88 0.38 1654.38
158.63 456.11 0.54 7798.78
120.24 212.53 0.56 4771.26
124.36 541.17 0.15 7909.64
51.61 563.57 0.52 4762.42
189.16 404.81 0.53 3382.58
87.45 607.56 0.48 9331.89
119.97 732.05 0.47 4424.27
82.30 744.09 0.41 6918.76
75.43 932.10 0.48 10679.45
102.27 966.67 0.33 1666.43
27.31 944.55 0.58 3904.51
302.92 109.62 0.46 8985.80
304.84 51.37 0.45 9054.88
409.05 168.19 0.54 9624.30
327.29 277.41 0.56 1591.01
356.86 293.81 0.45 1802.35
292.77 273.12 0.43 6558.81
267.55 502.70 0.39 9123.71
292.77 535.71 0.34 1928.68
308.11 519.43 0.31 9914.49
243.43 754.04 0.50 1559.60
293.61 780.77 0.57 5470.35
275.68 659.90 0.58 7644.41
245.58 900.53 0.58 1478.86
285.82 790.89 0.57 10338.06
331.38 850.54 0.42 1370.11
449.83 50.47 0.47 2127.77
523.04 40.38 0.47 4715.19
448.11 105.33 0.29 9341.04
548.46 328.66 0.53 10582.80
612.02 253.47 0.15 6923.14
492.95 277.83 0.46 3975.29
497.56 438.52 0.57 6783.73
478.51 448.08 0.36 4680.20
508.91 542.92 0.53 9915.33
512.29 709.86 0.50 8593.51
534.93 733.14 0.55 3458.74
552.14 839.09 0.48 8073.56
470.56 886.89 0.42 6011.00
549.15 912.12 0.42 3419.39
453.39 993.60 0.32 10157.19
753.89 68.27 0.20 6358.71
695.56 80.04 0.16 7851.62
724.60 91.26 0.41 9174.54
643.84 300.37 0.54 4227.21
748.98 177.80 0.50 3973.61
733.22 286.97 0.39 3460.54
635.95 475.06 0.40 6899.81
707.27 511.99 0.10 3572.36
714.70 510.21 0.41 3207.96
706.76 716.14 0.50 6936.47
671.75 613.80 0.46 1868.03
704.81 685.08 0.33 3101.34
728.66 919.89 0.52 763.40
750.09 847.55 0.60 2815.55
626.12 884.68 0.42 7893.69
912.37 85.30 0.50 9215.07
914.13 78.44 0.45 2091.99
925.35 170.15 0.44 8878.80
973.28 374.56 0.44 6624.95
954.06 302.01 0.06 3931.52
888.24 260.07 0.24 7366.47
941.24 456.70 0.55 1073.58
873.24 545.91 0.39 5836.53
937.65 459.44 0.40 4024.30
827.12 707.73 0.48 4852.11
986.84 615.53 0.48 5071.02
977.49 633.37 0.52 4512.96
812.18 872.32 0.54 730.33
980.73 923.03 0.53 5149.86
884.61 999.00 0.54 5987.18

24338.20627281115
