1017.36 878.40 7213.01 0.36 
918.94 1011.23 6828.40 0.59 
686.93 1144.43 6310.71 0.58 
816.52 639.56 5984.48 0.37 
866.46 841.24 7076.32 0.40 
1208.87 799.01 5961.28 0.44 
865.97 656.87 5956.35 0.53 
1047.55 552.97 5800.48 0.43 
1233.36 882.91 7297.40 0.43 
696.54 866.61 6497.70 0.42 
673.80 687.58 6446.81 0.42 
1353.41 908.86 6301.02 0.23 
737.30 756.89 6139.83 0.33 
874.65 776.08 6655.41 0.43 
842.03 999.32 7410.40 0.46 
1091.01 823.34 6605.18 0.30 
806.59 636.29 5299.20 0.28 
575.23 674.82 6604.21 0.44 
822.53 569.75 7927.81 0.37 
757.72 986.49 6289.50 0.32 
629.39 924.46 7385.22 0.39 
639.51 805.96 5710.16 0.57 
568.13 563.48 7364.91 0.36 
924.98 689.09 7009.62 0.58 
829.37 1017.11 6625.19 0.44 
788.53 640.38 7392.16 0.39 
682.07 746.73 6861.15 0.38 
1145.54 699.04 7029.48 0.45 
1276.34 591.40 5201.32 0.26 
890.18 746.24 5637.08 0.35 
677.40 717.34 6222.08 0.37 
1014.10 1285.14 6649.33 0.37 
995.27 616.38 6895.99 0.47 
852.35 661.77 6271.96 0.47 
1015.60 709.98 6410.07 0.36 
779.23 939.70 6659.05 0.35 
853.14 869.33 6078.70 0.37 
1027.88 676.66 7464.46 0.34 
985.10 1193.64 6611.87 0.39 
700.73 726.55 7109.33 0.39 
1449.25 713.67 6822.37 0.44 
736.86 870.21 5910.90 0.41 
701.42 622.65 6211.06 0.34 
797.06 869.41 7006.67 0.30 
770.04 801.56 6694.09 0.34 
722.39 1123.48 7390.12 0.64 
832.67 657.79 6719.01 0.57 
950.46 777.87 6655.97 0.57 
1276.90 798.61 6350.99 0.31 
808.34 782.52 7473.47 0.32 
851.33 734.95 6039.23 0.56 
792.62 1240.42 5889.20 0.22 
785.36 659.66 6288.48 0.47 
716.68 1293.38 6125.18 0.41 
763.52 598.21 5793.98 0.31 
632.41 898.69 6770.83 0.40 
1046.67 592.50 6339.25 0.30 
564.53 851.19 7566.31 0.43 
1237.01 1038.29 7300.11 0.56 
544.23 1240.53 7249.93 0.43 
974.12 878.84 5409.28 0.37 
822.96 542.84 6144.94 0.39 
753.12 713.72 5706.73 0.48 
648.27 783.11 7512.63 0.30 
590.41 875.59 6385.99 0.30 
577.69 592.96 7154.97 0.40 
1104.68 757.48 6471.88 0.40 
712.65 765.38 6798.95 0.42 
1018.63 847.96 7448.81 0.40 
1161.55 1069.49 6288.24 0.27 
712.12 629.62 6389.23 0.52 
938.69 618.08 7428.01 0.61 
1213.70 743.55 7086.76 0.38 
803.24 674.70 6439.13 0.44 
841.21 549.67 5856.05 0.20 
874.51 659.56 6905.04 0.56 
678.64 1301.99 6602.83 0.29 
673.37 886.81 6267.23 0.30 
738.98 826.47 7239.93 0.41 
702.96 642.29 6324.07 0.48 
777.08 731.10 7194.20 0.27 
797.42 982.40 7135.93 0.29 
680.95 727.38 5364.00 0.40 
747.85 610.29 5623.93 0.40 
658.95 611.23 5825.90 0.37 
752.42 1132.79 5625.93 0.49 
729.18 832.97 7725.53 0.59 
707.81 1112.08 5756.71 0.36 
712.19 1042.25 6280.60 0.49 
548.52 590.82 6804.00 0.55 
892.75 627.27 6342.61 0.47 
632.74 1413.19 7901.66 0.38 
903.79 659.56 7440.08 0.50 
827.26 731.60 6114.95 0.35 
591.33 556.51 7987.34 0.31 
590.41 1028.47 6221.28 0.45 
1157.74 923.38 6595.36 0.54 
866.05 1024.00 7857.32 0.48 
627.28 692.00 6559.44 0.34 
1175.93 735.32 7235.63 0.37 
550.18 633.35 6984.52 0.45 
