72.90 35.02 0.27 5609.19
448.46 590.06 0.10 5181.38
849.96 485.57 0.32 5157.66
59.66 691.04 0.13 778.64
694.70 718.25 0.27 6997.64
622.23 758.71 0.30 1468.47
263.60 648.81 0.11 8367.25
723.10 698.91 0.18 7459.69
699.65 684.56 0.14 8927.28
291.41 131.46 0.34 2480.33
333.72 958.53 0.05 9529.19
380.49 197.12 0.22 4751.94
396.27 155.43 0.39 4190.13
107.44 559.36 0.12 3812.10
601.46 690.22 0.07 9638.51
436.77 967.58 0.14 7230.45
579.77 334.43 0.36 2752.35
689.20 260.05 0.12 4727.78
721.80 388.24 0.07 7398.78
44.71 839.76 0.23 2546.37
931.53 386.62 0.19 1892.97
808.90 807.26 0.17 2950.03
399.14 829.74 0.22 2555.99
454.81 532.77 0.15 9247.52
961.69 956.33 0.26 6169.89
448.50 21.24 0.37 7180.67
165.34 395.35 0.20 5677.45
76.78 320.45 0.04 4242.68
346.00 654.51 0.23 8822.73
968.44 551.77 0.21 8384.18
427.22 443.96 0.21 2664.49
39.56 511.59 0.13 2604.53
506.30 663.42 0.25 7173.13
440.80 601.47 0.23 10177.12
496.42 255.32 0.37 5687.56
876.16 329.44 0.27 3782.90
366.35 422.68 0.16 377.03
421.76 437.44 0.28 4306.11
483.87 427.40 0.31 6959.07
873.80 293.44 0.08 9026.11
424.91 797.89 0.39 357.63
502.72 312.86 0.14 8295.51
154.93 818.47 0.03 3347.82
285.47 361.89 0.15 5219.76
167.05 472.55 0.50 5703.96
692.83 558.86 0.12 1896.82
218.95 977.91 0.07 9627.64
201.45 205.06 0.11 641.19
158.33 314.84 0.29 423.39
440.56 683.30 0.11 4361.03
158.20 248.22 0.15 3075.17
699.89 637.82 0.16 5968.84
699.57 902.75 0.23 6332.08
751.29 67.77 0.34 7958.40
112.20 994.36 0.07 3009.38
259.70 56.69 0.02 8310.88
522.84 302.81 0.10 830.23
198.85 925.76 0.29 8867.83
413.93 519.20 0.15 8427.68
731.27 845.40 0.17 1383.41
422.91 57.66 0.04 9934.87
999.82 740.71 0.06 8008.37
46.58 670.55 0.32 6098.51
16.19 679.93 0.30 7190.11
18.90 905.25 0.10 7350.10
598.74 264.38 0.28 1087.19
354.48 685.18 0.03 7555.34
22.90 91.76 0.14 7398.87
301.21 38.54 0.16 7136.74
579.94 452.64 0.09 1554.26
157.62 210.33 0.23 8066.60
276.46 573.31 0.24 7314.17
612.05 234.84 0.44 10330.41
644.97 573.64 0.37 7213.70
802.20 736.11 0.22 8682.62
549.16 134.41 0.24 4395.52
509.35 136.69 0.27 4601.36
924.01 871.34 0.03 1898.09
356.75 108.69 0.17 8752.28
901.07 789.41 0.11 3568.28
614.32 786.36 0.28 4221.72
203.22 999.76 0.01 8755.69
1.06 579.88 0.01 5084.64
119.13 792.57 0.17 3884.39
913.96 365.04 0.14 8019.43
601.19 676.90 0.21 7568.77
56.30 682.12 0.08 4558.30
659.64 935.86 0.28 8531.23
233.24 201.24 0.18 8305.78
37.05 251.91 0.39 5492.73
463.91 747.81 0.18 2522.60
464.55 322.78 0.21 4787.04
633.76 852.21 0.04 973.28
781.83 129.62 0.36 6470.37
60.73 749.40 0.34 -60.57
754.30 90.79 0.15 8074.15
977.85 576.91 0.17 6151.51
53.25 399.32 0.33 2034.82
238.73 678.09 0.03 10417.39
734.59 896.32 0.06 4578.17
605.98 614.77 0.31 8771.69
616.76 576.40 0.24 895.01
427.53 798.72 0.24 5849.26
344.74 197.12 0.15 8167.75
460.78 417.79 0.20 5558.68
705.00 26.52 0.33 3794.56
871.29 883.39 0.16 5209.37
341.18 841.80 0.27 4269.03
958.16 239.21 0.22 963.68
499.71 495.98 0.13 9588.41
824.92 307.37 0.15 8181.76
207.26 426.81 0.05 2884.62
620.72 340.72 0.15 3924.38
749.93 836.65 0.33 6440.07
742.88 890.46 0.23 7145.91
770.37 750.77 0.15 2332.68
660.24 330.30 0.27 2160.77
620.14 254.06 0.07 2009.48
208.01 294.71 0.11 3126.53
408.80 27.88 0.11 8870.46
978.79 484.31 0.04 9163.91
115.08 848.17 0.13 5200.94
854.14 434.15 0.09 8144.31
256.42 100.39 0.08 933.62
695.48 33.39 0.28 7635.30
834.56 149.00 0.25 6540.98
100.96 468.77 0.41 4891.19
604.80 213.25 0.21 3107.18
924.28 201.00 0.20 5261.88
762.07 181.61 0.19 1671.01
803.15 43.17 0.03 867.62
932.31 121.27 0.28 7732.26
463.71 703.54 0.29 3198.48
660.21 372.11 0.18 3233.52
858.32 721.29 0.01 7385.50
966.49 813.66 0.06 9450.62
522.90 855.61 0.18 9682.89
824.33 718.44 0.21 4610.58
406.79 512.43 0.02 779.54
874.89 118.43 0.21 7008.90
857.81 310.13 0.16 10681.78
340.79 16.70 0.33 5326.11
496.66 97.45 0.09 6841.80
959.15 360.82 0.29 826.82
674.25 156.38 0.01 9387.90
136.76 685.84 0.03 10148.02
524.81 404.82 0.31 8713.16
838.53 348.89 0.12 3085.96
715.96 161.10 0.23 1530.83
25.27 898.44 0.25 4023.47
129.61 717.08 0.40 4904.86
298.47 987.64 0.19 7854.44
485.51 338.28 0.21 3648.14
487.41 39.05 0.22 4660.40
565.02 977.61 0.17 7294.40
815.23 686.70 0.27 6217.54
792.94 96.15 0.28 8505.67
805.47 44.36 0.12 9538.24
524.07 363.99 0.23 8622.00
85.86 649.08 0.26 803.93
470.36 312.71 0.12 2299.07
632.20 790.74 0.01 2270.33
768.80 370.45 0.24 4103.29
956.74 186.78 0.21 1349.50
719.03 120.55 0.18 7585.59
189.16 373.38 0.13 4564.18
433.27 736.05 0.22 3333.92
483.44 987.51 0.03 4943.89
442.46 257.16 0.41 5713.90
319.29 807.32 0.19 6100.72
55.73 920.93 0.37 5416.94
323.74 813.33 0.28 2930.66
466.63 383.57 0.29 8343.03
470.23 569.34 0.12 2579.54
417.93 158.52 0.20 7491.96
