435.83 688.78 0.17 9113.23
874.89 628.45 0.31 715.15
974.70 78.08 0.23 4718.55
123.00 865.48 0.25 3617.58
73.12 864.04 0.07 347.89
61.93 669.78 0.13 869.80
899.36 309.96 0.17 2308.48
211.43 914.12 0.16 8629.31
708.52 677.51 0.24 4462.27
687.34 367.79 0.29 4871.88
310.32 893.08 0.21 5137.72
901.05 733.06 0.25 933.55
655.13 326.68 0.19 1492.53
719.14 799.80 0.14 2260.33
560.20 357.46 0.40 3584.64
42.38 216.51 0.28 252.95
472.44 411.44 0.16 1916.21
848.90 421.88 0.17 3520.71
86.34 652.24 0.17 1549.14
863.54 188.26 0.09 2020.85
174.98 243.63 0.45 9534.86
86.04 332.21 0.32 5510.05
750.33 348.83 0.19 4763.30
693.17 64.61 0.25 4174.12
565.86 957.50 0.28 3756.18
107.52 694.57 0.09 9060.40
958.96 21.89 0.29 4414.92
130.01 386.56 0.13 3373.49
793.76 428.47 0.37 5884.38
501.05 549.82 0.12 5397.48
745.19 500.51 0.20 4063.74
927.36 846.45 0.01 7672.59
534.20 462.32 0.28 4566.71
559.68 769.07 0.29 5896.21
444.84 238.08 0.09 7994.87
372.48 947.39 0.47 1727.02
375.96 352.02 0.20 4138.89
193.27 112.91 0.30 1097.42
810.18 866.18 0.11 2812.93
412.48 674.80 0.14 887.59
367.96 464.14 0.14 8740.11
10.22 121.73 0.14 4327.73
889.31 542.64 0.10 6053.90
204.27 857.89 0.15 1868.69
301.56 491.55 0.18 3266.29
166.92 674.97 0.36 7263.64
336.13 636.64 0.13 6938.10
140.24 953.51 0.17 6802.14
927.64 304.36 0.37 7996.67
559.65 66.00 0.11 4509.24
658.46 522.40 0.33 3348.23
756.43 38.93 0.44 344.38
961.56 681.59 0.24 967.96
361.33 150.53 0.33 7887.68
737.38 380.28 0.27 6282.16
447.98 830.88 0.13 7606.33
25.23 867.17 0.27 3540.19
714.60 187.31 0.20 3718.17
273.62 955.04 0.17 9057.83
413.87 706.47 0.43 8560.03
786.50 463.02 0.25 5842.09
346.29 342.58 0.22 6496.31
795.09 27.64 0.25 321.77
399.00 312.58 0.06 1086.91
668.20 751.68 0.23 6701.77
135.38 99.13 0.15 5410.94
168.08 438.22 0.21 5115.72
456.63 75.24 0.10 1219.77
12.76 701.35 0.32 3189.72
874.80 494.82 0.20 5275.77
829.23 142.00 0.37 5253.00
243.02 562.69 0.22 8313.89
799.94 481.62 0.25 1145.21
93.34 885.92 0.26 7216.86
659.19 958.53 0.17 4949.36
664.36 823.24 0.42 742.65
454.15 690.41 0.27 7660.52
289.29 127.86 0.24 5564.17
114.33 455.43 0.38 8860.04
148.64 311.98 0.11 1618.47
699.89 499.98 0.37 3570.74
771.10 13.75 0.05 8135.51
598.41 201.43 0.19 4857.30
256.94 20.18 0.05 3033.81
510.95 266.60 0.16 1841.51
133.17 577.71 0.15 2463.59
602.29 785.93 0.32 6052.69
717.70 460.57 0.19 5538.46
532.89 689.56 0.22 2251.95
418.43 117.37 0.13 1936.64
194.71 467.73 0.37 3352.41
933.44 234.72 0.46 1787.12
328.50 764.76 0.09 9182.94
276.45 351.56 0.26 5617.66
201.77 175.17 0.27 7179.03
452.59 292.99 0.15 3748.00
17.68 554.44 0.33 2960.63
560.36 416.42 0.03 997.49
664.08 433.33 0.24 3194.31
761.47 792.62 0.02 5859.98
758.81 453.98 0.27 7080.45
730.49 259.12 0.42 7142.58
825.70 783.94 0.13 1124.42
131.74 143.50 0.31 2136.12
329.15 932.19 0.21 4760.24
121.12 119.37 0.28 3471.99
836.30 843.40 0.14 8472.99
598.17 371.89 0.25 2524.65
780.66 319.12 0.21 8961.94
257.65 677.61 0.28 7342.74
314.33 762.83 0.26 3470.67
864.02 176.82 0.18 348.62
604.64 982.62 0.12 6851.97
573.81 899.91 0.02 1167.97
183.05 172.09 0.07 8089.82
35.55 87.13 0.25 5584.68
705.76 303.00 0.17 8246.19
535.73 347.37 0.24 7184.04
343.39 352.16 0.34 3898.66
522.74 484.13 0.23 1810.65
482.72 657.31 0.27 6361.58
997.49 791.87 0.07 6270.10
290.24 485.91 0.07 3880.23
917.07 418.28 0.22 2763.86
96.10 132.86 0.34 8287.88
915.99 896.28 0.31 411.07
276.80 772.48 0.33 10072.12
434.75 39.38 0.23 5009.20
266.92 424.82 0.12 4142.63
904.72 273.74 0.20 4018.30
779.97 767.78 0.15 9128.59
536.70 33.23 0.17 2732.19
999.35 633.42 0.19 510.02
82.86 539.34 0.30 7100.27
938.58 591.26 0.33 5822.66
9.66 191.12 0.07 5098.24
956.26 20.47 0.20 8619.97
733.77 385.84 0.19 432.14
780.81 76.84 0.13 499.42
260.24 255.27 0.12 6581.46
119.58 263.66 0.11 9505.88
394.14 687.63 0.02 5842.55
622.39 549.96 0.19 6209.82
981.77 684.06 0.42 6922.17
507.79 390.88 0.22 2505.53
882.86 753.32 0.22 764.56
539.42 275.19 0.21 4911.24
101.75 11.57 0.09 4454.48
367.14 559.74 0.22 7440.56
956.12 822.20 0.07 3598.48
830.19 291.71 0.21 9122.79
545.07 809.18 0.27 7203.09
911.86 883.59 0.18 8003.75
556.01 601.51 0.16 7226.78
321.44 196.37 0.10 9602.83
170.00 422.87 0.17 1952.22
42.83 321.19 0.04 3839.46
827.57 844.04 0.22 10031.04
346.12 45.09 0.25 5151.08
240.71 41.00 0.14 7292.06
735.03 496.63 0.19 1106.37
243.39 100.08 0.16 5424.70
896.59 48.90 0.25 3649.88
665.19 520.23 0.33 3618.07
227.76 416.98 0.14 4720.61
609.21 409.08 0.03 7460.10
165.77 140.28 0.23 3615.55
564.30 225.44 0.22 6403.36
470.73 788.05 0.16 2792.31
962.05 401.25 0.29 3715.53
859.04 25.97 0.17 1061.82
485.74 933.81 0.19 1910.80
677.10 15.32 0.28 5451.23
54.32 391.15 0.17 489.73
156.55 780.04 0.21 2852.47
234.70 77.57 0.12 5401.11
986.85 585.72 0.21 7574.16
707.31 728.66 0.41 5013.12
350.10 452.13 0.31 1214.48
295.88 119.51 0.18 1873.14
826.33 466.40 0.33 2348.47
946.13 225.98 0.09 3598.51
726.83 21.04 0.34 4884.62
989.73 739.03 0.25 4459.75
787.67 787.69 0.33 721.09
25.17 278.26 0.25 6895.11
883.04 22.07 0.33 4417.76
846.19 569.74 0.30 1509.60
213.12 576.23 0.17 3745.63
348.43 91.04 0.20 8122.02
231.65 588.01 0.27 9307.78
548.60 716.56 0.35 7802.01
20.90 978.65 0.24 7613.69
905.74 937.21 0.20 5345.25
788.73 721.23 0.08 2170.02
968.27 452.81 0.16 6807.29
917.59 875.95 0.23 6084.02
874.84 714.50 0.17 8139.94
809.00 962.55 0.44 5095.66
987.71 109.83 0.05 4336.91
