917.79 356.10 0.37 6666.59
818.84 851.09 0.15 6692.66
626.04 451.84 0.05 2256.19
219.43 710.99 0.28 6698.21
419.32 177.44 0.35 8724.69
631.24 922.46 0.36 4352.14
891.43 184.21 0.01 9095.08
746.48 695.13 0.29 6570.18
819.08 328.78 0.24 2638.77
193.69 899.02 0.16 7112.55
826.04 237.17 0.11 10373.84
479.14 94.02 0.01 8690.32
461.35 390.93 0.19 5554.11
629.88 780.28 0.17 9892.07
783.28 761.81 0.09 1841.66
508.25 832.09 0.29 5682.24
99.58 691.75 0.26 7239.54
858.22 7.12 0.28 5603.08
864.62 884.57 0.02 6179.59
725.55 821.26 0.14 10504.28
291.09 54.78 0.29 5254.51
485.14 347.68 0.15 1988.59
279.09 981.64 0.28 6654.15
810.58 387.61 0.28 5280.07
105.48 922.95 0.19 4390.15
920.66 789.51 0.35 368.63
412.01 661.70 0.15 2280.35
70.21 937.61 0.21 7951.14
269.64 982.93 0.21 6041.82
470.60 863.05 0.17 10786.64
855.47 941.86 0.33 5403.65
139.68 489.72 0.10 8186.59
490.77 272.87 0.15 9751.75
615.68 870.78 0.19 7497.88
256.90 116.61 0.17 4711.85
3.34 602.48 0.29 10544.64
34.34 44.95 0.21 4246.37
212.05 126.93 0.19 7715.64
717.48 335.65 0.08 8906.29
516.41 540.71 0.42 5017.27
394.01 828.81 0.41 8923.79
31.77 878.01 0.36 6079.90
694.25 918.16 0.08 7328.30
192.43 861.61 0.29 6389.23
628.22 157.36 0.21 6860.66
935.90 90.88 0.22 4923.02
680.58 408.26 0.30 6825.93
2.83 0.58 0.27 8133.84
912.27 661.42 0.07 9972.85
720.70 641.15 0.27 3218.31
783.40 853.59 0.19 9123.71
481.42 450.05 0.09 5805.66
157.99 552.22 0.26 3916.30
950.62 99.36 0.18 9357.27
704.37 603.63 0.30 6493.20
446.29 121.89 0.07 4021.54
669.26 913.55 0.41 3554.60
823.16 780.54 0.32 4165.75
756.35 586.89 0.35 6965.64
159.44 271.88 0.24 4174.64
174.54 475.76 0.12 6761.09
992.46 863.25 0.11 10795.63
499.87 130.03 0.36 7294.34
312.25 604.87 0.33 3944.07
119.34 705.24 0.24 5630.98
651.70 505.05 0.25 9332.97
798.35 291.18 0.16 2636.51
825.81 917.74 0.18 4111.20
893.71 84.67 0.33 10080.21
981.19 606.79 0.30 5945.98
616.36 945.16 0.08 4090.28
739.04 49.28 0.41 8849.21
965.65 354.74 0.11 9094.66
92.59 58.77 0.09 7043.68
482.45 489.42 0.02 2824.95
926.37 529.83 0.19 2398.26
608.28 151.18 0.05 7916.81
616.25 352.20 0.27 9517.03
277.88 500.52 0.27 9056.59
367.41 323.10 0.12 7434.81
259.34 465.92 0.02 2598.44
489.52 50.09 0.02 7967.10
787.12 734.35 0.21 2777.09
138.27 858.65 0.18 5159.88
38.49 410.22 0.10 6843.63
995.02 733.21 0.24 3476.24
962.56 57.18 0.39 6452.54
361.64 572.10 0.28 8120.00
838.53 804.15 0.37 4374.57
36.74 614.42 0.38 4093.72
340.77 236.94 0.24 8232.88
863.90 424.48 0.16 8228.87
584.94 253.42 0.25 4808.55
960.52 382.74 0.39 7035.63
62.97 55.18 0.07 3549.10
412.14 749.17 0.08 5176.41
448.84 541.60 0.29 3199.62
750.40 740.43 0.12 7541.29
437.46 933.93 0.03 10275.23
748.65 170.39 0.20 2488.00
