25 46 30 41 38 7 21 6 26 32 15 44 17 10 16 35 24 13 31 9 23 43 4 42 11 47 2 48 40 49 39 3 14 36 1 20 28 34 33 8 27 37 50 22 18 5 29 19 45 12 
Best fitness: 0.15
37 50 21 24 31 9 42 48 3 39 47 2 10 44 17 16 11 40 5 14 1 32 35 15 46 33 30 26 6 7 41 8 19 25 36 28 34 27 22 49 12 4 43 23 29 45 38 18 20 13 
Worst fitness: 0.17

Mean: 0.16

Standard deviation: 0.00
45 17 44 10 16 32 1 24 40 48 49 34 28 39 3 21 20 7 6 41 8 33 30 26 35 31 9 13 5 11 2 42 4 23 43 29 15 46 25 19 47 36 14 38 27 50 37 22 18 12 
Best fitness: 0.15
25 7 20 47 2 42 31 44 10 24 48 11 1 21 6 16 29 17 15 30 26 41 32 35 39 34 28 50 27 8 46 33 3 18 49 36 14 12 5 40 38 19 23 9 4 13 43 45 37 22 
Worst fitness: 0.18

Mean: 0.16

Standard deviation: 0.00
