45 70 29 63 6 1 19 37 41 32 11 3 42 4 61 36 7 67 49 9 75 50 59 23 53 22 35 73 18 24 20 58 74 43 27 55 21 66 71 28 62 13 64 44 15 48 57 65 72 40 25 14 34 31 33 5 8 30 17 60 16 69 10 56 52 26 46 39 54 38 47 68 12 2 51 
Best fitness: 0.34
46 53 44 59 50 23 75 70 27 14 28 73 71 3 36 42 32 66 40 24 20 62 18 22 2 49 9 34 43 37 11 58 25 35 52 7 67 4 55 6 29 1 63 16 60 72 13 64 48 15 61 45 21 19 5 69 8 30 17 74 41 12 33 31 26 38 68 47 65 57 54 39 56 51 10 
Worst fitness: 0.39

Mean: 0.36

Standard deviation: 0.00
5 6 29 37 42 36 62 64 15 59 48 44 18 24 14 25 73 71 58 66 3 70 4 19 1 32 69 63 16 17 60 20 13 23 50 53 52 75 22 28 41 34 74 8 11 43 10 31 61 27 55 45 46 49 2 35 38 7 67 9 56 40 57 72 30 12 21 33 47 68 51 65 54 39 26 
Best fitness: 0.33
45 49 9 67 53 59 38 71 17 47 60 73 34 37 43 27 26 46 28 24 18 44 22 36 42 4 70 61 21 5 63 8 75 7 50 48 20 74 55 19 1 6 29 11 62 13 40 35 14 3 32 31 41 66 58 30 16 65 57 64 23 15 52 39 2 56 25 72 51 69 12 33 54 10 68 
Worst fitness: 0.40

Mean: 0.36

Standard deviation: 0.00
