63 27 6 45 11 49 75 12 20 16 43 67 41 68 52 36 53 39 3 69 59 24 14 8 48 77 66 23 38 44 57 62 4 79 65 71 21 13 80 18 61 32 76 78 9 33 47 74 55 60 50 1 51 35 28 2 64 54 10 25 17 58 5 72 7 15 22 29 40 73 42 30 56 26 34 37 31 70 46 19 
Moving time: 135.81 142.73 179.01 199.02 220.98 249.81 252.38 263.92 281.77 311.06 338.99 344.38 359.94 387.55 393.01 398.10 435.60 465.66 477.91 482.40 507.98 514.13 537.63 555.10 581.90 596.62 619.73 650.10 659.46 669.78 682.64 687.83 702.99 734.82 776.49 796.31 821.54 854.60 874.95 896.64 917.62 928.04 936.94 949.07 958.20 967.96 979.69 981.65 1008.21 1029.53 1040.42 1057.77 1078.36 1081.41 1090.05 1093.34 1111.06 1118.62 1144.51 1183.11 1194.88 1199.78 1221.72 1234.97 1255.03 1260.87 1269.59 1284.10 1312.06 1334.35 1347.34 1353.92 1360.31 1370.90 1389.39 1404.48 1424.87 1444.38 1453.76 1464.35 1604.57 
Best fitness: 0.00
Worst fitness: 0.0
Average fitness: 0.00
Alpha: 0.50
K: 0.02
Crossover probability: 0.50
Mutation probability: 0.10
Change mutation operator probability 1: 0.15
Change mutation operator probability 2: 0.15