29 48 90 20 27 62 74 35 69 23 25 75 10 51 87 46 43 22 6 28 17 34 85 88 39 59 15 44 40 16 45 78 14 76 21 83 41 38 24 50 57 65 67 56 47 80 84 64 82 77 49 71 1 42 53 19 60 32 55 70 9 7 12 30 68 18 4 86 52 79 58 89 3 13 2 54 72 31 81 36 26 33 8 37 11 73 63 5 66 61 
Moving time: 159.86 182.73 201.33 207.20 214.03 225.86 246.28 271.04 302.50 317.53 342.04 362.22 370.37 387.80 423.32 429.70 440.35 448.45 456.90 472.37 484.37 503.19 511.70 532.87 539.46 550.37 568.57 578.45 611.90 647.92 681.75 705.52 725.24 745.71 777.61 810.01 818.54 821.43 824.28 829.90 837.87 870.32 893.20 894.54 902.14 904.59 931.05 966.88 981.48 999.52 1008.78 1028.62 1039.24 1058.50 1064.99 1067.59 1083.15 1101.80 1116.92 1129.30 1131.59 1137.74 1154.30 1179.65 1191.89 1203.55 1217.03 1239.00 1247.62 1254.69 1257.64 1279.68 1309.22 1323.30 1339.73 1356.82 1360.19 1389.18 1414.54 1440.82 1460.84 1486.88 1500.82 1516.50 1528.85 1535.43 1564.45 1591.66 1603.46 1612.80 1754.06 
Best fitness: 2.00
Worst fitness: 4.0
Average fitness: 3.13
Alpha: 0.50
K: 0.02
Crossover probability: 0.50
Mutation probability: 0.10
Change mutation operator probability 1: 0.15
Change mutation operator probability 2: 0.15