13 58 28 29 1 27 41 46 30 26 65 2 31 34 21 12 9 5 16 50 6 52 64 55 38 36 66 68 8 39 47 37 42 10 14 43 22 40 54 57 33 51 44 69 59 53 4 20 56 48 17 67 11 49 7 3 63 18 45 32 70 23 15 35 24 61 25 62 60 19 
Moving time: 136.65 162.07 168.85 186.76 216.07 257.66 270.11 285.14 300.09 346.52 382.19 396.75 427.82 453.85 459.37 471.74 482.91 498.10 519.90 537.48 543.05 567.89 584.59 607.90 629.35 650.34 671.33 700.82 706.83 712.74 750.66 791.07 798.82 820.02 849.28 878.77 897.24 907.96 924.36 936.09 941.65 960.61 997.45 1015.26 1038.57 1046.39 1051.94 1054.94 1061.46 1064.07 1083.91 1098.16 1119.15 1131.22 1150.52 1157.01 1186.49 1198.98 1210.10 1213.32 1220.03 1235.98 1249.02 1261.91 1279.80 1286.30 1313.85 1345.11 1360.70 1367.75 1515.12 
Best fitness: 0.00
Worst fitness: 0.0
Average fitness: 0.00
Alpha: 0.50
K: 0.02
Crossover probability: 0.50
Mutation probability: 0.10
Change mutation operator probability 1: 0.15
Change mutation operator probability 2: 0.15