27 32 29 4 30 13 3 28 9 14 23 10 22 8 26 2 19 6 18 36 1 24 39 25 34 17 20 40 15 16 33 38 5 35 37 11 31 7 12 21 
Moving time: 147.93 177.75 180.60 185.11 188.60 192.94 207.16 232.79 266.68 297.34 306.03 315.09 323.16 329.80 350.85 364.39 384.72 409.15 431.23 444.06 479.44 493.86 515.41 537.23 561.19 577.73 596.25 621.00 641.98 647.98 653.62 654.34 666.17 686.37 692.47 698.75 712.92 745.97 776.16 794.36 936.57 
Best fitness: 0.00
Worst fitness: 0.0
Average fitness: 0.00
Alpha: 0.50
K: 0.02
Crossover probability: 0.50
Mutation probability: 0.10
Change mutation operator probability 1: 0.15
Change mutation operator probability 2: 0.15