61 92 42 28 95 52 72 84 31 36 85 59 50 43 54 30 79 58 93 73 44 9 74 83 90 32 15 76 38 88 4 14 78 27 97 3 24 82 22 47 57 87 86 63 68 66 60 33 81 99 100 2 37 5 70 65 7 55 53 23 51 46 56 21 40 94 29 17 98 41 71 91 13 67 49 35 12 64 10 19 75 25 8 6 1 20 45 89 96 16 62 18 69 48 39 80 77 34 11 26 
Moving time: 148.01 171.88 183.05 198.33 205.53 229.26 247.99 269.95 307.27 340.27 374.35 422.90 460.19 469.97 482.47 508.78 515.73 535.16 547.18 564.95 576.08 609.73 640.44 659.26 668.58 679.00 691.18 717.79 734.99 748.47 754.24 761.07 782.23 816.04 835.28 857.97 871.37 881.85 898.13 908.13 923.72 932.22 942.23 957.37 984.90 994.74 1004.58 1015.10 1035.09 1061.33 1075.20 1083.96 1100.36 1110.16 1129.60 1141.53 1166.98 1187.96 1210.61 1223.35 1226.23 1229.84 1242.56 1262.98 1268.32 1270.30 1285.13 1303.63 1309.05 1324.39 1341.34 1345.23 1364.70 1380.51 1385.39 1407.15 1432.22 1460.33 1476.11 1488.14 1497.10 1505.92 1525.93 1554.25 1568.33 1587.00 1601.49 1611.56 1624.10 1624.70 1651.90 1662.88 1668.96 1687.24 1705.12 1716.51 1734.29 1756.69 1773.76 1786.25 1922.31 
Best fitness: 0.00
Worst fitness: 1.0
Average fitness: 0.70
Alpha: 0.50
K: 0.02
Crossover probability: 0.50
Mutation probability: 0.10
Change mutation operator probability 1: 0.15
Change mutation operator probability 2: 0.15