69 63 3 42 64 56 6 61 24 46 43 44 50 4 70 47 19 26 18 30 34 32 49 39 13 36 27 22 10 68 9 17 59 11 53 31 33 52 48 28 14 23 67 12 66 37 60 8 38 51 20 16 54 2 15 5 1 40 57 21 29 58 62 65 55 41 7 25 35 45 
Moving time: 122.53 176.51 214.85 232.76 251.24 288.35 326.36 345.61 358.75 384.95 410.34 449.69 472.46 507.27 522.34 566.18 581.93 626.47 656.25 661.94 693.45 710.41 720.48 775.95 811.57 831.32 876.56 898.72 910.34 954.57 980.85 1014.27 1057.28 1070.59 1087.44 1101.03 1138.38 1203.77 1227.96 1285.16 1313.89 1379.80 1479.08 1545.28 1565.05 1577.42 1583.24 1636.82 1673.49 1683.23 1699.17 1729.14 1740.15 1789.02 1808.09 1824.64 1831.79 1843.68 1877.98 1884.29 1908.63 1940.17 2006.84 2052.35 2110.25 2138.75 2179.31 2238.56 2271.27 2313.28 2438.20 
Best fitness: 0.00
Worst fitness: 0.0
Average fitness: 0.00
Alpha: 0.50
K: 0.02
Crossover probability: 0.50
Mutation probability: 0.10
Change mutation operator probability 1: 0.15
Change mutation operator probability 2: 0.15