21 36 28 34 23 31 2 40 3 9 38 20 17 19 27 37 26 30 33 7 24 15 35 11 14 18 10 5 4 8 22 6 13 16 29 32 12 1 39 25 
Moving time: 142.38 192.23 244.73 259.08 316.17 372.06 393.47 438.93 504.71 546.07 620.64 641.75 698.51 750.04 813.47 876.84 900.57 926.78 973.18 974.83 1032.48 1073.46 1139.09 1191.47 1260.20 1306.16 1363.82 1444.25 1475.85 1519.41 1576.69 1620.61 1651.20 1702.53 1719.17 1737.54 1779.64 1830.57 1843.25 1884.13 2049.61 
Best fitness: 0.00
Worst fitness: 0.0
Average fitness: 0.00
Alpha: 0.50
K: 0.02
Crossover probability: 0.50
Mutation probability: 0.10
Change mutation operator probability 1: 0.15
Change mutation operator probability 2: 0.15