26 2 57 32 11 61 28 88 3 50 67 18 84 59 62 83 20 9 21 56 90 54 42 55 10 58 16 39 29 63 36 43 71 34 68 64 14 79 25 45 1 37 51 78 48 70 75 60 49 73 85 15 27 38 7 35 86 69 72 12 82 66 33 31 19 13 5 52 17 46 24 65 89 74 44 30 87 80 81 41 77 23 6 47 22 8 40 76 53 4 
Moving time: 153.21 174.21 187.29 194.55 224.21 232.10 261.32 286.53 339.98 393.44 421.69 438.10 440.74 475.00 511.01 528.89 545.71 597.43 621.02 638.84 659.68 693.14 729.26 751.24 791.62 820.16 845.78 882.41 895.55 937.90 1008.96 1033.98 1075.29 1129.91 1142.72 1187.12 1231.10 1271.66 1314.12 1364.17 1393.53 1438.29 1457.62 1496.88 1518.29 1569.95 1629.78 1642.58 1679.49 1707.02 1751.18 1818.73 1889.14 1909.96 1932.98 1941.27 1970.48 1977.64 2056.96 2152.63 2159.48 2194.13 2232.46 2259.41 2273.19 2303.29 2352.52 2362.90 2385.44 2397.62 2446.58 2447.42 2479.39 2500.84 2537.75 2578.36 2594.34 2632.12 2662.31 2687.58 2713.35 2742.43 2775.70 2814.62 2886.26 2936.11 2971.34 3017.09 3079.91 3110.27 3266.63 
Best fitness: 1.00
Worst fitness: 2.0
Average fitness: 1.37
Alpha: 0.50
K: 0.02
Crossover probability: 0.50
Mutation probability: 0.10
Change mutation operator probability 1: 0.15
Change mutation operator probability 2: 0.15