44 14 42 21 57 56 29 39 77 31 80 6 20 62 75 72 26 79 66 51 76 23 36 10 27 52 25 28 45 8 15 63 33 53 19 4 16 18 78 7 73 67 59 60 43 40 68 46 5 48 64 47 70 55 17 54 71 11 50 69 1 22 37 35 65 3 61 13 49 41 30 38 2 74 58 32 9 24 34 12 
Moving time: 127.88 174.96 207.48 229.35 250.55 288.94 329.53 349.09 378.23 431.05 467.04 488.98 498.87 519.53 573.29 602.31 656.39 671.43 684.61 742.40 794.45 823.02 867.84 903.88 936.74 981.55 1009.50 1080.70 1129.03 1136.75 1167.41 1217.00 1242.38 1286.29 1329.49 1345.62 1394.95 1435.38 1444.65 1482.08 1527.16 1540.88 1590.49 1635.65 1653.17 1669.40 1725.74 1765.06 1808.43 1883.25 1945.47 1995.31 2022.13 2088.31 2149.49 2195.06 2214.30 2253.53 2282.70 2313.53 2343.60 2376.59 2415.54 2436.47 2450.69 2501.79 2578.72 2639.13 2664.45 2676.30 2689.64 2696.89 2711.21 2740.44 2793.82 2878.04 2941.79 3003.72 3033.35 3099.47 3280.28 
Best fitness: 1.00
Worst fitness: 2.0
Average fitness: 1.40
Alpha: 0.50
K: 0.02
Crossover probability: 0.50
Mutation probability: 0.10
Change mutation operator probability 1: 0.15
Change mutation operator probability 2: 0.15