15 51 57 31 38 13 66 72 9 87 92 63 1 81 62 5 69 48 100 23 11 97 73 88 90 68 61 76 93 65 6 54 59 25 49 60 24 82 20 43 17 86 98 34 55 52 30 44 16 41 99 74 10 35 45 26 77 83 39 37 32 7 79 18 75 85 50 2 8 27 71 91 47 78 67 94 12 29 3 64 96 22 95 84 42 53 36 70 80 40 28 21 14 89 46 19 4 58 33 56 
Moving time: 144.40 163.08 177.20 187.59 192.38 207.91 241.17 269.96 318.25 381.03 450.03 497.50 532.74 543.86 547.17 562.62 585.02 603.47 635.39 661.84 699.77 735.82 770.04 841.66 879.56 885.63 932.36 1008.87 1046.73 1072.70 1110.45 1143.16 1174.02 1242.36 1296.94 1321.55 1334.87 1344.28 1368.11 1411.23 1461.56 1509.75 1527.48 1548.34 1563.57 1573.93 1578.91 1638.63 1688.90 1698.69 1724.54 1755.78 1800.36 1849.41 1891.21 2001.20 2066.49 2087.99 2111.70 2182.68 2250.76 2256.78 2295.26 2331.62 2420.73 2475.54 2527.27 2557.18 2574.16 2614.59 2650.17 2705.36 2743.05 2763.31 2787.07 2820.82 2839.98 2881.80 2950.79 2960.14 2974.91 3014.12 3067.80 3101.09 3148.20 3228.05 3261.48 3302.53 3311.42 3336.89 3338.88 3367.87 3395.50 3405.57 3446.83 3519.72 3564.17 3649.41 3668.85 3714.10 3862.90 
Best fitness: 2.00
Worst fitness: 4.0
Average fitness: 2.63
Alpha: 0.50
K: 0.02
Crossover probability: 0.50
Mutation probability: 0.10
Change mutation operator probability 1: 0.15
Change mutation operator probability 2: 0.15