45 11 66 38 67 56 40 47 77 49 84 17 18 91 96 2 48 87 15 95 70 79 44 53 62 46 10 20 76 25 34 83 92 61 4 81 85 43 41 3 99 51 63 78 28 24 69 73 86 23 7 54 35 52 33 26 29 72 5 37 19 89 42 93 68 57 98 50 31 32 71 90 74 1 58 55 30 100 12 97 64 16 14 6 36 59 21 8 27 94 88 39 82 75 9 60 22 65 13 80 
Moving time: 56.09 109.22 135.19 148.63 192.40 236.01 244.53 254.47 287.30 322.43 344.02 349.44 411.41 448.66 471.92 520.47 546.68 555.66 576.64 597.03 618.07 629.66 665.29 680.12 683.43 709.35 767.58 781.16 805.13 826.85 855.61 871.36 894.19 970.64 979.05 1056.96 1069.24 1175.76 1245.93 1253.18 1257.06 1284.23 1304.64 1347.07 1385.52 1398.26 1426.63 1444.28 1477.62 1511.45 1578.94 1641.35 1664.81 1707.15 1731.39 1793.95 1836.30 1925.54 1968.87 1974.49 1979.22 2049.90 2132.70 2138.93 2171.52 2223.46 2256.79 2292.80 2387.19 2461.01 2506.65 2550.00 2615.45 2681.36 2692.70 2721.11 2752.15 2805.69 2843.45 2851.04 2890.38 2980.96 3008.48 3068.44 3146.14 3241.53 3288.26 3336.86 3355.95 3367.63 3431.22 3468.46 3482.78 3514.14 3532.06 3544.32 3594.72 3689.02 3696.51 3790.25 3881.47 
Best fitness: 3.00
Worst fitness: 6.0
Average fitness: 4.60
Alpha: 0.50
K: 0.02
Crossover probability: 0.50
Mutation probability: 0.10
Change mutation operator probability 1: 0.15
Change mutation operator probability 2: 0.15