31 63 44 21 27 57 54 47 10 26 2 58 61 23 66 70 39 19 67 9 4 14 17 45 64 15 3 69 16 34 28 36 60 56 1 11 53 49 43 59 32 30 62 52 41 6 50 8 46 42 22 35 40 24 48 55 13 29 38 37 68 12 33 65 5 18 7 51 25 20 
Moving time: 122.38 174.09 191.88 236.50 277.91 314.83 342.54 405.36 450.30 470.75 525.67 608.48 644.08 698.55 817.99 887.54 940.15 972.10 1001.46 1068.84 1094.38 1139.05 1254.26 1295.44 1337.77 1431.55 1471.66 1510.15 1515.53 1551.35 1562.66 1600.04 1637.44 1663.25 1694.58 1723.71 1746.52 1794.51 1880.06 1916.27 1994.48 2038.69 2093.24 2139.81 2188.88 2276.30 2313.77 2363.63 2384.37 2419.58 2486.64 2487.58 2523.10 2599.68 2664.57 2734.59 2840.82 2861.11 2876.04 2941.21 3002.50 3110.20 3144.37 3162.86 3227.31 3259.24 3279.72 3284.62 3296.64 3358.46 3500.80 
Best fitness: 2.00
Worst fitness: 4.0
Average fitness: 2.90
Alpha: 0.50
K: 0.02
Crossover probability: 0.50
Mutation probability: 0.10
Change mutation operator probability 1: 0.15
Change mutation operator probability 2: 0.15