5 2 14 20 6 10 8 12 7 18 27 23 25 16 13 26 11 21 24 30 22 9 29 1 28 15 4 19 17 3 
Moving time: 131.11 188.64 340.53 427.94 466.56 492.47 551.69 610.55 650.80 715.27 827.99 911.63 1000.21 1050.14 1077.84 1083.42 1152.01 1193.61 1222.13 1252.50 1291.92 1347.41 1427.56 1492.02 1547.36 1592.06 1621.49 1694.01 1727.07 1770.75 1856.78 
Best fitness: 0.00
Worst fitness: 0.0
Average fitness: 0.00
Alpha: 0.50
K: 0.02
Crossover probability: 0.50
Mutation probability: 0.10
Change mutation operator probability 1: 0.15
Change mutation operator probability 2: 0.15