15 2 14 57 6 74 23 67 65 4 49 34 42 10 26 70 30 51 37 20 52 31 19 7 47 80 68 32 76 55 64 8 71 40 16 63 29 73 33 60 41 12 75 72 69 58 43 35 5 9 22 45 66 1 77 18 46 53 61 27 39 48 38 25 50 62 56 54 28 11 44 59 79 24 3 21 13 78 36 17 
Moving time: 177.96 201.44 268.49 289.75 344.02 430.28 487.94 510.43 560.51 677.13 715.46 750.47 772.70 793.82 832.82 847.29 871.75 922.21 1025.18 1119.59 1124.45 1159.76 1192.17 1295.28 1398.01 1449.13 1511.84 1568.11 1641.02 1741.82 1787.15 1810.57 1877.87 1981.11 2088.05 2125.13 2171.41 2235.04 2302.50 2312.63 2338.37 2361.82 2416.42 2420.75 2437.67 2458.90 2475.10 2486.83 2526.10 2571.81 2669.72 2768.22 2834.00 2885.54 2926.18 2939.51 2994.62 3040.81 3059.90 3092.44 3147.94 3197.48 3232.16 3271.41 3353.48 3429.59 3457.59 3484.77 3531.28 3547.47 3559.18 3644.31 3701.53 3780.99 3846.83 3886.49 3911.61 3961.58 4021.09 4124.07 4255.03 
Best fitness: 3.00
Worst fitness: 5.0
Average fitness: 3.53
Alpha: 0.50
K: 0.02
Crossover probability: 0.50
Mutation probability: 0.10
Change mutation operator probability 1: 0.15
Change mutation operator probability 2: 0.15