33 34 11 17 38 30 18 12 9 20 31 35 37 7 24 10 5 23 19 25 4 29 36 39 32 27 14 8 21 6 22 26 15 2 40 28 1 13 16 3 
Moving time: 129.60 147.99 195.81 258.55 370.86 413.25 456.90 476.51 508.50 585.78 595.29 629.53 651.43 702.93 754.34 792.51 810.79 840.19 893.58 922.48 949.84 993.44 1020.99 1081.14 1099.32 1150.30 1197.21 1242.58 1319.81 1416.74 1513.01 1559.83 1596.33 1671.65 1761.20 1794.31 1837.97 1870.09 1925.74 2011.91 2180.52 
Best fitness: 0.00
Worst fitness: 0.0
Average fitness: 0.00
Alpha: 0.50
K: 0.02
Crossover probability: 0.50
Mutation probability: 0.10
Change mutation operator probability 1: 0.15
Change mutation operator probability 2: 0.15