86 10 47 45 56 28 24 11 42 20 25 60 34 78 81 16 4 17 27 49 84 89 8 71 6 85 19 51 83 23 88 12 79 1 29 80 3 67 39 9 41 43 21 68 70 72 36 22 53 37 30 15 69 55 7 18 62 31 59 82 90 33 54 75 40 87 5 38 76 66 61 52 14 13 73 26 50 48 35 64 2 44 65 58 74 63 57 77 32 46 
Moving time: 149.30 209.41 241.25 272.50 294.49 337.90 361.02 385.61 442.08 512.18 548.82 582.22 641.89 660.98 732.72 741.54 823.64 903.66 937.08 943.24 979.17 1036.25 1087.96 1170.36 1213.59 1251.53 1280.93 1349.96 1435.62 1517.30 1571.67 1634.33 1686.96 1746.05 1756.53 1777.45 1788.37 1826.91 1882.51 1920.38 1953.80 1981.08 2015.84 2035.34 2083.10 2145.48 2251.72 2279.50 2337.35 2374.76 2396.26 2413.31 2445.43 2494.86 2540.43 2545.09 2605.84 2687.73 2709.38 2751.29 2800.14 2832.44 2881.57 2939.11 2997.86 3057.40 3140.37 3167.39 3179.95 3210.50 3261.57 3315.10 3401.86 3452.58 3480.49 3521.41 3564.81 3610.30 3675.86 3696.42 3715.25 3773.96 3843.73 3915.10 3959.30 4050.48 4061.24 4122.40 4175.25 4214.61 4328.74 
Best fitness: 1.00
Worst fitness: 3.0
Average fitness: 2.27
Alpha: 0.50
K: 0.02
Crossover probability: 0.50
Mutation probability: 0.10
Change mutation operator probability 1: 0.15
Change mutation operator probability 2: 0.15