575.86 596.64 910.82 0.35 
592.78 681.61 5123.87 0.28 
648.68 672.99 2692.16 0.31 
574.84 707.38 1112.05 0.37 
548.82 643.44 6044.19 0.40 
575.05 693.41 2145.73 0.22 
584.24 657.24 4202.77 0.44 
589.20 565.02 6679.78 0.42 
577.71 600.59 1860.97 0.38 
586.31 584.30 4968.79 0.24 
590.32 566.17 1346.36 0.30 
673.50 545.88 6612.46 0.50 
569.46 631.61 4521.90 0.35 
572.41 557.93 4827.73 0.37 
873.79 588.60 4058.73 0.52 
772.29 736.35 2048.90 0.46 
695.82 651.09 7813.61 0.56 
660.08 838.72 3639.31 0.33 
752.71 598.70 6823.36 0.38 
569.18 554.82 2557.92 0.56 
645.98 556.63 6452.76 0.25 
661.40 544.32 3568.50 0.37 
589.08 712.14 7887.26 0.36 
549.97 552.37 4545.29 0.46 
550.97 729.82 4157.89 0.43 
657.91 593.10 6950.52 0.49 
595.25 576.38 2379.26 0.38 
604.81 617.80 6248.29 0.56 
582.56 732.08 2863.65 0.39 
573.38 889.48 4135.19 0.39 
625.41 547.24 712.07 0.36 
553.18 654.86 3099.28 0.53 
591.87 599.65 7488.44 0.29 
695.07 617.96 7809.15 0.49 
574.92 556.29 7473.43 0.22 
683.54 542.87 6529.42 0.31 
697.12 822.19 6102.41 0.31 
568.57 547.97 5946.33 0.24 
654.51 590.05 6665.51 0.41 
762.44 608.13 2208.43 0.28 
645.53 608.84 4040.19 0.55 
560.63 600.64 5197.22 0.24 
572.13 649.00 937.00 0.49 
672.97 627.41 7077.08 0.32 
572.09 710.45 2640.18 0.43 
639.79 564.99 3253.52 0.36 
604.81 576.05 607.52 0.26 
710.82 628.19 6145.39 0.49 
630.94 627.85 5190.67 0.42 
574.25 577.77 876.38 0.39 
678.95 769.79 7870.16 0.33 
689.32 689.63 4601.16 0.26 
652.29 675.24 3081.81 0.48 
687.65 687.01 4913.51 0.46 
555.61 674.75 7674.82 0.46 
696.67 593.54 2501.43 0.26 
678.16 740.01 3602.29 0.51 
685.61 609.27 1933.50 0.40 
591.32 676.84 5622.21 0.57 
617.41 588.45 7022.12 0.31 
557.07 692.18 7459.42 0.30 
585.29 583.55 1093.81 0.64 
551.65 614.21 6016.50 0.38 
924.15 626.44 2560.17 0.36 
622.58 615.99 3362.32 0.26 
777.60 697.80 6933.36 0.40 
803.75 574.16 7313.10 0.22 
586.83 616.70 4576.83 0.39 
558.03 615.52 4149.36 0.32 
592.32 616.04 1080.06 0.28 
546.56 655.69 3297.46 0.16 
540.87 610.24 3900.81 0.54 
566.69 639.90 942.94 0.44 
684.49 551.07 7529.04 0.36 
654.94 600.28 4360.37 0.44 
582.74 571.84 2635.41 0.38 
578.90 629.44 3257.38 0.30 
551.88 620.25 7118.40 0.29 
548.22 621.82 2936.06 0.45 
700.72 566.00 3595.48 0.43 
630.71 738.58 4549.15 0.27 
24 35 62 50 14 20 8 11 27 47 31 60 1 9 70 77 13 79 73 43 29 23 4 45 2 49 65 41 48 58 56 80 36 22 76 72 69 63 7 32 55 59 6 61 25 81 53 54 57 3 46 75 26 12 34 40 17 28 68 33 10 42 51 66 16 18 5 71 38 39 21 74 19 15 64 67 44 52 30 37 78 
Best fitness: 2.67
20 1 73 65 31 76 50 62 70 43 32 28 41 47 24 14 21 46 75 58 48 16 57 49 11 10 63 78 8 27 9 13 72 79 7 3 53 54 2 59 77 69 5 6 45 25 29 4 44 26 22 80 19 40 56 68 71 23 18 37 30 51 81 34 17 74 36 12 39 67 15 64 66 55 38 35 60 52 33 61 42 
Worst fitness: 3.15

Mean: 2.88

Standard deviation: 0.01
