731.89 671.47 7978.41 0.43 
567.61 578.35 6167.86 0.38 
670.32 648.18 5681.78 0.47 
549.63 616.43 2340.45 0.65 
676.78 655.46 2787.29 0.48 
665.00 614.06 3603.93 0.32 
860.70 651.82 743.51 0.52 
652.29 656.59 2060.20 0.50 
553.35 678.06 5673.06 0.25 
708.41 603.38 3075.32 0.38 
541.92 555.12 5647.85 0.31 
673.05 574.68 7037.64 0.28 
587.83 634.41 6865.27 0.30 
626.61 587.43 7769.37 0.24 
567.48 601.05 6132.41 0.42 
632.97 581.94 3364.07 0.45 
670.82 664.09 6135.60 0.43 
673.49 553.44 7671.84 0.32 
553.81 663.04 5412.23 0.35 
544.87 706.01 6821.86 0.34 
543.18 610.28 2872.27 0.61 
730.55 608.53 6535.07 0.37 
547.34 667.65 1790.05 0.53 
631.65 659.46 2994.51 0.45 
680.81 639.64 3306.94 0.43 
681.36 541.77 870.40 0.29 
681.16 825.06 5173.25 0.56 
614.88 563.24 6392.94 0.46 
616.27 540.21 6438.92 0.40 
634.13 550.10 2376.43 0.48 
616.35 580.47 1228.34 0.42 
589.10 730.36 971.70 0.50 
621.98 620.90 4371.33 0.56 
638.95 562.59 4613.38 0.43 
583.64 728.40 1451.79 0.30 
618.15 603.84 4857.98 0.23 
658.55 747.45 1804.86 0.28 
576.98 552.10 677.53 0.26 
653.19 568.44 5434.71 0.39 
552.22 602.63 2740.20 0.45 
589.00 610.74 5386.24 0.45 
639.86 652.33 7659.75 0.46 
547.37 569.30 4348.23 0.47 
677.32 721.68 1983.70 0.36 
578.65 665.12 5680.27 0.41 
607.17 557.84 847.30 0.43 
590.84 568.77 5395.88 0.44 
629.03 674.53 1335.80 0.43 
658.78 612.41 1147.46 0.39 
656.23 690.79 4349.06 0.46 
545.80 629.62 7710.39 0.40 
752.42 588.03 4454.64 0.30 
595.93 752.71 5142.04 0.37 
565.87 631.80 4670.96 0.33 
581.10 567.46 7892.78 0.32 
573.05 720.08 6722.43 0.49 
669.78 809.73 2159.51 0.45 
553.49 577.80 5680.52 0.38 
584.14 717.92 3043.85 0.51 
635.74 617.51 5706.71 0.42 
646.75 587.38 737.19 0.27 
599.47 544.06 2877.44 0.50 
822.10 564.32 1020.33 0.49 
607.00 566.51 3551.05 0.37 
553.01 578.85 3606.43 0.53 
576.77 684.19 3270.26 0.30 
642.57 591.93 3040.89 0.37 
638.65 549.24 4290.64 0.47 
711.68 544.36 7371.07 0.40 
541.34 564.29 7208.62 0.17 
585.90 739.70 1550.97 0.37 
593.63 658.93 3937.44 0.49 
635.01 545.71 2283.02 0.58 
610.92 545.00 2895.09 0.61 
622.85 619.89 5169.53 0.39 
570.96 612.72 764.66 0.42 
689.32 591.88 1702.93 0.39 
615.54 740.18 3180.88 0.48 
709.67 678.46 7345.71 0.31 
659.23 598.31 5640.92 0.46 
575.87 603.92 2651.66 0.50 
603.27 692.37 7475.88 0.39 
565.41 572.21 6668.85 0.61 
615.97 706.46 4500.90 0.43 
544.83 551.65 596.44 0.34 
570.98 551.55 6454.85 0.39 
589.45 555.23 661.55 0.57 
549.15 584.81 3590.81 0.33 
598.82 779.93 7274.67 0.40 
555.55 695.60 2798.84 0.42 
589.62 642.18 5121.98 0.42 
85 11 86 87 38 74 62 46 61 80 49 24 8 3 48 72 40 65 81 15 76 4 21 51 23 90 35 32 71 59 31 47 26 63 7 77 67 30 73 68 6 25 16 10 79 5 58 83 70 43 88 9 54 91 66 45 13 33 36 14 34 42 84 78 50 1 52 12 28 64 41 56 37 57 44 17 60 75 82 53 89 27 20 39 19 29 2 69 55 18 22 
Best fitness: 4.25
85 37 71 35 32 56 59 4 76 38 87 48 1 7 63 77 49 80 46 61 26 30 73 64 31 16 14 60 72 66 90 23 40 21 33 17 8 24 5 25 65 86 43 83 81 75 28 68 34 36 74 62 29 39 67 57 20 78 50 44 10 52 3 84 27 18 12 6 41 88 70 47 55 42 13 91 54 51 11 2 15 45 79 22 19 9 53 89 82 58 69 
Worst fitness: 5.13

Mean: 4.68

Standard deviation: 0.04
