565.23 661.14 4845.11 0.33 
585.53 556.42 5092.14 0.31 
568.72 658.16 861.82 0.45 
738.58 644.60 5689.71 0.65 
545.16 569.07 2345.17 0.38 
617.12 598.61 7786.81 0.71 
650.78 602.75 1395.23 0.44 
622.32 578.92 7826.11 0.55 
603.85 590.52 4884.58 0.34 
543.37 654.26 2071.38 0.36 
542.12 563.59 890.17 0.30 
598.68 613.00 7638.38 0.38 
621.37 553.80 1698.06 0.56 
578.72 723.63 7056.04 0.31 
573.59 620.29 3010.43 0.36 
694.98 553.29 2535.91 0.32 
555.63 624.03 4585.54 0.27 
632.54 667.67 4303.11 0.52 
557.44 559.73 793.59 0.36 
543.98 563.85 6276.81 0.44 
550.12 675.45 797.75 0.33 
11 5 19 2 13 7 3 21 10 1 17 15 12 9 8 6 18 16 4 20 14 
Best fitness: 0.60
11 19 10 21 3 7 13 8 9 2 20 5 17 15 12 6 16 18 4 1 14 
Worst fitness: 0.61

Mean: 0.61

Standard deviation: 0.00
