576.87 572.02 1657.57 0.42 
652.67 593.00 3184.44 0.46 
659.65 624.55 4992.37 0.46 
608.86 550.34 5015.57 0.38 
601.96 735.25 4649.06 0.34 
555.59 566.87 2191.94 0.23 
547.87 582.98 5574.23 0.42 
705.28 558.27 7235.94 0.28 
569.88 620.60 2224.85 0.39 
571.17 541.55 2589.67 0.33 
659.55 586.16 5200.26 0.30 
673.97 587.54 7680.52 0.34 
624.77 698.30 5452.38 0.28 
542.85 662.18 4137.28 0.59 
586.54 578.83 6504.09 0.40 
628.26 613.33 3473.11 0.48 
636.18 761.35 7417.74 0.32 
649.31 655.28 6858.20 0.44 
613.90 679.74 4097.36 0.54 
541.00 615.47 5604.36 0.27 
637.42 545.07 2699.43 0.48 
584.23 703.88 5011.32 0.40 
580.80 638.72 2457.46 0.43 
582.53 669.97 6313.32 0.39 
540.97 721.17 4975.78 0.30 
631.53 752.32 5795.53 0.28 
790.37 681.91 7937.74 0.38 
547.00 604.75 2791.74 0.28 
570.29 626.34 2484.55 0.44 
607.60 566.98 5994.37 0.43 
665.65 544.05 2563.49 0.48 
559.13 636.19 7289.34 0.38 
581.27 609.63 2300.46 0.24 
577.10 587.52 7663.76 0.40 
558.12 547.02 5342.55 0.31 
561.60 560.58 1884.59 0.35 
575.32 682.73 2745.17 0.16 
566.05 763.29 4627.74 0.40 
586.72 579.58 2695.27 0.46 
642.92 574.48 847.24 0.50 
597.83 641.89 2772.62 0.38 
595.88 681.48 6853.91 0.36 
610.82 645.86 6735.72 0.24 
826.24 551.58 3736.67 0.36 
665.54 559.09 782.73 0.46 
736.29 775.25 7853.61 0.38 
589.70 674.27 3032.92 0.35 
618.10 564.55 952.94 0.45 
557.26 784.77 2026.20 0.37 
614.13 663.76 5029.80 0.37 
564.27 690.41 2829.24 0.39 
576.74 679.28 2506.39 0.36 
630.18 642.99 7874.24 0.65 
587.22 569.22 920.10 0.33 
631.50 584.11 5711.44 0.18 
594.55 639.34 1536.11 0.52 
704.46 544.37 3158.36 0.46 
560.84 541.01 1031.95 0.48 
585.19 595.31 3859.39 0.47 
653.81 643.17 5787.28 0.40 
743.92 640.65 7477.27 0.52 
639.00 575.26 982.20 0.35 
599.78 566.25 2256.93 0.44 
597.08 549.52 4473.43 0.45 
613.14 542.06 6961.10 0.30 
678.16 692.83 974.48 0.34 
545.19 629.09 2360.27 0.32 
632.69 561.48 6720.71 0.44 
691.15 672.55 4275.70 0.51 
798.09 717.54 5314.20 0.40 
758.35 609.81 7140.17 0.45 
645.71 569.22 1958.07 0.52 
687.08 648.58 2264.43 0.53 
568.57 563.90 4853.28 0.35 
567.32 640.35 2525.89 0.38 
580.94 548.12 1020.17 0.32 
605.61 772.25 7319.02 0.41 
710.31 663.58 3994.49 0.49 
707.61 558.75 1681.41 0.38 
596.65 599.10 3387.40 0.61 
688.15 569.14 5726.14 0.54 
578.14 818.16 2448.79 0.42 
602.41 676.30 7437.26 0.53 
550.68 564.07 1961.70 0.34 
545.52 655.68 1252.67 0.30 
632.58 580.27 4988.22 0.45 
642.99 544.02 5025.01 0.48 
582.61 778.71 4805.94 0.30 
616.03 594.09 848.32 0.41 
599.23 752.25 5711.32 0.56 
568.64 812.19 6495.65 0.38 
637.67 543.57 799.75 0.40 
705.08 663.55 6262.00 0.31 
572.13 575.91 6498.75 0.43 
627.74 658.54 5867.98 0.46 
572.49 594.81 2225.35 0.44 
588.25 542.01 865.64 0.38 
598.82 686.30 4942.43 0.40 
696.66 657.43 7268.56 0.35 
559.88 643.68 973.09 0.41 
543.94 576.55 977.40 0.38 
702.42 738.13 2523.36 0.46 
643.04 571.97 5231.08 0.47 
599.45 550.30 2808.55 0.33 
652.74 589.22 6955.53 0.34 
557.65 814.40 6510.25 0.24 
620.03 846.06 1159.45 0.42 
634.20 611.70 2690.16 0.38 
579.38 582.78 6653.23 0.45 
646.48 610.95 4974.11 0.36 
634.42 580.98 4666.46 0.47 
644.98 646.45 4689.92 0.39 
548.55 541.14 625.29 0.40 
653.11 607.99 5842.27 0.24 
662.40 548.70 7817.89 0.30 
592.35 626.70 2848.25 0.39 
549.81 550.39 6158.15 0.46 
561.17 576.90 7909.49 0.35 
825.28 603.83 7420.46 0.52 
658.52 555.17 7588.39 0.32 
602.47 726.01 6556.18 0.28 
656.50 575.98 4943.49 0.58 
555.44 608.48 1911.16 0.32 
555.11 681.91 2506.08 0.40 
679.91 562.15 7279.32 0.45 
676.41 542.09 7787.49 0.41 
563.52 733.72 4955.66 0.34 
540.84 547.59 6335.52 0.27 
570.28 854.35 2949.67 0.60 
591.98 619.47 6513.41 0.45 
636.56 703.87 5183.75 0.35 
621.06 814.10 1074.15 0.31 
543.38 551.31 2208.14 0.40 
797.91 624.60 1555.94 0.49 
644.40 548.80 5160.77 0.53 
726.81 592.74 3365.54 0.32 
560.59 558.84 2865.86 0.17 
579.32 668.21 659.83 0.42 
611.03 604.73 1956.20 0.42 
621.29 590.30 3012.32 0.24 
570.84 612.02 2160.12 0.36 
552.56 578.61 5620.67 0.52 
551.78 614.46 3782.33 0.45 
559.79 732.60 3479.11 0.34 
684.20 572.59 5269.12 0.57 
617.05 613.02 6832.83 0.34 
563.35 571.77 2019.40 0.59 
602.46 670.86 5009.16 0.32 
582.94 828.46 7166.35 0.27 
566.42 614.53 6317.32 0.35 
557.75 605.66 3896.99 0.38 
579.90 853.10 818.02 0.47 
689.19 624.72 1261.10 0.39 
550.51 675.15 4207.06 0.44 
720.99 565.87 2325.75 0.62 
645.70 544.63 622.32 0.49 
665.33 673.52 4199.29 0.50 
620.80 630.78 557.40 0.37 
785.02 703.18 3608.26 0.54 
684.26 551.83 7152.51 0.43 
684.44 663.35 6506.13 0.18 
620.77 850.27 3365.55 0.42 
694.80 649.36 3583.67 0.49 
595.90 652.76 3924.66 0.40 
618.63 740.40 6600.36 0.41 
543.30 749.55 3704.41 0.25 
605.34 621.83 836.44 0.44 
594.21 622.51 868.40 0.48 
606.02 624.07 3199.16 0.48 
609.86 578.96 6723.24 0.50 
642.90 582.85 1006.52 0.46 
546.73 614.74 6045.34 0.35 
638.38 648.53 7901.87 0.42 
587.26 593.49 580.61 0.48 
585.55 745.85 6255.68 0.18 
651.90 559.78 6145.86 0.41 
759.16 588.03 5031.19 0.44 
544.13 590.77 2373.46 0.52 
570.66 606.34 4612.44 0.38 
698.12 612.90 4160.46 0.50 
594.88 770.08 1021.09 0.38 
603.99 710.87 3870.20 0.31 
673.92 674.78 5076.97 0.35 
592.76 586.65 6406.74 0.28 
625.37 602.08 5412.41 0.25 
610.64 592.52 3625.51 0.33 
563.83 653.20 4596.40 0.52 
638.36 556.86 5632.63 0.27 
606.71 623.07 6788.70 0.33 
550.43 616.56 5589.68 0.43 
660.96 577.31 4200.80 0.37 
683.11 672.67 2232.54 0.26 
710.85 585.08 3758.05 0.23 
630.34 558.16 6626.64 0.43 
644.40 760.88 580.76 0.32 
674.93 557.76 1384.04 0.49 
689.94 645.09 5419.52 0.53 
610.92 597.15 4540.92 0.42 
653.99 553.93 4728.43 0.32 
726.17 576.35 3619.87 0.46 
566.98 614.25 647.03 0.64 
117 86 40 120 199 156 103 169 158 56 168 26 195 100 32 201 101 113 10 133 36 174 1 150 141 151 171 89 167 85 138 43 29 179 104 58 48 147 21 45 114 153 196 111 80 54 30 135 92 170 62 72 8 79 22 197 180 97 63 4 188 140 139 76 74 84 15 31 126 33 143 9 96 41 187 75 28 94 6 178 109 59 186 66 152 181 107 132 102 173 39 118 123 7 67 52 144 182 124 23 51 16 122 145 155 193 73 163 134 81 2 3 185 55 116 164 19 47 37 176 87 71 200 57 154 190 184 108 95 121 14 49 82 129 38 53 50 11 189 60 157 5 165 70 142 83 131 98 148 34 128 35 191 115 194 112 146 110 99 192 12 160 44 93 69 78 65 64 68 198 130 90 127 172 24 13 17 119 177 136 61 161 183 166 25 88 91 159 46 20 137 125 42 18 105 27 77 175 149 106 162 
Best fitness: 18.98
167 100 85 158 35 117 76 101 39 63 62 171 188 21 48 150 201 32 138 153 180 155 57 196 120 92 104 97 23 56 110 105 40 156 115 11 94 113 58 89 148 52 195 191 45 137 84 133 128 59 116 168 60 18 98 66 38 77 79 72 139 140 4 169 130 174 96 36 54 7 178 75 14 1 108 2 3 55 10 30 147 123 9 124 49 132 107 91 83 50 51 112 78 161 69 134 31 135 176 64 24 154 43 198 184 170 179 80 15 190 141 157 29 17 175 166 73 93 27 102 152 106 82 181 19 22 88 162 26 6 74 160 125 185 164 121 127 53 143 182 47 33 20 41 86 16 173 42 172 28 67 189 151 109 68 187 95 159 200 193 163 126 87 145 192 99 46 90 129 144 146 34 111 118 142 65 186 194 122 177 136 81 61 8 12 131 5 13 183 103 199 37 71 70 44 119 165 25 114 149 197 
Worst fitness: 22.14

Mean: 20.40

Standard deviation: 0.51
