917.79 356.10 0.37 7019.55
818.84 851.09 0.15 7099.09
626.04 451.84 0.05 2352.24
219.43 710.99 0.28 7701.39
419.32 177.44 0.35 1002.55
631.24 922.46 0.36 5338.36
891.43 184.21 0.01 9117.75
746.48 695.13 0.29 4793.30
819.08 328.78 0.24 3178.49
193.69 899.02 0.16 6823.05
826.04 237.17 0.11 10590.48
479.14 94.02 0.01 8670.06
461.35 390.93 0.19 5379.52
629.88 780.28 0.17 9342.75
783.28 761.81 0.09 2023.45
508.25 832.09 0.29 6283.45
99.58 691.75 0.26 2926.08
858.22 7.12 0.28 5689.83
864.62 884.57 0.02 6219.03
725.55 821.26 0.14 8345.39
291.09 54.78 0.29 4168.64
485.14 347.68 0.15 2066.58
279.09 981.64 0.28 6592.84
810.58 387.61 0.28 5906.41
105.48 922.95 0.19 5128.32
920.66 789.51 0.35 669.54
412.01 661.70 0.15 1460.89
70.21 937.61 0.21 1267.30
269.64 982.93 0.21 6743.74
470.60 863.05 0.17 10686.82
855.47 941.86 0.33 5832.69
139.68 489.72 0.10 8257.09
490.77 272.87 0.15 8896.44
615.68 870.78 0.19 7846.51
256.90 116.61 0.17 4310.63
3.34 602.48 0.29 8796.25
34.34 44.95 0.21 897.13
212.05 126.93 0.19 4747.77
717.48 335.65 0.08 658.84
516.41 540.71 0.42 5621.27
394.01 828.81 0.41 9322.34
31.77 878.01 0.36 6660.32
694.25 918.16 0.08 7056.65
192.43 861.61 0.29 2532.29
628.22 157.36 0.21 7455.85
935.90 90.88 0.22 1719.34
680.58 408.26 0.30 7489.12
2.83 0.58 0.27 8941.49
912.27 661.42 0.07 10044.38
720.70 641.15 0.27 3119.37
783.40 853.59 0.19 9615.02
481.42 450.05 0.09 6102.16
157.99 552.22 0.26 4071.52
950.62 99.36 0.18 9862.18
704.37 603.63 0.30 7289.72
446.29 121.89 0.07 4210.80
669.26 913.55 0.41 1580.52
823.16 780.54 0.32 4548.71
756.35 586.89 0.35 5485.18
159.44 271.88 0.24 4514.68
174.54 475.76 0.12 7100.91
992.46 863.25 0.11 9406.33
499.87 130.03 0.36 7960.50
312.25 604.87 0.33 4184.98
119.34 705.24 0.24 6045.65
651.70 505.05 0.25 9986.02
798.35 291.18 0.16 3010.90
825.81 917.74 0.18 2403.68
893.71 84.67 0.33 10241.80
981.19 606.79 0.30 6810.62
616.36 945.16 0.08 4178.59
739.04 49.28 0.41 2018.44
965.65 354.74 0.11 9391.86
92.59 58.77 0.09 6929.47
482.45 489.42 0.02 2751.91
926.37 529.83 0.19 2573.31
608.28 151.18 0.05 7834.09
616.25 352.20 0.27 9959.01
277.88 500.52 0.27 9633.41
367.41 323.10 0.12 7813.06
259.34 465.92 0.02 2632.22
489.52 50.09 0.02 8007.16
787.12 734.35 0.21 3040.94
138.27 858.65 0.18 5399.37
38.49 410.22 0.10 7058.29
995.02 733.21 0.24 3687.06
962.56 57.18 0.39 1163.66
361.64 572.10 0.28 8718.90
838.53 804.15 0.37 4585.75
36.74 614.42 0.38 866.88
340.77 236.94 0.24 8991.41
863.90 424.48 0.16 8384.39
584.94 253.42 0.25 5278.69
960.52 382.74 0.39 8100.06
62.97 55.18 0.07 2857.75
412.14 749.17 0.08 5344.51
448.84 541.60 0.29 3592.24
750.40 740.43 0.12 7782.74
437.46 933.93 0.03 9694.33
748.65 170.39 0.20 1765.79

11497.68
