197.57 229.40 0.48 1096.75
52.91 112.92 0.60 1874.70
59.68 43.53 0.44 1719.61
22.19 100.32 0.45 1381.34
68.02 103.56 0.60 2298.73
97.21 140.68 0.53 4268.54
61.41 271.91 0.60 644.92
158.46 306.83 0.46 1032.86
145.79 281.39 0.51 3351.41
80.19 257.75 0.60 4473.12
197.32 221.01 0.49 -359.57
114.77 309.83 0.40 4206.52
128.92 492.69 0.60 9101.11
109.19 493.03 0.60 3211.21
89.36 531.74 0.43 366.53
108.58 571.17 0.42 626.24
60.42 413.03 0.33 2570.49
110.15 508.67 0.55 908.98
78.34 815.84 0.45 6006.26
75.52 680.07 0.60 2827.97
3.08 638.54 0.39 6305.88
58.06 711.84 0.57 2510.08
77.80 738.85 0.52 4508.79
137.24 758.68 0.60 558.32
45.04 818.95 0.46 -41.22
73.52 964.70 0.60 50.68
53.90 810.90 0.43 8443.90
135.93 914.69 0.25 7152.83
224.99 961.86 0.60 78.38
6.52 946.76 0.33 463.71
279.91 123.27 0.46 127.50
229.57 70.09 0.43 1614.09
236.50 196.85 0.60 1404.66
355.89 161.37 0.34 3822.66
385.86 218.73 0.44 -140.17
216.66 15.55 0.60 -348.89
413.47 292.86 0.50 3296.40
320.47 248.22 0.53 479.37
258.53 420.49 0.45 9582.07
371.44 263.34 0.45 3984.41
294.89 305.38 0.54 934.04
303.98 297.59 0.52 2214.00
300.59 426.46 0.53 10653.79
298.21 510.15 0.49 777.05
402.48 441.66 0.51 3952.36
337.75 520.94 0.48 8577.91
349.26 525.83 0.41 3407.29
241.77 489.76 0.43 9007.76
247.23 827.91 0.43 624.91
298.87 706.11 0.57 3780.41
353.17 747.44 0.60 8255.32
300.19 672.61 0.54 6901.74
327.30 584.16 0.48 1035.30
348.35 642.04 0.58 3992.51
334.58 882.74 0.43 6767.22
355.12 857.65 0.46 6177.52
331.02 866.44 0.46 2563.83
244.04 903.42 0.43 2749.22
337.38 902.77 0.52 7549.93
347.51 928.05 0.29 4203.77
432.88 124.10 0.54 592.40
591.61 220.63 0.33 6942.13
486.31 192.18 0.52 3977.73
419.02 75.12 0.58 8706.92
446.65 77.42 0.45 298.85
513.21 57.06 0.55 969.87
516.66 266.76 0.47 7452.37
470.07 358.73 0.60 7146.25
519.71 227.96 0.60 3350.57
558.48 267.05 0.48 3725.87
488.51 373.26 0.52 1508.05
467.33 379.17 0.58 7210.54
471.07 467.41 0.44 1309.57
504.67 505.86 0.41 5568.57
416.09 556.87 0.53 4547.16
464.71 494.01 0.39 2036.98
511.76 612.28 0.49 75.02
409.91 520.77 0.54 3842.57
467.13 699.07 0.50 81.66
570.10 615.93 0.47 2078.64
512.94 815.49 0.60 6947.22
530.06 738.88 0.60 295.65
512.97 768.05 0.48 5111.77
550.26 686.60 0.40 4426.09
468.17 905.80 0.52 445.23
491.27 855.58 0.48 5772.34
505.21 967.03 0.36 2575.77
509.54 790.99 0.54 3717.36
457.57 949.73 0.51 2179.48
502.97 908.84 0.60 4431.62
704.15 111.52 0.48 1017.46
688.37 116.99 0.58 3214.87
641.59 150.16 0.55 -40.49
592.85 150.79 0.51 1516.17
641.63 113.48 0.60 2427.25
790.25 154.79 0.46 7216.39
619.56 296.68 0.56 3070.47
729.91 267.52 0.46 2729.32
748.91 313.55 0.43 1162.10
664.82 318.15 0.38 3594.76
622.65 294.17 0.26 4111.28
644.71 302.19 0.60 98.32
712.91 502.78 0.54 7590.17
620.16 472.28 0.50 5322.68
676.40 463.56 0.52 6558.80
654.09 494.17 0.37 4871.97
696.08 511.79 0.50 883.15
705.28 430.81 0.47 1273.23
637.81 686.05 0.55 -277.32
682.23 675.70 0.46 942.60
724.40 730.91 0.32 6605.49
715.84 744.18 0.45 555.81
823.87 717.59 0.40 2829.41
670.99 727.08 0.44 4747.73
678.48 920.27 0.48 4312.17
686.71 857.66 0.50 4966.17
595.89 889.48 0.60 10427.54
703.15 913.94 0.29 3995.93
737.08 920.10 0.34 5347.34
696.57 865.14 0.41 1865.93
856.61 101.27 0.60 97.30
986.18 43.16 0.49 527.82
844.75 56.31 0.60 -95.17
932.06 126.03 0.40 1993.83
856.80 112.21 0.60 2721.07
861.12 30.00 0.42 1612.97
906.40 284.49 0.35 5170.69
861.21 360.90 0.50 589.30
839.88 339.49 0.60 -28.43
921.78 226.04 0.38 3074.83
921.22 256.69 0.56 4255.45
936.25 249.67 0.43 437.45
970.67 473.20 0.25 7503.36
999.61 477.98 0.47 1814.43
909.75 470.92 0.34 2960.13
877.33 500.48 0.60 5334.28
912.76 406.37 0.36 115.38
909.53 546.74 0.47 4346.54
890.55 686.95 0.38 1254.15
953.29 781.25 0.51 2605.17
943.42 748.64 0.38 3572.11
949.51 739.32 0.56 4826.18
850.51 642.43 0.57 -1276.63
829.43 767.37 0.50 5176.18
863.07 869.45 0.43 -31.65
936.23 868.06 0.48 6228.83
867.04 852.85 0.47 5605.99
833.74 835.79 0.56 74.81
885.32 938.06 0.60 1212.98
915.51 915.46 0.54 56.23
