50.15 180.51 0.54 5192.42
95.34 8.77 0.29 5447.95
104.85 140.53 0.44 4136.27
111.75 249.10 0.48 962.60
92.77 82.81 0.56 4382.08
87.52 284.58 0.38 6460.38
87.57 275.30 0.59 95.79
175.29 338.59 0.48 3845.15
92.86 326.51 0.36 2472.54
82.60 224.09 0.47 7128.07
143.54 583.55 0.60 2025.20
128.51 573.82 0.45 306.91
178.93 515.19 0.56 305.20
96.08 476.18 0.49 6122.23
40.03 520.26 0.29 8672.77
90.13 721.44 0.60 6482.21
57.05 717.73 0.53 7486.28
145.70 694.76 0.51 4898.91
109.86 665.51 0.60 2687.67
135.93 676.58 0.46 4347.48
86.36 795.38 0.47 7443.25
97.53 952.19 0.35 3755.42
124.89 869.21 0.45 9978.27
176.69 917.19 0.44 3707.82
79.15 920.43 0.37 3882.24
332.40 40.62 0.57 3519.24
285.51 167.46 0.51 5576.91
300.03 24.19 0.60 8832.69
342.01 169.35 0.60 965.44
329.13 53.98 0.59 6225.98
272.90 365.88 0.52 1055.91
220.40 274.29 0.59 7044.98
277.36 328.18 0.51 6192.43
287.92 293.01 0.52 4878.02
299.28 211.54 0.37 1546.68
410.49 461.29 0.45 5151.37
325.47 465.99 0.57 5923.92
294.50 539.73 0.35 7208.44
207.90 503.51 0.46 5243.96
262.62 520.87 0.57 8667.24
233.14 680.16 0.48 2735.19
357.64 596.93 0.50 575.47
281.29 734.00 0.46 488.33
372.27 576.13 0.59 8654.84
296.16 737.80 0.54 8219.50
371.45 990.34 0.52 4537.35
346.00 869.60 0.50 2726.29
284.94 925.45 0.46 7453.14
353.19 968.22 0.46 6384.23
313.30 862.74 0.49 1715.53
482.64 149.84 0.26 6715.17
594.42 245.12 0.48 4745.27
465.15 14.88 0.55 143.82
490.22 162.10 0.42 2141.06
489.96 152.52 0.53 3355.68
473.08 222.52 0.57 3074.70
491.16 437.20 0.48 4083.78
548.42 388.39 0.53 4451.86
516.68 240.60 0.45 6706.46
567.41 215.05 0.40 7176.60
493.84 500.07 0.44 4182.78
462.17 467.61 0.58 2488.70
461.21 474.27 0.60 5469.70
469.79 429.54 0.53 5677.06
452.34 438.92 0.40 4734.77
521.98 703.91 0.45 718.70
418.55 730.60 0.34 1969.92
570.13 683.50 0.47 4089.00
497.16 799.51 0.60 6186.84
470.70 595.87 0.33 4045.03
436.28 842.97 0.44 387.23
552.11 931.97 0.45 5937.28
472.54 904.82 0.39 4657.64
447.90 864.47 0.38 1968.18
495.75 888.16 0.52 4351.42
661.77 127.74 0.60 7097.17
768.53 85.54 0.46 10041.66
672.45 70.05 0.24 919.01
747.60 44.27 0.60 3942.26
743.68 99.40 0.59 3714.21
671.21 290.64 0.54 3928.65
703.64 281.08 0.57 4469.24
571.14 362.41 0.42 10430.58
661.56 331.28 0.47 2333.11
728.37 349.18 0.50 74.21
686.07 521.11 0.56 4268.51
820.40 445.87 0.60 3350.95
673.26 470.11 0.42 4087.38
638.34 482.09 0.60 208.23
709.47 481.59 0.49 2414.33
756.16 720.98 0.44 -46.07
720.28 752.14 0.56 1670.75
770.71 656.09 0.55 5594.27
757.14 490.28 0.35 7622.74
720.28 628.98 0.60 2486.04
612.19 889.03 0.53 2798.05
723.33 802.01 0.43 1827.48
707.43 910.48 0.52 9307.11
686.03 817.06 0.50 4992.87
675.58 877.87 0.42 3124.68
962.64 62.32 0.42 123.28
907.34 88.62 0.40 4292.03
901.17 61.27 0.35 68.01
836.73 95.83 0.60 7424.56
921.57 16.47 0.42 7954.88
883.75 278.12 0.39 776.71
902.53 304.29 0.60 1036.25
887.92 306.56 0.60 3873.23
802.77 394.17 0.43 7312.58
919.21 282.70 0.59 2419.42
871.31 462.78 0.42 3529.08
885.78 537.32 0.45 576.68
853.28 467.58 0.60 280.53
960.81 443.37 0.32 6789.71
940.57 574.09 0.53 1642.17
848.53 727.45 0.52 5471.62
825.86 730.46 0.46 6103.23
872.58 663.99 0.43 1981.44
909.98 766.15 0.48 2541.10
909.26 742.58 0.55 4526.31
738.25 906.95 0.50 5719.42
929.19 843.25 0.50 5640.15
882.19 901.04 0.60 2510.02
980.49 869.54 0.60 6159.42
900.72 880.98 0.52 471.05
