102.53 106.49 0.60 3660.19
121.40 111.69 0.44 695.53
5.11 131.16 0.51 8870.29
173.17 141.38 0.57 9524.01
115.40 81.70 0.60 1769.27
87.97 101.81 0.60 6527.36
42.38 120.82 0.60 8193.00
124.03 304.13 0.59 -1264.32
266.83 353.56 0.52 9274.52
16.44 373.78 0.43 10070.91
118.73 314.69 0.52 10220.37
124.59 367.66 0.34 403.79
128.28 257.05 0.60 2983.92
79.02 375.12 0.37 6734.20
103.10 505.78 0.49 -1494757.35
153.54 481.05 0.44 300.36
71.18 556.69 0.60 6940.28
69.74 525.39 0.54 2288.88
144.63 505.36 0.47 2503.42
61.05 466.96 0.60 -24.07
100.52 428.47 0.48 333.36
132.24 672.21 0.48 2301.27
105.04 641.54 0.56 8811.83
77.02 664.22 0.50 5030.22
26.05 752.87 0.41 8527.00
54.98 734.40 0.54 7512.48
48.54 677.40 0.46 6777.05
133.81 616.40 0.60 10463.12
94.85 891.92 0.41 8424.75
21.72 900.65 0.58 6349.55
174.16 926.71 0.60 7618.36
47.03 870.03 0.58 8828.18
167.12 801.41 0.60 8827.86
65.02 989.58 0.46 10398.69
96.01 950.77 0.53 7086.09
328.92 36.89 0.60 2557.79
301.44 115.69 0.48 4848.76
374.53 198.16 0.31 8577.64
409.00 135.37 0.49 4140.60
390.39 124.65 0.55 4394.38
358.24 146.03 0.60 1322.11
354.69 107.95 0.49 5079.90
351.83 184.66 0.41 5702.86
244.74 339.87 0.46 10233.46
294.05 309.79 0.47 8544.21
315.97 383.43 0.55 10800.00
267.86 209.57 0.45 8998.35
273.13 276.22 0.60 2303.78
331.85 227.33 0.47 8487.67
252.80 533.24 0.42 9651.71
332.88 570.80 0.60 7255.70
285.99 528.87 0.24 5301.24
305.97 518.23 0.50 8026.22
410.64 499.47 0.59 2356.22
234.09 511.57 0.60 3259.77
299.98 429.12 0.49 9901.82
328.72 658.88 0.56 453.92
310.25 672.14 0.44 9953.79
318.68 758.04 0.42 6820.78
324.61 754.66 0.54 6602.72
354.31 764.09 0.45 6163.69
311.05 673.52 0.39 1579.02
314.54 828.40 0.44 10501.26
355.40 924.51 0.45 10800.00
293.52 913.53 0.53 1716.98
317.03 909.87 0.60 6238.59
309.47 901.54 0.43 6188.09
403.24 809.47 0.54 -622.34
289.58 903.98 0.53 9607.14
363.76 895.98 0.41 6531.69
419.94 104.98 0.45 1672.27
504.15 26.92 0.57 4119.59
543.38 165.89 0.43 9293.37
449.98 62.65 0.60 9926.61
459.13 249.73 0.37 -49905.77
456.90 91.03 0.60 4514.31
502.56 89.64 0.46 2332.62
429.65 355.41 0.54 6675.02
487.74 291.65 0.60 7772.28
479.29 284.15 0.55 10129.80
545.56 422.86 0.40 1808.16
458.67 348.75 0.44 4006.93
522.60 280.69 0.52 9028.59
545.51 372.48 0.52 7423.10
532.24 560.59 0.30 4111.41
414.90 483.72 0.58 5305.42
475.15 441.90 0.57 2368.73
448.77 446.65 0.39 3316.31
469.85 470.10 0.58 1909.15
585.55 486.66 0.49 10800.00
523.58 422.82 0.57 9663.19
391.57 658.01 0.31 1622.83
500.83 675.26 0.53 9790.32
516.23 692.54 0.47 4783.50
487.03 724.95 0.55 8684.88
594.60 633.21 0.60 7286.99
502.30 800.33 0.51 10382.27
480.50 705.76 0.35 5667.25
425.38 944.85 0.59 9419.58
440.17 916.58 0.60 9387.19
532.90 952.03 0.60 551.36
523.92 874.71 0.34 10360.87
558.05 964.53 0.50 4913.22
499.84 909.65 0.43 5281.06
462.16 925.94 0.41 9527.06
620.98 6.63 0.60 9880.04
681.91 138.41 0.49 10033.72
689.97 98.02 0.52 9897.73
597.58 168.35 0.56 10406.13
674.98 43.99 0.51 10093.24
742.44 93.55 0.50 1061.03
654.25 38.51 0.32 3687.90
720.31 265.99 0.58 8436.14
676.65 309.30 0.43 475.25
721.72 333.63 0.45 7711.51
641.16 298.16 0.44 6185.94
747.43 287.04 0.59 5210.80
737.08 274.72 0.49 980.74
757.85 302.96 0.60 9679.89
709.91 492.65 0.37 3785.24
723.00 453.63 0.56 9965.04
608.06 497.76 0.42 1645.71
646.93 464.50 0.32 1794.39
721.76 496.77 0.49 9955.56
736.67 492.73 0.60 10203.33
643.43 428.80 0.60 2672.47
702.13 663.76 0.59 5029.41
692.34 654.56 0.50 8678.72
754.56 669.54 0.42 4833.24
693.61 753.39 0.45 9009.85
620.58 744.57 0.60 5702.73
790.36 696.40 0.39 5154.85
754.30 756.10 0.46 838.63
678.06 898.96 0.56 5140.50
673.63 946.14 0.53 2355.22
734.49 984.07 0.50 -20.40
745.93 840.82 0.40 9218.30
688.07 886.39 0.42 10199.42
774.62 954.69 0.60 1106.77
701.37 905.81 0.60 -761073.52
999.00 130.85 0.53 9083.97
862.04 130.13 0.60 3323.77
912.41 122.57 0.39 10786.16
948.75 64.63 0.42 2065.82
848.89 227.88 0.40 6078.19
918.39 51.93 0.60 8700.40
911.50 61.07 0.60 7143.91
878.35 296.98 0.60 4444.24
904.61 298.71 0.58 9961.79
930.92 259.36 0.33 6251.86
889.93 231.35 0.52 1783.62
932.68 285.82 0.60 4830.85
827.17 260.99 0.46 10324.82
821.19 241.93 0.47 4739.30
898.55 484.53 0.40 950.15
842.31 498.86 0.45 10465.66
864.89 519.81 0.51 7581.27
861.70 462.85 0.50 9414.64
880.48 479.90 0.49 7238.73
859.22 421.46 0.37 875.82
899.45 498.66 0.46 10776.70
892.82 688.81 0.60 4451.84
953.86 688.76 0.51 4660.81
887.03 692.40 0.53 2808.89
889.14 682.98 0.48 9881.31
926.76 738.81 0.42 6018.57
927.40 710.15 0.49 10204.42
844.85 781.97 0.28 6389.14
872.52 764.12 0.60 4889.25
893.99 765.48 0.54 9979.47
897.06 850.87 0.58 3009.43
817.46 892.75 0.55 10692.24
943.05 930.44 0.49 5880.21
889.52 892.12 0.55 6498.35
903.01 939.49 0.60 2233.46
