573.18 491.47 0.02 8559.85
533.22 401.71 0.13 6614.03
454.68 551.77 0.12 7079.11
476.15 499.46 0.22 7071.38
492.31 503.18 0.19 7646.47
526.02 568.81 0.29 6040.24
458.58 517.90 0.33 5390.20
583.80 472.61 0.28 7137.43
515.13 479.29 0.20 7267.49
431.79 464.40 0.18 7360.88
557.23 528.39 0.16 7557.91
501.83 462.97 0.30 6902.57
535.54 579.69 0.27 7611.21
502.48 480.40 0.19 7231.11
473.93 476.96 0.24 6200.89
489.73 437.36 0.05 7489.08
445.96 455.08 0.18 6840.48
426.78 506.17 0.25 5799.92
578.97 649.35 0.06 6993.05
480.02 523.13 0.21 9023.41
399.78 531.88 0.14 6296.36
516.38 501.34 0.48 6696.00
587.27 587.97 0.21 7014.89
504.96 442.22 0.35 7189.87
564.60 564.28 0.04 6222.14
473.06 518.35 0.14 6461.21
442.97 550.66 0.28 6167.47
443.96 411.95 0.27 5908.91
546.99 451.16 0.14 6964.02
487.57 496.48 0.21 6175.47
480.59 466.51 0.21 7298.23
534.48 478.93 0.09 8733.20
472.36 518.82 0.16 8596.37
474.54 491.80 0.24 5965.88
538.53 502.38 0.17 6959.03
544.16 526.18 0.26 6130.04
511.44 467.87 0.51 5666.37
504.48 462.38 0.44 7604.62
584.37 477.15 0.20 7538.24
423.86 500.28 0.12 5491.89
485.49 546.44 0.19 7483.82
503.13 523.62 0.15 5679.42
528.43 576.30 0.14 8522.30
458.38 426.19 0.03 5414.19
516.94 502.62 0.28 8640.31
518.00 543.24 0.12 6438.83
539.81 517.70 0.06 5847.41
478.59 595.78 0.24 4950.17
509.75 535.31 0.20 7158.83
459.64 511.29 0.04 5590.97
470.39 425.58 0.28 7756.40
485.40 493.81 0.33 7751.75
464.20 510.59 0.20 5594.60
465.96 469.05 0.47 4982.19
565.26 429.92 0.33 8295.42
607.40 572.35 0.15 7951.12
439.95 440.74 0.19 6102.23
513.89 445.66 0.12 5573.30
472.32 510.82 0.12 7142.32
536.23 529.01 0.17 7360.92
483.55 535.18 0.16 6204.96
486.02 530.06 0.17 6299.61
506.43 480.09 0.02 5669.66
522.48 472.41 0.07 7796.00
529.08 562.33 0.15 6010.74
477.15 489.50 0.39 7302.40
536.15 537.80 0.21 6223.76
539.77 509.98 0.31 8317.02
488.08 508.86 0.25 7102.01
529.45 486.10 0.08 5090.30
500.52 493.98 0.20 8622.73
494.63 495.72 0.17 5498.17
522.49 562.89 0.27 6132.36
561.99 524.51 0.48 5366.85
407.14 479.09 0.09 7020.46
483.01 535.22 0.16 9889.11
589.43 568.12 0.26 7855.02
438.69 425.28 0.17 6880.07
494.83 454.72 0.22 7202.52
403.42 458.20 0.09 6361.28
491.45 537.28 0.21 8215.16
418.14 519.44 0.18 7360.11
460.38 433.58 0.29 7264.79
566.87 555.17 0.26 7586.67
432.35 502.45 0.25 8560.19
506.77 591.52 0.13 8422.70
490.10 451.90 0.05 7206.16
495.40 496.32 0.14 7437.41
447.22 419.24 0.24 4465.01
506.63 530.33 0.24 7380.26
578.36 534.33 0.17 6239.45
435.59 568.39 0.08 6399.74
578.55 490.30 0.19 7331.95
458.57 503.02 0.09 7237.73
601.79 501.28 0.04 7012.43
467.61 531.70 0.03 5118.20
480.62 512.06 0.10 5071.08
496.45 540.84 0.22 6480.41
485.80 545.02 0.03 5728.37
483.28 473.47 0.25 6164.55
476.36 514.96 0.25 7025.88
472.69 544.86 0.11 7463.57
529.11 380.38 0.12 6023.14
418.77 423.81 0.27 6965.19
450.01 559.31 0.22 8595.57
372.49 459.34 0.21 6198.56
480.17 436.39 0.27 5917.78
503.20 500.61 0.31 7681.59
508.34 438.35 0.37 7614.32
444.56 537.29 0.14 5997.10
448.68 587.70 0.28 7135.02
532.58 424.72 0.37 6403.18
506.09 585.47 0.16 8023.02
449.11 554.10 0.17 7165.44
484.93 475.32 0.36 5358.03
547.28 487.69 0.30 5681.10
479.33 462.27 0.20 6312.66
471.56 505.05 0.20 6742.70
522.49 505.79 0.21 7536.36
541.98 495.43 0.15 6636.36
497.41 481.89 0.30 6688.13
438.57 646.07 0.14 6945.89
527.93 505.17 0.01 5707.09
542.35 496.28 0.31 8281.84
572.62 515.75 0.10 8758.15
507.17 377.04 0.24 7404.12
513.89 476.02 0.22 8413.99
499.64 477.19 0.40 6066.30
506.66 473.08 0.35 6591.40
524.40 554.71 0.14 7709.97
538.59 520.18 0.05 7782.35
501.05 523.00 0.26 4753.02
396.84 487.31 0.38 7386.13
417.13 553.89 0.30 6807.86
476.30 472.56 0.27 7988.68
492.17 475.83 0.10 5170.40
386.01 496.40 0.26 7555.61
594.25 464.66 0.12 5819.13
509.46 592.25 0.14 7293.12
532.83 506.69 0.33 5668.89
469.33 458.19 0.35 4477.50
457.17 460.08 0.08 7872.74
447.54 523.91 0.12 7963.73
387.99 550.60 0.41 8877.36
457.96 483.87 0.16 6737.02
513.73 639.95 0.30 8930.89
487.02 554.57 0.30 9687.36
523.84 493.05 0.24 7562.29
578.05 384.63 0.04 7331.87
619.54 508.91 0.05 6136.09

6681.63
