141.18 150.32 0.26 10623.91
157.64 56.82 0.58 2821.53
82.64 146.24 0.30 1621.13
198.55 26.39 0.50 7888.08
154.88 252.99 0.23 2310.19
186.54 223.52 0.47 9348.59
172.51 267.30 0.33 8748.42
149.86 311.98 0.27 2941.55
155.38 491.41 0.25 680.51
102.86 446.67 0.42 9182.54
148.42 427.59 0.52 1054.42
103.39 436.50 0.25 7029.21
59.72 662.58 0.42 9534.89
70.89 681.59 0.35 7786.81
29.97 738.54 0.47 2321.53
158.61 684.42 0.20 1603.55
148.06 958.97 0.45 10374.33
197.13 852.65 0.40 9778.24
9.59 966.80 0.47 3678.29
28.98 851.58 0.24 717.78
338.73 12.05 0.44 5027.09
270.56 42.52 0.33 9943.82
397.98 136.76 0.37 4471.69
210.15 180.46 0.58 10731.88
234.47 324.49 0.55 7458.82
335.58 367.73 0.49 8702.21
228.45 206.42 0.40 3161.91
243.55 372.22 0.30 6605.28
330.47 543.35 0.37 8309.50
366.09 512.52 0.32 4207.89
273.37 458.13 0.42 9444.87
317.25 477.11 0.31 3482.07
322.61 607.13 0.46 3450.29
282.91 746.03 0.49 9033.75
373.29 602.41 0.59 5116.54
222.98 683.48 0.29 6203.50
250.28 859.57 0.25 5016.76
315.96 934.72 0.35 4894.92
208.22 800.66 0.55 3243.95
253.65 823.32 0.20 7802.34
565.25 168.60 0.58 10699.73
560.11 120.10 0.31 6328.62
472.47 98.26 0.52 4353.37
475.58 194.21 0.47 7569.32
406.31 358.34 0.58 8559.64
573.42 263.07 0.56 8329.37
507.47 361.04 0.22 6464.34
495.90 227.77 0.30 3330.78
558.30 541.60 0.46 10118.46
484.66 411.41 0.59 6795.98
543.19 562.26 0.43 10629.94
567.35 516.62 0.50 1627.10
416.04 644.93 0.21 960.49
521.95 642.06 0.43 1812.45
410.55 732.15 0.37 1387.23
522.43 641.09 0.48 7112.99
576.86 905.77 0.32 9853.34
453.44 905.11 0.33 9615.20
523.91 840.16 0.23 4254.85
431.73 993.08 0.47 8999.54
709.21 40.77 0.48 6881.52
694.81 179.36 0.49 1777.30
768.85 60.51 0.57 1440.69
689.19 138.70 0.42 5762.84
717.54 265.40 0.27 6705.41
697.97 381.52 0.24 1908.23
772.16 375.00 0.52 10751.27
739.99 367.61 0.44 9589.32
620.79 497.40 0.34 6706.84
664.19 439.21 0.37 7567.47
613.05 403.09 0.30 1186.86
642.55 443.35 0.23 3050.30
612.51 649.05 0.44 1467.72
642.59 647.72 0.22 9147.39
611.59 658.24 0.26 8258.69
670.78 772.42 0.27 4877.97
690.32 916.54 0.39 7560.65
694.35 827.79 0.37 5070.16
732.07 876.25 0.51 1324.25
650.36 801.88 0.46 1540.82
940.63 118.15 0.31 916.25
895.24 160.24 0.43 8425.42
919.71 193.85 0.44 7904.18
972.09 5.64 0.48 5294.54
802.72 388.26 0.39 7902.57
919.63 248.76 0.34 6302.57
876.10 362.35 0.37 3667.09
832.12 213.99 0.36 1930.20
862.91 544.66 0.47 3866.43
843.59 532.77 0.42 1919.93
994.21 406.76 0.33 9186.56
884.11 497.73 0.53 1821.93
975.98 720.36 0.40 4574.35
982.40 673.93 0.46 7189.11
831.49 646.40 0.26 7714.81
866.23 687.67 0.54 5133.53
852.77 894.93 0.45 3045.85
981.06 885.84 0.40 5791.89
833.78 931.30 0.58 7783.84
962.47 998.35 0.60 10134.06
