154.03 191.33 0.60 1550.04
15.22 198.23 0.03 5985.61
67.85 14.45 0.50 4417.29
129.59 102.63 0.10 1878.71
110.51 209.90 0.17 7146.12
120.26 385.15 0.43 4256.82
96.72 375.60 0.39 4263.32
161.31 247.17 0.20 871.52
58.74 546.94 0.41 6667.30
64.00 448.49 0.13 9131.97
172.19 445.90 0.12 9020.71
56.19 480.01 0.54 8861.06
20.90 657.98 0.48 4555.40
148.69 737.60 0.28 6677.52
81.68 719.79 0.33 2826.10
80.84 676.68 0.12 7928.27
39.24 851.77 0.57 5940.58
194.67 848.28 0.16 1887.57
64.00 986.47 0.49 4969.59
4.67 863.83 0.33 2953.17
367.08 38.90 0.21 3438.10
363.33 194.45 0.44 6009.81
331.15 0.37 0.04 10284.82
305.64 136.64 0.08 1246.48
262.49 273.04 0.58 1421.92
378.31 311.45 0.12 10025.67
397.48 218.70 0.50 8512.62
321.49 343.85 0.43 5161.77
370.88 562.40 0.36 9157.87
259.70 559.49 0.27 3211.55
206.90 577.55 0.31 5754.85
395.18 484.95 0.21 6954.92
386.36 729.07 0.38 1256.84
321.15 739.50 0.51 10542.41
397.24 770.38 0.53 7910.79
232.28 735.01 0.09 5699.74
255.84 907.84 0.46 4418.23
328.70 824.00 0.38 9588.77
219.73 800.41 0.32 10260.91
212.29 809.32 0.40 6336.69
565.86 125.35 0.46 3679.60
548.46 3.11 0.10 4405.22
561.48 197.76 0.04 6563.90
485.85 50.92 0.53 828.70
481.75 230.81 0.55 1782.35
410.77 217.71 0.13 8148.36
408.45 314.15 0.26 7373.22
403.27 308.56 0.38 4765.23
507.97 565.73 0.34 755.70
521.57 400.82 0.32 8983.72
460.21 542.21 0.31 10346.62
503.29 597.54 0.11 2182.19
416.57 675.05 0.04 9792.22
449.28 663.38 0.48 1207.87
479.99 628.54 0.27 6362.22
596.91 775.13 0.26 6998.34
467.01 946.23 0.10 8431.29
541.10 942.98 0.10 5337.37
402.68 803.63 0.10 1452.62
563.48 927.11 0.18 5558.95
690.63 178.28 0.24 8222.69
735.36 170.11 0.22 8828.21
786.56 152.71 0.25 7903.59
633.04 117.98 0.38 9409.16
675.64 396.60 0.59 9721.45
704.56 372.96 0.07 3406.05
724.87 320.24 0.45 8738.83
750.64 241.54 0.27 3243.22
672.55 402.87 0.27 7547.93
605.02 498.94 0.24 7729.59
718.03 507.84 0.13 2922.66
648.23 403.22 0.39 8112.68
794.14 789.55 0.34 1708.28
694.10 678.53 0.05 7668.60
684.42 617.55 0.16 2097.45
691.77 779.22 0.07 10232.51
709.51 922.51 0.57 1812.92
673.82 830.34 0.50 7839.55
603.24 828.32 0.14 4060.60
783.08 800.48 0.33 7960.69
842.27 15.53 0.38 9157.66
998.76 161.42 0.37 1686.29
857.37 177.53 0.31 3339.54
860.23 73.01 0.06 2187.34
962.68 305.11 0.34 6362.49
818.75 380.20 0.42 9936.29
969.27 212.58 0.45 6083.09
978.35 383.80 0.09 9000.86
843.38 514.48 0.43 6537.35
987.39 402.52 0.09 5734.46
985.16 580.78 0.26 9088.34
958.87 484.55 0.11 1047.99
875.32 698.65 0.51 7188.93
844.55 792.52 0.49 8863.36
989.24 671.83 0.19 9074.30
971.88 716.22 0.05 1954.95
910.52 803.92 0.07 2685.09
873.53 897.71 0.28 2761.40
966.74 832.27 0.23 1451.77
957.65 892.86 0.39 3119.71
