491.56 502.79 0.14 9219.40
528.50 516.31 0.47 4846.34
536.47 500.65 0.35 7438.21
590.60 530.26 0.18 4915.23
499.98 496.65 0.48 3433.90
409.26 519.01 0.58 6360.12
506.71 468.82 0.47 1149.35
579.55 417.54 0.54 6160.41
464.35 554.46 0.20 10510.59
487.65 500.60 0.23 5353.99
510.50 539.43 0.15 7648.82
543.40 515.57 0.55 6041.80
515.24 471.45 0.16 5830.07
507.52 498.77 0.48 6608.03
496.29 468.89 0.32 3373.85
430.66 414.18 0.08 8840.43
571.52 516.85 0.01 1498.29
504.39 519.38 0.32 1848.26
446.13 632.28 0.56 9124.41
432.13 440.82 0.08 3552.14
476.41 538.11 0.57 1349.00
387.98 538.04 0.19 6247.86
552.63 519.26 0.12 2184.02
458.75 574.25 0.40 5324.49
498.11 532.87 0.33 8813.79
442.83 490.98 0.35 3790.11
448.53 555.97 0.29 9751.26
439.30 529.21 0.13 6251.73
626.46 511.23 0.14 8574.02
505.43 444.25 0.50 4957.18
541.92 544.63 0.36 840.48
531.85 489.34 0.22 9285.72
555.74 518.11 0.31 4014.87
582.94 526.28 0.55 6885.85
476.55 473.93 0.34 2162.62
557.68 507.30 0.55 4148.26
465.94 505.86 0.24 8613.60
500.45 484.85 0.54 3096.01
507.57 575.13 0.23 7320.68
475.15 518.06 0.56 5363.35
447.43 514.19 0.31 3559.68
342.29 534.85 0.13 10143.32
504.72 545.92 0.40 946.91
485.35 460.67 0.49 4909.22
520.85 557.37 0.25 3815.19
543.87 536.46 0.59 2587.16
503.10 539.34 0.54 4023.42
510.03 507.96 0.32 2418.36
577.98 475.83 0.14 5719.76
523.07 531.79 0.06 6501.85
527.50 571.03 0.02 7682.10
498.95 602.42 0.49 2370.11
553.90 493.06 0.27 1569.74
590.17 516.79 0.37 9557.80
499.96 441.78 0.11 5113.09
502.19 631.06 0.04 6306.52
528.38 456.04 0.23 4405.93
530.27 501.64 0.57 4154.16
472.24 517.70 0.38 1121.41
518.11 508.24 0.51 7103.65
549.31 519.48 0.46 2452.77
502.69 487.23 0.60 3712.67
525.87 591.98 0.27 4246.11
380.50 529.45 0.24 1159.38
544.87 472.94 0.47 7123.88
438.00 490.14 0.11 8999.83
446.69 504.10 0.43 5992.76
480.40 586.43 0.38 6005.37
519.81 487.71 0.29 8181.73
537.36 556.37 0.10 5049.56
581.46 486.04 0.38 8894.61
425.67 549.55 0.29 7115.44
470.64 490.37 0.16 7216.24
589.64 540.26 0.11 6150.14
508.88 506.91 0.11 3096.94
458.44 495.99 0.35 734.47
560.87 573.79 0.36 8947.00
376.78 446.89 0.52 2028.63
512.59 540.81 0.41 6981.88
459.11 539.22 0.25 4314.34
484.33 441.56 0.17 2441.90
451.90 400.99 0.33 8651.44
478.48 523.21 0.45 1208.88
449.67 568.41 0.55 4308.52
615.67 606.25 0.06 4813.27
485.92 499.08 0.30 4341.95
533.07 578.83 0.01 5908.99
529.26 489.81 0.16 3090.04
531.42 522.05 0.11 8019.14
486.60 543.35 0.43 4022.50
469.04 499.61 0.23 3422.32
378.71 549.91 0.15 7730.95
538.55 450.10 0.19 724.46
513.89 552.48 0.56 1702.16
460.68 576.26 0.40 10322.83
504.63 509.67 0.29 9446.01
396.56 482.33 0.37 3047.42
435.60 519.05 0.01 4336.88
451.44 486.88 0.25 8570.75
511.84 482.52 0.48 7928.50
498.22 538.01 0.15 6223.15
471.52 542.72 0.41 7554.38
453.25 348.16 0.43 4673.76
541.67 571.36 0.55 9388.45
424.32 460.27 0.03 8204.83
567.98 461.44 0.20 5031.67
545.50 503.06 0.54 6640.32
439.07 499.22 0.51 5223.21
496.56 573.38 0.40 5089.14
403.21 607.89 0.54 9423.60
561.22 433.69 0.32 10470.38
529.42 588.68 0.03 8898.70
515.17 552.75 0.47 1545.02
529.82 537.73 0.51 3934.46
460.06 490.38 0.46 9412.14
358.87 477.34 0.56 4950.25
523.54 537.55 0.59 8207.11
483.13 491.36 0.27 4985.37
504.15 565.39 0.56 8916.93
621.21 506.56 0.04 5099.06
514.74 502.86 0.52 2293.45
388.74 471.22 0.40 2737.58
437.51 498.07 0.55 4972.11
524.67 519.11 0.35 4715.99
455.86 401.42 0.56 2228.14
453.98 498.11 0.52 5234.84
498.17 524.84 0.33 9773.57
388.96 472.13 0.24 9663.48
480.37 398.82 0.36 3976.23
550.04 450.76 0.21 6585.79
534.70 554.02 0.22 4542.79
513.26 485.66 0.17 6917.54
409.17 482.50 0.27 9542.23
510.79 506.93 0.38 4960.28
512.55 535.87 0.15 1525.14
438.65 581.82 0.25 10389.37
439.79 490.09 0.19 3351.47
453.83 511.18 0.25 1846.73
532.71 514.19 0.07 1950.46
566.93 514.88 0.04 8233.66
409.93 496.03 0.53 4304.24
511.07 510.77 0.14 4539.04
590.15 475.52 0.44 7440.39
545.34 421.11 0.01 9883.79
516.63 472.15 0.15 4619.17
554.76 583.22 0.38 3037.65
547.24 569.53 0.52 10703.34
472.89 478.06 0.08 8931.66
462.26 481.49 0.47 8489.52
497.13 561.91 0.23 1661.71
458.89 453.29 0.02 2981.34
480.80 496.00 0.32 9133.50
486.48 520.93 0.09 5289.36
511.07 516.59 0.49 3153.41
553.88 577.12 0.06 5333.88
439.53 505.46 0.59 2435.12
422.77 508.94 0.22 1593.25
493.75 593.37 0.03 9279.03
483.61 530.27 0.33 8437.69
463.65 419.79 0.26 9162.19
425.58 552.81 0.45 4523.49
522.01 539.20 0.25 2998.52
549.33 524.87 0.14 3731.99
429.03 526.94 0.49 4767.42
550.25 533.42 0.25 6227.59
529.96 470.16 0.02 10586.66
401.18 511.07 0.24 4347.91
522.06 403.88 0.58 7266.77
557.78 387.74 0.18 5109.92
417.81 517.13 0.39 9814.08
538.94 523.55 0.35 4525.43
531.60 488.82 0.55 7565.37
549.24 403.08 0.41 8141.74
560.07 418.02 0.04 3946.11
499.20 586.57 0.09 6242.63

5730.61
