597.82 439.24 0.52 964.01
564.67 434.66 0.25 6513.76
606.54 511.19 0.59 7167.45
466.65 432.90 0.30 7572.98
535.22 466.11 0.54 9068.19
464.56 502.43 0.43 2861.66
473.81 511.90 0.44 8021.86
541.17 514.58 0.31 8903.78
509.07 594.04 0.38 3875.47
516.80 534.66 0.22 6565.20
551.35 514.03 0.06 9367.35
422.20 573.98 0.40 6909.31
438.87 442.29 0.50 8534.41
538.87 501.95 0.01 6767.78
469.64 514.93 0.28 1528.05
583.58 486.13 0.28 10254.88
595.33 437.83 0.32 2061.02
449.46 459.75 0.58 2743.54
560.73 459.16 0.31 8334.08
462.71 479.50 0.41 1792.95
437.40 556.39 0.10 5569.76
465.74 551.56 0.50 1365.11
520.52 521.50 0.51 7844.03
467.45 512.87 0.08 8787.46
528.64 433.10 0.20 1299.66
508.89 545.21 0.53 7083.39
535.37 436.76 0.27 3927.01
508.82 458.17 0.40 4444.89
490.60 436.74 0.17 7723.34
475.99 425.35 0.05 8488.71
627.17 459.85 0.03 3877.95
414.16 478.70 0.27 2078.01
541.57 500.68 0.59 7999.48
427.23 449.31 0.33 9122.31
515.57 524.92 0.59 6436.57
412.42 548.15 0.24 5234.82
443.50 476.66 0.34 10318.15
584.17 469.18 0.23 7438.81
440.80 520.79 0.33 9048.60
530.93 495.94 0.21 8080.54
474.39 528.36 0.21 3043.51
530.46 530.54 0.04 3464.69
574.52 560.59 0.32 9574.81
497.54 447.56 0.38 3810.59
508.35 447.75 0.29 1192.23
530.63 483.93 0.15 8781.94
477.92 451.21 0.46 1368.44
551.94 436.26 0.38 9332.35
565.86 501.93 0.06 7893.16
475.21 516.60 0.12 10731.76
447.45 492.13 0.20 9882.77
535.37 478.92 0.55 805.48
433.25 439.07 0.20 3137.81
534.01 471.83 0.27 8260.13
550.45 449.27 0.14 1525.66
485.11 495.51 0.05 7739.71
525.66 462.88 0.33 7576.35
544.00 469.40 0.30 8861.72
498.37 524.50 0.26 4946.80
499.72 472.48 0.43 10545.30
571.01 569.70 0.36 4612.12
493.65 512.75 0.37 1462.13
475.54 562.43 0.04 10175.59
511.33 489.30 0.37 5033.35
550.37 539.87 0.37 8852.35
447.01 478.39 0.24 7549.01
512.09 475.61 0.28 10237.08
334.86 535.43 0.04 3105.77
482.94 530.29 0.29 4598.77
538.55 549.98 0.58 10000.05
525.67 505.72 0.42 5323.55
437.86 392.36 0.51 9142.98
491.50 445.58 0.28 2423.70
489.82 432.40 0.01 8936.95
461.46 507.17 0.10 6842.60
563.81 452.08 0.57 2455.27
534.76 518.09 0.46 9463.38
463.46 466.72 0.30 7151.13
530.96 470.03 0.47 8521.94
537.93 540.61 0.43 8414.76
586.71 476.80 0.46 6197.75
402.61 449.74 0.00 9407.28
556.19 483.90 0.07 3918.89
490.32 503.77 0.08 3600.36
472.01 527.42 0.09 2778.35
386.03 413.65 0.32 1666.23
608.30 509.99 0.24 3662.35
499.74 481.77 0.53 2587.19
437.44 442.71 0.35 8042.19
528.04 499.24 0.39 3439.96
504.00 509.31 0.34 4379.18
563.53 446.04 0.56 9358.11
526.96 470.17 0.32 995.55
458.88 476.52 0.03 7521.32
511.80 505.06 0.05 758.50
525.99 560.83 0.49 6913.55
455.10 556.25 0.20 10435.63
534.41 492.50 0.56 1333.56
519.82 518.88 0.44 769.35
511.80 400.73 0.40 4655.20
523.75 448.78 0.33 3485.98
475.56 407.89 0.35 7751.70
512.75 477.54 0.19 7093.20
501.98 564.49 0.58 7414.62
480.08 472.77 0.53 715.24
476.72 477.08 0.13 6985.65
466.86 497.40 0.55 3297.95
550.68 507.00 0.06 9289.63
524.47 541.92 0.44 4477.91
535.62 489.47 0.40 1705.95
552.78 542.04 0.46 4501.88
521.28 466.16 0.12 10549.96
457.28 501.32 0.47 1760.77
497.41 437.72 0.09 6341.09
508.61 546.85 0.40 1223.97
443.23 470.86 0.35 2786.75
508.51 424.98 0.56 8814.83
473.60 441.56 0.23 7446.11
595.00 424.63 0.05 7970.77
619.31 518.69 0.60 4965.30
464.16 599.36 0.47 5609.10
364.95 511.57 0.06 9496.60
431.58 508.93 0.14 1811.79
459.49 464.03 0.23 8670.19
505.05 486.75 0.38 9360.40

3966.87
