44 26 15 53 45 75 60 52 51 16 63 10 20 25 11 48 70 9 33 4 74 23 57 59 65 28 32 37 68 69 21 19 47 55 7 50 56 49 27 43 24 30 12 3 66 34 71 36 6 1 18 2 42 17 14 31 40 8 5 29 64 22 38 62 72 54 35 39 67 13 73 58 61 41 46 
Best fitness: 0.33
9 51 52 60 11 27 45 44 23 59 74 33 4 32 37 70 28 10 63 31 53 12 24 30 26 13 66 15 14 57 36 6 68 69 16 25 8 20 40 62 50 75 55 17 3 43 46 34 54 65 48 1 47 19 72 42 71 67 56 49 7 2 18 39 21 61 41 22 64 35 73 5 29 38 58 
Worst fitness: 0.39

Mean: 0.37

Standard deviation: 0.00
73 45 53 51 52 75 50 60 11 74 33 4 6 9 70 28 44 26 15 10 8 40 25 3 14 30 12 24 43 23 71 42 36 38 32 37 62 16 20 49 67 66 31 34 27 56 55 47 19 2 7 29 5 46 57 59 48 1 65 54 72 41 68 69 21 64 17 22 39 18 13 35 58 63 61 
Best fitness: 0.34
9 32 70 74 51 45 26 14 44 27 52 53 66 15 50 60 25 63 10 69 68 21 75 71 23 59 65 36 33 48 37 28 4 11 62 30 24 57 6 47 55 42 34 67 49 20 16 40 13 31 17 2 19 7 18 39 64 8 12 3 5 73 43 54 38 1 41 22 35 72 46 58 61 29 56 
Worst fitness: 0.40

Mean: 0.37

Standard deviation: 0.00
