939.75 740.58 1332.54 0.49 
838.86 908.90 1776.42 0.23 
672.21 637.07 948.14 0.44 
592.08 863.84 1029.86 0.28 
829.13 577.55 1968.94 0.39 
756.72 769.66 1494.28 0.41 
809.13 572.27 1162.84 0.27 
717.75 770.72 1291.99 0.23 
955.54 593.51 865.35 0.42 
873.22 991.59 2265.83 0.32 
694.52 583.58 819.09 0.30 
913.30 826.64 2190.44 0.31 
755.48 566.62 1989.39 0.65 
577.26 839.67 972.64 0.28 
617.10 939.93 1181.53 0.50 
561.16 731.75 1075.10 0.63 
1000.40 609.11 1025.03 0.30 
594.38 773.17 1624.24 0.34 
689.01 739.09 1881.73 0.40 
890.59 656.61 1263.36 0.39 
583.28 768.17 1378.56 0.26 
973.51 713.21 1164.97 0.33 
602.01 667.79 2655.06 0.41 
656.89 727.54 1391.38 0.40 
722.46 730.60 2186.48 0.51 
883.55 935.05 950.88 0.26 
870.74 640.91 1593.17 0.41 
599.19 704.54 1909.15 0.49 
618.70 1047.02 2184.44 0.27 
622.31 834.28 766.61 0.37 
706.16 696.42 1984.14 0.29 
