652.94 622.86 1292.02 0.38 
687.64 902.18 1572.08 0.20 
849.04 636.98 1639.96 0.56 
776.90 950.71 817.14 0.52 
1002.89 674.79 1952.00 0.54 
585.87 701.46 955.04 0.39 
698.85 697.53 1915.25 0.35 
552.58 684.93 1068.41 0.49 
571.16 756.34 1880.62 0.35 
841.34 672.88 1066.62 0.45 
642.05 615.04 969.97 0.45 
704.58 856.87 1012.51 0.22 
579.15 567.59 940.91 0.49 
846.48 1095.71 1650.49 0.43 
784.56 1018.15 2502.87 0.24 
716.23 561.98 810.59 0.46 
996.48 590.35 1400.81 0.31 
778.71 647.71 752.71 0.51 
581.85 1020.34 1889.53 0.37 
816.55 707.59 1273.57 0.35 
790.09 696.99 826.05 0.30 
967.20 566.94 1544.79 0.33 
825.58 1080.97 2598.40 0.46 
733.48 552.12 1521.08 0.41 
556.72 737.66 1262.99 0.39 
734.15 600.59 817.73 0.39 
676.45 678.46 939.56 0.24 
871.18 638.96 1268.62 0.22 
691.18 759.75 625.87 0.59 
550.37 676.42 887.06 0.24 
639.28 824.10 1363.44 0.43 
586.28 759.87 556.58 0.40 
805.41 872.47 712.35 0.40 
541.84 642.27 1643.10 0.46 
906.60 563.49 2137.25 0.42 
578.73 592.69 2056.08 0.44 
797.83 636.63 1675.33 0.44 
820.61 624.37 654.78 0.50 
913.94 803.34 1619.25 0.25 
686.83 614.70 1256.25 0.65 
663.18 723.18 2081.59 0.38 
