777.54 573.28 2754.46 0.23 
712.24 902.90 975.00 0.24 
1052.66 675.85 761.05 0.23 
684.81 620.13 1276.28 0.51 
541.74 698.82 1731.25 0.44 
581.67 614.87 2158.62 0.39 
996.05 735.32 905.86 0.44 
630.12 714.20 2178.40 0.15 
563.29 676.13 813.91 0.63 
601.41 978.62 1823.06 0.39 
613.05 678.82 858.79 0.27 
879.92 730.66 1467.45 0.28 
965.52 708.97 1498.94 0.24 
710.50 888.77 1347.88 0.42 
774.89 713.67 1676.66 0.42 
602.64 574.23 1181.54 0.42 
540.87 686.46 2186.55 0.43 
942.33 720.17 646.68 0.30 
686.17 629.19 1224.14 0.41 
957.72 633.44 1472.72 0.38 
580.55 847.27 1334.72 0.40 
565.00 866.29 3053.47 0.39 
908.12 723.88 1441.83 0.46 
649.48 573.38 2723.98 0.59 
882.32 897.22 1533.71 0.49 
651.08 582.61 1373.69 0.41 
582.01 1006.45 1719.81 0.42 
599.97 630.87 2101.42 0.40 
713.51 543.92 1568.33 0.34 
686.81 648.42 1006.02 0.46 
558.33 580.18 604.91 0.45 
804.56 704.11 931.30 0.33 
743.29 619.27 1610.70 0.29 
746.89 597.96 1939.72 0.39 
701.04 647.40 2180.94 0.43 
760.26 710.46 2951.42 0.38 
787.09 714.97 2371.11 0.49 
672.93 594.34 1867.87 0.47 
608.69 816.26 1536.16 0.30 
1124.07 778.36 945.77 0.27 
945.46 654.90 1692.46 0.34 
640.06 572.02 2592.42 0.52 
540.68 666.56 2197.41 0.43 
1312.11 853.87 1066.01 0.58 
556.41 652.29 1420.33 0.34 
886.75 801.10 1085.85 0.40 
898.31 1047.76 1458.99 0.40 
822.97 608.89 1849.41 0.43 
593.80 707.11 1250.42 0.50 
554.35 617.16 1546.67 0.56 
1016.40 563.72 1199.81 0.57 
697.87 847.86 911.36 0.22 
549.02 682.05 1116.24 0.33 
792.01 603.66 789.34 0.60 
695.34 674.24 1500.53 0.36 
840.69 692.44 2074.95 0.49 
590.29 780.25 1302.50 0.37 
624.75 682.38 692.81 0.47 
794.80 787.01 1824.26 0.39 
934.55 885.95 865.81 0.36 
594.26 601.33 1108.55 0.47 
742.69 856.94 1332.75 0.20 
743.05 782.30 2115.51 0.39 
680.31 733.84 839.53 0.40 
992.47 575.92 1076.12 0.50 
786.40 560.65 2147.54 0.46 
693.42 968.32 803.71 0.34 
849.77 878.53 1118.26 0.33 
602.44 947.78 1441.38 0.41 
819.53 784.51 1459.96 0.51 
690.42 591.83 1909.51 0.70 
860.73 583.09 2328.47 0.35 
774.91 697.53 1504.59 0.29 
605.80 649.72 1892.79 0.41 
725.62 876.32 1147.97 0.24 
578.85 547.13 641.06 0.46 
579.38 800.39 1762.76 0.40 
626.02 742.08 1887.04 0.38 
985.19 691.77 868.24 0.29 
918.42 559.69 550.44 0.55 
643.94 942.51 787.13 0.34 
853.45 693.54 1230.04 0.60 
605.09 696.66 1643.21 0.48 
762.52 598.08 1223.77 0.52 
944.02 693.09 1100.94 0.44 
718.83 541.01 1487.58 0.46 
567.44 624.98 884.33 0.40 
626.86 688.84 593.28 0.32 
642.63 678.99 2139.63 0.30 
657.51 1037.43 1018.16 0.55 
544.27 701.46 1578.06 0.16 
615.22 877.40 1904.89 0.38 
816.33 605.90 1502.76 0.45 
619.19 1017.96 1427.12 0.43 
1037.07 620.32 680.63 0.37 
688.51 809.78 2360.13 0.59 
1065.29 650.64 1440.87 0.44 
644.49 540.13 949.66 0.41 
692.92 774.58 1122.00 0.44 
584.87 786.78 1420.14 0.37 
876.89 836.94 848.82 0.44 
763.13 572.10 804.00 0.49 
928.39 570.10 1608.60 0.55 
689.46 673.67 1087.69 0.37 
582.64 629.51 1100.82 0.30 
769.10 765.62 1294.99 0.21 
697.95 562.56 1535.21 0.39 
717.14 675.88 1628.89 0.48 
845.56 654.82 1820.98 0.39 
884.77 566.68 1831.19 0.33 
959.90 550.78 1761.17 0.43 
565.28 677.34 1301.67 0.38 
1037.15 839.50 1025.30 0.39 
543.54 546.63 1661.65 0.45 
622.57 579.15 2467.99 0.29 
651.96 624.61 645.22 0.36 
596.55 820.87 1191.49 0.35 
565.92 891.28 1429.69 0.44 
840.86 659.48 833.89 0.41 
740.33 722.34 708.66 0.38 
633.98 885.29 800.16 0.43 
1044.95 964.35 1177.20 0.30 
703.90 1003.56 785.41 0.47 
830.13 618.38 1915.06 0.34 
651.10 552.65 892.38 0.37 
739.85 608.18 814.45 0.47 
971.07 717.77 787.49 0.55 
683.07 777.27 1622.78 0.25 
845.67 738.21 1360.63 0.19 
773.89 559.73 1661.99 0.40 
880.30 606.30 2107.35 0.41 
610.79 597.92 698.13 0.51 
914.48 585.87 904.43 0.41 
700.71 785.64 1001.73 0.42 
1085.50 913.10 2587.39 0.43 
743.00 738.94 1370.02 0.58 
775.67 662.89 658.28 0.31 
717.50 569.77 1043.34 0.27 
661.23 647.96 1462.02 0.36 
684.84 754.14 1318.02 0.62 
620.28 566.52 1903.95 0.53 
665.94 732.39 686.79 0.49 
617.39 578.17 1594.01 0.54 
743.37 554.57 1301.40 0.33 
647.33 606.60 1230.52 0.57 
540.96 782.25 1770.47 0.43 
872.66 869.75 909.33 0.29 
748.13 744.51 2160.45 0.38 
897.02 752.61 1767.20 0.45 
800.54 797.49 1604.38 0.46 
719.39 981.56 1872.57 0.43 
