849.87 969.95 1493.97 0.30 
746.61 699.60 2139.18 0.46 
683.64 912.72 1990.67 0.35 
670.07 709.41 2186.59 0.35 
624.02 688.82 2135.37 0.27 
821.78 663.40 2116.39 0.39 
583.46 977.73 1400.16 0.50 
628.62 690.06 1532.45 0.22 
737.06 766.26 1055.86 0.58 
718.42 589.49 583.76 0.30 
601.74 762.51 2076.88 0.46 
722.10 613.40 804.76 0.43 
621.43 594.88 1369.85 0.49 
751.97 886.97 1717.98 0.32 
817.57 743.65 1737.40 0.31 
986.04 859.53 1774.45 0.45 
780.52 634.88 1455.88 0.52 
725.18 580.03 1018.81 0.46 
614.77 910.07 1665.29 0.53 
821.86 586.49 2162.24 0.36 
906.35 581.83 1262.75 0.40 
582.26 595.27 1014.54 0.34 
656.13 734.79 1033.05 0.30 
592.21 1110.97 1851.83 0.54 
995.42 642.78 1425.59 0.48 
636.94 680.25 690.83 0.44 
1162.12 708.60 782.19 0.33 
646.34 811.25 2061.41 0.38 
613.50 943.82 2808.94 0.45 
994.89 553.63 619.48 0.35 
782.14 693.52 778.26 0.42 
629.22 650.47 2563.77 0.57 
951.51 575.60 1853.85 0.39 
623.33 796.70 1324.35 0.45 
656.46 598.19 1661.72 0.30 
1034.26 632.43 1305.94 0.45 
582.80 776.80 1379.45 0.43 
547.82 565.16 1477.87 0.26 
642.89 900.41 1586.09 0.30 
751.12 693.31 601.90 0.35 
611.92 649.67 2050.75 0.51 
605.63 654.24 1538.38 0.35 
680.11 725.37 1754.03 0.47 
689.76 677.00 1405.19 0.42 
881.38 854.19 1704.01 0.58 
570.95 551.70 835.57 0.52 
612.30 922.71 850.49 0.48 
556.77 640.27 2264.46 0.47 
902.30 654.28 1349.80 0.18 
960.04 657.14 1746.76 0.45 
599.67 568.49 1105.40 0.52 
1181.18 789.22 1781.10 0.53 
747.78 558.10 1761.26 0.36 
872.30 614.76 2152.35 0.24 
917.42 559.55 996.14 0.57 
771.29 632.94 649.78 0.54 
1009.65 879.13 1547.94 0.22 
724.18 656.96 709.68 0.59 
611.41 606.36 1537.19 0.41 
756.70 692.52 891.76 0.29 
542.83 713.57 2487.70 0.20 
780.09 745.25 1701.32 0.18 
688.56 774.72 588.36 0.25 
785.03 815.26 2190.79 0.28 
727.21 611.73 1140.92 0.31 
560.03 677.01 1054.63 0.29 
784.62 705.72 1514.73 0.47 
788.11 872.50 1652.34 0.40 
762.55 641.08 2806.83 0.51 
775.43 654.87 972.46 0.43 
653.12 810.53 1850.49 0.27 
572.56 605.44 1651.91 0.37 
814.33 965.37 1391.50 0.50 
601.45 844.37 1783.88 0.39 
616.88 819.49 911.69 0.33 
900.02 541.68 2603.08 0.28 
559.66 816.64 1212.35 0.44 
557.26 567.59 1171.07 0.38 
1084.28 849.90 1164.29 0.28 
1004.08 789.96 2209.05 0.55 
545.96 700.53 1352.92 0.31 
