606.93 1029.74 2582.93 0.45 
633.29 570.45 1083.90 0.31 
696.11 616.84 1199.13 0.37 
1120.77 683.35 846.70 0.38 
687.40 874.25 909.59 0.63 
782.53 842.62 990.48 0.32 
544.90 792.47 1337.71 0.53 
761.42 904.72 792.52 0.51 
771.28 555.46 2134.05 0.22 
724.77 730.42 1387.55 0.57 
791.58 791.04 1056.82 0.24 
557.02 735.44 1907.31 0.49 
635.62 639.02 2240.63 0.45 
667.48 738.89 2492.09 0.37 
990.65 564.24 631.34 0.31 
1134.18 617.38 1683.28 0.42 
576.72 548.93 641.76 0.33 
550.68 943.73 1584.30 0.47 
855.78 746.28 1451.17 0.46 
826.89 708.33 2204.77 0.38 
774.34 657.01 1816.19 0.37 
