701.28 639.91 2351.23 0.35 
706.80 613.34 1061.77 0.42 
789.88 579.13 2172.32 0.31 
745.03 666.41 2626.92 0.41 
779.35 644.79 1785.36 0.38 
561.89 565.10 1230.17 0.58 
593.26 722.77 1624.74 0.34 
881.02 803.25 1095.41 0.47 
820.29 832.84 3326.36 0.43 
678.91 592.08 823.02 0.35 
627.15 637.48 1516.33 0.44 
557.94 913.85 1148.58 0.57 
710.83 935.34 1485.05 0.47 
554.71 544.21 1877.82 0.41 
577.19 575.05 1073.24 0.29 
652.67 802.96 1959.64 0.32 
834.30 612.42 973.80 0.58 
586.10 552.42 2697.61 0.31 
586.16 633.97 1464.90 0.41 
691.96 713.56 1681.97 0.39 
703.83 590.03 620.12 0.34 
577.54 874.65 702.58 0.42 
819.72 627.50 2151.69 0.43 
711.28 709.34 2259.08 0.30 
546.98 729.56 1215.32 0.54 
983.77 569.61 1620.12 0.35 
1385.09 693.42 798.32 0.27 
728.61 805.66 1845.11 0.40 
560.06 607.03 1367.89 0.50 
542.57 994.26 819.34 0.45 
653.60 636.27 1410.07 0.52 
1081.90 650.64 1308.19 0.40 
574.89 594.79 1002.22 0.40 
627.74 643.92 1947.76 0.32 
745.26 580.07 1178.79 0.28 
678.93 584.46 2523.60 0.54 
821.65 575.87 1730.46 0.52 
666.88 641.46 1221.87 0.52 
792.09 744.69 580.38 0.32 
717.30 573.45 1891.32 0.48 
739.02 591.29 1272.83 0.52 
546.52 618.52 1550.42 0.34 
837.60 566.68 1927.55 0.49 
751.73 828.91 1440.10 0.31 
544.53 602.56 1236.15 0.35 
612.51 783.44 635.97 0.24 
801.71 1071.33 648.88 0.55 
895.36 599.04 2147.63 0.54 
693.63 792.26 2643.64 0.37 
669.80 680.61 613.13 0.44 
670.32 891.78 1606.64 0.58 
821.88 575.01 2234.34 0.30 
602.85 603.88 921.41 0.34 
675.90 650.95 1672.21 0.23 
566.98 561.35 1434.65 0.38 
743.16 803.97 1382.47 0.42 
1096.05 581.20 1411.24 0.43 
605.41 696.81 1711.64 0.60 
559.04 1065.22 1959.42 0.43 
876.14 744.15 2845.36 0.46 
764.43 754.93 1045.39 0.47 
646.91 663.62 1119.30 0.43 
794.58 570.25 1160.36 0.31 
631.66 602.13 2629.29 0.31 
831.33 882.21 2327.88 0.46 
758.05 921.91 2695.94 0.39 
578.02 868.77 1936.52 0.27 
553.41 583.66 1274.32 0.32 
603.60 669.39 1873.99 0.26 
663.78 767.92 1057.65 0.38 
751.24 620.31 659.69 0.56 
