1095.68 709.14 1248.98 0.54 
556.34 974.62 771.79 0.49 
1103.10 758.72 668.91 0.33 
854.78 679.87 1900.01 0.46 
1029.62 657.91 2267.53 0.14 
568.58 572.54 1215.85 0.40 
697.50 642.17 2249.92 0.08 
656.19 554.74 1275.23 0.56 
663.37 576.19 1200.78 0.32 
934.79 630.97 1082.76 0.39 
801.98 610.59 1338.74 0.45 
746.41 629.40 1840.69 0.38 
604.60 788.66 1936.76 0.37 
712.13 804.66 2538.92 0.41 
827.37 550.26 1750.81 0.49 
853.82 563.09 1557.97 0.51 
755.50 733.76 1612.67 0.31 
584.09 698.22 2099.05 0.38 
781.05 831.00 1534.99 0.59 
610.00 624.92 1065.30 0.54 
614.46 748.12 1774.52 0.48 
773.64 646.66 1849.47 0.34 
808.17 676.64 2021.52 0.30 
693.55 616.31 766.02 0.41 
639.87 991.89 1141.52 0.44 
786.99 700.41 1639.86 0.27 
620.19 613.02 1073.16 0.41 
604.05 548.33 2260.64 0.50 
562.62 750.05 1164.67 0.41 
837.04 709.96 1417.94 0.38 
626.46 782.29 2040.53 0.24 
1011.55 660.17 769.59 0.47 
760.63 568.87 1534.17 0.33 
586.07 686.57 1981.97 0.30 
541.33 762.70 583.55 0.45 
684.00 647.50 1310.54 0.41 
688.95 592.38 958.33 0.45 
657.29 545.78 1644.83 0.32 
559.70 837.63 2132.20 0.37 
710.63 768.03 1432.72 0.30 
681.70 742.65 1454.95 0.43 
740.68 559.46 1218.87 0.28 
862.38 1001.29 1112.34 0.44 
769.95 686.35 1773.05 0.48 
597.09 848.28 1423.96 0.51 
590.74 847.17 1476.08 0.41 
631.98 849.01 1082.40 0.31 
758.48 618.43 1578.19 0.33 
547.16 565.87 866.74 0.36 
547.91 668.51 655.81 0.41 
1021.31 566.90 1907.46 0.35 
662.89 771.81 1981.37 0.53 
586.87 1010.52 1387.91 0.46 
790.12 683.78 1122.56 0.43 
826.95 759.86 2012.64 0.33 
591.15 735.06 2200.84 0.31 
685.11 580.95 1826.74 0.27 
745.78 579.58 1047.93 0.26 
933.05 961.04 2272.64 0.40 
963.65 881.05 2164.16 0.34 
627.92 1010.02 901.91 0.60 
804.98 569.97 2161.56 0.30 
567.84 795.47 1288.61 0.34 
803.32 798.74 1671.11 0.45 
624.79 556.20 2038.45 0.43 
562.39 758.56 1645.88 0.43 
589.56 592.92 1600.25 0.50 
822.59 708.18 2543.15 0.40 
585.46 1242.45 670.25 0.47 
927.30 884.92 807.66 0.40 
804.37 753.38 1562.24 0.33 
893.51 744.75 1029.81 0.33 
553.72 868.58 1157.37 0.32 
553.49 637.73 1146.05 0.44 
938.85 830.67 646.70 0.26 
574.71 556.15 1698.09 0.62 
590.74 592.51 1936.51 0.32 
861.05 650.51 1443.91 0.34 
562.95 566.09 2226.27 0.33 
894.27 559.06 1709.38 0.34 
614.46 668.24 2384.69 0.35 
619.48 814.96 1656.74 0.61 
557.80 1212.94 1732.14 0.41 
549.03 699.40 1046.48 0.29 
567.30 681.76 2195.15 0.28 
825.74 759.29 2575.64 0.43 
811.66 658.37 1250.74 0.31 
686.59 745.85 992.63 0.51 
828.50 780.66 1319.78 0.42 
627.20 598.66 1767.70 0.51 
884.13 616.44 1673.72 0.50 
