712.00 718.27 657.60 0.54 
664.04 578.48 1129.72 0.54 
686.29 782.55 1272.06 0.46 
805.91 739.69 2366.06 0.53 
624.60 694.33 2101.03 0.38 
632.61 885.91 1840.79 0.24 
580.91 704.05 838.06 0.36 
855.81 599.39 1972.88 0.42 
641.88 689.39 1751.08 0.38 
892.79 588.57 2037.55 0.42 
873.82 901.32 1779.48 0.35 
705.08 621.63 576.96 0.48 
797.40 743.65 765.66 0.34 
667.27 780.89 1587.87 0.34 
794.45 619.15 940.85 0.27 
833.87 639.50 1461.63 0.36 
552.28 849.69 660.27 0.32 
556.16 871.89 1845.90 0.42 
571.31 702.13 1315.61 0.39 
745.00 774.01 1657.19 0.40 
616.33 547.87 1673.25 0.28 
968.47 952.74 632.20 0.40 
803.91 629.40 1236.93 0.45 
616.62 1060.28 1257.01 0.51 
705.53 838.86 1185.98 0.49 
744.21 575.31 1248.54 0.40 
646.93 988.19 862.63 0.31 
787.82 642.63 1835.14 0.49 
545.75 751.79 1864.46 0.41 
554.86 838.41 1344.04 0.33 
803.22 541.56 2204.47 0.41 
983.41 685.42 1203.19 0.30 
777.01 904.54 2254.46 0.47 
584.21 685.84 1139.77 0.44 
885.35 562.78 1656.13 0.45 
653.71 769.54 735.50 0.38 
756.31 845.01 1088.92 0.37 
540.85 554.56 1600.38 0.29 
1099.24 622.91 1407.76 0.31 
585.18 1008.10 2064.67 0.40 
689.64 771.70 1571.91 0.54 
569.58 827.60 862.44 0.22 
829.35 714.38 1676.34 0.28 
621.09 852.60 1066.94 0.48 
684.11 577.32 1567.69 0.48 
750.71 776.74 895.41 0.42 
734.32 578.39 2607.75 0.56 
579.01 706.94 1674.66 0.39 
631.04 762.81 1474.06 0.50 
546.58 889.41 1541.89 0.41 
568.19 713.19 1766.30 0.54 
604.18 766.69 993.61 0.43 
716.19 543.84 1833.36 0.44 
577.98 731.73 1966.14 0.47 
597.27 658.80 958.61 0.38 
824.53 1060.64 1967.93 0.43 
593.22 891.32 1009.38 0.58 
725.67 728.28 1782.58 0.48 
810.31 583.86 1382.65 0.31 
652.85 1001.11 664.63 0.54 
725.40 765.64 1828.79 0.29 
684.88 595.31 1307.56 0.49 
549.44 1021.16 1088.86 0.21 
805.71 883.76 2580.52 0.25 
728.12 560.15 1651.71 0.30 
592.49 821.44 1019.65 0.47 
1015.62 573.51 1150.39 0.46 
799.48 733.45 558.35 0.30 
615.67 751.80 1429.47 0.41 
834.39 835.20 847.97 0.45 
874.28 711.22 1195.89 0.32 
571.29 705.20 2162.73 0.28 
797.67 982.68 839.74 0.49 
544.47 686.21 2410.09 0.38 
846.95 573.58 1354.84 0.35 
709.25 705.20 1090.97 0.41 
576.98 778.33 2359.43 0.37 
830.80 849.47 1167.97 0.47 
739.12 675.68 1097.14 0.34 
875.32 723.28 2140.15 0.47 
750.06 647.43 1552.37 0.50 
661.16 873.43 1118.87 0.39 
654.56 732.75 1298.74 0.30 
651.00 660.98 1258.35 0.34 
796.59 585.70 731.22 0.44 
1032.50 1173.92 874.40 0.34 
613.89 780.64 1207.55 0.49 
549.98 630.45 1129.16 0.38 
557.31 598.53 2255.64 0.56 
758.44 1017.52 1130.47 0.16 
672.14 1058.32 1444.25 0.44 
698.30 640.31 1185.58 0.31 
612.88 564.12 931.42 0.29 
677.78 814.29 2009.80 0.57 
615.11 622.56 940.44 0.50 
634.17 563.98 1964.36 0.63 
591.94 815.43 1354.47 0.27 
742.78 761.56 1063.05 0.45 
1076.92 543.67 1793.00 0.38 
993.53 829.62 1127.96 0.24 
550.61 699.83 1033.38 0.70 
