766.50 695.15 1260.58 0.35 
597.85 546.12 1327.31 0.39 
760.75 664.83 1126.07 0.46 
753.78 841.25 1094.49 0.41 
569.18 825.07 1359.70 0.36 
546.19 566.54 2437.28 0.36 
709.35 796.72 1116.74 0.35 
841.95 576.41 2414.67 0.59 
726.12 588.88 3013.66 0.61 
877.88 571.42 2205.13 0.47 
838.15 564.25 554.37 0.57 
625.63 779.76 1688.72 0.28 
734.32 719.76 1242.18 0.38 
758.17 696.40 2470.97 0.44 
639.87 707.58 1120.24 0.38 
541.01 713.97 1829.26 0.34 
823.04 748.04 1472.55 0.45 
701.68 545.89 1596.56 0.49 
607.12 707.13 1168.72 0.44 
549.25 775.92 2004.82 0.28 
652.09 828.52 555.76 0.44 
947.13 773.03 1849.84 0.32 
576.08 913.50 1390.33 0.31 
574.16 702.94 1619.87 0.34 
572.92 706.28 1057.99 0.48 
705.37 593.21 1824.32 0.43 
683.59 599.49 1751.93 0.47 
1016.95 541.72 654.42 0.49 
1037.62 601.48 706.91 0.49 
562.90 882.17 2081.74 0.51 
659.98 830.10 716.21 0.46 
634.28 919.69 1081.01 0.54 
564.52 806.46 1263.67 0.20 
869.23 687.29 2417.05 0.45 
894.50 819.00 1167.50 0.29 
694.16 751.72 1071.28 0.46 
602.19 541.91 608.14 0.46 
568.85 618.05 909.43 0.52 
557.38 798.97 1496.44 0.51 
621.38 648.54 1860.62 0.40 
818.25 1369.54 2941.09 0.38 
696.26 710.55 2285.74 0.40 
779.99 675.73 823.60 0.30 
789.11 920.81 1317.05 0.41 
1031.86 574.96 1098.30 0.38 
1010.18 715.01 1755.98 0.59 
849.29 661.10 1354.36 0.36 
750.17 548.80 3253.61 0.36 
559.19 814.29 2143.61 0.39 
966.54 998.84 1416.91 0.51 
704.97 614.03 1692.09 0.28 
580.99 1039.27 2144.76 0.34 
573.29 657.23 623.18 0.30 
667.84 598.98 578.64 0.38 
700.37 590.28 1256.95 0.32 
691.79 553.03 702.56 0.34 
577.41 679.22 1645.10 0.52 
671.89 569.86 1726.91 0.49 
617.24 905.16 2421.14 0.04 
908.46 578.59 731.09 0.56 
656.97 1126.65 1675.93 0.28 
575.20 644.57 765.30 0.37 
734.18 583.18 2168.29 0.48 
583.47 541.60 1022.17 0.49 
720.56 633.88 2139.18 0.31 
578.86 709.19 1908.62 0.50 
576.35 684.87 1381.22 0.48 
578.51 660.60 596.82 0.31 
614.96 722.55 1994.86 0.47 
1069.45 932.90 899.36 0.39 
816.85 773.15 1491.28 0.39 
586.67 663.11 2258.53 0.55 
658.03 639.18 1766.88 0.36 
779.00 667.47 1566.54 0.41 
704.30 777.12 1319.33 0.35 
632.17 785.67 1982.16 0.28 
762.68 1051.02 1841.84 0.43 
801.33 887.41 1160.40 0.44 
991.74 611.62 1461.46 0.41 
920.52 688.93 964.30 0.29 
576.72 656.65 1092.25 0.46 
570.11 657.36 1409.95 0.50 
547.06 617.09 1170.69 0.56 
1072.32 608.78 826.88 0.39 
651.49 837.38 915.23 0.48 
735.84 548.17 2145.31 0.46 
674.48 670.73 1629.67 0.43 
893.26 639.65 734.92 0.33 
710.20 805.01 660.61 0.56 
590.65 654.67 976.24 0.35 
897.94 541.08 1145.83 0.52 
731.70 593.53 2093.20 0.53 
580.21 708.21 776.00 0.48 
590.82 880.10 2070.67 0.55 
651.73 832.81 1450.33 0.41 
675.52 659.93 1471.05 0.33 
600.43 666.15 2042.93 0.24 
784.08 828.90 1677.64 0.49 
593.51 621.26 1847.19 0.58 
933.76 668.37 2626.33 0.44 
704.14 578.51 759.18 0.51 
685.84 727.14 1173.78 0.39 
746.50 602.54 2253.37 0.53 
604.12 548.47 1919.01 0.42 
672.19 560.88 788.25 0.24 
765.24 836.15 1638.76 0.33 
800.31 655.32 2097.78 0.21 
811.53 895.33 1682.05 0.46 
888.69 585.48 2045.72 0.51 
685.96 748.42 830.17 0.38 
617.24 577.90 1534.25 0.55 
788.64 554.36 1440.57 0.30 
541.48 770.18 653.38 0.38 
640.02 725.69 657.63 0.46 
658.53 601.15 2234.48 0.46 
626.70 725.78 1178.58 0.38 
648.24 822.71 914.06 0.35 
749.98 768.54 762.63 0.30 
567.70 680.52 1015.35 0.63 
904.55 554.50 1840.53 0.28 
650.04 847.80 572.45 0.33 
722.59 737.78 1283.68 0.41 
573.13 837.66 943.15 0.46 
964.33 653.73 988.10 0.33 
789.67 915.43 1846.50 0.47 
678.83 992.82 1074.20 0.64 
878.47 912.48 1638.06 0.24 
668.18 557.39 1748.07 0.24 
848.44 834.78 1333.19 0.40 
784.64 694.11 1976.32 0.42 
954.09 788.23 1098.58 0.31 
774.91 596.46 2584.23 0.42 
659.51 673.01 1785.48 0.56 
746.68 561.85 1649.16 0.59 
542.47 961.31 959.17 0.39 
1136.98 723.38 1795.13 0.33 
1058.60 657.65 1122.68 0.41 
569.96 556.31 2075.03 0.45 
601.46 723.38 780.33 0.43 
677.15 604.54 1420.77 0.39 
1031.74 789.82 1560.20 0.34 
630.62 712.55 904.49 0.44 
566.08 555.80 943.69 0.59 
547.16 551.66 1627.90 0.24 
547.84 599.58 1864.75 0.22 
543.45 594.53 1207.29 0.48 
632.00 597.08 2031.76 0.36 
652.76 927.82 1620.11 0.43 
895.71 760.95 773.26 0.38 
741.14 895.90 935.83 0.54 
596.68 750.53 1836.18 0.50 
580.32 776.28 1303.25 0.34 
780.56 546.78 1200.38 0.44 
575.61 575.90 1957.94 0.34 
844.08 614.20 1309.51 0.43 
685.03 629.07 1625.13 0.44 
557.72 926.22 2048.06 0.41 
727.13 630.41 1468.51 0.38 
588.02 714.26 1973.19 0.41 
630.16 700.31 2076.04 0.35 
543.98 723.99 2002.60 0.38 
966.22 1132.33 1898.35 0.44 
696.13 765.39 970.19 0.40 
735.73 668.21 1049.64 0.38 
639.88 543.03 822.32 0.33 
608.39 674.13 1074.40 0.54 
696.69 608.49 1973.98 0.29 
614.51 1043.79 786.57 0.41 
788.49 988.78 1293.66 0.46 
814.57 592.65 1808.09 0.52 
781.68 647.11 1166.23 0.53 
893.29 630.40 1299.41 0.41 
601.80 806.52 1170.46 0.43 
814.66 616.80 2472.89 0.33 
625.13 990.79 1277.95 0.49 
708.37 765.84 1133.06 0.45 
715.36 824.71 2206.65 0.43 
713.92 674.22 1431.56 0.40 
620.63 570.20 1670.02 0.28 
863.62 1025.68 940.56 0.40 
961.27 570.80 1351.85 0.46 
643.95 629.70 1317.91 0.59 
825.83 905.26 1526.89 0.57 
744.94 668.23 2387.20 0.37 
587.57 783.42 1672.61 0.51 
821.42 659.71 1926.04 0.37 
615.68 582.14 763.19 0.45 
612.12 559.23 898.47 0.48 
731.74 820.50 823.74 0.33 
721.53 720.94 1206.78 0.49 
886.98 692.62 1331.51 0.43 
554.98 691.60 1104.89 0.44 
624.37 544.81 568.83 0.43 
751.60 720.90 1400.08 0.51 
865.73 570.97 698.03 0.45 
749.94 652.80 815.85 0.34 
705.25 689.91 1608.92 0.54 
880.69 777.99 2345.65 0.28 
1069.15 597.79 1267.09 0.36 
966.41 582.81 1022.82 0.39 
595.01 777.07 2284.01 0.38 
