484.88 490.82 0.43 7608.96
479.80 482.88 0.56 997.50
436.69 531.36 0.08 6006.36
495.30 523.74 0.37 5851.26
536.83 488.07 0.56 4056.31
480.91 469.62 0.44 6222.87
536.53 545.05 0.35 6516.60
398.42 649.15 0.49 2712.37
542.14 511.00 0.37 8521.48
561.67 548.00 0.44 1054.65
500.17 431.73 0.54 4873.85
546.14 516.06 0.60 2499.33
474.82 440.18 0.53 1562.51
526.50 446.89 0.24 10416.99
539.67 496.50 0.45 10107.89
434.76 459.70 0.41 8744.94
408.79 429.08 0.56 10595.24
478.70 374.88 0.49 10768.50
476.65 468.13 0.38 1475.85
508.13 522.54 0.43 9825.44
511.90 538.42 0.56 9167.48
463.26 386.60 0.53 5628.45
515.78 496.97 0.46 5002.86
487.72 484.18 0.52 716.44
464.44 526.26 0.37 1359.93
349.63 446.39 0.60 5375.93
479.62 527.10 0.28 9240.85
583.01 421.75 0.55 8387.53
481.72 547.58 0.36 8427.81
488.85 497.26 0.52 7771.92
533.03 472.72 0.39 10077.42
493.34 486.59 0.29 6395.27
490.63 538.23 0.51 7354.87
557.12 469.09 0.38 4944.48
528.26 447.95 0.40 10701.10
473.35 433.29 0.40 3210.79
528.09 600.24 0.55 4755.17
458.90 496.66 0.49 9760.75
466.39 523.65 0.59 2890.97
456.08 480.86 0.41 817.71
451.25 486.43 0.43 2502.62
439.83 667.17 0.51 9213.64
473.60 513.43 0.50 1724.13
395.79 511.29 0.44 10627.60
435.89 543.71 0.02 3396.56
499.07 525.55 0.47 9555.12
556.30 484.74 0.35 5506.22
500.59 524.07 0.02 6562.87
502.92 526.13 0.26 5427.06
465.48 554.41 0.45 7115.18
