16 47 44 27 75 34 51 35 3 18 56 4 33 43 64 48 8 54 58 21 19 37 42 1 76 25 66 59 32 57 61 55 11 79 13 71 7 20 74 70 15 69 2 77 72 65 40 6 67 39 31 24 49 14 45 29 5 80 38 73 53 41 46 9 26 50 30 17 78 28 36 52 23 63 62 60 22 68 10 12 
Best fitness: 1.31
16 80 7 74 20 13 79 11 27 75 44 15 14 51 67 39 48 33 4 1 59 42 50 30 54 31 32 71 70 46 34 72 65 35 77 5 47 38 60 61 57 9 66 63 43 64 8 56 3 18 40 6 37 25 58 78 28 52 22 26 76 19 21 17 24 36 62 55 73 53 23 29 69 68 2 49 41 12 45 10 
Worst fitness: 1.72

Alpha: 0.50
K: 0.01
Crossover probability: 0.50
Mutation probability: 0.10
Change mutation operator probability 1: 0.15
Change mutation operator probability 2: 0.00