60 70 86 49 82 12 20 22 74 28 58 24 78 25 36 63 67 84 17 38 81 7 43 68 27 11 66 59 23 75 88 13 35 21 16 47 40 5 33 90 1 37 83 64 34 65 6 51 41 50 8 32 80 72 56 45 30 29 73 55 2 76 61 4 9 15 85 57 46 48 54 42 10 18 14 3 26 19 52 71 53 79 87 44 77 31 62 39 89 69 
Best fitness: 1.63
70 81 34 88 68 65 38 58 48 46 24 78 82 12 28 20 74 22 90 62 4 77 45 67 36 72 18 71 79 3 56 7 6 49 41 8 32 10 80 1 37 75 11 47 86 55 25 26 19 61 13 35 64 23 66 57 85 59 63 17 84 51 87 29 73 33 43 27 21 30 5 40 83 16 44 60 89 2 42 76 54 50 9 14 53 52 31 15 39 69 
Worst fitness: 2.36

Alpha: 0.50
K: 0.01
Crossover probability: 0.50
Mutation probability: 0.10
Change mutation operator probability 1: 0.15
Change mutation operator probability 2: 0.00