640.63 574.79 0.09 8029.90
535.41 487.34 0.11 6111.21
546.74 502.55 0.12 2259.79
569.42 457.50 0.13 5904.05
508.64 493.63 0.30 3613.69
529.23 418.24 0.29 4162.47
462.11 588.98 0.44 6062.32
489.63 484.58 0.23 9403.30
433.38 428.89 0.17 9789.45
501.28 549.30 0.21 5406.71
548.01 496.38 0.10 8235.57
478.39 547.85 0.20 3384.70
424.83 621.57 0.25 4163.72
473.26 542.25 0.04 5009.25
522.83 539.79 0.39 5982.35
451.07 449.06 0.10 1060.50
462.52 440.24 0.06 8054.67
509.10 446.49 0.28 4521.86
576.66 465.71 0.48 2779.93
453.63 518.92 0.33 6050.88
470.86 485.50 0.23 10607.33
515.24 480.28 0.37 2062.08
557.65 533.76 0.15 6608.60
478.05 488.75 0.33 9714.38
426.83 505.27 0.07 10643.93
504.52 458.81 0.31 9087.80
517.05 460.78 0.35 10530.28
542.29 443.94 0.21 2635.22
471.81 525.47 0.27 5822.11
600.98 570.14 0.16 2768.09
474.28 492.43 0.27 6931.31
403.30 551.36 0.42 4986.11
560.37 531.36 0.18 980.90
358.55 476.04 0.12 8441.98
467.86 473.77 0.18 4572.16
488.37 475.59 0.29 8015.84
475.81 450.27 0.39 6740.53
549.04 604.65 0.41 3068.58
509.07 484.41 0.25 7390.57
505.95 417.46 0.21 3192.00
547.89 515.42 0.25 9295.28
489.81 497.56 0.29 6491.85
540.98 439.79 0.34 2063.97
531.71 552.25 0.13 2481.27
553.86 541.02 0.02 3174.68
474.34 391.92 0.22 4790.65
544.25 510.79 0.18 5493.67
429.89 491.69 0.35 3333.89
597.83 477.67 0.21 3518.67
537.32 444.47 0.01 9973.54
506.78 443.81 0.13 10526.07
517.29 580.83 0.21 6597.91
455.52 502.57 0.13 2025.68
577.54 543.83 0.34 8761.00
510.38 507.51 0.17 3384.67
505.15 500.16 0.11 1024.59
458.15 486.42 0.26 4554.91
505.99 626.97 0.22 8460.51
517.80 441.28 0.12 4196.89
411.69 501.90 0.02 730.61
495.61 584.74 0.26 4663.16
491.79 517.66 0.13 1365.94
500.44 508.71 0.30 8980.81
515.16 430.01 0.24 5195.97
440.88 514.76 0.17 10161.76
470.63 494.61 0.21 7188.91
524.09 495.15 0.34 5056.29
540.98 497.63 0.18 8453.45
448.19 432.36 0.10 5840.41
535.60 507.39 0.06 6752.65
619.82 457.73 0.10 8120.59
541.75 469.21 0.10 10618.22
379.35 523.91 0.17 10741.31
487.41 490.24 0.25 9211.88
493.77 519.21 0.19 9208.29
439.01 494.50 0.20 2295.84
500.40 505.72 0.12 2690.20
446.86 484.39 0.19 913.04
528.76 605.31 0.17 7854.26
540.77 535.86 0.10 7599.29
424.17 435.80 0.28 1657.41
487.32 560.95 0.14 2507.07
412.86 521.03 0.14 2818.56
491.05 434.12 0.12 4752.78
539.69 550.61 0.27 3578.92
557.58 508.62 0.29 766.74
580.15 538.54 0.19 8110.47
484.73 472.21 0.14 9751.60
472.48 608.23 0.21 9603.38
577.77 567.69 0.27 5403.04
415.06 494.66 0.16 767.33
540.80 513.18 0.15 2208.15
487.01 598.29 0.21 9328.79
478.43 501.70 0.27 5180.42
493.36 579.94 0.35 5411.68
450.07 481.97 0.19 6352.87
536.28 496.85 0.22 10617.34
514.00 594.29 0.08 9870.48
491.18 418.04 0.25 9306.47
502.00 536.66 0.23 2543.23
479.11 402.51 0.08 3028.59
490.15 500.16 0.30 5340.31
510.97 535.10 0.30 2048.61
535.20 510.29 0.16 7499.87
489.35 485.32 0.03 6925.53
402.56 425.52 0.15 6183.84
539.82 455.97 0.17 10123.44
458.02 513.09 0.21 8220.72
481.25 530.20 0.22 3602.96
435.36 575.74 0.26 1048.41
483.58 527.85 0.13 1026.43
389.01 408.28 0.27 4020.23
441.07 508.95 0.05 3727.50
506.31 555.75 0.26 8020.64
487.39 637.13 0.28 5450.58
488.15 380.14 0.15 2979.35
430.94 454.78 0.18 8323.09
508.53 513.24 0.29 5097.53
425.39 556.13 0.08 4270.15
505.98 490.91 0.11 5629.86
485.72 568.69 0.01 6209.99
540.26 431.34 0.34 8690.72
553.46 481.78 0.14 9175.37
511.60 509.77 0.28 9968.78
533.33 520.89 0.12 2381.89
445.07 465.06 0.18 2129.77
486.82 494.31 0.29 7258.88
463.21 532.51 0.32 10666.49
494.29 496.33 0.14 4210.18
513.82 475.07 0.33 5174.72
455.22 562.68 0.34 949.47
454.18 457.44 0.37 6111.06
465.01 523.75 0.33 8559.32
430.50 524.76 0.41 2978.26
555.05 493.96 0.38 914.81
450.64 453.99 0.23 2973.45
565.12 457.50 0.18 10023.31
385.58 456.25 0.39 10244.73
497.65 500.71 0.14 4019.93
510.77 441.62 0.11 10574.02
500.07 427.91 0.21 8125.97
455.69 471.71 0.14 9823.19
501.64 580.39 0.15 1251.96
464.50 508.02 0.35 5922.29
428.12 461.82 0.09 6805.97
534.45 560.53 0.29 6587.41
508.89 473.09 0.17 2112.48
536.24 388.27 0.26 5958.59
516.67 456.91 0.25 9191.51
503.93 538.22 0.27 9112.36
453.63 514.03 0.12 2986.02
495.44 442.43 0.07 946.97
512.33 456.27 0.28 2620.32
528.06 434.93 0.16 5509.34
483.18 535.45 0.19 7635.30
574.80 423.61 0.23 1954.52
527.09 468.54 0.31 4567.55
529.15 529.94 0.38 3609.55
470.62 481.53 0.13 7506.05
414.10 439.57 0.07 1091.25
491.70 518.95 0.22 8441.75
414.28 534.00 0.16 701.69
627.63 503.04 0.25 7572.36
472.44 581.31 0.29 6835.35
645.65 513.84 0.27 4472.75
532.91 549.17 0.24 4308.26
479.31 525.63 0.37 1059.24
491.38 494.05 0.26 10770.25
563.25 479.02 0.17 2165.19
548.98 584.40 0.15 7998.78
489.84 391.92 0.06 1780.15
505.66 486.11 0.08 3954.21
577.34 497.14 0.11 9067.17
502.37 564.34 0.05 5032.70
486.18 431.38 0.26 3823.68
509.60 531.79 0.17 3260.13
610.34 605.82 0.32 10134.62
507.53 461.14 0.31 4487.53
438.33 575.07 0.35 2893.79
475.63 544.56 0.22 4504.69
517.56 433.83 0.09 5543.52
396.68 479.46 0.20 2738.17
455.63 532.38 0.01 8749.71
479.17 512.50 0.01 3976.02
543.98 515.87 0.13 7801.66
447.05 472.80 0.17 8135.87
577.04 484.17 0.11 2571.06
455.64 464.63 0.34 3355.29
581.39 471.93 0.24 4785.86
429.50 520.06 0.22 8176.66
468.17 450.87 0.07 4284.61
477.33 487.24 0.26 2618.93
518.43 513.44 0.21 2550.98
457.00 551.68 0.37 5211.50
496.23 513.23 0.20 1369.25
433.00 434.31 0.37 2600.44
450.20 462.66 0.28 6496.10
447.54 471.91 0.30 7951.47
515.52 512.35 0.17 1947.27
447.75 548.95 0.25 7512.26
23603.288933486696