33 75 89 31 38 13 54 78 61 73 20 37 19 4 42 12 65 32 40 88 7 80 69 50 62 55 15 9 41 64 14 26 34 39 77 25 46 29 90 8 72 82 74 22 66 28 84 47 81 60 76 71 17 59 10 3 23 36 48 21 2 58 44 52 87 56 83 6 27 11 30 43 35 45 67 57 16 79 24 18 85 53 49 5 63 68 1 86 70 51 
Moving time: 134.32 134.67 140.08 145.39 158.49 163.55 170.47 174.53 176.47 186.18 194.28 198.26 215.55 239.49 248.55 263.80 270.09 282.52 299.15 315.08 329.68 341.40 349.88 351.98 355.16 363.11 375.47 380.61 388.34 413.52 425.37 427.91 434.46 443.63 454.91 459.36 470.88 479.96 488.72 496.86 516.29 539.03 545.02 560.75 587.75 594.42 603.97 618.50 627.68 629.88 651.29 670.84 696.47 715.08 723.72 748.36 793.18 811.78 839.49 849.29 867.16 881.28 895.79 911.16 917.37 924.36 926.24 940.78 967.59 983.44 999.26 1019.63 1024.79 1034.52 1051.01 1052.65 1067.51 1072.85 1086.96 1106.75 1116.05 1122.44 1134.99 1144.74 1153.46 1154.65 1170.49 1179.86 1183.47 1190.37 1321.02 
Best fitness: 22.00
Worst fitness: 24.0
Average fitness: 23.17
Alpha: 0.50
K: 0.02
Crossover probability: 0.50
Mutation probability: 0.10
Change mutation operator probability 1: 0.15
Change mutation operator probability 2: 0.15