77 98 6 16 23 62 58 12 20 56 64 19 63 38 65 15 74 40 27 49 93 92 51 46 8 83 30 70 9 89 21 11 10 95 55 41 47 5 3 61 22 99 14 59 52 4 80 100 24 37 13 91 66 7 53 34 97 39 79 1 78 82 87 28 85 17 45 84 36 57 68 72 96 86 76 48 2 43 29 67 18 75 33 44 88 90 31 94 25 71 26 73 42 32 35 81 54 60 50 69 
Moving time: 87.73 158.96 188.69 214.94 222.00 255.90 291.45 302.64 373.40 390.13 411.00 441.46 482.14 503.17 532.60 583.74 589.35 610.94 617.06 661.10 694.14 712.39 758.58 815.33 827.05 857.34 877.94 898.11 914.40 950.33 980.49 1011.30 1044.16 1076.44 1082.38 1118.82 1155.48 1168.37 1181.93 1230.56 1243.62 1260.69 1277.31 1312.06 1318.25 1379.07 1448.14 1529.22 1565.48 1601.83 1626.90 1658.43 1680.89 1694.29 1715.54 1725.24 1742.49 1778.03 1806.17 1844.05 1867.29 1887.89 1921.53 1948.33 1991.90 2004.06 2062.07 2066.87 2091.43 2101.68 2137.02 2174.08 2188.10 2223.59 2235.42 2260.05 2291.90 2300.66 2329.48 2346.93 2374.60 2396.55 2422.07 2460.97 2507.63 2534.51 2564.61 2612.11 2669.10 2694.24 2703.47 2717.02 2731.26 2775.34 2804.65 2823.63 2853.89 2900.29 2930.06 2937.65 3101.97 
Best fitness: 38.00
Worst fitness: 42.0
Average fitness: 39.47
Alpha: 0.50
K: 0.02
Crossover probability: 0.50
Mutation probability: 0.10
Change mutation operator probability 1: 0.15
Change mutation operator probability 2: 0.15