47 6 34 5 59 67 9 14 66 12 18 70 27 1 32 54 56 46 26 37 65 2 11 36 31 57 4 61 25 3 21 49 13 41 42 64 8 43 60 62 58 63 68 69 51 7 17 24 22 28 50 45 35 30 20 33 23 39 10 53 29 16 19 38 52 55 15 48 44 40 
Moving time: 125.69 161.28 180.21 192.20 221.37 234.78 251.34 269.48 299.29 338.34 385.24 401.33 422.07 430.49 454.41 475.57 484.16 502.07 560.10 610.29 614.55 651.77 665.21 690.57 696.26 732.24 769.72 792.36 801.18 823.05 829.10 832.85 856.36 902.02 950.23 990.13 1021.07 1035.48 1065.24 1080.72 1107.58 1114.39 1133.97 1181.56 1190.39 1207.44 1216.44 1241.84 1249.41 1284.54 1302.77 1338.79 1351.57 1378.60 1416.80 1439.61 1472.63 1485.04 1531.42 1534.26 1581.59 1600.64 1632.86 1673.72 1697.81 1732.36 1785.21 1822.27 1832.78 1850.51 2002.79 
Best fitness: 18.00
Worst fitness: 19.0
Average fitness: 18.23
Alpha: 0.50
K: 0.02
Crossover probability: 0.50
Mutation probability: 0.10
Change mutation operator probability 1: 0.15
Change mutation operator probability 2: 0.15