15 26 47 5 52 57 32 7 67 28 29 80 16 39 9 72 27 35 77 41 53 76 60 34 14 12 20 71 51 56 55 37 11 33 66 43 69 18 59 68 40 22 2 48 44 4 19 64 78 10 24 31 3 38 6 30 63 1 46 79 49 8 75 45 36 21 17 54 25 74 70 50 13 42 61 65 23 62 58 73 
Moving time: 120.58 127.02 152.03 223.42 261.93 291.73 338.75 381.29 391.45 428.53 456.20 535.65 544.77 558.39 560.51 598.65 622.52 671.33 692.73 704.91 718.40 724.79 760.08 766.04 815.99 826.45 839.82 867.59 933.03 966.43 1006.05 1022.84 1039.46 1045.29 1095.10 1105.52 1120.40 1146.32 1206.00 1210.85 1243.21 1250.38 1252.42 1257.27 1299.49 1306.02 1320.85 1332.08 1378.89 1406.02 1447.00 1474.34 1573.51 1608.34 1617.16 1652.72 1667.30 1722.22 1762.10 1842.79 1860.67 1886.42 1896.54 1943.13 1983.82 2008.56 2049.16 2049.23 2093.61 2127.90 2162.10 2201.45 2289.72 2383.47 2387.59 2417.99 2430.85 2524.71 2576.72 2600.28 2700.00 
Best fitness: 21.00
Worst fitness: 24.0
Average fitness: 22.20
Alpha: 0.50
K: 0.02
Crossover probability: 0.50
Mutation probability: 0.10
Change mutation operator probability 1: 0.15
Change mutation operator probability 2: 0.15