2 3 1 27 45 50 36 49 38 46 37 44 47 43 40 42 48 39 19 11 20 23 13 16 18 21 24 14 17 8 7 10 29 28 30 31 35 32 26 22 6 25 15 5 9 4 33 34 12 41 
Best fitness: 0.19
1 28 38 49 46 36 42 43 48 39 11 27 4 26 19 20 7 18 24 21 15 16 13 23 22 17 40 45 44 37 50 47 41 8 6 14 25 10 9 2 3 35 31 32 30 29 5 33 12 34 
Worst fitness: 0.28

Mean: 0.23

Standard deviation: 0.00
3 1 11 20 17 23 13 18 21 24 16 7 19 39 42 33 40 45 43 47 50 44 37 36 46 38 49 32 30 28 27 4 2 9 10 6 14 15 22 48 8 31 35 29 26 5 34 25 12 41 
Best fitness: 0.19
1 28 30 42 11 20 18 24 21 3 2 9 40 45 44 37 36 50 48 39 13 16 6 7 8 19 17 23 10 12 15 25 14 22 43 47 41 46 49 38 31 32 26 4 27 29 35 34 5 33 
Worst fitness: 0.28

Mean: 0.23

Standard deviation: 0.00
