2 3 16 17 18 36 33 31 32 48 47 46 62 61 65 64 63 21 6 4 7 9 23 22 42 37 34 38 53 60 58 72 54 69 49 52 68 57 59 43 40 56 39 20 11 15 14 13 12 1 5 19 27 26 45 44 29 28 30 8 10 25 55 71 74 75 67 35 50 66 51 24 70 73 41 
Best fitness: 0.50
7 9 31 36 34 33 32 35 54 38 53 37 42 40 72 75 60 58 59 20 21 6 4 17 18 62 63 64 55 57 23 8 5 16 46 47 69 67 74 56 52 50 65 68 73 44 27 26 39 19 41 43 45 28 14 29 13 11 12 10 61 51 71 49 25 22 15 30 24 1 3 48 66 70 2 
Worst fitness: 0.73

Mean: 0.64

Standard deviation: 0.00
16 18 17 21 7 4 19 33 31 32 36 47 46 63 68 72 60 58 57 38 37 9 27 40 43 42 34 48 62 61 64 65 69 54 56 6 5 15 14 13 12 26 10 23 22 11 8 20 39 50 52 29 28 59 55 44 45 25 49 66 35 3 75 74 71 53 41 30 24 1 2 70 73 67 51 
Best fitness: 0.56
16 31 46 48 69 68 54 34 7 4 5 6 21 19 38 57 71 58 59 12 13 14 9 23 37 40 64 61 63 60 42 20 1 3 17 18 36 50 49 33 32 47 62 65 53 72 56 27 15 29 28 44 45 26 25 43 10 11 22 52 51 35 39 67 74 55 24 41 30 75 70 66 73 2 8 
Worst fitness: 0.69

Mean: 0.62

Standard deviation: 0.00
