434.45 119.81 0.56 6780.87
859.69 765.83 0.46 8497.64
228.70 805.39 0.39 7504.63
675.49 940.25 0.03 4724.13
686.12 159.16 0.34 7473.98
830.80 257.24 0.37 6878.95
200.64 678.63 0.34 9495.54
863.67 921.99 0.33 7983.34
753.01 689.58 0.36 6450.09
993.68 423.83 0.43 7116.20
62.87 274.63 0.51 6107.12
905.57 746.44 0.40 7046.17
66.67 526.28 0.39 7844.77
566.17 144.37 0.37 6661.31
875.63 947.91 0.51 8024.41
210.82 848.65 0.56 5562.73
718.39 955.44 0.49 5777.96
971.00 630.82 0.50 5356.99
799.12 9.54 0.53 4988.31
695.03 525.40 0.54 6115.08
797.03 549.50 0.24 6118.59
655.77 746.60 0.41 5470.41
532.25 723.88 0.57 7429.99
226.14 486.54 0.48 7410.00
345.43 372.40 0.55 6409.18
920.36 23.25 0.46 6376.37
232.67 373.08 0.43 8362.83
42.51 245.60 0.58 8292.10
114.65 901.44 0.41 7055.02
916.01 603.48 0.47 6755.06
985.99 900.45 0.51 5695.73
426.96 45.85 0.28 5437.69
990.70 107.90 0.25 6961.16
799.52 146.71 0.43 6095.30
12.68 85.40 0.55 6869.35
509.72 771.31 0.50 7998.61
310.55 208.04 0.56 8549.54
294.26 739.85 0.44 7008.78
25.21 513.90 0.04 6546.74
347.51 845.57 0.51 7293.26
31.55 995.14 0.48 8816.15
161.57 321.96 0.03 7605.10
707.56 735.99 0.57 6577.58
468.08 58.78 0.55 5787.00
354.91 345.68 0.31 6434.00
44.32 908.33 0.55 6642.82
999.96 318.40 0.48 7041.95
695.11 553.92 0.60 7755.31
763.59 114.54 0.35 6764.56
914.31 484.68 0.38 4947.31

23332.606871382537
