498.06 440.06 0.53 8503.65
520.78 468.84 0.63 10259.51
508.81 478.56 0.63 10277.39
516.00 539.78 0.57 7904.40
419.86 556.10 0.51 667.98
468.16 382.88 0.53 3514.42
410.69 485.69 0.55 1849.46
630.69 521.37 0.63 3005.09
552.89 522.86 0.69 7372.24
475.09 567.87 0.51 6451.13
531.64 465.87 0.40 1531.60
500.45 603.02 0.51 7410.90
508.17 454.63 0.52 1481.04
524.99 535.26 0.39 3593.88
588.65 462.08 0.41 928.90
534.44 439.62 0.65 2797.68
454.10 529.32 0.50 5494.83
446.04 393.25 0.66 8087.80
570.00 483.58 0.49 8834.26
506.53 545.48 0.73 1041.28
461.52 540.18 0.50 7470.76
509.06 517.59 0.38 885.41
474.51 514.13 0.34 8910.39
534.04 488.72 0.68 4287.46
486.00 493.33 0.46 4051.44
425.64 462.58 0.56 5103.48
487.50 449.37 0.58 7235.89
491.09 485.31 0.53 3577.21
480.22 453.89 0.46 1712.36
459.99 490.04 0.45 6191.84
452.24 543.56 0.48 9944.91
557.46 525.90 0.48 5221.86
446.50 526.69 0.72 8668.64
465.24 531.82 0.40 10318.68
455.58 476.78 0.64 8781.37
477.95 598.02 0.60 2126.12
540.47 522.30 0.80 2767.10
509.39 551.84 0.56 8489.95
494.57 578.55 0.37 8094.24
538.61 523.80 0.43 761.66
335.88 462.81 0.66 9396.13
547.02 471.37 0.59 1794.21
360.50 467.18 0.48 5098.60
474.43 562.26 0.38 5788.80
475.51 489.41 0.69 5286.69
485.73 422.55 0.48 5600.68
530.16 645.60 0.35 10344.33
489.46 470.56 0.55 3394.29
451.37 438.62 0.53 5543.03
481.66 508.50 0.33 8799.30
515.14 535.31 0.43 8419.46
599.86 480.58 0.45 983.49
473.74 560.26 0.40 10147.39
568.50 562.66 0.69 8425.73
469.28 577.72 0.38 9689.27
529.10 503.12 0.53 7768.02
498.93 478.66 0.38 2208.64
527.17 589.55 0.61 2063.60
634.14 461.72 0.45 4756.28
505.06 438.07 0.52 3525.35
487.83 506.47 0.47 1768.88
561.81 503.93 0.57 3701.09
537.77 448.51 0.43 10580.17
475.77 534.86 0.53 8768.27
445.47 486.13 0.54 7250.13
467.24 501.42 0.62 6721.73
517.94 514.40 0.62 4053.28
531.54 491.40 0.74 1800.45
439.02 501.74 0.51 6407.21
419.77 490.79 0.58 3064.82
509.10 399.10 0.53 8321.24
422.72 572.85 0.42 4133.69
537.57 397.08 0.48 6079.96
396.34 545.57 0.34 10507.22
392.94 498.04 0.37 4842.80
509.62 386.72 0.56 4046.67
472.54 427.00 0.62 3957.37
550.24 571.31 0.51 10781.97
511.60 445.05 0.40 8349.47
518.32 574.32 0.40 7092.05
510.33 516.55 0.58 2344.06
614.41 447.76 0.46 8164.74
487.20 391.33 0.68 1291.38
519.83 462.21 0.44 6202.26
472.14 536.53 0.39 9929.31
405.42 518.74 0.52 6185.51
399.20 556.74 0.46 5996.38
444.95 541.00 0.59 6436.57
428.21 381.40 0.54 4988.72
473.82 570.87 0.55 4358.56
357.55 511.87 0.40 8762.89
468.50 481.28 0.49 3139.74
553.10 564.98 0.50 9313.15
430.01 432.51 0.64 972.38
468.53 502.86 0.42 4313.43
517.93 482.76 0.47 2712.98
539.28 524.50 0.51 917.19
542.37 455.62 0.54 10233.56
485.52 497.23 0.46 3132.46
519.89 440.77 0.49 3472.77
22623.583451593004