487.81 605.62 0.39 1383.28
476.16 453.35 0.49 9149.51
479.97 447.60 0.45 9979.22
448.65 464.50 0.47 4764.09
548.68 565.29 0.44 9034.22
464.34 477.97 0.45 8598.74
475.33 394.97 0.54 4413.47
428.97 489.49 0.60 3581.99
546.63 464.62 0.51 9096.48
525.49 482.36 0.45 7575.65
550.73 538.41 0.46 5543.54
485.26 508.28 0.50 3654.52
453.18 428.42 0.41 10624.01
513.97 380.62 0.43 4157.08
541.78 628.26 0.59 1279.78
527.36 558.07 0.45 1031.52
480.87 451.47 0.54 1482.20
504.14 522.67 0.50 1164.48
526.41 466.05 0.67 1792.18
542.77 595.62 0.56 8308.30
450.16 480.53 0.63 4813.94
474.53 541.35 0.45 7753.48
519.41 423.54 0.63 5432.64
433.33 499.28 0.29 5588.13
411.61 580.17 0.67 8394.73
506.24 582.64 0.59 911.09
476.92 487.81 0.47 4122.65
494.52 536.40 0.34 4310.75
487.53 452.20 0.35 6644.23
509.02 519.81 0.48 7064.20
379.76 534.87 0.29 10090.99
475.71 533.09 0.53 2264.94
517.60 548.43 0.66 10269.59
482.77 437.52 0.39 1875.96
524.54 483.82 0.75 10755.62
390.22 509.59 0.45 4109.84
573.16 561.85 0.43 1892.23
483.55 529.93 0.61 1516.28
516.17 494.59 0.55 7359.66
460.84 539.88 0.35 1720.50
416.13 526.50 0.56 6229.33
387.19 475.19 0.51 4969.23
535.87 495.20 0.64 9683.86
525.77 504.84 0.49 6679.91
437.13 587.34 0.44 4493.08
595.95 423.84 0.38 4293.32
577.26 450.64 0.48 1131.60
517.17 500.02 0.43 2800.95
468.99 391.03 0.42 5723.62
570.50 513.76 0.61 1520.94
546.10 491.77 0.64 6309.17
492.43 479.14 0.46 7151.44
526.31 475.38 0.32 894.67
448.75 455.79 0.53 9536.38
553.89 553.41 0.54 1849.36
517.88 521.85 0.65 6096.84
380.66 583.55 0.52 9346.99
434.02 549.51 0.36 2570.81
407.17 448.75 0.55 9407.03
427.04 525.24 0.64 8481.28
578.64 443.02 0.61 10259.17
483.31 511.59 0.39 7044.29
555.79 383.14 0.48 9724.25
486.20 544.44 0.47 8140.74
531.93 494.63 0.39 819.16
592.18 507.26 0.47 6580.54
491.33 530.53 0.40 1832.28
486.28 504.15 0.52 2207.32
580.20 558.45 0.50 1119.51
560.63 572.87 0.46 697.91
493.88 469.97 0.45 10084.05
504.81 488.02 0.49 9292.82
519.09 550.52 0.33 2762.54
586.29 493.23 0.41 3730.93
543.16 469.06 0.41 6481.12
486.76 581.82 0.49 876.64
516.08 553.56 0.58 8935.85
558.06 432.70 0.46 1581.27
504.51 527.77 0.45 4742.03
516.55 524.50 0.55 4392.00
465.11 505.55 0.54 9902.79
504.53 559.53 0.54 4431.86
489.20 431.86 0.60 9117.68
508.51 507.30 0.58 3691.67
490.77 484.83 0.48 8229.12
524.99 522.50 0.51 1790.22
538.56 486.46 0.49 1809.61
530.71 489.41 0.38 5117.49
491.10 464.12 0.39 7876.07
518.94 394.75 0.56 8713.03
527.94 543.65 0.52 1571.10
498.78 525.33 0.46 1682.37
561.46 435.12 0.42 5658.33
495.04 612.44 0.73 9729.41
458.04 335.11 0.66 9262.76
540.11 549.61 0.56 9762.49
515.72 493.25 0.52 2180.69
485.51 549.72 0.45 2444.64
427.09 518.93 0.40 8964.16
433.34 536.90 0.60 8029.48
497.82 485.17 0.38 7556.17
490.12 529.89 0.57 2101.55
542.30 438.95 0.40 5663.92
494.34 531.17 0.47 7741.75
634.56 480.81 0.57 9728.63
500.03 463.76 0.49 7697.77
545.20 391.70 0.60 10520.94
514.75 513.70 0.56 9982.30
519.03 536.83 0.54 8495.34
461.54 458.98 0.44 1582.95
528.19 465.06 0.25 10162.00
557.97 461.31 0.62 3502.03
473.93 494.71 0.53 5885.55
466.78 497.44 0.64 735.64
479.57 582.91 0.54 9494.77
418.71 548.28 0.52 8602.60
508.63 489.90 0.38 949.83
504.84 470.29 0.40 2660.89
484.30 485.89 0.37 9410.72
529.03 613.40 0.52 4239.65
596.31 431.76 0.49 9719.60
569.91 575.65 0.59 2537.21
540.43 507.49 0.52 2429.64
473.55 475.18 0.61 1748.53
509.35 491.85 0.64 8566.25
482.68 518.02 0.44 6960.74
537.85 518.21 0.39 10348.53
491.83 497.53 0.58 6921.67
443.54 463.04 0.61 1248.32
532.15 486.96 0.56 10368.83
610.97 514.99 0.47 4021.23
465.62 444.42 0.57 6183.55
499.33 512.02 0.51 9022.09
493.47 476.12 0.71 9038.12
482.05 494.20 0.39 1446.57
537.82 457.59 0.57 6892.00
537.37 485.71 0.44 5766.29
484.62 517.22 0.45 8076.87
511.45 482.03 0.59 2529.93
425.46 468.51 0.54 2620.23
430.71 495.20 0.42 4036.05
478.07 453.02 0.59 8448.29
475.47 493.50 0.42 9587.44
441.37 495.50 0.49 5043.82
501.66 564.93 0.42 6523.74
373.61 506.63 0.52 7347.48
358.81 601.61 0.49 9968.37
549.14 415.75 0.52 6659.17
454.53 500.58 0.40 7392.54
500.89 506.80 0.42 1264.43
23015.145627908183