713.30 778.68 1009.48 0.44 
722.84 360.47 2041.20 0.41 
389.18 210.07 1557.46 0.52 
85.86 246.96 2275.28 0.34 
400.54 275.11 2512.51 0.51 
891.61 883.43 3047.07 0.68 
591.19 922.97 717.05 0.28 
33.87 896.32 939.73 0.48 
376.77 769.06 1277.90 0.54 
830.68 724.94 1947.75 0.36 
874.16 977.64 1359.30 0.41 
304.33 427.42 777.81 0.30 
560.79 589.38 1121.98 0.58 
673.03 979.45 1422.94 0.45 
301.68 436.27 1336.05 0.60 
257.80 172.62 1315.63 0.57 
546.71 47.16 993.93 0.56 
90.16 180.62 2185.25 0.38 
570.74 662.32 755.90 0.42 
78.73 914.09 2311.83 0.29 
687.18 436.09 1193.91 0.40 
542.50 291.42 1923.39 0.44 
117.12 362.62 1117.50 0.36 
87.45 955.81 1425.14 0.38 
429.42 358.71 974.96 0.43 
234.04 40.07 2065.91 0.47 
294.48 184.94 1035.17 0.50 
393.82 666.71 1124.66 0.54 
410.29 587.09 2339.81 0.45 
943.91 650.44 1796.15 0.39 
381.85 754.09 1200.24 0.33 
411.49 596.87 1263.94 0.43 
665.35 179.42 3563.16 0.26 
513.75 348.75 1240.71 0.34 
351.22 495.32 1278.81 0.26 
810.71 679.90 1843.75 0.29 
61.55 242.62 2367.45 0.27 
532.51 767.59 862.52 0.41 
909.65 715.73 1559.44 0.33 
204.17 351.93 883.01 0.27 
724.62 556.59 1685.23 0.44 
679.43 513.70 1646.78 0.28 
319.75 193.18 1381.92 0.31 
231.65 641.42 759.09 0.46 
799.32 257.01 2186.41 0.38 
260.79 717.80 1087.48 0.51 
897.93 956.04 1335.25 0.37 
738.28 413.64 1226.56 0.41 
354.54 911.28 1377.51 0.57 
707.84 342.79 2719.60 0.62 
891.37 28.73 1468.22 0.46 
425.32 990.10 1724.67 0.55 
625.01 616.15 1094.13 0.44 
190.77 390.80 1872.15 0.42 
642.94 664.42 2606.04 0.37 
693.35 305.27 961.05 0.39 
67.55 195.91 1026.29 0.50 
47.61 920.16 2377.89 0.35 
567.25 989.98 1107.15 0.43 
394.83 611.86 2525.96 0.15 
902.31 186.24 1198.22 0.49 
427.17 960.04 956.40 0.38 
481.89 47.64 1103.54 0.30 
866.33 500.64 1066.95 0.43 
907.69 51.64 1747.70 0.55 
401.48 993.70 1244.41 0.40 
264.25 933.80 2239.14 0.39 
920.21 661.90 1720.41 0.46 
243.06 3.41 634.64 0.37 
816.06 670.19 2020.66 0.38 
637.71 107.26 1317.19 0.44 
441.50 383.22 1877.47 0.44 
984.06 860.06 781.54 0.36 
314.99 800.34 1204.64 0.25 
130.03 967.81 2154.45 0.35 
857.60 251.55 2569.68 0.40 
872.86 623.71 1379.60 0.37 
303.44 494.13 1476.66 0.54 
892.22 490.22 2547.28 0.41 
26.95 907.77 1967.25 0.45 
509.45 833.78 587.71 0.47 
91.10 504.92 1482.81 0.11 
118.25 40.08 737.68 0.48 
27.19 987.91 1193.36 0.58 
839.72 302.89 1384.00 0.37 
98.36 460.15 1670.80 0.47 
263.52 494.40 1616.81 0.38 
914.41 577.55 1431.77 0.50 
332.40 540.47 848.58 0.30 
800.41 678.43 2236.18 0.26 
124.63 443.66 1608.98 0.42 
771.77 604.63 2340.88 0.28 
679.16 25.78 1468.29 0.49 
35.06 700.17 1176.44 0.52 
113.39 561.39 2053.11 0.47 
269.59 600.72 1755.25 0.24 
201.03 504.80 1960.24 0.55 
406.37 491.36 1372.01 0.44 
734.60 193.06 2645.69 0.48 
518.08 172.09 1049.37 0.38 
398.86 654.47 1574.48 0.29 
