917.14 31.45 1360.66 0.44 
798.10 894.19 611.70 0.46 
822.73 756.10 1192.34 0.56 
507.59 683.69 779.64 0.26 
725.16 84.15 1390.28 0.38 
310.23 312.27 1602.41 0.47 
129.60 277.04 571.55 0.38 
531.34 211.67 2028.36 0.39 
940.54 874.81 1684.53 0.51 
497.51 505.52 2014.32 0.42 
675.89 133.97 1684.02 0.36 
325.01 364.90 1804.19 0.52 
299.81 291.68 1459.17 0.65 
654.39 167.57 2394.89 0.49 
431.25 445.08 2147.94 0.44 
985.22 372.94 1722.52 0.48 
181.90 387.97 3161.75 0.37 
520.20 333.50 1382.78 0.41 
85.65 248.12 929.68 0.43 
144.75 148.26 2141.09 0.29 
302.49 183.90 1037.25 0.54 
