6 1 17 16 22 27 23 24 20 30 34 33 43 44 49 45 35 29 25 39 28 14 4 8 3 7 12 42 46 36 32 38 18 13 2 11 26 21 41 31 48 19 15 5 10 9 40 47 37 50 
Best fitness: 0.95
6 18 23 30 22 16 46 47 42 43 33 27 24 20 15 5 8 3 4 34 44 28 35 25 14 13 12 17 11 21 26 31 36 41 32 37 38 39 40 45 50 49 29 19 7 2 1 9 10 48 
Worst fitness: 1.27

Mean: 1.09

Standard deviation: 0.00
1 6 16 17 22 27 28 34 29 35 30 40 45 44 43 38 33 23 19 24 20 4 8 3 7 2 31 36 46 42 48 49 39 25 15 5 9 10 13 14 18 12 21 26 32 47 11 37 41 50 
Best fitness: 0.88
6 17 22 42 48 43 30 20 24 23 27 28 19 9 10 15 25 29 34 33 14 8 3 4 44 50 46 36 38 49 45 35 13 7 2 16 11 26 31 32 37 12 18 21 1 5 39 47 40 41 
Worst fitness: 1.26

Mean: 1.09

Standard deviation: 0.01
