569.81 76.47 0.44 7229.81
766.44 3.96 0.41 6404.49
207.81 162.22 0.60 7710.54
537.53 411.00 0.57 6807.36
161.18 704.60 0.60 7474.24
915.92 879.94 0.60 5639.70
749.39 381.59 0.53 7365.66
81.24 641.56 0.42 7623.42
453.02 82.91 0.40 8072.76
189.85 423.69 0.60 5630.31
815.51 157.94 0.60 6639.24
154.72 816.44 0.59 7133.67
211.99 748.15 0.52 7498.14
511.60 167.28 0.46 7854.68
609.08 553.89 0.60 8706.68
718.77 745.41 0.43 7158.83
706.64 967.77 0.45 6651.91
859.01 491.83 0.32 6616.22
278.10 470.03 0.60 5146.56
721.99 268.61 0.35 5361.22
285.53 993.02 0.56 6187.50
614.17 97.52 0.39 7470.83
142.18 848.89 0.42 6730.05
728.27 941.65 0.56 7923.78
132.54 644.98 0.60 6843.98
718.18 29.51 0.58 6555.54
679.72 731.70 0.46 8029.90
328.89 149.65 0.19 7877.37
524.54 556.77 0.60 7085.05
832.07 726.11 0.42 4964.23
490.38 548.89 0.57 5944.69
941.60 673.37 0.42 8265.80
506.73 316.31 0.37 6954.55
537.22 393.15 0.53 6211.95
337.67 977.48 0.40 6590.57
505.25 97.78 0.60 5604.82
321.41 747.83 0.43 6889.53
111.04 471.57 0.45 7061.12
883.56 805.27 0.60 7049.35
814.42 633.54 0.51 7076.14
587.65 589.81 0.47 7510.75
586.21 247.69 0.60 7104.76
941.11 726.30 0.48 7124.93
874.84 282.46 0.42 6153.95
94.78 432.01 0.46 5780.92
367.56 107.96 0.40 7044.57
329.95 605.48 0.51 7572.47
168.09 597.72 0.56 8252.24
979.19 967.41 0.36 7344.37
843.43 448.26 0.60 5591.16
982.10 295.83 0.52 9240.16
30.30 554.69 0.26 7087.49
561.52 960.22 0.46 7238.75
350.57 394.40 0.51 6970.62
274.75 21.25 0.35 7993.75
275.46 528.92 0.54 4081.46
749.50 564.44 0.33 6721.20
662.31 478.48 0.57 7272.85
852.91 457.44 0.35 8158.54
349.17 364.57 0.60 6020.68
411.07 910.69 0.52 8756.54
542.91 817.96 0.60 8473.56
536.22 579.58 0.60 5601.17
595.95 806.34 0.47 6516.65
620.75 356.79 0.60 5884.49
153.94 944.66 0.39 6008.98
108.54 743.76 0.42 7515.10
198.33 185.25 0.49 7902.19
4.94 682.44 0.22 7083.08
701.95 823.50 0.44 8193.06
711.20 693.42 0.48 6649.00
392.40 798.44 0.57 7987.70
308.58 564.87 0.37 7433.99
133.28 746.46 0.60 8064.33
305.88 192.57 0.44 6376.80
262.51 200.03 0.33 5429.09
925.05 162.14 0.60 7522.89
445.59 427.83 0.41 8562.76
670.73 580.56 0.53 6927.65
495.36 491.69 0.57 6138.09
935.77 858.41 0.46 7208.66
763.96 264.40 0.60 7957.13
403.21 768.37 0.58 6805.02
300.97 94.90 0.46 6628.61
408.73 160.53 0.57 5934.05
381.41 723.22 0.47 6071.53
875.43 233.97 0.44 5533.38
881.27 732.96 0.47 7125.57
873.54 463.19 0.44 6743.36
298.00 740.60 0.55 5555.87
104.16 983.14 0.48 7498.39
515.78 128.08 0.55 6672.14
622.31 311.65 0.49 6977.88
884.64 326.68 0.60 6651.48
960.47 620.82 0.50 6878.81
515.53 300.86 0.46 8031.19
770.21 57.04 0.44 7552.15
128.07 18.59 0.46 8737.74
773.82 877.61 0.57 7800.04
613.31 235.56 0.47 7285.74
171.73 196.86 0.60 7987.26
931.84 380.98 0.58 7495.98
85.24 653.46 0.49 7576.08
154.79 33.93 0.58 7307.63
774.92 689.33 0.60 7091.17
795.67 462.81 0.50 5261.17
538.07 375.77 0.49 8210.98
47.95 863.91 0.53 6588.46
775.29 89.55 0.36 8229.45
294.99 976.48 0.44 7098.10
985.67 339.61 0.51 6067.66
933.04 371.11 0.48 7562.82
863.96 56.29 0.50 5587.97
204.67 208.07 0.50 6968.01
3.97 731.62 0.47 7543.16
385.76 600.77 0.56 7734.30
888.28 201.06 0.59 8145.69
66.55 663.20 0.60 7087.29
63.12 410.13 0.37 7596.06
982.68 918.12 0.39 6994.04
187.11 950.16 0.54 6226.28
84.81 345.59 0.48 7864.86
594.59 991.31 0.35 6253.29
207.39 589.43 0.44 7348.31
996.71 254.54 0.56 8732.95
963.51 625.67 0.57 8279.52
821.39 546.33 0.46 6958.51
28.91 671.17 0.24 7580.22
953.09 964.07 0.54 7603.98
70.42 199.69 0.60 8085.00
183.04 733.89 0.60 6474.30
14.30 596.89 0.47 7117.99
893.58 334.36 0.48 6927.12
244.50 980.21 0.43 5742.75
512.54 603.05 0.60 6832.97
751.34 217.71 0.55 6162.50
669.84 842.04 0.56 7786.79
121.49 678.56 0.60 5568.12
194.88 804.18 0.56 5567.48
496.43 170.95 0.49 4633.77
649.35 70.31 0.42 6712.65
905.93 437.11 0.44 7829.85
636.16 666.16 0.51 5635.23
658.07 652.85 0.35 5328.84
50.45 783.56 0.56 6709.37
196.24 360.40 0.46 8523.26
818.04 308.12 0.12 8293.08
672.57 556.79 0.54 7309.05
550.27 717.23 0.50 7108.82
102.51 755.98 0.41 7291.12
