429.19 474.32 0.25 7705.83
492.17 543.42 0.08 9662.20
513.82 478.57 0.03 4683.07
552.00 489.41 0.34 10709.43
560.68 483.69 0.38 7426.63
511.49 523.44 0.12 9784.25
564.22 524.74 0.18 4922.97
584.42 569.19 0.29 6429.23
479.33 449.71 0.37 2433.60
504.23 560.07 0.02 10681.46
465.56 466.63 0.01 8795.15
416.03 558.99 0.13 6753.02
511.04 507.24 0.12 3645.02
477.03 537.00 0.12 5736.25
469.44 506.17 0.12 6108.55
459.98 483.13 0.23 10430.92
500.93 497.01 0.13 4234.51
557.22 414.91 0.18 4614.88
498.59 439.62 0.12 3249.53
505.78 492.20 0.23 5352.79
591.81 520.92 0.28 4417.68
497.65 504.05 0.20 10294.08
515.65 465.87 0.21 683.49
429.26 438.83 0.11 10148.86
536.93 495.03 0.25 792.18
437.87 516.97 0.26 1852.91
569.49 468.12 0.16 8513.00
458.20 476.42 0.20 8425.68
360.88 574.83 0.17 8508.64
471.00 506.42 0.24 754.59
524.41 421.37 0.20 4871.66
513.88 465.51 0.38 5970.67
381.15 437.90 0.32 10204.69
559.60 524.34 0.30 870.93
421.17 487.20 0.25 8309.61
523.74 540.61 0.21 8688.56
397.18 537.89 0.07 2581.05
462.14 467.96 0.34 7496.47
555.35 453.56 0.17 1268.67
582.20 409.42 0.25 9903.52
482.03 508.43 0.21 5710.59
562.47 471.09 0.05 1216.80
493.51 559.43 0.10 8845.67
581.81 486.52 0.23 4804.03
500.88 538.44 0.29 8731.78
536.19 471.79 0.30 5267.17
439.30 539.17 0.01 1708.80
433.92 505.91 0.29 10587.91
472.78 550.87 0.16 1688.34
462.91 565.56 0.21 6026.58
496.98 540.70 0.01 773.88
442.85 540.56 0.16 10169.08
543.00 418.08 0.34 2719.24
423.84 453.64 0.28 10660.06
488.17 504.67 0.19 10781.53
506.64 495.86 0.14 2143.41
524.98 531.21 0.23 5217.58
503.47 508.69 0.12 6431.36
543.63 549.84 0.20 6699.78
486.53 529.50 0.32 9066.09
445.97 456.19 0.09 5405.15
546.29 427.13 0.27 10630.19
533.81 514.24 0.17 4536.07
448.47 577.09 0.25 3089.28
442.40 472.85 0.39 6989.84
498.00 542.21 0.21 9881.00
466.36 511.06 0.22 3112.84
449.18 548.42 0.15 9997.27
476.07 547.41 0.32 5747.98
473.77 474.12 0.09 10719.61
559.22 413.26 0.31 6256.86
407.71 466.35 0.16 6942.65
439.65 600.44 0.28 3889.66
415.24 549.36 0.17 926.40
479.49 477.41 0.45 3452.15

11650.501098342242
