498.58 553.10 0.16 6803.08
441.66 523.89 0.23 6478.89
507.32 502.06 0.40 9625.08
481.46 508.67 0.08 2411.96
567.32 468.49 0.14 10071.82
624.17 439.99 0.20 7514.77
448.94 423.93 0.23 2544.72
548.14 414.57 0.17 8235.94
471.63 527.05 0.15 4142.86
493.75 446.06 0.13 7325.68
569.83 456.07 0.28 1530.95
584.02 556.75 0.28 9006.61
470.80 556.51 0.23 2303.85
554.43 514.05 0.29 8089.90
476.36 452.35 0.38 7489.10
436.78 633.83 0.01 2846.20
499.97 600.47 0.11 5313.26
423.37 590.92 0.38 6980.18
540.24 493.77 0.12 2215.08
549.56 575.19 0.18 7902.22
542.07 498.70 0.19 8993.89
542.52 535.33 0.07 3994.86
455.60 477.05 0.11 7727.32
483.36 527.23 0.27 8537.11
542.93 502.53 0.02 6222.25
537.74 523.94 0.18 9147.24
544.02 507.79 0.17 5948.71
458.37 551.52 0.27 2395.54
581.53 500.10 0.25 3484.21
518.32 481.82 0.38 828.71
583.70 553.31 0.25 4347.20
473.43 563.96 0.15 5958.74
603.09 458.53 0.33 4032.09
561.45 507.96 0.30 8221.18
540.74 510.12 0.10 9990.81
504.78 539.91 0.39 1544.20
520.32 546.57 0.08 10465.44
434.52 456.87 0.27 6787.05
469.63 556.70 0.40 10246.47
487.00 450.48 0.09 2185.37
600.14 485.26 0.11 9677.03
545.76 463.99 0.24 7580.93
500.46 546.91 0.11 2715.64
505.15 513.83 0.04 2263.75
506.08 408.10 0.19 7920.09
508.58 533.64 0.07 7161.36
527.88 497.73 0.16 3400.59
504.93 482.66 0.26 2927.97
511.77 394.20 0.03 4505.78
500.19 489.06 0.15 10154.28

11467.484023591749
