644.30 684.16 1429.65 0.41 
578.60 697.93 7026.52 0.42 
964.45 749.82 6904.04 0.36 
935.42 681.02 3838.59 0.44 
832.88 689.89 2859.53 0.46 
802.97 641.87 1017.40 0.45 
825.34 699.00 2923.58 0.54 
889.20 607.41 1928.43 0.53 
808.57 857.46 1370.96 0.42 
628.10 669.27 842.72 0.42 
868.01 675.57 4310.80 0.40 
829.55 671.57 967.79 0.36 
811.81 1057.00 3333.42 0.45 
622.20 963.83 3603.45 0.27 
814.60 692.26 2546.06 0.26 
766.97 596.97 3329.73 0.34 
544.33 782.66 7552.30 0.26 
963.48 611.43 2029.63 0.26 
769.80 734.86 6503.14 0.24 
989.39 715.17 7203.17 0.62 
615.04 609.89 5515.96 0.34 
703.76 559.08 963.07 0.62 
860.12 869.95 2624.51 0.55 
562.81 781.58 6521.07 0.40 
756.13 613.58 2090.09 0.41 
557.05 702.87 619.73 0.26 
599.18 1090.80 701.91 0.33 
587.16 775.20 2334.30 0.44 
737.15 652.62 5219.94 0.52 
644.39 983.94 5404.33 0.21 
681.73 540.53 6661.85 0.49 
26 10 21 22 25 6 8 12 5 7 15 9 23 13 27 24 28 1 11 4 18 16 29 19 3 20 31 2 17 14 30 
Fitness: 1.55


Mean: 1.57

Standard deviation: 0.00
26 10 21 22 25 6 8 12 5 7 15 9 23 13 27 24 28 1 11 4 18 16 29 19 3 20 31 2 17 14 30 
Fitness: 1.55


Mean: 1.57

Standard deviation: 0.00
26 10 21 22 25 6 8 12 5 7 15 9 23 13 27 24 28 1 11 4 18 16 29 19 3 20 31 2 17 14 30 
Fitness: 1.55


Mean: 1.57

Standard deviation: 0.00
26 10 21 22 25 6 8 12 5 7 15 9 23 13 27 24 28 1 11 4 18 16 29 19 3 20 31 2 17 14 30 
Fitness: 1.55


Mean: 1.57

Standard deviation: 0.00
26 10 21 22 25 6 8 12 5 7 15 9 23 13 27 24 28 1 11 4 18 16 29 19 3 20 31 2 17 14 30 
Fitness: 1.55


Mean: 1.57

Standard deviation: 0.00
26 10 21 22 25 6 8 12 5 7 15 9 23 13 27 24 28 1 11 4 18 16 29 19 3 20 31 2 17 14 30 
Fitness: 1.55


Mean: 1.57

Standard deviation: 0.00
26 10 21 22 25 6 8 12 5 7 15 9 23 13 27 24 28 1 11 4 18 16 29 19 3 20 31 2 17 14 30 
Fitness: 1.55


Mean: 1.57

Standard deviation: 0.00
26 10 21 22 25 6 8 12 5 7 15 9 23 13 27 24 28 1 11 4 18 16 29 19 3 20 31 2 17 14 30 
Fitness: 1.55


Mean: 1.57

Standard deviation: 0.00
26 10 21 22 25 6 8 12 5 7 15 9 23 13 27 24 28 1 11 4 18 16 29 19 3 20 31 2 17 14 30 
Fitness: 1.55


Mean: 1.57

Standard deviation: 0.00
26 10 21 22 25 6 8 12 5 7 15 9 23 13 27 24 28 1 11 4 18 16 29 19 3 20 31 2 17 14 30 
Fitness: 1.55


Mean: 1.57

Standard deviation: 0.00
26 10 21 22 25 6 8 12 5 7 15 9 23 13 27 24 28 1 11 4 18 16 29 19 3 20 31 2 17 14 30 
Fitness: 1.55


Mean: 1.57

Standard deviation: 0.00
26 10 21 22 25 6 8 12 5 7 15 9 23 13 27 24 28 1 11 4 18 16 29 19 3 20 31 2 17 14 30 
Fitness: 1.55


Mean: 1.57

Standard deviation: 0.00
26 10 21 22 25 6 8 12 5 7 15 9 23 13 27 24 28 1 11 4 18 16 29 19 3 20 31 2 17 14 30 
Fitness: 1.55


Mean: 1.57

Standard deviation: 0.00
26 10 21 22 25 6 8 12 5 7 15 9 23 13 27 24 28 1 11 4 18 16 29 19 3 20 31 2 17 14 30 
Fitness: 1.55


Mean: 1.57

Standard deviation: 0.00
26 10 21 22 25 6 8 12 5 7 15 9 23 13 27 24 28 1 11 4 18 16 29 19 3 20 31 2 17 14 30 
Fitness: 1.55


Mean: 1.57

Standard deviation: 0.00
26 10 21 22 25 6 8 12 5 7 15 9 23 13 27 24 28 1 11 4 18 16 29 19 3 20 31 2 17 14 30 
Fitness: 1.55


Mean: 1.57

Standard deviation: 0.00
26 10 21 22 25 6 8 12 5 7 15 9 23 13 27 24 28 1 11 4 18 16 29 19 3 20 31 2 17 14 30 
Fitness: 1.55


Mean: 1.57

Standard deviation: 0.00
26 10 21 22 25 6 8 12 5 7 15 9 23 13 27 24 28 1 11 4 18 16 29 19 3 20 31 2 17 14 30 
Fitness: 1.55


Mean: 1.57

Standard deviation: 0.00
26 10 21 22 25 6 8 12 5 7 15 9 23 13 27 24 28 1 11 4 18 16 29 19 3 20 31 2 17 14 30 
Fitness: 1.55


Mean: 1.57

Standard deviation: 0.00
26 10 21 22 25 6 8 12 5 7 15 9 23 13 27 24 28 1 11 4 18 16 29 19 3 20 31 2 17 14 30 
Fitness: 1.55


Mean: 1.57

Standard deviation: 0.00
26 10 21 22 25 6 8 12 5 7 15 9 23 13 27 24 28 1 11 4 18 16 29 19 3 20 31 2 17 14 30 
Fitness: 1.55


Mean: 1.57

Standard deviation: 0.00
26 10 21 22 25 6 8 12 5 7 15 9 23 13 27 24 28 1 11 4 18 16 29 19 3 20 31 2 17 14 30 
Fitness: 1.55


Mean: 1.57

Standard deviation: 0.00
26 10 21 22 25 6 8 12 5 7 15 9 23 13 27 24 28 1 11 4 18 16 29 19 3 20 31 2 17 14 30 
Fitness: 1.55


Mean: 1.57

Standard deviation: 0.00
26 10 21 22 25 6 8 12 5 7 15 9 23 13 27 24 28 1 11 4 18 16 29 19 3 20 31 2 17 14 30 
Fitness: 1.55


Mean: 1.57

Standard deviation: 0.00
26 10 21 22 25 6 8 12 5 7 15 9 23 13 27 24 28 1 11 4 18 16 29 19 3 20 31 2 17 14 30 
Fitness: 1.55


Mean: 1.57

Standard deviation: 0.00
26 10 21 22 25 6 8 12 5 7 15 9 23 13 27 24 28 1 11 4 18 16 29 19 3 20 31 2 17 14 30 
Fitness: 1.55


Mean: 1.57

Standard deviation: 0.00
26 10 21 22 25 6 8 12 5 7 15 9 23 13 27 24 28 1 11 4 18 16 29 19 3 20 31 2 17 14 30 
Fitness: 1.55


Mean: 1.57

Standard deviation: 0.00
26 10 21 22 25 6 8 12 5 7 15 9 23 13 27 24 28 1 11 4 18 16 29 19 3 20 31 2 17 14 30 
Fitness: 1.55


Mean: 1.57

Standard deviation: 0.00
26 10 21 22 25 6 8 12 5 7 15 9 23 13 27 24 28 1 11 4 18 16 29 19 3 20 31 2 17 14 30 
Fitness: 1.55


Mean: 1.57

Standard deviation: 0.00
26 10 21 22 25 6 8 12 5 7 15 9 23 13 27 24 28 1 11 4 18 16 29 19 3 20 31 2 17 14 30 
Fitness: 1.55


Mean: 1.57

Standard deviation: 0.00
26 10 21 22 25 6 8 12 5 7 15 9 23 13 27 24 28 1 11 4 18 16 29 19 3 20 31 2 17 14 30 
Fitness: 1.55


Mean: 1.57

Standard deviation: 0.00
26 10 21 22 25 6 8 12 5 7 15 9 23 13 27 24 28 1 11 4 18 16 29 19 3 20 31 2 17 14 30 
Fitness: 1.55


Mean: 1.57

Standard deviation: 0.00
26 10 21 22 25 6 8 12 5 7 15 9 23 13 27 24 28 1 11 4 18 16 29 19 3 20 31 2 17 14 30 
Fitness: 1.55


Mean: 1.57

Standard deviation: 0.00
26 10 21 22 25 6 8 12 5 7 15 9 23 13 27 24 28 1 11 4 18 16 29 19 3 20 31 2 17 14 30 
Fitness: 1.55


Mean: 1.57

Standard deviation: 0.00
26 10 21 22 25 6 8 12 5 7 15 9 23 13 27 24 28 1 11 4 18 16 29 19 3 20 31 2 17 14 30 
Fitness: 1.55


Mean: 1.57

Standard deviation: 0.00
26 10 21 22 25 6 8 12 5 7 15 9 23 13 27 24 28 1 11 4 18 16 29 19 3 20 31 2 17 14 30 
Fitness: 1.55


Mean: 1.57

Standard deviation: 0.00
26 10 21 22 25 6 8 12 5 7 15 9 23 13 27 24 28 1 11 4 18 16 29 19 3 20 31 2 17 14 30 
Fitness: 1.55


Mean: 1.57

Standard deviation: 0.00
26 10 21 22 25 6 8 12 5 7 15 9 23 13 27 24 28 1 11 4 18 16 29 19 3 20 31 2 17 14 30 
Fitness: 1.55


Mean: 1.57

Standard deviation: 0.00
26 10 21 22 25 6 8 12 5 7 15 9 23 13 27 24 28 1 11 4 18 16 29 19 3 20 31 2 17 14 30 
Fitness: 1.55


Mean: 1.57

Standard deviation: 0.00
26 10 21 22 25 6 8 12 5 7 15 9 23 13 27 24 28 1 11 4 18 16 29 19 3 20 31 2 17 14 30 
Fitness: 1.55


Mean: 1.57

Standard deviation: 0.00
26 10 21 22 25 6 8 12 5 7 15 9 23 13 27 24 28 1 11 4 18 16 29 19 3 20 31 2 17 14 30 
Fitness: 1.55


Mean: 1.57

Standard deviation: 0.00
26 10 21 22 25 6 8 12 5 7 15 9 23 13 27 24 28 1 11 4 18 16 29 19 3 20 31 2 17 14 30 
Fitness: 1.55


Mean: 1.57

Standard deviation: 0.00
26 10 21 22 25 6 8 12 5 7 15 9 23 13 27 24 28 1 11 4 18 16 29 19 3 20 31 2 17 14 30 
Fitness: 1.55


Mean: 1.57

Standard deviation: 0.00
26 10 21 22 25 6 8 12 5 7 15 9 23 13 27 24 28 1 11 4 18 16 29 19 3 20 31 2 17 14 30 
Fitness: 1.55


Mean: 1.57

Standard deviation: 0.00
26 10 21 22 25 6 8 12 5 7 15 9 23 13 27 24 28 1 11 4 18 16 29 19 3 20 31 2 17 14 30 
Fitness: 1.55


Mean: 1.57

Standard deviation: 0.00
26 10 21 22 25 6 8 12 5 7 15 9 23 13 27 24 28 1 11 4 18 16 29 19 3 20 31 2 17 14 30 
Fitness: 1.55


Mean: 1.57

Standard deviation: 0.00
26 10 21 22 25 6 8 12 5 7 15 9 23 13 27 24 28 1 11 4 18 16 29 19 3 20 31 2 17 14 30 
Fitness: 1.55


Mean: 1.57

Standard deviation: 0.00
26 10 21 22 25 6 8 12 5 7 15 9 23 13 27 24 28 1 11 4 18 16 29 19 3 20 31 2 17 14 30 
Fitness: 1.55


Mean: 1.57

Standard deviation: 0.00
26 10 21 22 25 6 8 12 5 7 15 9 23 13 27 24 28 1 11 4 18 16 29 19 3 20 31 2 17 14 30 
Fitness: 1.55


Mean: 1.57

Standard deviation: 0.00
26 10 21 22 25 6 8 12 5 7 15 9 23 13 27 24 28 1 11 4 18 16 29 19 3 20 31 2 17 14 30 
Fitness: 1.55


Mean: 1.57

Standard deviation: 0.00
26 10 21 22 25 6 8 12 5 7 15 9 23 13 27 24 28 1 11 4 18 16 29 19 3 20 31 2 17 14 30 
Fitness: 1.55


Mean: 1.57

Standard deviation: 0.00
26 10 21 22 25 6 8 12 5 7 15 9 23 13 27 24 28 1 11 4 18 16 29 19 3 20 31 2 17 14 30 
Fitness: 1.55


Mean: 1.57

Standard deviation: 0.00
26 10 21 22 25 6 8 12 5 7 15 9 23 13 27 24 28 1 11 4 18 16 29 19 3 20 31 2 17 14 30 
Fitness: 1.55


Mean: 1.57

Standard deviation: 0.00
26 10 21 22 25 6 8 12 5 7 15 9 23 13 27 24 28 1 11 4 18 16 29 19 3 20 31 2 17 14 30 
Fitness: 1.55


Mean: 1.57

Standard deviation: 0.00
26 10 21 22 25 6 8 12 5 7 15 9 23 13 27 24 28 1 11 4 18 16 29 19 3 20 31 2 17 14 30 
Fitness: 1.55


Mean: 1.57

Standard deviation: 0.00
26 10 21 22 25 6 8 12 5 7 15 9 23 13 27 24 28 1 11 4 18 16 29 19 3 20 31 2 17 14 30 
Fitness: 1.55


Mean: 1.57

Standard deviation: 0.00
26 10 21 22 25 6 8 12 5 7 15 9 23 13 27 24 28 1 11 4 18 16 29 19 3 20 31 2 17 14 30 
Fitness: 1.55


Mean: 1.57

Standard deviation: 0.00
26 10 21 22 25 6 8 12 5 7 15 9 23 13 27 24 28 1 11 4 18 16 29 19 3 20 31 2 17 14 30 
Fitness: 1.55


Mean: 1.57

Standard deviation: 0.00
26 10 21 22 25 6 8 12 5 7 15 9 23 13 27 24 28 1 11 4 18 16 29 19 3 20 31 2 17 14 30 
Fitness: 1.55


Mean: 1.57

Standard deviation: 0.00
26 10 21 22 25 6 8 12 5 7 15 9 23 13 27 24 28 1 11 4 18 16 29 19 3 20 31 2 17 14 30 
Fitness: 1.55


Mean: 1.57

Standard deviation: 0.00
26 10 21 22 25 6 8 12 5 7 15 9 23 13 27 24 28 1 11 4 18 16 29 19 3 20 31 2 17 14 30 
Fitness: 1.55


Mean: 1.57

Standard deviation: 0.00
26 10 21 22 25 6 8 12 5 7 15 9 23 13 27 24 28 1 11 4 18 16 29 19 3 20 31 2 17 14 30 
Fitness: 1.55


Mean: 1.57

Standard deviation: 0.00
26 10 21 22 25 6 8 12 5 7 15 9 23 13 27 24 28 1 11 4 18 16 29 19 3 20 31 2 17 14 30 
Fitness: 1.55


Mean: 1.57

Standard deviation: 0.00
26 10 21 22 25 6 8 12 5 7 15 9 23 13 27 24 28 1 11 4 18 16 29 19 3 20 31 2 17 14 30 
Fitness: 1.55


Mean: 1.57

Standard deviation: 0.00
26 10 21 22 25 6 8 12 5 7 15 9 23 13 27 24 28 1 11 4 18 16 29 19 3 20 31 2 17 14 30 
Fitness: 1.55


Mean: 1.57

Standard deviation: 0.00
26 10 21 22 25 6 8 12 5 7 15 9 23 13 27 24 28 1 11 4 18 16 29 19 3 20 31 2 17 14 30 
Fitness: 1.55


Mean: 1.57

Standard deviation: 0.00
26 10 21 22 25 6 8 12 5 7 15 9 23 13 27 24 28 1 11 4 18 16 29 19 3 20 31 2 17 14 30 
Fitness: 1.55


Mean: 1.57

Standard deviation: 0.00
26 10 21 22 25 6 8 12 5 7 15 9 23 13 27 24 28 1 11 4 18 16 29 19 3 20 31 2 17 14 30 
Fitness: 1.55


Mean: 1.57

Standard deviation: 0.00
26 10 21 22 25 6 8 12 5 7 15 9 23 13 27 24 28 1 11 4 18 16 29 19 3 20 31 2 17 14 30 
Fitness: 1.55


Mean: 1.57

Standard deviation: 0.00
26 10 21 22 25 6 8 12 5 7 15 9 23 13 27 24 28 1 11 4 18 16 29 19 3 20 31 2 17 14 30 
Fitness: 1.55


Mean: 1.57

Standard deviation: 0.00
26 10 21 22 25 6 8 12 5 7 15 9 23 13 27 24 28 1 11 4 18 16 29 19 3 20 31 2 17 14 30 
Fitness: 1.55


Mean: 1.57

Standard deviation: 0.00
26 10 21 22 25 6 8 12 5 7 15 9 23 13 27 24 28 1 11 4 18 16 29 19 3 20 31 2 17 14 30 
Fitness: 1.55


Mean: 1.57

Standard deviation: 0.00
26 10 21 22 25 6 8 12 5 7 15 9 23 13 27 24 28 1 11 4 18 16 29 19 3 20 31 2 17 14 30 
Fitness: 1.55


Mean: 1.57

Standard deviation: 0.00
26 10 21 22 25 6 8 12 5 7 15 9 23 13 27 24 28 1 11 4 18 16 29 19 3 20 31 2 17 14 30 
Fitness: 1.55


Mean: 1.57

Standard deviation: 0.00
26 10 21 22 25 6 8 12 5 7 15 9 23 13 27 24 28 1 11 4 18 16 29 19 3 20 31 2 17 14 30 
Fitness: 1.55


Mean: 1.57

Standard deviation: 0.00
26 10 21 22 25 6 8 12 5 7 15 9 23 13 27 24 28 1 11 4 18 16 29 19 3 20 31 2 17 14 30 
Fitness: 1.55


Mean: 1.57

Standard deviation: 0.00
26 10 21 22 25 6 8 12 5 7 15 9 23 13 27 24 28 1 11 4 18 16 29 19 3 20 31 2 17 14 30 
Fitness: 1.55


Mean: 1.57

Standard deviation: 0.00
26 10 21 22 25 6 8 12 5 7 15 9 23 13 27 24 28 1 11 4 18 16 29 19 3 20 31 2 17 14 30 
Fitness: 1.55


Mean: 1.57

Standard deviation: 0.00
26 10 21 22 25 6 8 12 5 7 15 9 23 13 27 24 28 1 11 4 18 16 29 19 3 20 31 2 17 14 30 
Fitness: 1.55


Mean: 1.57

Standard deviation: 0.00
26 10 21 22 25 6 8 12 5 7 15 9 23 13 27 24 28 1 11 4 18 16 29 19 3 20 31 2 17 14 30 
Fitness: 1.55


Mean: 1.57

Standard deviation: 0.00
26 10 21 22 25 6 8 12 5 7 15 9 23 13 27 24 28 1 11 4 18 16 29 19 3 20 31 2 17 14 30 
Fitness: 1.55


Mean: 1.57

Standard deviation: 0.00
26 10 21 22 25 6 8 12 5 7 15 9 23 13 27 24 28 1 11 4 18 16 29 19 3 20 31 2 17 14 30 
Fitness: 1.55


Mean: 1.57

Standard deviation: 0.00
26 10 21 22 25 6 8 12 5 7 15 9 23 13 27 24 28 1 11 4 18 16 29 19 3 20 31 2 17 14 30 
Fitness: 1.55


Mean: 1.57

Standard deviation: 0.00
26 10 21 22 25 6 8 12 5 7 15 9 23 13 27 24 28 1 11 4 18 16 29 19 3 20 31 2 17 14 30 
Fitness: 1.55


Mean: 1.57

Standard deviation: 0.00
26 10 21 22 25 6 8 12 5 7 15 9 23 13 27 24 28 1 11 4 18 16 29 19 3 20 31 2 17 14 30 
Fitness: 1.55


Mean: 1.57

Standard deviation: 0.00
26 10 21 22 25 6 8 12 5 7 15 9 23 13 27 24 28 1 11 4 18 16 29 19 3 20 31 2 17 14 30 
Fitness: 1.55


Mean: 1.57

Standard deviation: 0.00
26 10 21 22 25 6 8 12 5 7 15 9 23 13 27 24 28 1 11 4 18 16 29 19 3 20 31 2 17 14 30 
Fitness: 1.55


Mean: 1.57

Standard deviation: 0.00
26 10 21 22 25 6 8 12 5 7 15 9 23 13 27 24 28 1 11 4 18 16 29 19 3 20 31 2 17 14 30 
Fitness: 1.55


Mean: 1.57

Standard deviation: 0.00
26 10 21 22 25 6 8 12 5 7 15 9 23 13 27 24 28 1 11 4 18 16 29 19 3 20 31 2 17 14 30 
Fitness: 1.55


Mean: 1.57

Standard deviation: 0.00
26 10 21 22 25 6 8 12 5 7 15 9 23 13 27 24 28 1 11 4 18 16 29 19 3 20 31 2 17 14 30 
Fitness: 1.55


Mean: 1.57

Standard deviation: 0.00
26 10 21 22 25 6 8 12 5 7 15 9 23 13 27 24 28 1 11 4 18 16 29 19 3 20 31 2 17 14 30 
Fitness: 1.55


Mean: 1.57

Standard deviation: 0.00
26 10 21 22 25 6 8 12 5 7 15 9 23 13 27 24 28 1 11 4 18 16 29 19 3 20 31 2 17 14 30 
Fitness: 1.55


Mean: 1.57

Standard deviation: 0.00
26 10 21 22 25 6 8 12 5 7 15 9 23 13 27 24 28 1 11 4 18 16 29 19 3 20 31 2 17 14 30 
Fitness: 1.55


Mean: 1.57

Standard deviation: 0.00
26 10 21 22 25 6 8 12 5 7 15 9 23 13 27 24 28 1 11 4 18 16 29 19 3 20 31 2 17 14 30 
Fitness: 1.55


Mean: 1.57

Standard deviation: 0.00
26 10 21 22 25 6 8 12 5 7 15 9 23 13 27 24 28 1 11 4 18 16 29 19 3 20 31 2 17 14 30 
Fitness: 1.55


Mean: 1.57

Standard deviation: 0.00
26 10 21 22 25 6 8 12 5 7 15 9 23 13 27 24 28 1 11 4 18 16 29 19 3 20 31 2 17 14 30 
Fitness: 1.55


Mean: 1.57

Standard deviation: 0.00
26 10 21 22 25 6 8 12 5 7 15 9 23 13 27 24 28 1 11 4 18 16 29 19 3 20 31 2 17 14 30 
Fitness: 1.55


Mean: 1.57

Standard deviation: 0.00
26 10 21 22 25 6 8 12 5 7 15 9 23 13 27 24 28 1 11 4 18 16 29 19 3 20 31 2 17 14 30 
Fitness: 1.55


Mean: 1.57

Standard deviation: 0.00
26 10 21 22 25 6 8 12 5 7 15 9 23 13 27 24 28 1 11 4 18 16 29 19 3 20 31 2 17 14 30 
Fitness: 1.55


Mean: 1.57

Standard deviation: 0.00
26 10 21 22 25 6 8 12 5 7 15 9 23 13 27 24 28 1 11 4 18 16 29 19 3 20 31 2 17 14 30 
Fitness: 1.55


Mean: 1.57

Standard deviation: 0.00
26 10 21 22 25 6 8 12 5 7 15 9 23 13 27 24 28 1 11 4 18 16 29 19 3 20 31 2 17 14 30 
Fitness: 1.55


Mean: 1.57

Standard deviation: 0.00
26 10 21 22 25 6 8 12 5 7 15 9 23 13 27 24 28 1 11 4 18 16 29 19 3 20 31 2 17 14 30 
Fitness: 1.55


Mean: 1.57

Standard deviation: 0.00
26 10 21 22 25 6 8 12 5 7 15 9 23 13 27 24 28 1 11 4 18 16 29 19 3 20 31 2 17 14 30 
Fitness: 1.55


Mean: 1.57

Standard deviation: 0.00
26 10 21 22 25 6 8 12 5 7 15 9 23 13 27 24 28 1 11 4 18 16 29 19 3 20 31 2 17 14 30 
Fitness: 1.55


Mean: 1.57

Standard deviation: 0.00
26 10 21 22 25 6 8 12 5 7 15 9 23 13 27 24 28 1 11 4 18 16 29 19 3 20 31 2 17 14 30 
Fitness: 1.55


Mean: 1.57

Standard deviation: 0.00
26 10 21 22 25 6 8 12 5 7 15 9 23 13 27 24 28 1 11 4 18 16 29 19 3 20 31 2 17 14 30 
Fitness: 1.55


Mean: 1.57

Standard deviation: 0.00
26 10 21 22 25 6 8 12 5 7 15 9 23 13 27 24 28 1 11 4 18 16 29 19 3 20 31 2 17 14 30 
Fitness: 1.55


Mean: 1.57

Standard deviation: 0.00
26 10 21 22 25 6 8 12 5 7 15 9 23 13 27 24 28 1 11 4 18 16 29 19 3 20 31 2 17 14 30 
Fitness: 1.55


Mean: 1.57

Standard deviation: 0.00
26 10 21 22 25 6 8 12 5 7 15 9 23 13 27 24 28 1 11 4 18 16 29 19 3 20 31 2 17 14 30 
Fitness: 1.55


Mean: 1.57

Standard deviation: 0.00
26 10 21 22 25 6 8 12 5 7 15 9 23 13 27 24 28 1 11 4 18 16 29 19 3 20 31 2 17 14 30 
Fitness: 1.55


Mean: 1.57

Standard deviation: 0.00
26 10 21 22 25 6 8 12 5 7 15 9 23 13 27 24 28 1 11 4 18 16 29 19 3 20 31 2 17 14 30 
Fitness: 1.55


Mean: 1.57

Standard deviation: 0.00
26 10 21 22 25 6 8 12 5 7 15 9 23 13 27 24 28 1 11 4 18 16 29 19 3 20 31 2 17 14 30 
Fitness: 1.55


Mean: 1.57

Standard deviation: 0.00
26 10 21 22 25 6 8 12 5 7 15 9 23 13 27 24 28 1 11 4 18 16 29 19 3 20 31 2 17 14 30 
Fitness: 1.55


Mean: 1.57

Standard deviation: 0.00
26 10 21 22 25 6 8 12 5 7 15 9 23 13 27 24 28 1 11 4 18 16 29 19 3 20 31 2 17 14 30 
Fitness: 1.55


Mean: 1.57

Standard deviation: 0.00
26 10 21 22 25 6 8 12 5 7 15 9 23 13 27 24 28 1 11 4 18 16 29 19 3 20 31 2 17 14 30 
Fitness: 1.55


Mean: 1.57

Standard deviation: 0.00
26 10 21 22 25 6 8 12 5 7 15 9 23 13 27 24 28 1 11 4 18 16 29 19 3 20 31 2 17 14 30 
Fitness: 1.55


Mean: 1.57

Standard deviation: 0.00
26 10 21 22 25 6 8 12 5 7 15 9 23 13 27 24 28 1 11 4 18 16 29 19 3 20 31 2 17 14 30 
Fitness: 1.55


Mean: 1.57

Standard deviation: 0.00
26 10 21 22 25 6 8 12 5 7 15 9 23 13 27 24 28 1 11 4 18 16 29 19 3 20 31 2 17 14 30 
Fitness: 1.55


Mean: 1.57

Standard deviation: 0.00
26 10 21 22 25 6 8 12 5 7 15 9 23 13 27 24 28 1 11 4 18 16 29 19 3 20 31 2 17 14 30 
Fitness: 1.55


Mean: 1.57

Standard deviation: 0.00
26 10 21 22 25 6 8 12 5 7 15 9 23 13 27 24 28 1 11 4 18 16 29 19 3 20 31 2 17 14 30 
Fitness: 1.55


Mean: 1.57

Standard deviation: 0.00
26 10 21 22 25 6 8 12 5 7 15 9 23 13 27 24 28 1 11 4 18 16 29 19 3 20 31 2 17 14 30 
Fitness: 1.55


Mean: 1.57

Standard deviation: 0.00
26 10 21 22 25 6 8 12 5 7 15 9 23 13 27 24 28 1 11 4 18 16 29 19 3 20 31 2 17 14 30 
Fitness: 1.55


Mean: 1.57

Standard deviation: 0.00
26 10 21 22 25 6 8 12 5 7 15 9 23 13 27 24 28 1 11 4 18 16 29 19 3 20 31 2 17 14 30 
Fitness: 1.55


Mean: 1.57

Standard deviation: 0.00
26 10 21 22 25 6 8 12 5 7 15 9 23 13 27 24 28 1 11 4 18 16 29 19 3 20 31 2 17 14 30 
Fitness: 1.55


Mean: 1.57

Standard deviation: 0.00
26 10 21 22 25 6 8 12 5 7 15 9 23 13 27 24 28 1 11 4 18 16 29 19 3 20 31 2 17 14 30 
Fitness: 1.55


Mean: 1.57

Standard deviation: 0.00
26 10 21 22 25 6 8 12 5 7 15 9 23 13 27 24 28 1 11 4 18 16 29 19 3 20 31 2 17 14 30 
Fitness: 1.55


Mean: 1.57

Standard deviation: 0.00
26 10 21 22 25 6 8 12 5 7 15 9 23 13 27 24 28 1 11 4 18 16 29 19 3 20 31 2 17 14 30 
Fitness: 1.55


Mean: 1.57

Standard deviation: 0.00
26 10 21 22 25 6 8 12 5 7 15 9 23 13 27 24 28 1 11 4 18 16 29 19 3 20 31 2 17 14 30 
Fitness: 1.55


Mean: 1.57

Standard deviation: 0.00
26 10 21 22 25 6 8 12 5 7 15 9 23 13 27 24 28 1 11 4 18 16 29 19 3 20 31 2 17 14 30 
Fitness: 1.55


Mean: 1.57

Standard deviation: 0.00
26 10 21 22 25 6 8 12 5 7 15 9 23 13 27 24 28 1 11 4 18 16 29 19 3 20 31 2 17 14 30 
Fitness: 1.55


Mean: 1.57

Standard deviation: 0.00
26 10 21 22 25 6 8 12 5 7 15 9 23 13 27 24 28 1 11 4 18 16 29 19 3 20 31 2 17 14 30 
Fitness: 1.55


Mean: 1.57

Standard deviation: 0.00
26 10 21 22 25 6 8 12 5 7 15 9 23 13 27 24 28 1 11 4 18 16 29 19 3 20 31 2 17 14 30 
Fitness: 1.55


Mean: 1.57

Standard deviation: 0.00
26 10 21 22 25 6 8 12 5 7 15 9 23 13 27 24 28 1 11 4 18 16 29 19 3 20 31 2 17 14 30 
Fitness: 1.55


Mean: 1.57

Standard deviation: 0.00
26 10 21 22 25 6 8 12 5 7 15 9 23 13 27 24 28 1 11 4 18 16 29 19 3 20 31 2 17 14 30 
Fitness: 1.55


Mean: 1.57

Standard deviation: 0.00
26 10 21 22 25 6 8 12 5 7 15 9 23 13 27 24 28 1 11 4 18 16 29 19 3 20 31 2 17 14 30 
Fitness: 1.55


Mean: 1.57

Standard deviation: 0.00
26 10 21 22 25 6 8 12 5 7 15 9 23 13 27 24 28 1 11 4 18 16 29 19 3 20 31 2 17 14 30 
Fitness: 1.55


Mean: 1.57

Standard deviation: 0.00
26 10 21 22 25 6 8 12 5 7 15 9 23 13 27 24 28 1 11 4 18 16 29 19 3 20 31 2 17 14 30 
Fitness: 1.55


Mean: 1.57

Standard deviation: 0.00
26 10 21 22 25 6 8 12 5 7 15 9 23 13 27 24 28 1 11 4 18 16 29 19 3 20 31 2 17 14 30 
Fitness: 1.55


Mean: 1.57

Standard deviation: 0.00
26 10 21 22 25 6 8 12 5 7 15 9 23 13 27 24 28 1 11 4 18 16 29 19 3 20 31 2 17 14 30 
Fitness: 1.55


Mean: 1.57

Standard deviation: 0.00
26 10 21 22 25 6 8 12 5 7 15 9 23 13 27 24 28 1 11 4 18 16 29 19 3 20 31 2 17 14 30 
Fitness: 1.55


Mean: 1.57

Standard deviation: 0.00
26 10 21 22 25 6 8 12 5 7 15 9 23 13 27 24 28 1 11 4 18 16 29 19 3 20 31 2 17 14 30 
Fitness: 1.55


Mean: 1.57

Standard deviation: 0.00
26 10 21 22 25 6 8 12 5 7 15 9 23 13 27 24 28 1 11 4 18 16 29 19 3 20 31 2 17 14 30 
Fitness: 1.55


Mean: 1.57

Standard deviation: 0.00
26 10 21 22 25 6 8 12 5 7 15 9 23 13 27 24 28 1 11 4 18 16 29 19 3 20 31 2 17 14 30 
Fitness: 1.55


Mean: 1.57

Standard deviation: 0.00
26 10 21 22 25 6 8 12 5 7 15 9 23 13 27 24 28 1 11 4 18 16 29 19 3 20 31 2 17 14 30 
Fitness: 1.55


Mean: 1.57

Standard deviation: 0.00
26 10 21 22 25 6 8 12 5 7 15 9 23 13 27 24 28 1 11 4 18 16 29 19 3 20 31 2 17 14 30 
Fitness: 1.55


Mean: 1.57

Standard deviation: 0.00
26 10 21 22 25 6 8 12 5 7 15 9 23 13 27 24 28 1 11 4 18 16 29 19 3 20 31 2 17 14 30 
Fitness: 1.55


Mean: 1.57

Standard deviation: 0.00
26 10 21 22 25 6 8 12 5 7 15 9 23 13 27 24 28 1 11 4 18 16 29 19 3 20 31 2 17 14 30 
Fitness: 1.55


Mean: 1.57

Standard deviation: 0.00
26 10 21 22 25 6 8 12 5 7 15 9 23 13 27 24 28 1 11 4 18 16 29 19 3 20 31 2 17 14 30 
Fitness: 1.55


Mean: 1.57

Standard deviation: 0.00
26 10 21 22 25 6 8 12 5 7 15 9 23 13 27 24 28 1 11 4 18 16 29 19 3 20 31 2 17 14 30 
Fitness: 1.55


Mean: 1.57

Standard deviation: 0.00
26 10 21 22 25 6 8 12 5 7 15 9 23 13 27 24 28 1 11 4 18 16 29 19 3 20 31 2 17 14 30 
Fitness: 1.55


Mean: 1.57

Standard deviation: 0.00
26 10 21 22 25 6 8 12 5 7 15 9 23 13 27 24 28 1 11 4 18 16 29 19 3 20 31 2 17 14 30 
Fitness: 1.55


Mean: 1.57

Standard deviation: 0.00
26 10 21 22 25 6 8 12 5 7 15 9 23 13 27 24 28 1 11 4 18 16 29 19 3 20 31 2 17 14 30 
Fitness: 1.55


Mean: 1.57

Standard deviation: 0.00
26 10 21 22 25 6 8 12 5 7 15 9 23 13 27 24 28 1 11 4 18 16 29 19 3 20 31 2 17 14 30 
Fitness: 1.55


Mean: 1.57

Standard deviation: 0.00
26 10 21 22 25 6 8 12 5 7 15 9 23 13 27 24 28 1 11 4 18 16 29 19 3 20 31 2 17 14 30 
Fitness: 1.55


Mean: 1.57

Standard deviation: 0.00
26 10 21 22 25 6 8 12 5 7 15 9 23 13 27 24 28 1 11 4 18 16 29 19 3 20 31 2 17 14 30 
Fitness: 1.55


Mean: 1.57

Standard deviation: 0.00
26 10 21 22 25 6 8 12 5 7 15 9 23 13 27 24 28 1 11 4 18 16 29 19 3 20 31 2 17 14 30 
Fitness: 1.55


Mean: 1.57

Standard deviation: 0.00
26 10 21 22 25 6 8 12 5 7 15 9 23 13 27 24 28 1 11 4 18 16 29 19 3 20 31 2 17 14 30 
Fitness: 1.55


Mean: 1.57

Standard deviation: 0.00
26 10 21 22 25 6 8 12 5 7 15 9 23 13 27 24 28 1 11 4 18 16 29 19 3 20 31 2 17 14 30 
Fitness: 1.55


Mean: 1.57

Standard deviation: 0.00
26 10 21 22 25 6 8 12 5 7 15 9 23 13 27 24 28 1 11 4 18 16 29 19 3 20 31 2 17 14 30 
Fitness: 1.55


Mean: 1.57

Standard deviation: 0.00
26 10 21 22 25 6 8 12 5 7 15 9 23 13 27 24 28 1 11 4 18 16 29 19 3 20 31 2 17 14 30 
Fitness: 1.55


Mean: 1.57

Standard deviation: 0.00
26 10 21 22 25 6 8 12 5 7 15 9 23 13 27 24 28 1 11 4 18 16 29 19 3 20 31 2 17 14 30 
Fitness: 1.55


Mean: 1.57

Standard deviation: 0.00
26 10 21 22 25 6 8 12 5 7 15 9 23 13 27 24 28 1 11 4 18 16 29 19 3 20 31 2 17 14 30 
Fitness: 1.55


Mean: 1.57

Standard deviation: 0.00
26 10 21 22 25 6 8 12 5 7 15 9 23 13 27 24 28 1 11 4 18 16 29 19 3 20 31 2 17 14 30 
Fitness: 1.55


Mean: 1.57

Standard deviation: 0.00
26 10 21 22 25 6 8 12 5 7 15 9 23 13 27 24 28 1 11 4 18 16 29 19 3 20 31 2 17 14 30 
Fitness: 1.55


Mean: 1.57

Standard deviation: 0.00
26 10 21 22 25 6 8 12 5 7 15 9 23 13 27 24 28 1 11 4 18 16 29 19 3 20 31 2 17 14 30 
Fitness: 1.55


Mean: 1.57

Standard deviation: 0.00
26 10 21 22 25 6 8 12 5 7 15 9 23 13 27 24 28 1 11 4 18 16 29 19 3 20 31 2 17 14 30 
Fitness: 1.55


Mean: 1.57

Standard deviation: 0.00
26 10 21 22 25 6 8 12 5 7 15 9 23 13 27 24 28 1 11 4 18 16 29 19 3 20 31 2 17 14 30 
Fitness: 1.55


Mean: 1.57

Standard deviation: 0.00
26 10 21 22 25 6 8 12 5 7 15 9 23 13 27 24 28 1 11 4 18 16 29 19 3 20 31 2 17 14 30 
Fitness: 1.55


Mean: 1.57

Standard deviation: 0.00
26 10 21 22 25 6 8 12 5 7 15 9 23 13 27 24 28 1 11 4 18 16 29 19 3 20 31 2 17 14 30 
Fitness: 1.55


Mean: 1.57

Standard deviation: 0.00
26 10 21 22 25 6 8 12 5 7 15 9 23 13 27 24 28 1 11 4 18 16 29 19 3 20 31 2 17 14 30 
Fitness: 1.55


Mean: 1.57

Standard deviation: 0.00
26 10 21 22 25 6 8 12 5 7 15 9 23 13 27 24 28 1 11 4 18 16 29 19 3 20 31 2 17 14 30 
Fitness: 1.55


Mean: 1.57

Standard deviation: 0.00
26 10 21 22 25 6 8 12 5 7 15 9 23 13 27 24 28 1 11 4 18 16 29 19 3 20 31 2 17 14 30 
Fitness: 1.55


Mean: 1.57

Standard deviation: 0.00
26 10 21 22 25 6 8 12 5 7 15 9 23 13 27 24 28 1 11 4 18 16 29 19 3 20 31 2 17 14 30 
Fitness: 1.55


Mean: 1.57

Standard deviation: 0.00
26 10 21 22 25 6 8 12 5 7 15 9 23 13 27 24 28 1 11 4 18 16 29 19 3 20 31 2 17 14 30 
Fitness: 1.55


Mean: 1.57

Standard deviation: 0.00
26 10 21 22 25 6 8 12 5 7 15 9 23 13 27 24 28 1 11 4 18 16 29 19 3 20 31 2 17 14 30 
Fitness: 1.55


Mean: 1.57

Standard deviation: 0.00
26 10 21 22 25 6 8 12 5 7 15 9 23 13 27 24 28 1 11 4 18 16 29 19 3 20 31 2 17 14 30 
Fitness: 1.55


Mean: 1.57

Standard deviation: 0.00
26 10 21 22 25 6 8 12 5 7 15 9 23 13 27 24 28 1 11 4 18 16 29 19 3 20 31 2 17 14 30 
Fitness: 1.55


Mean: 1.57

Standard deviation: 0.00
26 10 21 22 25 6 8 12 5 7 15 9 23 13 27 24 28 1 11 4 18 16 29 19 3 20 31 2 17 14 30 
Fitness: 1.55


Mean: 1.57

Standard deviation: 0.00
26 10 21 22 25 6 8 12 5 7 15 9 23 13 27 24 28 1 11 4 18 16 29 19 3 20 31 2 17 14 30 
Fitness: 1.55


Mean: 1.57

Standard deviation: 0.00
26 10 21 22 25 6 8 12 5 7 15 9 23 13 27 24 28 1 11 4 18 16 29 19 3 20 31 2 17 14 30 
Fitness: 1.55


Mean: 1.57

Standard deviation: 0.00
26 10 21 22 25 6 8 12 5 7 15 9 23 13 27 24 28 1 11 4 18 16 29 19 3 20 31 2 17 14 30 
Fitness: 1.55


Mean: 1.57

Standard deviation: 0.00
26 10 21 22 25 6 8 12 5 7 15 9 23 13 27 24 28 1 11 4 18 16 29 19 3 20 31 2 17 14 30 
Fitness: 1.55


Mean: 1.57

Standard deviation: 0.00
26 10 21 22 25 6 8 12 5 7 15 9 23 13 27 24 28 1 11 4 18 16 29 19 3 20 31 2 17 14 30 
Fitness: 1.55


Mean: 1.57

Standard deviation: 0.00
26 10 21 22 25 6 8 12 5 7 15 9 23 13 27 24 28 1 11 4 18 16 29 19 3 20 31 2 17 14 30 
Fitness: 1.55


Mean: 1.57

Standard deviation: 0.00
26 10 21 22 25 6 8 12 5 7 15 9 23 13 27 24 28 1 11 4 18 16 29 19 3 20 31 2 17 14 30 
Fitness: 1.55


Mean: 1.57

Standard deviation: 0.00
26 10 21 22 25 6 8 12 5 7 15 9 23 13 27 24 28 1 11 4 18 16 29 19 3 20 31 2 17 14 30 
Fitness: 1.55


Mean: 1.57

Standard deviation: 0.00
26 10 21 22 25 6 8 12 5 7 15 9 23 13 27 24 28 1 11 4 18 16 29 19 3 20 31 2 17 14 30 
Fitness: 1.55


Mean: 1.57

Standard deviation: 0.00
26 10 21 22 25 6 8 12 5 7 15 9 23 13 27 24 28 1 11 4 18 16 29 19 3 20 31 2 17 14 30 
Fitness: 1.55


Mean: 1.57

Standard deviation: 0.00
26 10 21 22 25 6 8 12 5 7 15 9 23 13 27 24 28 1 11 4 18 16 29 19 3 20 31 2 17 14 30 
Fitness: 1.55


Mean: 1.57

Standard deviation: 0.00
26 10 21 22 25 6 8 12 5 7 15 9 23 13 27 24 28 1 11 4 18 16 29 19 3 20 31 2 17 14 30 
Fitness: 1.55


Mean: 1.57

Standard deviation: 0.00
26 10 21 22 25 6 8 12 5 7 15 9 23 13 27 24 28 1 11 4 18 16 29 19 3 20 31 2 17 14 30 
Fitness: 1.55


Mean: 1.57

Standard deviation: 0.00
26 10 21 22 25 6 8 12 5 7 15 9 23 13 27 24 28 1 11 4 18 16 29 19 3 20 31 2 17 14 30 
Fitness: 1.55


Mean: 1.57

Standard deviation: 0.00
26 10 21 22 25 6 8 12 5 7 15 9 23 13 27 24 28 1 11 4 18 16 29 19 3 20 31 2 17 14 30 
Fitness: 1.55


Mean: 1.57

Standard deviation: 0.00
26 10 21 22 25 6 8 12 5 7 15 9 23 13 27 24 28 1 11 4 18 16 29 19 3 20 31 2 17 14 30 
Fitness: 1.55


Mean: 1.57

Standard deviation: 0.00
26 10 21 22 25 6 8 12 5 7 15 9 23 13 27 24 28 1 11 4 18 16 29 19 3 20 31 2 17 14 30 
Fitness: 1.55


Mean: 1.57

Standard deviation: 0.00
26 10 21 22 25 6 8 12 5 7 15 9 23 13 27 24 28 1 11 4 18 16 29 19 3 20 31 2 17 14 30 
Fitness: 1.55


Mean: 1.57

Standard deviation: 0.00
26 10 21 22 25 6 8 12 5 7 15 9 23 13 27 24 28 1 11 4 18 16 29 19 3 20 31 2 17 14 30 
Fitness: 1.55


Mean: 1.57

Standard deviation: 0.00
26 10 21 22 25 6 8 12 5 7 15 9 23 13 27 24 28 1 11 4 18 16 29 19 3 20 31 2 17 14 30 
Fitness: 1.55


Mean: 1.57

Standard deviation: 0.00
26 10 21 22 25 6 8 12 5 7 15 9 23 13 27 24 28 1 11 4 18 16 29 19 3 20 31 2 17 14 30 
Fitness: 1.55


Mean: 1.57

Standard deviation: 0.00
26 10 21 22 25 6 8 12 5 7 15 9 23 13 27 24 28 1 11 4 18 16 29 19 3 20 31 2 17 14 30 
Fitness: 1.55


Mean: 1.57

Standard deviation: 0.00
26 10 21 22 25 6 8 12 5 7 15 9 23 13 27 24 28 1 11 4 18 16 29 19 3 20 31 2 17 14 30 
Fitness: 1.55


Mean: 1.57

Standard deviation: 0.00
26 10 21 22 25 6 8 12 5 7 15 9 23 13 27 24 28 1 11 4 18 16 29 19 3 20 31 2 17 14 30 
Fitness: 1.55


Mean: 1.57

Standard deviation: 0.00
26 10 21 22 25 6 8 12 5 7 15 9 23 13 27 24 28 1 11 4 18 16 29 19 3 20 31 2 17 14 30 
Fitness: 1.55


Mean: 1.57

Standard deviation: 0.00
26 10 21 22 25 6 8 12 5 7 15 9 23 13 27 24 28 1 11 4 18 16 29 19 3 20 31 2 17 14 30 
Fitness: 1.55


Mean: 1.57

Standard deviation: 0.00
26 10 21 22 25 6 8 12 5 7 15 9 23 13 27 24 28 1 11 4 18 16 29 19 3 20 31 2 17 14 30 
Fitness: 1.55


Mean: 1.57

Standard deviation: 0.00
26 10 21 22 25 6 8 12 5 7 15 9 23 13 27 24 28 1 11 4 18 16 29 19 3 20 31 2 17 14 30 
Fitness: 1.55


Mean: 1.57

Standard deviation: 0.00
26 10 21 22 25 6 8 12 5 7 15 9 23 13 27 24 28 1 11 4 18 16 29 19 3 20 31 2 17 14 30 
Fitness: 1.55


Mean: 1.57

Standard deviation: 0.00
26 10 21 22 25 6 8 12 5 7 15 9 23 13 27 24 28 1 11 4 18 16 29 19 3 20 31 2 17 14 30 
Fitness: 1.55


Mean: 1.57

Standard deviation: 0.00
26 10 21 22 25 6 8 12 5 7 15 9 23 13 27 24 28 1 11 4 18 16 29 19 3 20 31 2 17 14 30 
Fitness: 1.55


Mean: 1.57

Standard deviation: 0.00
26 10 21 22 25 6 8 12 5 7 15 9 23 13 27 24 28 1 11 4 18 16 29 19 3 20 31 2 17 14 30 
Fitness: 1.55


Mean: 1.57

Standard deviation: 0.00
26 10 21 22 25 6 8 12 5 7 15 9 23 13 27 24 28 1 11 4 18 16 29 19 3 20 31 2 17 14 30 
Fitness: 1.55


Mean: 1.57

Standard deviation: 0.00
26 10 21 22 25 6 8 12 5 7 15 9 23 13 27 24 28 1 11 4 18 16 29 19 3 20 31 2 17 14 30 
Fitness: 1.55


Mean: 1.57

Standard deviation: 0.00
26 10 21 22 25 6 8 12 5 7 15 9 23 13 27 24 28 1 11 4 18 16 29 19 3 20 31 2 17 14 30 
Fitness: 1.55


Mean: 1.57

Standard deviation: 0.00
26 10 21 22 25 6 8 12 5 7 15 9 23 13 27 24 28 1 11 4 18 16 29 19 3 20 31 2 17 14 30 
Fitness: 1.55


Mean: 1.57

Standard deviation: 0.00
26 10 21 22 25 6 8 12 5 7 15 9 23 13 27 24 28 1 11 4 18 16 29 19 3 20 31 2 17 14 30 
Fitness: 1.55


Mean: 1.57

Standard deviation: 0.00
26 10 21 22 25 6 8 12 5 7 15 9 23 13 27 24 28 1 11 4 18 16 29 19 3 20 31 2 17 14 30 
Fitness: 1.55


Mean: 1.57

Standard deviation: 0.00
26 10 21 22 25 6 8 12 5 7 15 9 23 13 27 24 28 1 11 4 18 16 29 19 3 20 31 2 17 14 30 
Fitness: 1.55


Mean: 1.57

Standard deviation: 0.00
26 10 21 22 25 6 8 12 5 7 15 9 23 13 27 24 28 1 11 4 18 16 29 19 3 20 31 2 17 14 30 
Fitness: 1.55


Mean: 1.57

Standard deviation: 0.00
26 10 21 22 25 6 8 12 5 7 15 9 23 13 27 24 28 1 11 4 18 16 29 19 3 20 31 2 17 14 30 
Fitness: 1.55


Mean: 1.57

Standard deviation: 0.00
26 10 21 22 25 6 8 12 5 7 15 9 23 13 27 24 28 1 11 4 18 16 29 19 3 20 31 2 17 14 30 
Fitness: 1.55


Mean: 1.57

Standard deviation: 0.00
26 10 21 22 25 6 8 12 5 7 15 9 23 13 27 24 28 1 11 4 18 16 29 19 3 20 31 2 17 14 30 
Fitness: 1.55


Mean: 1.57

Standard deviation: 0.00
26 10 21 22 25 6 8 12 5 7 15 9 23 13 27 24 28 1 11 4 18 16 29 19 3 20 31 2 17 14 30 
Fitness: 1.55


Mean: 1.57

Standard deviation: 0.00
26 10 21 22 25 6 8 12 5 7 15 9 23 13 27 24 28 1 11 4 18 16 29 19 3 20 31 2 17 14 30 
Fitness: 1.55


Mean: 1.57

Standard deviation: 0.00
26 10 21 22 25 6 8 12 5 7 15 9 23 13 27 24 28 1 11 4 18 16 29 19 3 20 31 2 17 14 30 
Fitness: 1.55


Mean: 1.57

Standard deviation: 0.00
26 10 21 22 25 6 8 12 5 7 15 9 23 13 27 24 28 1 11 4 18 16 29 19 3 20 31 2 17 14 30 
Fitness: 1.55


Mean: 1.57

Standard deviation: 0.00
26 10 21 22 25 6 8 12 5 7 15 9 23 13 27 24 28 1 11 4 18 16 29 19 3 20 31 2 17 14 30 
Fitness: 1.55


Mean: 1.57

Standard deviation: 0.00
26 10 21 22 25 6 8 12 5 7 15 9 23 13 27 24 28 1 11 4 18 16 29 19 3 20 31 2 17 14 30 
Fitness: 1.55


Mean: 1.57

Standard deviation: 0.00
26 10 21 22 25 6 8 12 5 7 15 9 23 13 27 24 28 1 11 4 18 16 29 19 3 20 31 2 17 14 30 
Fitness: 1.55


Mean: 1.57

Standard deviation: 0.00
26 10 21 22 25 6 8 12 5 7 15 9 23 13 27 24 28 1 11 4 18 16 29 19 3 20 31 2 17 14 30 
Fitness: 1.55


Mean: 1.57

Standard deviation: 0.00
26 10 21 22 25 6 8 12 5 7 15 9 23 13 27 24 28 1 11 4 18 16 29 19 3 20 31 2 17 14 30 
Fitness: 1.55


Mean: 1.57

Standard deviation: 0.00
26 10 21 22 25 6 8 12 5 7 15 9 23 13 27 24 28 1 11 4 18 16 29 19 3 20 31 2 17 14 30 
Fitness: 1.55


Mean: 1.57

Standard deviation: 0.00
26 10 21 22 25 6 8 12 5 7 15 9 23 13 27 24 28 1 11 4 18 16 29 19 3 20 31 2 17 14 30 
Fitness: 1.55


Mean: 1.57

Standard deviation: 0.00
26 10 21 22 25 6 8 12 5 7 15 9 23 13 27 24 28 1 11 4 18 16 29 19 3 20 31 2 17 14 30 
Fitness: 1.55


Mean: 1.57

Standard deviation: 0.00
26 10 21 22 25 6 8 12 5 7 15 9 23 13 27 24 28 1 11 4 18 16 29 19 3 20 31 2 17 14 30 
Fitness: 1.55


Mean: 1.57

Standard deviation: 0.00
26 10 21 22 25 6 8 12 5 7 15 9 23 13 27 24 28 1 11 4 18 16 29 19 3 20 31 2 17 14 30 
Fitness: 1.55


Mean: 1.57

Standard deviation: 0.00
26 10 21 22 25 6 8 12 5 7 15 9 23 13 27 24 28 1 11 4 18 16 29 19 3 20 31 2 17 14 30 
Fitness: 1.55


Mean: 1.57

Standard deviation: 0.00
26 10 21 22 25 6 8 12 5 7 15 9 23 13 27 24 28 1 11 4 18 16 29 19 3 20 31 2 17 14 30 
Fitness: 1.55


Mean: 1.57

Standard deviation: 0.00
26 10 21 22 25 6 8 12 5 7 15 9 23 13 27 24 28 1 11 4 18 16 29 19 3 20 31 2 17 14 30 
Fitness: 1.55


Mean: 1.57

Standard deviation: 0.00
26 10 21 22 25 6 8 12 5 7 15 9 23 13 27 24 28 1 11 4 18 16 29 19 3 20 31 2 17 14 30 
Fitness: 1.55


Mean: 1.57

Standard deviation: 0.00
26 10 21 22 25 6 8 12 5 7 15 9 23 13 27 24 28 1 11 4 18 16 29 19 3 20 31 2 17 14 30 
Fitness: 1.55


Mean: 1.57

Standard deviation: 0.00
26 10 21 22 25 6 8 12 5 7 15 9 23 13 27 24 28 1 11 4 18 16 29 19 3 20 31 2 17 14 30 
Fitness: 1.55


Mean: 1.57

Standard deviation: 0.00
26 10 21 22 25 6 8 12 5 7 15 9 23 13 27 24 28 1 11 4 18 16 29 19 3 20 31 2 17 14 30 
Fitness: 1.55


Mean: 1.57

Standard deviation: 0.00
26 10 21 22 25 6 8 12 5 7 15 9 23 13 27 24 28 1 11 4 18 16 29 19 3 20 31 2 17 14 30 
Fitness: 1.55


Mean: 1.57

Standard deviation: 0.00
26 10 21 22 25 6 8 12 5 7 15 9 23 13 27 24 28 1 11 4 18 16 29 19 3 20 31 2 17 14 30 
Fitness: 1.55


Mean: 1.57

Standard deviation: 0.00
26 10 21 22 25 6 8 12 5 7 15 9 23 13 27 24 28 1 11 4 18 16 29 19 3 20 31 2 17 14 30 
Fitness: 1.55


Mean: 1.57

Standard deviation: 0.00
26 10 21 22 25 6 8 12 5 7 15 9 23 13 27 24 28 1 11 4 18 16 29 19 3 20 31 2 17 14 30 
Fitness: 1.55


Mean: 1.57

Standard deviation: 0.00
26 10 21 22 25 6 8 12 5 7 15 9 23 13 27 24 28 1 11 4 18 16 29 19 3 20 31 2 17 14 30 
Fitness: 1.55


Mean: 1.57

Standard deviation: 0.00
26 10 21 22 25 6 8 12 5 7 15 9 23 13 27 24 28 1 11 4 18 16 29 19 3 20 31 2 17 14 30 
Fitness: 1.55


Mean: 1.57

Standard deviation: 0.00
26 10 21 22 25 6 8 12 5 7 15 9 23 13 27 24 28 1 11 4 18 16 29 19 3 20 31 2 17 14 30 
Fitness: 1.55


Mean: 1.57

Standard deviation: 0.00
26 10 21 22 25 6 8 12 5 7 15 9 23 13 27 24 28 1 11 4 18 16 29 19 3 20 31 2 17 14 30 
Fitness: 1.55


Mean: 1.57

Standard deviation: 0.00
