737.89 697.19 7447.85 0.49 
632.72 724.11 1838.94 0.43 
626.95 785.03 2119.26 0.56 
725.14 758.42 6347.47 0.51 
643.86 583.39 1278.87 0.41 
677.27 797.11 3753.24 0.46 
681.75 707.83 1830.17 0.19 
811.46 865.36 7111.56 0.44 
589.11 769.42 3187.69 0.40 
978.41 692.65 1525.25 0.47 
569.43 935.83 3851.10 0.46 
573.13 573.85 7463.98 0.26 
839.87 555.67 749.65 0.36 
542.76 703.02 5727.12 0.24 
771.52 779.55 5081.48 0.52 
672.80 799.30 2652.92 0.49 
703.05 647.23 1045.74 0.28 
558.64 971.58 4353.22 0.36 
935.63 797.66 943.11 0.36 
704.57 909.28 4076.02 0.63 
556.21 813.64 1043.08 0.46 
584.15 723.77 5164.09 0.35 
743.91 949.46 2929.55 0.28 
925.49 786.93 3683.53 0.27 
541.23 779.96 1476.58 0.43 
561.21 866.21 6139.14 0.38 
813.32 779.36 1164.74 0.44 
568.89 606.96 7119.60 0.25 
713.87 880.29 5398.35 0.48 
675.91 893.70 724.68 0.44 
806.32 611.26 3560.25 0.48 
773.66 599.95 7054.62 0.31 
725.60 579.01 1053.34 0.37 
917.96 1117.55 3608.76 0.36 
1008.29 543.89 7468.30 0.46 
593.75 606.07 7733.55 0.45 
781.50 724.93 7048.09 0.33 
1080.29 699.42 5859.25 0.51 
570.81 717.47 7401.02 0.47 
629.38 661.93 6768.40 0.41 
542.44 550.76 5283.51 0.34 
594.82 567.73 3987.56 0.26 
735.37 1007.83 3305.64 0.31 
664.14 591.42 3776.57 0.40 
632.12 571.75 3461.30 0.43 
758.70 1007.33 5086.63 0.37 
766.89 647.71 7549.99 0.18 
557.28 588.45 3510.92 0.23 
701.12 601.59 2469.56 0.49 
602.59 787.90 2779.10 0.36 
756.99 620.09 1542.90 0.53 
913.14 775.83 1562.45 0.46 
864.59 709.46 2942.86 0.28 
726.70 586.31 3139.01 0.28 
776.95 608.55 7950.27 0.35 
950.73 556.07 1481.86 0.44 
868.27 752.27 4599.02 0.52 
772.25 546.57 2378.91 0.35 
864.46 804.26 4188.95 0.27 
730.52 688.74 4382.31 0.28 
670.28 954.98 7416.44 0.37 
578.74 761.10 5562.99 0.48 
712.25 893.75 707.80 0.19 
728.00 557.04 1292.66 0.42 
634.84 869.47 2013.24 0.47 
733.55 626.62 4296.52 0.62 
649.43 636.98 5498.39 0.35 
686.03 647.40 1247.58 0.40 
1018.37 739.66 1842.88 0.57 
775.42 574.72 2492.01 0.46 
778.86 554.87 2475.81 0.52 
813.72 686.47 7029.14 0.47 
649.27 817.36 1249.53 0.35 
636.43 892.10 6603.28 0.38 
565.61 599.54 1294.62 0.56 
674.59 797.57 992.78 0.36 
569.66 660.11 4970.86 0.40 
825.29 744.45 6790.15 0.35 
677.95 689.13 5514.25 0.30 
578.30 1056.50 7760.26 0.31 
656.83 795.15 3995.99 0.19 
25 62 9 3 16 76 81 30 21 39 28 75 49 33 64 58 71 70 68 17 51 13 56 69 10 19 52 27 15 6 7 2 22 73 50 65 63 37 60 66 54 44 5 45 31 72 53 57 74 11 26 77 40 41 12 42 32 78 29 23 46 43 20 34 24 4 1 79 67 36 14 48 18 80 61 59 55 38 35 8 47 
Best fitness: 5.40
41 44 13 51 17 76 30 27 31 70 64 75 5 40 2 14 21 73 3 49 33 71 10 19 52 1 66 67 68 9 63 65 6 16 57 53 56 58 45 62 26 25 50 7 15 8 29 20 69 38 47 54 79 55 32 72 78 24 59 37 22 39 48 42 36 77 11 74 23 43 46 34 18 61 4 81 60 35 12 28 80 
Worst fitness: 6.88

Mean: 6.07

Standard deviation: 0.14
