623.73 859.30 1140.62 0.47 
729.72 600.30 1921.99 0.35 
575.18 558.71 1245.18 0.33 
730.08 551.56 3835.03 0.35 
919.60 666.33 4908.47 0.50 
708.22 550.24 793.29 0.42 
886.95 674.47 4591.03 0.34 
803.20 682.16 1272.62 0.28 
943.86 725.65 3705.92 0.33 
858.13 813.54 3164.52 0.58 
574.96 861.55 5051.59 0.37 
616.95 766.81 6150.08 0.41 
628.38 714.93 1470.60 0.37 
822.45 563.65 823.05 0.51 
617.22 763.77 6636.58 0.47 
1283.31 864.14 6815.02 0.63 
658.58 630.95 6819.17 0.26 
1262.34 807.84 6568.15 0.37 
567.45 619.96 7623.58 0.49 
1295.01 1051.05 4667.00 0.38 
1133.50 699.23 2933.49 0.45 
943.99 566.91 2964.25 0.48 
856.71 602.28 1473.67 0.43 
565.55 564.82 7314.06 0.44 
668.23 747.44 4974.26 0.42 
834.27 592.46 4167.51 0.33 
636.23 661.08 1197.74 0.31 
549.04 1014.06 2355.36 0.27 
664.78 707.98 4739.55 0.36 
566.43 592.78 2570.06 0.51 
845.48 583.96 7376.23 0.40 
704.46 790.05 5002.79 0.44 
814.06 710.59 5803.54 0.66 
582.55 613.14 4956.03 0.39 
578.62 772.87 6348.63 0.48 
576.71 916.95 6911.78 0.47 
697.14 711.81 7323.72 0.33 
632.98 578.06 4353.42 0.46 
610.09 878.09 6387.02 0.48 
1084.20 948.49 2499.58 0.41 
929.95 611.14 6593.43 0.35 
555.03 771.20 1196.91 0.33 
788.95 610.50 4832.29 0.50 
793.32 598.10 1787.85 0.49 
742.42 602.10 1341.53 0.47 
679.45 765.60 6547.84 0.56 
703.34 645.84 1201.23 0.42 
565.14 614.50 2835.64 0.37 
887.12 792.36 7960.29 0.28 
601.52 547.30 2350.00 0.33 
750.19 722.88 6548.15 0.32 
859.78 814.32 1188.84 0.48 
761.27 842.99 2718.93 0.48 
877.22 671.48 2052.19 0.44 
675.91 953.28 7385.57 0.38 
734.41 790.37 4822.29 0.30 
566.20 756.98 6550.98 0.28 
1034.79 744.31 7842.04 0.29 
605.63 973.18 854.99 0.28 
702.23 677.23 6652.40 0.23 
654.51 541.19 1990.88 0.37 
708.77 625.28 6729.50 0.35 
549.80 643.72 4391.28 0.43 
579.92 650.19 2529.38 0.43 
572.72 776.29 7477.50 0.42 
815.58 571.85 652.80 0.39 
867.44 738.74 6861.64 0.47 
645.32 1070.76 5460.80 0.48 
788.12 831.02 7580.66 0.37 
589.96 564.71 7534.96 0.54 
725.52 555.81 4963.98 0.40 
704.89 1070.30 6971.16 0.34 
600.12 829.72 2080.22 0.55 
778.02 551.79 794.87 0.39 
785.84 977.32 6498.18 0.37 
684.28 646.07 3805.68 0.26 
543.63 762.46 6456.92 0.32 
552.28 914.69 1033.04 0.38 
1036.56 657.31 1578.87 0.39 
729.93 682.23 5520.84 0.46 
864.46 805.87 7679.16 0.34 
544.77 579.58 3289.52 0.38 
576.04 907.34 1098.32 0.30 
842.57 654.75 7429.07 0.30 
804.80 555.96 3170.29 0.41 
602.64 847.61 3788.97 0.47 
726.23 817.97 5454.22 0.43 
638.64 655.62 7700.31 0.35 
631.84 608.17 6737.74 0.29 
605.16 834.43 7566.24 0.34 
738.90 795.58 1408.61 0.46 
50 3 61 6 14 74 85 66 54 10 52 53 91 51 8 13 77 42 86 1 25 33 47 45 2 44 23 43 87 32 73 12 27 64 15 63 30 48 70 38 82 65 35 11 83 78 59 72 40 9 5 7 79 22 26 4 71 37 29 56 46 39 28 68 36 24 34 76 80 60 89 19 17 88 31 21 18 16 20 81 49 67 62 69 90 55 57 41 84 75 58 
Best fitness: 6.50
78 59 83 39 8 14 45 66 74 6 3 1 73 35 42 27 47 62 54 79 5 26 61 50 30 34 88 91 53 52 22 23 84 87 86 90 29 13 48 63 46 32 2 43 44 85 33 81 10 7 64 24 82 89 36 77 12 71 80 51 56 25 70 4 38 31 9 40 20 16 21 75 55 68 28 11 15 76 67 49 18 58 69 65 57 19 37 41 17 60 72 
Worst fitness: 8.11

Mean: 7.40

Standard deviation: 0.14
