750.44 681.27 2144.17 0.58 
729.15 645.39 2795.78 0.34 
836.11 788.08 927.24 0.36 
657.65 660.83 4238.19 0.21 
611.64 831.63 7210.88 0.52 
1430.14 800.42 3820.00 0.47 
657.99 784.80 7521.29 0.40 
653.97 616.18 2965.28 0.48 
813.14 857.81 1961.87 0.40 
861.69 831.70 5318.85 0.25 
564.91 655.96 5518.21 0.41 
650.69 552.42 4679.90 0.35 
670.13 758.20 7372.55 0.47 
765.03 765.00 3571.13 0.45 
629.20 755.41 2341.52 0.30 
654.88 639.25 5107.04 0.31 
697.40 655.36 2810.64 0.26 
740.20 795.68 7837.18 0.44 
937.76 830.92 7624.59 0.41 
541.41 1008.27 1994.66 0.44 
781.36 637.06 801.47 0.44 
814.85 691.82 2846.80 0.45 
629.36 913.94 824.11 0.16 
799.96 668.06 4240.45 0.39 
591.55 690.99 1116.00 0.48 
579.22 791.23 4249.51 0.34 
565.71 602.37 1431.57 0.49 
602.94 923.38 3395.01 0.52 
599.56 1282.10 7849.06 0.37 
689.91 540.47 5748.52 0.40 
846.30 640.94 6833.89 0.18 
946.76 632.45 6167.40 0.42 
755.04 550.30 4524.11 0.45 
666.60 700.72 4596.39 0.39 
630.02 686.32 3109.15 0.28 
734.20 859.18 1512.94 0.56 
771.28 821.40 5806.35 0.35 
555.83 701.54 7987.02 0.31 
752.83 664.50 1663.65 0.33 
542.05 585.72 6228.13 0.35 
635.78 887.66 3186.44 0.51 
674.82 971.79 3576.59 0.53 
682.99 833.94 4822.51 0.32 
778.16 628.54 2093.21 0.51 
972.49 830.47 4533.22 0.45 
784.43 570.00 2124.32 0.14 
897.63 845.98 1037.61 0.39 
592.97 542.80 3208.53 0.29 
812.66 589.72 1386.05 0.40 
781.69 780.66 3842.77 0.47 
627.05 745.47 5613.85 0.42 
608.42 1038.66 3228.19 0.45 
746.53 945.12 664.64 0.40 
583.37 736.40 5146.95 0.33 
561.10 622.06 4657.54 0.31 
595.45 602.28 6241.44 0.41 
743.09 709.60 5677.40 0.45 
964.65 711.10 1671.77 0.62 
627.03 682.85 2739.21 0.32 
784.29 950.08 3910.32 0.33 
1190.05 793.06 2168.33 0.20 
675.37 749.37 5708.10 0.33 
703.64 730.80 2557.21 0.28 
611.46 876.10 5240.79 0.53 
553.46 820.70 1856.60 0.26 
730.83 563.22 1129.22 0.54 
625.65 915.73 7948.18 0.41 
602.20 896.12 2183.75 0.29 
845.57 690.19 3573.15 0.40 
875.97 573.68 6261.19 0.42 
827.36 718.89 2975.73 0.54 
27 55 12 66 49 44 21 71 3 47 58 1 39 25 36 53 20 52 42 41 13 43 64 28 68 67 23 65 15 4 8 17 14 50 9 37 63 62 35 59 34 57 22 24 2 33 16 40 48 30 31 32 69 26 5 51 60 19 45 18 54 11 56 38 46 70 7 10 61 6 29 
Best fitness: 4.14
27 55 25 41 53 66 21 22 69 58 3 71 1 50 36 9 47 39 8 26 65 68 28 20 23 14 17 49 46 31 24 44 57 62 54 40 59 35 63 43 60 18 2 16 11 38 34 13 7 15 51 5 42 52 67 64 12 33 70 32 45 10 48 56 30 37 19 61 6 4 29 
Worst fitness: 5.00

Mean: 4.54

Standard deviation: 0.06
