859.64 542.87 6626.52 0.42 
848.13 1078.90 619.59 0.37 
1114.14 578.22 6784.06 0.47 
730.86 1097.73 811.65 0.38 
722.43 621.42 4371.45 0.29 
799.09 735.49 6919.14 0.25 
1042.43 587.42 667.92 0.37 
909.96 555.87 2146.20 0.30 
976.33 622.88 4029.63 0.56 
838.26 661.42 7592.70 0.47 
1281.48 606.87 2603.02 0.35 
686.29 703.11 5893.03 0.45 
1130.53 562.62 6269.12 0.44 
695.59 884.42 7964.29 0.24 
715.88 560.61 7668.37 0.50 
562.93 556.48 1679.83 0.58 
779.75 542.81 7721.27 0.33 
1155.64 1194.96 1850.97 0.16 
732.77 613.48 5089.12 0.57 
685.69 574.63 1591.82 0.32 
848.86 893.37 5763.82 0.42 
572.58 581.31 6059.76 0.23 
647.96 542.73 975.34 0.29 
836.89 563.70 3591.08 0.51 
1211.81 786.39 1598.72 0.44 
579.64 1110.27 4137.83 0.42 
656.65 616.67 2344.75 0.37 
785.98 561.12 923.13 0.33 
859.12 591.49 6452.29 0.49 
573.40 655.43 5188.50 0.35 
606.36 752.69 7839.13 0.32 
1030.28 575.20 7914.15 0.30 
586.65 1045.94 5698.18 0.27 
700.54 621.25 1062.39 0.32 
757.34 656.35 3896.86 0.36 
885.66 566.24 4992.28 0.27 
553.94 649.00 3181.85 0.51 
673.11 865.56 6361.59 0.43 
724.75 633.31 5453.11 0.34 
732.05 691.38 3037.53 0.37 
792.34 606.93 3989.62 0.29 
787.46 624.58 1472.88 0.40 
694.78 703.72 1643.58 0.39 
655.35 729.53 7575.87 0.29 
655.39 603.67 1014.77 0.48 
644.00 628.81 6035.67 0.38 
606.13 729.41 567.47 0.36 
592.30 869.73 3965.49 0.29 
575.96 576.93 7688.86 0.42 
796.07 934.16 2889.78 0.35 
629.79 699.89 4401.35 0.45 
802.27 618.23 6895.60 0.40 
727.29 675.53 766.93 0.40 
927.71 650.45 2459.04 0.49 
553.53 995.19 7466.51 0.33 
914.56 775.67 4711.70 0.38 
777.81 854.58 4322.39 0.55 
676.21 940.26 6387.60 0.20 
796.21 602.05 3059.62 0.38 
608.54 971.55 4914.89 0.45 
710.63 716.59 4419.00 0.31 
741.18 724.57 3797.53 0.51 
584.96 602.53 2318.73 0.27 
660.94 765.75 1397.65 0.38 
1043.78 619.41 7165.74 0.22 
703.78 568.20 3838.97 0.11 
592.05 649.41 1234.99 0.60 
884.83 699.89 6193.40 0.36 
584.08 607.67 6043.39 0.24 
909.69 650.72 3916.55 0.41 
697.51 860.44 914.23 0.47 
580.07 546.74 5773.24 0.39 
683.37 865.20 3781.03 0.39 
675.81 710.24 5040.00 0.45 
960.98 607.68 2001.77 0.43 
745.15 744.52 7819.44 0.46 
929.48 866.17 2895.13 0.25 
724.58 610.21 5460.67 0.48 
685.19 607.35 5829.00 0.37 
910.74 1033.73 582.38 0.46 
601.29 619.12 7084.49 0.53 
640.25 840.13 2520.69 0.56 
647.09 578.76 7260.97 0.46 
662.18 554.16 3645.54 0.50 
780.12 846.45 3499.94 0.55 
614.97 981.65 7617.09 0.38 
614.58 704.89 3600.27 0.33 
912.36 867.24 6400.94 0.34 
645.11 690.66 3939.61 0.30 
622.27 564.52 4969.17 0.24 
943.53 882.01 6114.59 0.25 
733.37 749.49 5537.01 0.54 
745.24 1088.33 3977.58 0.36 
793.66 687.68 4634.16 0.38 
692.84 1043.28 7862.73 0.38 
676.70 705.73 6219.76 0.30 
545.53 575.10 976.55 0.32 
1019.46 997.90 3503.71 0.42 
646.77 613.34 5077.16 0.56 
737.33 1154.28 4148.80 0.27 
589.44 733.80 2683.82 0.48 
631.66 658.40 5731.52 0.35 
572.51 544.34 4519.71 0.36 
546.66 709.77 5570.30 0.36 
753.99 790.69 3663.67 0.40 
596.78 714.97 5451.24 0.09 
641.10 768.32 5621.62 0.46 
616.70 755.18 2490.52 0.39 
656.75 627.46 5759.16 0.39 
670.35 652.03 6842.95 0.26 
709.59 592.66 7509.11 0.40 
837.89 851.70 575.43 0.35 
583.13 748.71 5241.71 0.49 
662.21 577.13 3596.21 0.65 
742.63 569.19 541.27 0.41 
692.28 642.28 3764.93 0.45 
681.82 1141.79 7877.47 0.46 
942.94 913.83 3158.50 0.30 
654.19 752.71 2908.27 0.40 
610.50 596.66 1173.04 0.60 
788.08 648.92 4316.52 0.27 
796.82 606.07 4368.67 0.54 
784.95 638.35 2794.97 0.53 
790.22 863.31 949.80 0.53 
697.55 662.73 1492.82 0.41 
554.32 682.50 6476.95 0.34 
845.60 544.23 1127.35 0.43 
649.82 732.86 4984.91 0.30 
1098.59 1073.74 4630.78 0.58 
599.98 600.28 1585.35 0.57 
595.10 893.72 3007.37 0.33 
940.02 1008.14 2538.25 0.39 
634.84 919.04 2607.74 0.52 
638.59 1051.83 3405.22 0.34 
906.98 619.57 1045.72 0.56 
650.61 711.94 5668.59 0.62 
734.76 793.71 4620.75 0.33 
570.25 742.76 562.61 0.32 
599.80 710.04 7301.23 0.44 
637.25 795.04 3897.72 0.44 
575.83 821.58 890.91 0.30 
623.70 697.47 1185.82 0.61 
670.23 682.45 7510.70 0.15 
894.64 843.99 2094.74 0.46 
769.92 568.79 1148.37 0.50 
873.45 884.19 5325.03 0.52 
632.57 735.45 3143.72 0.39 
587.66 821.76 2072.60 0.34 
549.65 595.68 4937.77 0.39 
794.87 860.69 3938.78 0.51 
729.17 594.22 6763.13 0.54 
97 138 64 71 2 80 112 124 85 125 142 47 67 120 45 42 115 145 17 123 62 92 53 130 23 84 127 135 75 7 28 151 27 51 147 4 132 118 57 73 140 136 89 110 46 49 16 72 79 39 61 43 114 20 37 22 41 56 144 25 11 3 88 77 34 141 44 116 40 54 8 122 59 119 74 101 148 133 82 93 95 60 113 83 5 52 78 96 108 87 139 107 10 24 66 143 81 102 94 76 150 134 26 105 149 30 69 99 109 103 126 12 121 35 15 19 29 137 111 63 90 70 9 65 129 98 21 1 14 104 106 6 48 131 100 146 38 128 50 58 91 18 68 86 33 55 117 31 36 13 32 
Best fitness: 21.06
115 145 135 29 16 97 28 123 42 120 45 143 138 47 51 130 125 124 73 71 6 7 107 101 142 87 148 141 64 67 30 34 23 15 53 39 80 4 112 44 12 43 136 119 133 98 2 85 62 92 40 116 27 79 38 82 57 108 31 147 99 109 5 150 144 37 46 106 102 63 149 103 89 110 61 35 20 114 74 137 131 55 105 122 151 59 25 54 8 127 75 94 146 21 9 52 70 128 93 134 104 126 69 84 72 113 140 41 36 56 77 50 60 48 81 83 19 68 129 118 91 11 13 10 88 132 95 78 17 90 139 58 14 76 22 49 66 1 24 3 100 26 111 121 96 18 86 33 117 32 65 
Worst fitness: 25.81

Mean: 23.50

Standard deviation: 1.08
