564.28 605.44 0.33 8733.69
600.54 610.12 0.25 8500.89
478.78 463.57 0.23 6543.73
496.36 472.57 0.22 6603.98
469.62 492.68 0.25 9165.17
488.44 477.68 0.22 8033.90
472.99 477.55 0.19 7197.36
559.51 564.82 0.17 8112.96
606.02 434.56 0.22 8529.23
546.35 485.34 0.23 6174.33
474.93 518.49 0.23 7343.93
546.03 479.54 0.17 8117.25
513.33 525.44 0.18 6609.97
560.28 414.23 0.22 5980.97
441.47 536.64 0.21 7507.54
483.37 610.26 0.06 8528.47
548.79 450.67 0.15 7542.56
431.01 522.77 0.09 5940.99
524.12 416.67 0.20 7473.67
459.97 545.01 0.09 7325.73
474.88 428.78 0.19 7855.74
550.99 482.23 0.19 9488.58
462.14 566.12 0.28 6576.39
490.44 590.78 0.22 6970.08
466.23 558.61 0.12 6604.26
463.55 485.20 0.25 5414.91
525.11 409.93 0.13 6977.04
409.93 543.99 0.33 5868.09
555.77 504.21 0.36 6056.17
487.72 494.83 0.21 6032.70
497.36 528.15 0.27 8069.48
521.12 410.48 0.04 5740.92
502.68 460.05 0.36 7037.89
472.81 538.93 0.22 9128.84
533.91 506.25 0.04 7778.79
476.52 439.33 0.44 7913.81
487.28 499.55 0.26 7231.08
490.42 588.50 0.18 7746.14
465.66 491.85 0.28 5739.89
467.87 507.06 0.21 7676.78
523.12 554.44 0.26 8487.04
324.92 467.26 0.09 8314.00
507.60 566.02 0.01 8739.27
623.35 507.84 0.12 6705.03
446.30 456.60 0.21 6139.65
607.86 501.48 0.02 6687.67
610.58 531.93 0.21 6747.01
505.47 432.37 0.24 7487.47
497.05 384.28 0.15 6269.11
521.19 521.19 0.39 7770.45

22172.341257886143
