84.99 108.10 0.44 8583.98
79.69 131.89 0.32 7134.45
196.71 140.89 0.59 5125.37
47.99 65.53 0.37 7277.34
94.75 100.80 0.64 4992.56
134.48 34.68 0.48 6483.62
68.99 359.22 0.50 6741.88
130.27 391.03 0.49 4240.81
48.69 394.47 0.53 4870.18
25.72 318.57 0.47 6727.20
189.95 272.75 0.48 5315.02
28.67 270.41 0.36 5024.78
75.06 414.91 0.46 9170.81
160.15 491.43 0.71 5860.66
43.30 593.88 0.38 6388.68
15.65 420.30 0.58 6696.92
13.73 414.62 0.48 8020.96
81.79 401.92 0.61 8739.15
82.01 760.70 0.31 6281.92
118.58 768.32 0.42 7574.51
42.01 756.09 0.50 8504.64
33.52 777.24 0.52 7835.75
45.26 739.83 0.60 7097.99
152.24 738.08 0.49 7152.19
140.84 967.26 0.50 8483.14
95.13 810.96 0.38 8246.83
111.58 889.83 0.38 5401.86
8.05 806.24 0.41 6753.35
168.43 917.56 0.58 6210.72
189.50 854.54 0.37 6853.30
265.88 50.54 0.54 8415.26
276.95 175.80 0.47 6670.43
315.97 149.02 0.47 9701.34
278.71 172.84 0.44 7789.08
282.12 71.08 0.42 8376.00
213.13 118.53 0.48 7591.82
358.51 208.34 0.53 8699.75
244.81 231.60 0.49 6582.57
340.39 255.71 0.44 9084.98
284.22 371.00 0.54 6485.80
303.39 332.36 0.37 5567.86
293.23 307.94 0.63 7183.26
359.23 580.20 0.62 6707.41
311.03 540.17 0.39 8903.70
249.64 551.83 0.66 8210.46
232.94 568.76 0.69 7101.60
212.07 412.87 0.48 7205.26
357.16 474.59 0.43 7017.04
318.67 668.95 0.71 6714.99
380.73 795.70 0.45 8622.33
238.54 793.13 0.36 5667.62
345.85 771.38 0.29 7175.27
288.41 651.82 0.56 7756.14
320.86 694.73 0.42 6978.92
252.29 997.61 0.52 5789.27
291.77 937.47 0.43 7206.43
287.15 824.39 0.63 6556.77
266.06 949.79 0.62 6482.30
207.30 814.90 0.50 6534.99
291.12 948.90 0.56 5663.58
534.42 120.06 0.53 4463.54
425.39 186.01 0.68 6963.05
532.20 136.49 0.51 7211.93
422.68 194.94 0.58 7364.33
406.68 9.39 0.39 4928.24
550.82 96.44 0.54 5930.64
487.57 250.58 0.55 8357.61
429.71 260.47 0.49 8184.28
587.10 232.64 0.56 5941.39
520.21 329.92 0.51 9011.85
505.07 316.05 0.52 7537.79
515.98 321.32 0.43 4139.14
415.65 525.35 0.44 5945.14
526.72 590.14 0.55 5220.69
469.27 496.59 0.51 5431.47
533.34 490.68 0.40 5790.33
422.73 521.57 0.49 7130.98
523.14 450.39 0.36 8399.29
416.64 678.30 0.62 6753.58
500.94 758.05 0.72 6584.26
541.56 700.58 0.53 7070.61
593.94 722.52 0.35 7507.31
494.35 718.45 0.56 8602.21
552.97 625.66 0.46 4082.79
530.26 944.31 0.51 6842.80
593.26 888.29 0.63 7879.02
512.06 933.73 0.43 7019.00
515.87 870.26 0.45 7726.73
412.15 842.81 0.47 7299.90
451.85 881.75 0.61 6355.56
720.78 181.78 0.33 8422.53
636.95 165.39 0.62 6886.95
684.43 133.39 0.52 7453.83
614.35 106.43 0.37 7304.00
747.08 63.54 0.32 8227.64
661.70 93.05 0.55 6619.20
654.70 273.61 0.47 6506.86
790.37 303.39 0.28 6303.38
688.90 380.38 0.64 7196.25
622.94 281.24 0.64 8134.03
755.02 346.47 0.54 8054.61
755.85 231.19 0.55 7002.57
678.01 446.58 0.42 7177.98
713.10 569.20 0.45 7303.77
705.77 508.52 0.40 8893.78
727.07 444.15 0.49 6778.51
720.82 585.77 0.53 6573.12
783.57 418.04 0.40 7120.94
625.09 752.72 0.51 6083.81
757.11 686.12 0.36 8526.00
746.56 682.09 0.48 7530.15
763.87 754.66 0.64 6858.48
664.83 661.13 0.64 7771.67
743.10 622.65 0.46 7682.26
748.95 823.50 0.53 7589.56
701.60 977.28 0.63 7740.12
725.23 870.47 0.56 6588.83
728.58 861.65 0.57 7146.25
752.75 873.22 0.49 5895.84
782.65 891.97 0.41 5456.21
923.97 144.32 0.48 7918.99
962.27 72.61 0.37 6866.62
840.53 86.77 0.38 6598.57
876.13 138.38 0.63 6301.20
859.51 135.83 0.59 7118.26
953.57 160.65 0.48 6470.58
880.97 347.74 0.49 7502.57
982.77 360.14 0.60 7571.74
926.18 342.81 0.55 6663.44
974.97 310.53 0.42 7498.26
815.50 346.37 0.61 7337.74
897.63 366.99 0.61 7198.01
938.30 427.61 0.61 7665.41
831.97 421.74 0.55 7932.51
853.13 501.12 0.51 6477.97
953.05 501.63 0.52 6621.55
804.21 518.92 0.78 8116.63
971.60 575.74 0.49 6421.37
874.05 783.72 0.57 7013.29
915.90 654.56 0.48 8451.51
878.80 750.17 0.31 7039.30
858.13 615.25 0.61 5816.77
802.96 611.02 0.58 8679.45
826.88 634.49 0.28 7704.57
905.95 998.49 0.42 7007.21
800.13 924.83 0.55 8198.63
838.19 999.34 0.43 6625.30
912.13 952.84 0.50 7582.08
943.64 898.01 0.32 6386.77
943.28 823.63 0.39 6107.44
