75 44 38 1 74 48 18 10 36 16 50 28 40 56 46 70 33 12 21 3 45 71 9 37 47 42 51 53 54 59 62 43 65 24 32 7 57 11 15 69 72 49 25 5 34 66 55 64 20 52 58 6 39 17 61 68 19 23 27 30 67 29 13 63 22 26 8 4 41 31 60 14 35 73 2 
Best fitness: 0.73
3 25 48 35 75 44 18 7 36 54 57 71 47 53 55 10 50 28 40 56 46 37 29 70 21 41 62 59 42 51 63 12 33 49 45 74 24 32 11 72 69 9 39 16 52 6 67 4 5 13 22 26 66 20 64 43 8 34 58 60 73 23 19 68 30 2 27 61 31 1 38 65 14 15 17 
Worst fitness: 0.98

Mean: 0.85

Standard deviation: 0.00
44 18 11 48 36 10 54 53 57 47 50 28 40 56 46 37 34 29 70 33 21 71 14 41 26 22 51 13 12 25 49 45 3 74 75 38 1 7 20 16 58 59 62 52 68 32 66 42 69 72 15 24 61 43 23 19 64 55 39 6 9 67 5 27 30 17 4 8 65 35 31 63 60 2 73 
Best fitness: 0.75
10 23 16 30 2 40 56 37 48 44 74 51 25 45 57 7 18 3 38 75 68 36 58 50 28 70 29 21 12 13 33 9 39 6 59 54 61 24 1 11 47 8 71 55 43 52 20 64 66 72 69 42 32 34 67 46 49 22 53 60 62 19 65 31 14 5 27 17 4 41 26 63 35 15 73 
Worst fitness: 1.05

Mean: 0.87

Standard deviation: 0.00
