24 16 8 28 26 31 21 15 37 22 48 42 9 43 20 35 32 50 1 25 27 30 13 33 41 12 18 4 40 19 46 34 11 38 17 14 29 23 45 6 44 49 3 39 36 10 5 2 7 47 
Best fitness: 0.40
30 22 15 26 28 12 9 43 32 21 42 50 1 33 13 27 25 16 10 8 47 34 11 38 46 4 37 20 35 29 39 24 44 49 41 18 40 19 45 6 5 48 14 23 31 17 7 3 36 2 
Worst fitness: 0.54

Mean: 0.47

Standard deviation: 0.00
24 16 8 28 26 22 15 21 32 20 9 7 43 35 13 33 30 27 29 25 41 12 50 14 1 36 10 38 11 34 46 4 19 2 40 37 18 48 42 17 31 23 47 6 45 49 3 44 39 5 
Best fitness: 0.39
27 13 9 21 15 26 30 25 41 49 28 16 24 29 3 12 1 50 32 43 33 14 18 4 34 11 45 8 38 31 35 42 48 22 37 5 40 2 19 46 6 23 20 7 17 10 36 44 39 47 
Worst fitness: 0.56

Mean: 0.48

Standard deviation: 0.00
