18 32 59 9 8 51 54 47 12 36 69 11 62 70 19 25 30 20 57 16 64 24 39 65 34 49 1 7 41 60 37 43 26 44 42 4 22 48 6 61 5 68 33 35 15 66 14 52 31 50 21 56 53 13 27 3 28 46 10 67 2 63 45 55 17 29 23 58 38 40 
Best fitness: 1.96
45 32 42 69 11 61 9 56 31 19 25 70 39 54 47 36 41 1 8 28 66 35 15 57 16 51 64 49 22 48 60 55 4 44 17 43 12 7 13 14 52 33 68 5 24 62 65 34 67 46 27 3 38 6 20 30 50 53 21 10 59 37 26 63 2 18 29 58 23 40 
Worst fitness: 2.57

Alpha: 0.50
K: 0.01
Crossover probability: 0.50
Mutation probability: 0.10
Change mutation operator probability 1: 0.15
Change mutation operator probability 2: 0.00