63.90 100.51 0.40 5653.77
160.26 22.13 0.46 6173.88
88.61 61.60 0.60 -25.09
108.51 56.42 0.60 101.99
55.34 155.98 0.55 10695.00
112.56 91.84 0.60 8986.90
126.20 93.41 0.55 3671.73
89.86 179.09 0.59 10019.50
138.18 229.31 0.29 8184.80
148.39 294.16 0.42 8605.34
97.78 325.09 0.28 10163.82
96.71 417.89 0.54 -551.65
111.92 247.39 0.49 9666.66
168.05 335.53 0.44 -754.95
138.52 350.99 0.48 4482.03
92.77 310.21 0.38 5571.66
0.39 511.25 0.53 10800.00
156.74 511.02 0.43 7905.36
125.83 447.58 0.38 -60.10
246.39 525.80 0.60 245.27
1.70 497.86 0.49 7813.47
27.77 492.67 0.42 -60.60
152.63 575.04 0.37 3850.98
47.19 608.16 0.55 4150.32
66.24 686.73 0.60 -534.69
104.72 699.67 0.37 8357.74
152.35 698.09 0.44 5348.48
97.65 691.34 0.45 7733.73
11.74 558.88 0.42 4957.53
100.71 731.58 0.60 -441.73
26.89 686.02 0.60 8829.16
89.73 601.41 0.52 5248.35
40.06 836.82 0.46 -48.03
148.42 903.25 0.49 804.64
40.53 910.08 0.50 10800.00
80.67 895.43 0.49 9807.82
128.18 878.84 0.48 9420.06
109.66 789.21 0.54 9510.67
180.02 838.04 0.56 9070.54
64.54 791.95 0.47 -1253.79
404.23 129.39 0.33 3910.24
268.46 114.42 0.45 -930.78
373.06 96.11 0.36 9958.78
248.14 36.19 0.53 -1543049.26
344.55 30.69 0.60 -902.23
266.01 111.49 0.46 9850.47
244.63 61.85 0.51 6369.33
238.40 99.65 0.36 8527.93
270.62 237.41 0.30 4146.30
325.73 329.57 0.57 5949.11
280.41 256.09 0.38 2910.68
183.57 198.62 0.57 6384.84
309.71 248.77 0.57 8900.57
256.14 275.17 0.60 6104.53
279.07 412.53 0.45 95.64
350.42 359.04 0.52 10800.00
335.50 507.28 0.52 7147.73
262.24 595.24 0.51 -257.01
295.01 483.91 0.41 -301.40
255.70 450.51 0.46 8707.64
283.25 494.62 0.32 5240.81
282.40 547.07 0.50 6792.24
230.87 506.69 0.40 7570.12
407.70 449.37 0.54 6634.68
320.20 675.01 0.47 4013.84
307.93 708.61 0.46 8566.31
225.68 646.98 0.60 -851.12
258.63 580.24 0.45 290.63
315.61 710.94 0.32 8370.24
285.77 739.49 0.45 7953.67
324.22 743.12 0.46 7689.21
322.51 666.36 0.30 5894.05
265.27 910.53 0.52 7010.49
398.57 898.22 0.57 9744.81
351.48 881.52 0.40 3302.56
246.87 866.76 0.38 372.65
230.42 814.80 0.60 -1725.46
325.34 894.82 0.55 -1213.40
346.37 912.52 0.32 6109.45
362.54 919.98 0.25 203.09
575.60 72.94 0.38 165.72
502.02 31.52 0.55 8299.46
432.30 196.38 0.42 6266.26
466.30 99.29 0.54 -2147.95
541.74 41.41 0.59 7250.69
527.80 95.22 0.49 9774.37
528.04 83.93 0.59 176.39
504.08 44.85 0.58 164.33
489.39 300.06 0.54 7309.85
453.81 325.67 0.49 2827.44
481.21 265.86 0.58 -30.78
480.67 341.40 0.47 6632.66
433.67 348.41 0.60 7244.97
588.37 257.93 0.60 8800.27
500.57 334.84 0.46 6431.43
496.31 217.34 0.60 1635.83
552.30 555.05 0.47 8408.50
552.55 562.45 0.54 5513.12
562.20 455.72 0.33 6995.64
362.71 586.04 0.49 6648.43
592.80 425.56 0.54 8124.48
494.12 467.02 0.60 7844.47
452.03 593.36 0.51 1164.14
524.92 423.74 0.60 4676.06
469.75 752.53 0.60 10483.31
549.50 759.28 0.60 6310.63
525.09 633.05 0.43 6730.51
521.91 755.28 0.49 4293.75
489.73 678.03 0.37 4337.35
558.24 693.82 0.60 5608.15
569.50 735.60 0.59 1168.78
547.67 691.95 0.52 9065.16
567.39 884.38 0.54 -91.26
512.16 956.86 0.60 10750.01
449.44 855.66 0.56 10800.00
503.73 955.86 0.60 35.08
491.57 872.80 0.57 219.49
574.47 977.92 0.60 10217.45
452.82 908.47 0.53 2127.44
513.88 965.17 0.60 8625.52
763.68 26.28 0.60 3581.97
739.13 134.83 0.51 10024.68
653.12 116.09 0.47 3631.73
706.23 88.49 0.37 7051.74
633.09 156.69 0.30 9421.08
713.53 168.16 0.47 8047.19
678.79 154.72 0.59 2339.18
701.82 52.83 0.47 3667.41
669.10 331.99 0.51 9675.70
759.04 318.77 0.60 4368.41
690.48 334.39 0.41 9189.97
799.87 319.35 0.60 9180.05
626.27 278.57 0.40 10710.88
756.44 249.62 0.60 8976.18
757.38 215.63 0.35 4063.68
680.55 232.97 0.60 10461.84
749.02 543.39 0.59 5494.92
649.53 495.61 0.56 368.61
676.78 558.34 0.54 5857.38
596.93 534.55 0.55 8098.40
635.32 551.17 0.60 10800.00
663.10 555.17 0.59 5045.27
681.84 437.74 0.47 5143.27
679.11 603.06 0.51 5815.87
683.68 666.16 0.60 10342.39
660.06 730.56 0.57 8749.01
661.06 628.88 0.54 8958.24
808.46 662.55 0.41 7208.03
708.08 725.49 0.50 10408.85
692.53 739.84 0.60 10066.46
663.37 823.87 0.51 1584.80
740.50 658.56 0.42 8820.74
630.64 810.46 0.42 8424.00
718.90 955.53 0.48 4771.73
696.03 962.32 0.48 9954.81
741.74 767.48 0.50 -190.95
629.79 855.34 0.44 5524.93
734.00 932.19 0.52 10369.14
739.44 981.03 0.58 1394.10
698.62 979.70 0.33 5537.34
976.49 164.54 0.54 2473.82
950.91 86.99 0.49 4209.20
839.73 59.43 0.50 9385.44
818.53 112.69 0.60 3559.47
912.22 80.80 0.45 7034.45
910.96 52.16 0.58 6154.28
850.75 80.85 0.40 9448.56
843.74 42.82 0.29 7227.60
875.74 344.59 0.45 9156.73
942.56 336.31 0.60 10378.35
948.30 315.62 0.51 7862.31
915.44 349.51 0.60 7650.04
875.67 264.92 0.30 8754.01
896.01 276.50 0.52 9255.22
942.54 262.39 0.55 5581.97
924.98 256.94 0.57 7619.21
840.07 514.45 0.49 9626.86
922.92 445.20 0.38 2252.76
914.66 469.09 0.34 4957.60
930.97 539.44 0.60 8139.30
858.25 526.78 0.60 863.00
973.19 559.33 0.57 7888.43
811.60 452.26 0.51 9346.80
868.19 462.36 0.39 6977.82
885.09 666.08 0.46 107.54
923.03 668.11 0.36 8474.14
911.56 677.11 0.39 10404.96
980.19 737.58 0.53 -607.38
980.22 630.86 0.54 9235.47
957.94 674.20 0.44 8259.83
866.30 639.80 0.57 393.54
895.37 631.91 0.59 -131.40
815.47 867.58 0.46 5782.33
815.86 914.79 0.44 1810.88
988.84 839.50 0.46 6475.62
904.20 919.57 0.57 1124.83
844.71 882.91 0.51 -1664.41
853.67 990.39 0.50 -175.10
910.78 908.59 0.33 8023.88
956.75 878.18 0.59 166.64
