124.67 138.09 0.39 7949.15
52.97 71.44 0.37 5127.01
1.78 191.80 0.57 7815.10
92.44 66.53 0.47 4402.89
19.66 211.28 0.51 6422.29
62.47 285.85 0.60 3926.45
133.85 292.27 0.48 2363.42
96.55 332.12 0.55 5559.90
104.70 471.20 0.47 3650.64
211.00 481.78 0.42 5820.52
138.85 502.37 0.58 4845.96
55.58 457.61 0.52 6953.26
155.76 678.79 0.45 6878.50
166.47 709.10 0.56 3205.07
139.57 644.39 0.42 6050.72
86.60 742.75 0.59 6294.50
100.31 843.69 0.51 9854.06
151.72 908.45 0.51 6363.66
93.68 931.24 0.58 5994.02
119.49 989.32 0.50 4399.07
312.17 64.72 0.59 5670.38
338.88 143.95 0.50 4215.11
361.96 69.61 0.38 4852.51
282.97 130.92 0.54 6978.27
284.93 273.51 0.45 7337.53
238.79 300.43 0.52 3028.61
194.67 314.63 0.53 2768.96
243.97 306.44 0.56 8572.48
337.07 514.52 0.43 3818.82
300.96 490.88 0.59 6341.65
323.58 607.73 0.52 5324.86
290.08 456.91 0.60 2653.10
309.34 790.02 0.60 3296.91
341.81 718.26 0.53 6500.26
364.49 806.74 0.45 9825.06
306.02 627.77 0.59 4010.36
256.59 798.91 0.38 1895.65
200.12 882.07 0.60 296.59
305.12 864.51 0.59 3204.93
340.34 887.67 0.46 4033.52
517.99 93.93 0.60 5217.93
480.13 190.87 0.46 3546.40
516.14 23.50 0.49 5219.46
487.91 107.03 0.54 8907.48
524.61 246.59 0.52 5843.06
526.72 301.53 0.45 5762.12
525.08 203.05 0.52 6050.06
511.09 291.29 0.55 10381.44
486.05 523.62 0.53 2461.52
478.26 520.20 0.48 8382.03
433.52 523.57 0.60 1204.41
518.32 522.45 0.46 3540.43
549.11 709.61 0.51 5453.73
488.36 664.90 0.60 2361.23
509.79 690.70 0.60 3081.13
543.94 747.98 0.50 4952.70
512.29 923.61 0.50 6748.77
536.59 927.21 0.60 5298.84
567.16 907.76 0.59 8459.94
484.92 920.47 0.60 2034.41
652.92 98.16 0.60 7488.98
716.73 120.42 0.50 9092.51
681.58 112.96 0.41 10762.74
684.75 175.33 0.46 7593.62
677.94 348.93 0.44 3530.90
690.15 205.23 0.48 5896.81
635.18 251.80 0.41 4495.52
612.99 171.50 0.60 8570.81
811.74 548.41 0.39 3918.96
731.00 534.23 0.59 9873.69
756.45 544.88 0.43 4884.41
705.36 514.13 0.50 8888.84
677.88 659.79 0.45 2067.63
771.28 729.15 0.45 299.66
797.81 790.24 0.54 6166.48
752.52 529.49 0.60 5686.18
647.05 911.44 0.49 8132.13
714.58 964.32 0.36 6673.61
756.64 961.59 0.53 7040.61
708.56 844.68 0.54 6460.26
908.61 117.46 0.52 4379.97
928.21 100.52 0.60 1829.94
858.32 200.73 0.54 8397.49
860.98 106.98 0.43 8538.73
842.38 292.60 0.50 5048.14
865.25 222.70 0.56 3876.93
828.84 334.65 0.60 7170.43
835.83 323.70 0.40 3027.48
994.75 498.88 0.56 4017.44
996.66 441.57 0.60 2929.15
919.60 464.89 0.50 1277.72
927.12 491.45 0.51 765.77
942.24 709.94 0.60 481.84
841.29 668.27 0.60 5838.46
988.06 683.36 0.38 10800.00
851.57 763.85 0.41 870.41
945.25 816.75 0.56 2821.15
973.28 966.97 0.38 9105.86
941.17 893.54 0.60 4427.11
807.78 901.02 0.55 2183.40
