315.61 504.88 0.44 7625.95
954.60 537.54 0.52 7063.49
932.88 139.89 0.40 6523.48
733.17 604.66 0.41 7998.40
651.95 852.85 0.45 6257.78
909.44 58.13 0.40 6942.04
330.84 148.24 0.37 4334.40
518.31 218.11 0.49 5984.13
535.44 916.94 0.63 5622.00
139.50 905.62 0.40 7725.58
935.24 286.76 0.50 5896.23
548.02 173.35 0.34 6764.22
110.42 328.71 0.36 6877.83
794.90 796.14 0.59 5853.90
191.12 560.73 0.43 8645.41
646.01 297.09 0.35 6978.70
566.35 326.71 0.54 8216.71
455.86 657.00 0.53 5337.62
671.67 363.99 0.27 7465.96
81.15 117.61 0.63 7635.46
705.54 167.28 0.68 6984.58
927.50 991.09 0.40 7344.03
931.95 880.73 0.46 7158.81
631.29 800.96 0.71 7956.22
246.88 358.46 0.63 5714.26
447.73 438.49 0.53 5199.18
197.25 258.80 0.38 6911.60
453.06 196.11 0.18 9519.26
958.37 575.14 0.31 5258.79
467.77 651.96 0.50 6983.86
897.97 323.49 0.43 6701.73
189.99 363.18 0.57 7278.27
693.95 35.77 0.49 8181.80
212.23 144.18 0.41 7106.45
367.46 584.14 0.46 8198.74
133.75 442.81 0.51 6723.55
845.56 124.13 0.37 6674.60
957.39 876.77 0.52 7766.75
541.96 107.44 0.58 7533.71
495.19 81.53 0.43 7857.97
470.00 26.17 0.43 7510.86
616.15 326.45 0.75 7268.65
502.79 859.89 0.41 4630.40
144.14 883.01 0.47 5797.84
551.73 12.83 0.48 5167.75
325.47 469.69 0.47 6884.34
412.45 142.34 0.48 7936.43
695.62 913.80 0.61 6658.00
374.36 516.46 0.44 7616.14
646.04 905.25 0.46 7260.73
182.70 675.67 0.66 6880.92
722.75 205.07 0.37 5100.67
739.12 991.86 0.45 6239.92
663.60 604.83 0.58 8361.11
337.26 116.08 0.62 6631.34
205.81 228.30 0.59 7770.85
561.55 107.02 0.45 6955.66
89.90 39.42 0.36 5595.03
173.51 228.14 0.51 7728.96
707.29 205.38 0.48 7373.40
33.32 715.18 0.63 7811.56
761.13 714.03 0.55 7729.12
592.90 585.29 0.36 6417.29
716.85 42.06 0.72 8967.54
507.39 108.34 0.50 6921.83
734.47 119.23 0.46 6005.04
827.62 147.48 0.56 6366.54
398.78 156.55 0.69 7012.37
522.06 320.27 0.45 6871.87
571.63 940.02 0.50 8028.16
707.92 155.55 0.65 6023.37
619.79 35.34 0.39 4852.65
752.87 321.05 0.59 8760.52
390.93 509.47 0.45 8108.54
869.45 685.74 0.52 6309.32
127.13 701.99 0.39 7428.81
911.88 375.71 0.54 7523.63
263.39 790.92 0.47 7715.31
753.87 370.84 0.52 8833.42
575.90 524.17 0.48 6378.75
179.72 464.33 0.34 6458.64
426.54 30.02 0.56 6825.14
424.72 186.77 0.51 6936.06
639.28 581.17 0.62 7955.30
363.10 446.40 0.64 8042.92
662.98 859.51 0.43 9696.81
325.14 464.87 0.51 5591.83
788.26 164.56 0.58 5776.64
405.24 37.34 0.47 6327.84
261.37 173.25 0.42 7269.93
867.47 701.69 0.52 7956.28
778.59 932.33 0.39 6311.58
626.29 239.95 0.46 7456.71
602.27 849.75 0.48 7346.26
851.53 830.62 0.55 5766.97
578.42 379.81 0.63 7019.86
831.93 313.25 0.55 4763.90
151.48 258.03 0.48 6788.81
638.33 862.75 0.58 6839.63
9.75 83.09 0.52 7307.10
212.27 952.76 0.44 5312.92
446.05 345.48 0.44 7568.43
674.16 200.73 0.38 8066.92
784.93 884.36 0.54 5848.52
161.34 454.28 0.60 7223.30
972.66 766.42 0.60 5448.45
778.26 149.85 0.58 6668.17
793.42 606.60 0.66 7814.67
740.42 368.75 0.60 5983.92
545.29 805.12 0.37 7904.78
531.29 869.23 0.50 7503.61
297.01 105.91 0.55 6213.38
679.66 791.31 0.53 7056.18
765.42 281.41 0.42 7457.70
715.31 402.30 0.44 8500.32
892.26 862.13 0.56 6200.36
678.30 207.63 0.47 6455.93
830.73 240.24 0.76 7363.89
383.50 889.61 0.39 7106.56
259.31 228.81 0.52 5999.15
620.90 332.28 0.40 7565.08
797.32 888.95 0.53 6148.70
513.60 266.31 0.52 6784.69
718.02 821.85 0.38 7983.11
843.58 742.76 0.55 7104.22
25689.529287821446