526.92 436.41 0.11 6721.22
494.92 517.63 0.12 6780.51
460.46 505.02 0.20 1270.16
531.57 411.40 0.19 3915.52
406.78 488.96 0.33 8600.33
480.59 491.68 0.03 3431.96
532.25 392.90 0.16 7987.18
547.43 474.72 0.09 5215.91
562.73 506.22 0.34 2977.01
547.02 483.79 0.07 6778.71
510.88 534.15 0.34 5598.05
505.02 480.38 0.33 6952.81
570.85 517.15 0.11 9024.65
520.44 484.37 0.28 3108.97
471.25 623.85 0.25 8061.28
427.38 548.98 0.23 7796.48
428.77 473.04 0.25 9290.68
559.30 437.06 0.21 5262.42
510.16 488.28 0.26 3223.72
437.36 425.73 0.01 9771.04
490.22 446.75 0.25 7765.31
464.01 527.98 0.14 1700.96
560.04 501.84 0.30 1165.93
547.04 475.52 0.06 4276.76
500.71 575.80 0.25 6103.02
569.42 457.60 0.33 10375.24
451.76 502.01 0.13 8313.06
512.64 419.34 0.19 4932.51
548.07 511.48 0.28 3029.06
467.30 575.29 0.05 8515.55
531.61 522.56 0.06 8086.56
438.32 506.26 0.10 7287.28
504.75 622.04 0.21 5504.64
461.70 582.00 0.27 10668.31
557.05 460.78 0.22 10159.40
592.47 545.03 0.25 7815.12
507.71 468.06 0.11 8756.87
641.00 449.39 0.11 4850.89
558.21 501.97 0.25 9556.45
467.42 525.44 0.10 10309.40
471.95 507.58 0.30 4989.19
499.91 612.44 0.32 10481.00
487.38 536.15 0.29 10276.38
478.18 473.17 0.29 4027.69
467.18 449.53 0.17 4331.65
461.94 519.58 0.30 9044.33
479.68 484.42 0.28 1051.54
485.52 459.60 0.10 2834.62
588.29 491.43 0.23 1283.43
544.88 515.62 0.15 1568.77
470.80 539.11 0.13 10624.65
447.83 544.73 0.12 10604.46
553.82 472.69 0.21 7374.98
527.22 492.03 0.33 6665.46
446.41 472.23 0.38 1466.69
480.43 428.03 0.15 6179.57
518.11 428.80 0.16 6871.06
571.15 487.05 0.27 5118.00
532.94 485.34 0.20 7316.05
540.49 492.28 0.26 9656.63
445.48 487.62 0.10 7400.62
548.77 457.62 0.25 7723.66
523.55 477.94 0.11 6452.96
541.66 476.40 0.26 4373.27
535.83 561.86 0.08 1774.86
582.46 628.05 0.15 10800.00
515.46 434.24 0.18 2924.32
524.69 508.40 0.11 949.24
539.49 513.90 0.18 8189.89
513.55 491.58 0.20 9032.40
434.72 526.39 0.28 5271.18
495.44 510.65 0.02 5385.90
531.37 415.46 0.25 10560.71
430.00 483.58 0.23 10173.75
567.82 577.09 0.16 2523.82
516.07 507.88 0.25 5293.30
500.45 524.40 0.18 4733.05
475.12 431.71 0.39 3783.49
452.03 506.19 0.24 9522.51
528.06 392.40 0.09 10767.90
494.27 524.88 0.04 10618.61
419.53 530.14 0.21 8251.08
444.60 437.91 0.22 1872.10
505.19 392.01 0.23 1714.42
446.66 484.70 0.36 2477.59
530.04 542.60 0.31 9132.99
419.52 502.55 0.29 6496.11
566.11 487.81 0.24 1887.63
422.30 579.95 0.05 10576.75
516.68 536.41 0.17 7547.40
421.02 494.67 0.18 1978.49
582.49 457.76 0.30 8866.32
497.96 451.45 0.30 2339.38
460.00 531.69 0.18 1092.53
449.80 487.93 0.27 4728.13
516.49 458.50 0.11 6080.70
520.42 546.13 0.31 8347.23
534.24 535.02 0.24 6680.82
547.82 489.23 0.05 10150.60
519.80 619.67 0.21 9847.92
501.15 535.19 0.13 10201.93
453.88 526.15 0.18 10420.88
481.52 543.41 0.35 7495.20
427.49 570.81 0.15 6928.86
470.86 593.39 0.28 5128.16
487.08 425.20 0.29 5336.48
553.96 504.09 0.41 9693.04
485.11 555.88 0.49 2748.15
465.93 574.66 0.08 7965.28
511.98 588.69 0.13 6308.65
516.92 374.54 0.10 6264.28
511.53 476.60 0.13 1005.35
504.21 546.57 0.33 10222.09
530.83 551.89 0.01 7433.83
511.63 479.77 0.06 4450.99
471.03 500.88 0.03 1931.09
447.14 548.32 0.24 9269.22
444.82 620.55 0.22 6069.82
456.78 562.65 0.09 8338.22
518.24 462.02 0.19 4454.06
549.39 446.90 0.19 10263.05
527.48 498.35 0.22 6415.60
536.53 560.95 0.31 5582.03
521.25 509.89 0.05 5674.57
575.45 407.61 0.14 4090.87
