531.49 508.69 0.39 7275.75
495.35 501.59 0.11 6903.08
548.60 614.16 0.02 6115.53
528.38 553.71 0.12 7496.50
533.66 416.00 0.54 6073.33
464.50 576.37 0.05 7244.25
544.97 515.09 0.46 7232.74
583.68 459.62 0.10 6356.40
471.21 472.07 0.49 5967.46
489.49 537.35 0.45 5995.25
532.78 459.35 0.00 5964.50
436.65 493.33 0.54 5819.73
499.42 519.02 0.53 9399.80
490.51 551.76 0.50 5941.49
490.30 520.30 0.59 7455.40
555.17 408.84 0.47 9430.90
530.70 426.64 0.25 7033.06
530.55 474.55 0.24 5964.11
467.83 474.33 0.57 6376.56
568.76 468.07 0.37 6922.67
357.61 464.35 0.21 5679.52
565.42 551.50 0.36 6823.31
487.45 546.49 0.09 6402.21
502.58 488.06 0.41 6382.28
453.26 500.20 0.26 7025.40
537.48 574.83 0.39 6231.91
462.58 381.26 0.18 7737.24
470.72 468.14 0.10 6165.62
501.79 471.97 0.33 7000.02
512.67 407.43 0.16 8226.51
503.42 498.60 0.29 6743.06
480.67 459.45 0.51 7192.45
457.44 477.37 0.53 6768.83
537.30 498.60 0.29 8704.73
497.49 553.45 0.20 7686.81
505.34 525.68 0.22 6558.45
508.93 569.67 0.33 7814.05
411.85 497.04 0.28 6253.92
500.95 561.74 0.31 7684.03
483.22 528.24 0.08 7369.64
541.75 484.92 0.50 7024.94
598.93 439.39 0.18 6568.62
368.76 439.80 0.56 7336.84
549.49 472.98 0.44 7238.86
431.92 523.02 0.33 8329.46
496.54 573.38 0.07 8007.10
536.07 511.74 0.36 6492.67
561.28 458.53 0.40 5506.35
478.53 463.41 0.57 6669.88
497.16 491.10 0.49 7276.69
458.52 457.43 0.42 5837.53
462.91 482.73 0.29 6317.04
479.81 441.65 0.15 7934.99
442.48 494.03 0.03 7768.71
482.59 572.63 0.16 6905.69
483.35 487.06 0.35 7235.15
549.43 463.21 0.46 8202.45
543.81 495.46 0.43 7158.72
403.29 476.45 0.43 6212.35
463.48 506.72 0.46 7397.75
504.86 437.00 0.45 8058.15
519.77 526.85 0.20 7815.21
463.66 504.36 0.28 6238.42
451.43 402.38 0.52 6638.19
500.68 469.50 0.02 5010.26
458.71 575.52 0.13 6726.45
392.21 571.72 0.32 7149.30
513.71 484.06 0.52 7088.10
490.78 567.52 0.56 7956.82
545.26 471.57 0.07 6853.21
407.05 437.66 0.60 6610.78
434.65 584.57 0.56 7984.49
557.96 479.84 0.37 6263.40
533.17 484.14 0.26 5872.18
463.65 399.72 0.55 7499.09
467.06 474.38 0.48 7778.25
456.43 519.56 0.11 6855.96
575.69 477.39 0.36 6866.21
494.36 528.82 0.38 5480.53
508.31 470.43 0.46 7153.89
530.57 502.83 0.38 6000.79
483.57 475.63 0.25 6648.86
476.20 458.19 0.58 7756.36
510.37 517.58 0.31 6307.05
490.89 520.56 0.60 5752.85
480.55 500.12 0.25 5885.99
581.05 490.51 0.06 6942.28
543.99 598.15 0.53 7360.60
465.10 467.03 0.31 7831.21
434.99 360.74 0.58 7278.27
520.76 515.49 0.37 7061.83
490.37 445.32 0.48 7112.72
521.89 508.19 0.41 5007.19
417.78 455.57 0.47 9383.73
553.17 469.92 0.25 7680.15
493.10 478.75 0.26 7641.88
458.44 544.97 0.24 6285.93
546.47 544.39 0.18 7988.63
498.16 528.87 0.27 6800.05
522.51 521.12 0.56 7975.91
468.28 461.80 0.19 6477.65
480.62 486.98 0.34 7028.59
456.65 476.79 0.17 7150.58
603.82 532.82 0.05 6368.89
612.06 520.10 0.52 8793.78
497.85 498.05 0.37 4895.77
487.22 466.06 0.58 6226.72
533.20 466.27 0.54 6472.72
541.09 580.60 0.59 6832.70
518.72 508.93 0.51 6803.73
547.79 501.97 0.33 8636.30
538.69 465.80 0.53 7497.42
551.28 379.91 0.19 6069.27
515.74 468.42 0.26 8550.43
464.70 608.14 0.09 7285.83
547.55 578.18 0.17 7316.67
496.61 516.22 0.21 5336.16
430.20 572.39 0.59 6325.91
493.30 539.94 0.20 7851.85
429.80 465.23 0.20 5035.73
462.35 416.08 0.05 5957.42
555.38 468.77 0.21 5728.53
475.87 488.93 0.20 6198.14
541.54 535.03 0.51 6333.73
459.79 475.98 0.21 6717.56
535.76 585.26 0.13 8073.39
475.10 442.87 0.27 8224.60
535.17 476.42 0.19 5624.82
582.40 527.10 0.51 7656.97
485.52 428.93 0.10 7367.14
525.02 467.22 0.52 6903.61
489.67 517.56 0.23 7284.01
498.02 411.17 0.06 4668.44
483.12 484.81 0.43 7307.24
488.15 527.03 0.37 6340.08
475.12 447.40 0.26 6608.42
426.32 608.18 0.39 6651.69
517.19 470.87 0.43 7415.01
579.84 443.48 0.53 6430.55
451.88 475.74 0.03 8336.39
543.11 430.89 0.45 8439.48
547.04 556.49 0.01 4994.56
438.52 546.75 0.06 7696.43
474.82 461.50 0.36 8164.33
477.03 518.89 0.40 7206.19
571.88 467.74 0.41 6893.19
519.79 483.35 0.15 7123.03
458.70 509.83 0.58 8446.45
467.52 521.35 0.42 8337.22
594.19 483.93 0.58 7642.42

2115.982866059012
