867.06 326.09 0.47 4240.01
810.38 49.76 0.41 5401.51
593.78 849.69 0.36 1719.12
73.96 836.65 0.59 2141.05
778.10 878.40 0.44 2302.29
494.29 137.81 0.56 2998.11
334.99 551.57 0.47 2845.54
566.97 725.40 0.43 7515.49
547.85 211.19 0.42 5132.65
27.17 916.91 0.42 5390.40
832.20 122.57 0.60 1942.51
578.30 626.78 0.60 10596.20
605.98 546.62 0.53 7939.44
175.92 606.93 0.60 2545.83
753.52 37.60 0.45 8385.41
781.94 250.17 0.47 8399.75
952.96 630.62 0.60 1800.70
627.71 746.55 0.54 1126.19
625.91 554.54 0.59 3836.51
64.74 732.29 0.40 1075.17
986.98 549.85 0.52 4764.38
613.67 618.74 0.49 3358.47
35.37 558.38 0.60 6646.83
412.40 702.65 0.40 7308.02
312.94 726.81 0.60 4556.55
809.81 452.72 0.46 2715.29
370.90 855.76 0.52 4393.59
600.75 300.53 0.59 3435.85
193.74 314.54 0.50 7581.88
750.94 977.88 0.41 6421.44
489.59 128.51 0.43 5525.35
855.45 586.61 0.47 3599.09
236.90 50.89 0.56 5597.18
286.34 517.93 0.37 7266.33
578.03 7.42 0.58 9788.14
463.94 1.39 0.45 8409.16
194.10 25.57 0.50 1180.48
692.89 500.93 0.52 1533.89
738.29 99.94 0.46 1434.09
637.24 408.53 0.51 7434.86
922.48 645.01 0.54 5425.96
682.17 928.48 0.35 6463.38
995.79 786.61 0.39 7341.33
967.93 420.67 0.48 2774.17
368.08 485.07 0.52 7385.96
532.51 915.76 0.38 2653.78
849.20 113.25 0.35 951.36
503.26 553.55 0.56 882.93
389.38 773.63 0.60 1448.76
517.71 371.50 0.55 4733.32
600.69 204.23 0.53 6755.83
332.50 43.99 0.60 3474.43
10.83 415.69 0.54 9452.80
80.34 667.40 0.55 2944.34
145.66 658.41 0.60 2483.43
957.38 847.70 0.46 4083.53
743.44 389.53 0.58 1546.84
264.66 679.55 0.52 7409.88
3.10 447.56 0.53 6984.55
474.88 427.10 0.53 4316.19
477.81 39.28 0.60 802.08
529.32 839.80 0.39 7780.36
535.06 227.32 0.42 10197.31
424.38 559.12 0.60 8900.22
992.21 518.57 0.60 2528.89
630.51 25.98 0.34 7119.83
445.88 711.80 0.60 3105.26
444.03 638.98 0.39 2743.85
528.19 487.00 0.39 5537.12
656.88 620.95 0.53 3450.02
922.56 946.63 0.35 2964.39
481.33 580.90 0.50 10654.84
915.05 840.93 0.60 1495.45
621.59 865.01 0.45 5715.57
370.84 566.69 0.37 5258.55
837.77 949.99 0.59 4733.18
709.90 399.03 0.60 2637.48
186.44 153.94 0.41 4044.83
821.10 444.02 0.39 9424.32
133.63 194.98 0.36 4926.67
23.95 113.03 0.38 3234.63
824.33 265.93 0.38 5256.89
613.80 755.34 0.46 5702.77
713.93 193.79 0.30 3627.96
868.26 449.12 0.33 3942.10
817.17 99.28 0.38 10233.26
496.48 137.56 0.48 6668.45
414.91 313.17 0.54 7573.76
947.97 304.90 0.48 1089.61
808.74 708.42 0.41 7236.41
84.54 187.34 0.39 7542.60
554.36 46.26 0.45 9726.41
821.83 590.24 0.42 7584.49
562.76 203.06 0.30 7532.15
121.48 411.42 0.59 7888.46
178.48 363.20 0.55 8501.84
959.94 151.83 0.32 7983.58
972.89 61.35 0.38 1382.24
798.14 349.22 0.36 655.11
952.48 419.24 0.53 2672.19

5350.552691944915
