1 5 20 19 22 41 40 57 60 42 25 27 29 13 11 8 9 23 38 70 71 37 52 53 36 50 64 47 48 51 46 61 62 31 32 33 34 35 68 56 55 44 43 28 45 15 10 26 75 73 74 49 66 17 18 16 2 6 4 21 39 12 30 14 7 24 54 63 69 67 72 3 58 65 59 
Best fitness: 0.91
1 20 26 25 60 40 42 43 27 8 11 52 37 38 39 23 9 22 56 55 57 71 64 47 46 33 51 34 5 6 32 31 35 36 50 53 28 45 58 73 70 44 29 18 16 61 68 54 13 59 72 49 65 62 63 48 17 21 19 24 7 12 10 15 14 30 41 67 75 74 2 3 66 4 69 
Worst fitness: 1.30

Mean: 1.12

Standard deviation: 0.01
5 6 18 16 20 8 9 11 27 22 35 34 36 33 65 64 57 55 38 50 46 47 51 31 32 48 61 62 37 40 29 28 45 44 60 73 75 70 71 67 68 49 53 52 23 10 12 7 4 17 21 3 1 19 25 26 14 15 13 42 69 54 39 56 41 30 43 59 74 58 63 24 66 2 72 
Best fitness: 0.97
20 51 33 9 26 42 40 41 38 28 27 13 14 11 8 5 24 23 22 64 50 60 57 35 21 48 47 61 62 46 31 32 16 18 17 34 52 53 54 44 45 56 71 68 70 73 55 29 15 10 36 63 39 19 25 37 49 65 4 3 1 12 69 67 72 74 59 30 2 6 7 66 75 43 58 
Worst fitness: 1.25

Mean: 1.11

Standard deviation: 0.01
