161.39 111.66 0.30 8890.38
109.05 19.96 0.45 7057.62
150.71 43.09 0.50 7318.98
106.24 138.11 0.60 5281.44
142.84 28.79 0.45 4724.66
148.37 212.37 0.51 7485.09
155.90 344.32 0.33 6896.71
173.40 372.08 0.47 5556.03
78.72 395.42 0.48 4783.79
46.93 227.28 0.53 5814.00
146.01 523.92 0.49 4981.28
71.85 513.03 0.46 7105.87
146.96 465.25 0.55 5612.15
30.56 450.52 0.45 5783.03
43.51 517.20 0.46 5800.42
8.53 697.40 0.45 7490.08
35.24 787.49 0.45 5309.29
45.65 784.28 0.29 5122.93
167.48 758.82 0.54 7280.26
185.87 733.07 0.58 5029.23
148.85 868.40 0.54 5029.63
159.83 884.78 0.30 4996.54
98.88 911.85 0.49 10330.82
55.12 870.08 0.58 4938.41
12.78 956.67 0.30 6388.81
273.30 132.14 0.55 6374.69
350.28 118.13 0.31 3581.95
263.55 95.61 0.40 4886.02
363.93 152.90 0.36 8181.16
325.42 193.36 0.45 6512.61
391.32 202.13 0.45 4591.75
291.41 367.26 0.40 4735.81
223.02 293.26 0.49 9732.27
251.85 281.02 0.52 5398.46
276.43 244.03 0.52 5843.44
243.63 570.64 0.44 7449.67
202.57 584.66 0.48 5634.35
233.53 524.74 0.48 7474.83
238.20 435.78 0.48 10619.39
332.54 427.80 0.56 6851.37
325.60 647.71 0.51 7162.14
304.90 735.26 0.39 6451.66
291.11 637.19 0.46 6630.66
284.65 646.33 0.52 9660.68
392.36 632.21 0.46 10651.89
363.31 827.98 0.57 4980.07
326.56 801.67 0.56 6162.87
291.88 882.11 0.49 6020.54
254.00 863.22 0.30 4559.43
356.41 915.35 0.60 5428.39
557.80 192.94 0.60 5416.03
565.85 23.72 0.51 6780.93
578.60 193.63 0.48 5168.45
499.90 78.79 0.49 4551.37
538.61 115.27 0.50 7120.07
553.26 251.63 0.50 8602.36
458.73 208.22 0.56 8023.57
505.67 233.98 0.48 5718.53
498.70 274.02 0.47 7397.42
490.12 260.61 0.60 5527.30
481.31 485.26 0.60 7896.73
417.69 461.53 0.36 4830.58
475.36 560.43 0.38 7783.07
494.28 587.46 0.48 7311.02
542.75 576.95 0.35 5355.81
416.42 709.35 0.52 7273.10
589.87 733.67 0.60 6971.36
542.72 738.92 0.57 6019.54
446.00 738.01 0.43 7321.14
537.42 611.04 0.37 9072.15
484.57 845.77 0.31 3698.58
523.11 860.51 0.60 5892.19
535.79 898.26 0.60 6327.47
480.87 837.21 0.60 5475.44
423.53 940.85 0.49 5300.61
684.67 141.78 0.51 5960.16
754.59 110.70 0.60 7093.83
667.77 83.52 0.40 6637.28
775.18 68.20 0.52 3697.71
623.74 85.70 0.55 6355.45
745.94 295.18 0.59 7282.64
636.56 296.41 0.60 4831.90
702.33 370.80 0.53 5748.87
727.65 266.60 0.60 7309.98
686.14 257.05 0.34 6488.20
742.69 533.37 0.43 4862.40
643.76 584.41 0.57 10223.43
689.25 568.21 0.53 6582.60
602.02 539.75 0.51 6044.37
658.20 529.19 0.41 6047.93
713.13 687.02 0.37 5565.48
662.02 695.08 0.43 10222.08
745.01 687.47 0.40 5220.87
746.55 703.13 0.52 5563.87
713.47 747.37 0.54 6522.13
706.68 917.70 0.47 9930.79
624.65 992.48 0.60 6054.61
708.70 940.01 0.60 5896.49
633.72 972.90 0.27 9722.64
666.70 977.81 0.51 3530.67
876.92 173.10 0.43 4706.83
933.41 26.53 0.27 7497.55
949.42 43.84 0.53 8539.97
906.49 54.76 0.38 5839.45
873.32 150.75 0.48 6621.80
977.18 297.39 0.60 6723.58
865.56 392.69 0.60 6898.74
944.79 306.43 0.39 8444.04
877.57 267.27 0.55 6396.75
837.55 385.23 0.59 4939.43
906.03 584.11 0.45 9858.69
943.44 421.26 0.41 6099.48
920.43 524.36 0.41 6128.26
855.13 446.37 0.46 6857.18
992.51 409.03 0.57 5190.14
915.23 784.42 0.60 5596.76
838.16 636.84 0.57 9610.37
816.01 613.55 0.33 6441.15
830.41 796.44 0.38 5786.13
983.50 686.74 0.54 5086.27
858.15 976.45 0.60 5277.59
820.50 933.49 0.60 6704.07
837.95 854.63 0.60 5789.41
929.67 832.93 0.46 4644.86
824.70 984.39 0.50 5375.53
