2.77 64.88 0.31 4715.80
2.95 339.89 0.08 6452.57
10.36 476.27 0.21 8226.13
4.71 663.80 0.12 1966.25
8.56 893.33 0.28 8254.23
125.53 63.08 0.29 4205.21
103.30 303.31 0.14 2317.25
146.18 507.72 0.06 6596.95
138.28 747.41 0.15 5234.72
203.07 917.12 0.38 9124.58
285.06 20.76 0.35 3065.15
238.62 365.77 0.17 7508.14
314.04 572.13 0.25 1531.70
288.47 654.26 0.27 2317.10
290.46 868.73 0.21 9308.50
356.67 159.64 0.13 3736.10
329.63 316.22 0.28 9936.86
381.37 565.64 0.18 1435.92
297.00 692.65 0.23 3383.54
384.22 852.53 0.24 3861.97
444.86 142.85 0.21 4368.76
467.67 365.37 0.23 3695.30
527.15 480.63 0.21 6118.88
394.41 741.04 0.10 847.26
499.24 881.84 0.29 2766.75
560.13 98.34 0.15 7758.30
467.84 328.95 0.24 10302.90
474.03 393.86 0.35 8182.85
595.27 682.19 0.20 3581.35
565.85 932.41 0.30 8285.19
579.29 70.95 0.07 4683.90
582.24 238.35 0.22 9171.77
614.13 482.76 0.03 1225.87
619.91 663.42 0.03 7108.12
592.16 893.52 0.28 5999.01
755.84 60.49 0.11 9733.05
802.94 310.60 0.02 9904.91
872.25 498.84 0.15 9069.85
784.53 689.84 0.22 10583.78
753.45 897.06 0.32 6213.33
893.24 96.97 0.23 8274.43
888.82 259.07 0.14 6371.55
850.06 527.41 0.07 10113.96
774.95 667.13 0.26 8493.16
827.10 805.79 0.10 10435.89
967.46 83.92 0.20 8065.23
999.00 299.36 0.24 2822.37
933.00 457.98 0.09 6775.78
844.81 656.23 0.08 9397.00
946.75 857.85 0.43 3728.46
