547.87 513.73 0.41 7256.39
498.41 602.45 0.41 6149.22
513.50 465.46 0.18 7046.07
494.00 553.50 0.51 6585.99
450.90 552.48 0.42 9096.75
555.31 511.98 0.35 5093.37
488.58 453.31 0.13 7141.31
533.94 423.96 0.54 6944.23
551.38 434.05 0.08 8148.21
612.05 484.97 0.37 9236.26
540.33 532.97 0.08 7635.83
513.14 514.02 0.48 6113.44
406.27 515.69 0.19 9765.02
532.23 446.98 0.60 6108.33
520.26 509.14 0.35 5394.60
500.79 526.65 0.42 7719.13
473.90 479.65 0.60 8781.93
483.09 495.65 0.46 6669.98
577.41 498.46 0.18 5231.49
517.51 542.28 0.39 5459.40
531.92 486.18 0.05 7721.65
466.57 528.04 0.37 6305.69
500.57 517.34 0.57 4814.00
473.71 476.20 0.08 9672.14
472.38 475.92 0.59 6278.51
525.77 512.89 0.09 6241.81
540.18 488.92 0.24 7515.70
413.74 536.19 0.07 10192.87
523.62 569.12 0.25 7800.94
439.46 587.69 0.04 10396.01
559.44 462.56 0.43 9087.08
466.92 445.62 0.09 6877.46
530.92 516.06 0.23 5374.91
451.56 511.24 0.37 6813.22
483.48 467.71 0.34 6477.11
454.31 550.35 0.47 9288.65
505.48 524.75 0.34 6849.27
523.43 511.20 0.03 4938.57
439.49 465.16 0.24 9658.34
537.97 541.15 0.25 5330.91
536.85 502.70 0.45 6668.84
488.38 463.77 0.27 5828.51
460.78 458.38 0.35 6206.66
580.56 426.37 0.41 4877.77
591.04 423.93 0.34 7277.55
564.33 580.26 0.30 6500.66
606.42 470.33 0.51 7035.91
395.83 450.35 0.24 8641.59
472.53 522.13 0.44 6354.19
568.46 445.76 0.45 5841.40
494.64 445.47 0.17 8158.17
489.41 521.83 0.11 8294.65
489.24 507.13 0.47 7646.01
506.10 499.97 0.48 7053.18
527.02 416.41 0.14 7324.84
529.32 490.56 0.48 4737.43
524.62 440.39 0.38 7388.10
432.26 505.56 0.31 6511.82
435.94 490.92 0.60 5322.30
513.70 495.64 0.29 5846.33
584.71 493.10 0.09 8340.92
584.78 602.16 0.27 7589.39
516.06 444.10 0.32 5339.72
435.71 500.69 0.43 6298.69
453.37 565.23 0.09 5861.53
492.76 480.12 0.18 5971.46
581.78 412.47 0.11 9781.90
505.85 522.31 0.35 6809.19
533.64 526.32 0.43 6980.95
540.43 444.84 0.43 9338.01
606.81 513.36 0.17 7778.19
443.50 507.31 0.41 6132.72
515.29 434.22 0.07 6153.57
424.90 517.85 0.52 6120.02
459.93 556.75 0.58 6402.24
447.23 494.72 0.33 7125.57
533.17 510.30 0.37 6792.04
442.63 515.86 0.51 6868.47
462.79 466.90 0.58 9256.92
452.65 402.91 0.42 7097.47
615.57 479.79 0.57 5080.38
410.55 562.96 0.53 9918.64
516.36 521.03 0.08 8572.21
450.98 393.24 0.44 7078.57
540.77 544.56 0.51 10423.70
496.00 536.45 0.26 6661.67
488.05 526.53 0.04 10106.99
523.52 575.49 0.06 7765.90
583.01 524.54 0.58 5304.60
488.90 567.27 0.08 8819.94
504.37 492.35 0.33 5990.77
522.05 563.16 0.58 9264.69
453.52 568.76 0.60 8821.54
526.83 537.47 0.12 6738.75
461.54 564.15 0.45 5225.89
472.88 499.20 0.16 6896.24
382.10 401.77 0.13 9490.36
451.09 461.40 0.48 6068.67
443.12 440.04 0.55 6407.17
522.75 480.20 0.58 5532.07
466.16 556.26 0.58 5778.02
526.84 542.93 0.54 9693.37
441.49 481.44 0.09 10140.10
415.01 455.86 0.52 4506.40
620.22 514.74 0.45 6721.70
492.72 495.99 0.22 7588.00
447.38 500.37 0.45 7198.98
451.91 438.12 0.26 7167.82
553.06 536.76 0.47 8061.14
519.74 569.47 0.32 6597.42
541.99 517.28 0.50 6369.04
407.83 462.67 0.60 9093.06
491.48 527.92 0.44 6070.27
435.10 466.05 0.60 6997.03
519.46 517.77 0.06 6472.16
474.56 449.76 0.47 7192.85
495.36 472.84 0.30 9284.24
503.21 506.99 0.10 5309.97
549.02 506.15 0.30 10254.39
550.88 498.04 0.33 7163.30
445.92 526.91 0.52 6812.36
429.11 591.09 0.28 9905.02
508.18 448.27 0.38 6821.34
513.18 439.11 0.57 6863.06
524.70 563.43 0.42 10738.04
453.55 408.41 0.46 7613.45
423.27 489.19 0.53 5548.16
538.24 555.12 0.18 7326.76
510.72 471.82 0.19 8967.66
571.79 498.17 0.43 5012.43
559.77 533.83 0.34 6620.90
579.52 529.14 0.34 7898.68
524.95 492.28 0.41 6192.01
498.39 434.69 0.34 9257.26
487.99 625.99 0.09 8453.52
460.21 418.79 0.29 5722.64
481.59 530.61 0.33 8658.99
509.58 434.26 0.15 9333.96
522.68 590.14 0.25 6107.73
526.99 590.55 0.17 9698.44
559.44 480.45 0.32 6136.77
469.37 431.26 0.24 10257.92
515.89 576.34 0.52 6922.09
520.52 457.00 0.07 7468.13
461.58 502.41 0.59 4742.93
540.10 456.56 0.53 5672.98
417.66 423.38 0.50 7996.55
526.41 526.63 0.58 5836.35
432.21 504.84 0.60 6218.11
464.39 553.65 0.48 6506.27
526.50 545.11 0.26 8790.28
463.12 529.89 0.05 8268.09
523.65 602.76 0.18 5605.43
544.01 562.80 0.47 5545.00
571.01 561.17 0.05 8011.24
586.66 465.36 0.13 8105.58
439.62 511.19 0.40 6902.82
516.23 421.90 0.31 7043.09
538.14 563.05 0.18 7160.41
492.63 420.61 0.07 9054.10
536.71 573.44 0.59 6619.43
423.69 437.44 0.23 6915.86
519.92 502.85 0.36 7020.40
505.83 486.55 0.03 10336.17
468.60 568.54 0.21 7980.57
522.46 472.90 0.37 5654.32
487.05 493.90 0.18 6750.58
387.26 582.70 0.56 3883.76
432.21 479.39 0.04 5837.67
554.70 530.10 0.18 9964.72
420.89 503.97 0.32 8051.56
482.97 521.78 0.55 5054.06
396.06 497.66 0.19 9829.69
527.65 486.37 0.50 5219.89
503.95 525.61 0.21 8921.64
