540.93 567.49 0.12 7298.31
542.02 508.32 0.50 6950.01
413.23 505.39 0.56 7012.26
466.28 475.49 0.20 6646.40
467.40 529.13 0.03 5014.77
465.77 534.13 0.55 9740.42
556.52 525.84 0.49 6951.32
541.45 483.49 0.34 6287.10
505.67 477.86 0.54 6698.39
460.40 475.21 0.55 7077.92
492.42 568.90 0.15 6963.72
497.07 501.36 0.07 7506.94
514.67 450.93 0.42 7823.97
444.18 459.89 0.45 10319.26
509.37 599.88 0.28 8330.83
496.92 446.64 0.33 5825.76
528.62 511.42 0.50 5134.51
460.73 531.94 0.11 8080.65
557.03 519.55 0.30 4460.98
555.59 458.46 0.03 7782.43
507.98 519.14 0.31 6298.13
616.28 467.66 0.11 9820.78
500.43 494.02 0.47 8682.62
549.52 421.88 0.60 6581.42
538.69 484.45 0.34 7170.60
530.25 483.14 0.46 10418.19
617.45 483.70 0.45 6630.72
503.98 571.59 0.40 5818.84
563.79 487.83 0.05 6342.56
568.92 454.06 0.52 6078.20
538.98 434.97 0.09 8740.79
537.57 476.15 0.34 6113.65
547.89 481.12 0.18 8338.50
582.33 558.67 0.10 8149.57
581.96 478.33 0.32 5714.06
495.34 499.15 0.33 8742.50
440.24 455.70 0.44 10270.18
581.24 546.64 0.27 7355.25
530.15 497.80 0.35 7165.19
470.78 501.97 0.42 7695.54
426.83 506.63 0.02 9291.32
544.48 474.19 0.48 6158.21
488.92 465.99 0.18 7037.78
480.71 433.55 0.32 6017.37
497.88 550.37 0.36 10001.86
499.46 579.22 0.07 6133.85
502.95 501.52 0.56 5689.23
490.16 493.36 0.57 8545.39
475.65 562.32 0.59 6337.09
519.12 510.58 0.57 7133.17
457.82 467.64 0.36 7890.47
545.01 570.50 0.23 8951.83
527.58 545.90 0.43 3786.98
573.47 490.06 0.33 5468.60
468.63 459.72 0.28 5561.28
548.69 553.76 0.30 7854.99
471.66 420.07 0.21 6370.34
506.65 462.75 0.36 7884.44
530.76 422.83 0.52 6948.73
467.81 554.34 0.41 5756.15
482.44 429.93 0.42 7046.28
470.04 532.49 0.55 9305.63
564.22 489.36 0.15 7384.39
445.77 519.99 0.02 6702.84
535.45 565.45 0.04 7772.35
547.91 471.71 0.17 5872.43
474.74 587.30 0.47 9054.66
579.43 383.50 0.11 6624.47
546.35 514.45 0.42 6522.07
484.05 371.46 0.08 6207.84
568.75 589.21 0.43 9230.89
625.87 452.85 0.37 3767.28
604.37 527.71 0.13 9582.74
475.88 574.52 0.32 8238.68
492.43 500.29 0.59 7076.78
495.59 443.06 0.57 5586.89
532.68 558.00 0.13 9938.11
453.74 467.84 0.45 6462.81
457.20 527.91 0.16 9861.12
543.01 429.33 0.02 6617.29
516.32 511.20 0.41 7079.59
496.29 453.22 0.57 7876.82
534.16 456.78 0.44 5786.74
443.19 474.24 0.29 9262.79
415.14 547.18 0.06 7969.50
552.04 481.08 0.30 7484.11
518.32 479.93 0.50 6929.19
552.27 540.44 0.26 7115.74
543.74 502.96 0.57 4781.60
536.83 532.19 0.30 7701.50
414.86 427.22 0.35 6149.04
520.16 551.83 0.42 5984.96
471.37 447.66 0.06 8407.82
597.83 470.36 0.31 7717.47
507.92 460.04 0.36 6452.88
502.01 481.28 0.17 9729.52
485.97 545.59 0.12 6204.19
481.33 486.85 0.19 7342.20
543.78 539.94 0.38 7968.74
515.86 483.27 0.45 9380.22
480.98 531.50 0.25 6269.66
513.81 506.87 0.19 10098.39
559.55 429.02 0.27 5259.78
496.13 395.52 0.02 5519.86
574.52 572.14 0.45 7254.76
561.35 430.73 0.12 8310.85
476.44 478.02 0.48 7167.42
646.94 645.43 0.37 8312.99
530.30 509.68 0.52 7577.99
509.38 517.84 0.50 7785.10
521.86 550.50 0.42 5686.43
482.42 507.12 0.16 3875.96
500.63 531.99 0.33 5820.91
617.54 523.51 0.33 6127.79
544.44 532.69 0.11 7497.16
523.00 468.67 0.16 8028.77
488.01 514.81 0.45 7924.14
538.86 526.77 0.56 9720.33
507.51 383.97 0.50 7164.54
401.25 496.40 0.08 5417.38
558.75 615.93 0.48 6359.53
543.59 482.90 0.34 7911.84
424.66 462.38 0.12 8989.04
416.27 583.29 0.26 7207.86
487.63 518.33 0.40 4818.07
467.24 535.94 0.35 7106.34
450.99 514.88 0.13 7931.31
486.81 418.86 0.28 8585.48
451.45 484.41 0.60 5296.72
634.96 431.47 0.51 8694.29
508.67 507.57 0.17 8840.40
509.47 535.56 0.03 8774.88
547.97 523.35 0.53 9538.79
620.61 574.29 0.21 7634.52
571.39 520.90 0.38 7325.22
441.43 577.71 0.43 6176.95
520.02 587.39 0.06 7241.95
483.76 461.21 0.17 9883.79
627.84 469.63 0.22 8876.17
555.40 527.95 0.28 6777.92
490.70 519.53 0.41 6041.42
502.55 489.88 0.41 4509.88
519.07 433.12 0.26 7259.99
542.41 569.78 0.43 10522.29
464.04 424.19 0.09 3244.13
590.54 508.91 0.39 6448.90
511.15 544.92 0.03 7911.82
547.31 496.40 0.52 9976.77
435.20 434.67 0.25 6893.01
489.13 459.38 0.05 7041.31
449.32 421.80 0.45 7997.01
527.34 539.54 0.57 10101.60
498.13 470.80 0.42 6603.72
582.61 504.92 0.31 5589.88
467.74 499.82 0.30 7469.11
494.66 467.17 0.19 5349.03
471.84 550.73 0.20 5447.51
567.88 530.91 0.45 7089.63
555.31 524.27 0.02 7386.00
504.25 557.26 0.59 5384.39
559.38 498.73 0.08 6970.22
452.72 554.88 0.28 6754.52
514.48 482.19 0.47 2204.46
381.32 442.23 0.54 5819.74
609.53 396.81 0.60 5883.00
465.85 454.11 0.12 6827.94
499.96 493.80 0.16 5987.17
595.58 570.10 0.57 7208.13
559.40 472.05 0.10 6503.15
484.33 540.21 0.07 9837.47
484.22 508.77 0.07 6978.48
563.89 468.06 0.39 6023.02
458.81 382.91 0.22 6755.92
525.54 434.42 0.42 7570.84
473.16 509.08 0.34 6369.61
556.49 530.03 0.26 8403.03
481.95 440.38 0.20 6834.80
581.63 524.88 0.39 8773.39
466.90 528.49 0.56 9399.97
504.24 572.19 0.32 5635.45
434.79 530.50 0.56 9658.80
519.27 470.47 0.48 9898.06
482.22 629.54 0.10 9657.86
471.43 414.29 0.07 7258.58
617.19 479.96 0.00 3991.23
480.01 550.01 0.08 6851.08
549.79 387.03 0.49 5563.65
584.84 562.24 0.33 8039.16
562.37 469.51 0.35 7425.96
550.34 526.77 0.14 6463.24
401.10 509.01 0.13 7005.80
419.80 559.93 0.16 8311.30
552.55 424.28 0.33 5922.10
555.01 474.07 0.19 6792.47
457.02 483.90 0.37 8706.01
449.86 468.12 0.35 7443.91
483.27 489.28 0.25 7242.01
434.95 524.60 0.13 5138.96
542.25 490.56 0.44 9112.49
434.79 575.89 0.57 7108.34
