528.33 450.43 0.15 7155.20
455.98 451.21 0.37 6963.93
424.91 472.68 0.20 8208.41
461.67 467.79 0.39 7398.50
499.50 467.13 0.41 6964.59
497.59 549.71 0.21 9861.81
425.76 430.02 0.59 6031.12
409.27 566.10 0.14 10396.34
510.90 542.83 0.31 9631.37
526.76 528.78 0.02 6103.15
566.65 591.85 0.16 10779.07
558.53 449.02 0.39 9964.64
511.42 480.92 0.50 7213.33
482.81 411.93 0.54 7016.16
569.90 483.86 0.24 8055.67
495.36 404.03 0.34 7130.46
526.07 429.42 0.36 7222.13
577.86 443.36 0.14 10478.25
540.27 531.03 0.02 7067.12
501.39 572.31 0.07 5830.26
491.34 446.75 0.25 6847.83
539.89 438.20 0.08 10185.26
399.20 537.54 0.60 10234.69
506.23 420.84 0.27 9560.60
392.16 471.65 0.27 8410.53
504.32 490.48 0.10 7475.50
516.82 409.56 0.43 9170.04
560.15 531.87 0.60 9770.40
514.19 507.63 0.26 10637.83
497.28 533.98 0.35 7604.20
471.86 443.54 0.31 8587.07
690.16 407.69 0.46 8419.47
492.70 437.74 0.44 8965.93
514.00 547.89 0.28 9596.61
522.11 456.96 0.31 6656.02
409.28 459.69 0.22 7635.68
418.73 493.83 0.07 9188.30
517.28 495.76 0.21 10399.57
498.56 561.76 0.54 6611.93
524.03 457.33 0.16 8452.65
577.48 406.51 0.02 10745.35
485.61 428.41 0.15 10704.99
462.40 531.93 0.26 6666.49
478.38 537.83 0.07 10063.68
469.36 506.66 0.43 8466.17
476.96 480.95 0.20 6701.07
489.98 426.64 0.34 10060.89
559.17 499.64 0.08 9339.73
452.43 426.54 0.15 8564.05
474.97 477.17 0.26 6530.49
497.02 500.94 0.14 6931.10
587.20 500.15 0.56 7079.79
521.10 560.56 0.48 6576.31
413.21 533.31 0.26 7341.14
474.06 479.09 0.43 6948.34
571.53 487.70 0.12 10626.87
551.29 501.47 0.49 10352.03
488.16 506.01 0.37 10583.14
513.40 484.19 0.08 10710.30
526.01 453.62 0.33 7514.63
467.78 542.02 0.13 6638.00
474.86 460.69 0.29 4295.31
463.27 538.48 0.54 10233.21
514.31 492.90 0.10 6032.05
446.06 490.89 0.16 10648.63
559.54 532.88 0.02 7639.16
596.97 480.17 0.20 8138.76
487.08 472.38 0.24 8888.76
494.01 455.01 0.46 8433.21
499.89 508.59 0.26 6169.56
524.38 570.08 0.31 7375.55
494.62 461.34 0.51 8416.38
577.91 499.16 0.23 10256.48
435.13 490.55 0.35 7660.32
483.64 504.25 0.41 9902.60
442.28 529.32 0.14 10561.30
532.29 437.64 0.28 7240.06
468.56 542.71 0.23 5734.30
429.88 549.36 0.25 5462.71
400.78 500.39 0.04 6729.66
465.65 460.40 0.24 10040.73
408.48 399.36 0.09 8894.46
461.10 386.80 0.09 8128.50
399.42 435.47 0.41 6156.60
484.35 365.66 0.26 8179.80
611.88 546.62 0.31 9594.86
480.91 364.29 0.45 7723.45
518.69 525.40 0.11 10388.17
491.25 552.41 0.12 10278.98
532.36 501.35 0.52 7712.09
555.20 425.24 0.10 9381.78
492.72 503.51 0.16 10661.22
504.72 441.76 0.04 7824.22
497.19 503.46 0.35 8096.54
430.05 504.25 0.17 10511.62
511.46 530.11 0.00 6496.98
511.31 363.95 0.41 9394.03
382.73 490.74 0.17 6076.92
401.41 590.49 0.24 9561.35
512.40 442.04 0.07 9285.93
