531.49 508.69 0.39 8264.26
495.35 501.59 0.11 6995.32
548.60 614.16 0.02 6247.78
528.38 553.71 0.12 8462.96
533.66 416.00 0.54 8002.96
464.50 576.37 0.05 8564.77
544.97 515.09 0.46 6747.70
583.68 459.62 0.10 6332.72
471.21 472.07 0.49 5724.07
489.49 537.35 0.45 5706.82
532.78 459.35 0.00 5964.50
436.65 493.33 0.54 6934.77
499.42 519.02 0.53 10090.04
490.51 551.76 0.50 6546.90
490.30 520.30 0.59 7637.70
555.17 408.84 0.47 8700.67
530.70 426.64 0.25 9054.32
530.55 474.55 0.24 8067.92
467.83 474.33 0.57 6085.39
568.76 468.07 0.37 6836.50
357.61 464.35 0.21 5797.75
565.42 551.50 0.36 6686.96
487.45 546.49 0.09 6246.90
502.58 488.06 0.41 5989.36
453.26 500.20 0.26 6774.70
537.48 574.83 0.39 5726.90
462.58 381.26 0.18 8202.40
470.72 468.14 0.10 5995.96
501.79 471.97 0.33 10013.08
512.67 407.43 0.16 9356.17
503.42 498.60 0.29 6406.00
480.67 459.45 0.51 8436.60
457.44 477.37 0.53 10129.87
537.30 498.60 0.29 9210.19
497.49 553.45 0.20 9275.45
505.34 525.68 0.22 6341.66
508.93 569.67 0.33 8417.36
411.85 497.04 0.28 10091.79
500.95 561.74 0.31 7276.47
483.22 528.24 0.08 8945.59
541.75 484.92 0.50 6560.54
598.93 439.39 0.18 7819.59
368.76 439.80 0.56 10606.84
549.49 472.98 0.44 8882.16
431.92 523.02 0.33 9144.28
496.54 573.38 0.07 10653.39
536.07 511.74 0.36 6336.38
561.28 458.53 0.40 6124.00
478.53 463.41 0.57 6246.81
497.16 491.10 0.49 8914.49
458.52 457.43 0.42 5434.21
462.91 482.73 0.29 6174.89
479.81 441.65 0.15 8361.61
442.48 494.03 0.03 7719.72
482.59 572.63 0.16 6886.96
483.35 487.06 0.35 6770.13
549.43 463.21 0.46 7684.36
543.81 495.46 0.43 6814.00
403.29 476.45 0.43 6098.03
463.48 506.72 0.46 7703.92
504.86 437.00 0.45 7743.10
519.77 526.85 0.20 8702.54
463.66 504.36 0.28 5968.14
451.43 402.38 0.52 6646.83
500.68 469.50 0.02 5114.20
458.71 575.52 0.13 10213.18
392.21 571.72 0.32 8563.95
513.71 484.06 0.52 6708.37
490.78 567.52 0.56 10124.61
545.26 471.57 0.07 6740.61
407.05 437.66 0.60 6461.44
434.65 584.57 0.56 10313.54
557.96 479.84 0.37 8023.67
533.17 484.14 0.26 5735.69
463.65 399.72 0.55 9108.26
467.06 474.38 0.48 7459.27
456.43 519.56 0.11 7574.05
575.69 477.39 0.36 6566.29
494.36 528.82 0.38 5166.63
508.31 470.43 0.46 10324.69
530.57 502.83 0.38 5708.26
483.57 475.63 0.25 6263.75
476.20 458.19 0.58 7442.87
510.37 517.58 0.31 9176.58
490.89 520.56 0.60 5396.82
480.55 500.12 0.25 8579.17
581.05 490.51 0.06 7539.37
543.99 598.15 0.53 7891.56
465.10 467.03 0.31 7339.34
434.99 360.74 0.58 10437.90
520.76 515.49 0.37 6748.53
490.37 445.32 0.48 6876.85
521.89 508.19 0.41 10676.94
417.78 455.57 0.47 9887.53
553.17 469.92 0.25 7719.15
493.10 478.75 0.26 7503.50
458.44 544.97 0.24 10395.37
546.47 544.39 0.18 9597.73
498.16 528.87 0.27 6534.36
522.51 521.12 0.56 7650.96
468.28 461.80 0.19 7300.54
480.62 486.98 0.34 7805.66
456.65 476.79 0.17 8481.47
603.82 532.82 0.05 6735.86
612.06 520.10 0.52 8299.80
497.85 498.05 0.37 5289.56
487.22 466.06 0.58 5939.04
533.20 466.27 0.54 6272.55
541.09 580.60 0.59 7200.48
518.72 508.93 0.51 8694.13
547.79 501.97 0.33 9667.25
538.69 465.80 0.53 8367.73
551.28 379.91 0.19 7920.34
515.74 468.42 0.26 8198.77
464.70 608.14 0.09 8244.07
547.55 578.18 0.17 7379.19
496.61 516.22 0.21 5185.44
430.20 572.39 0.59 5545.66
493.30 539.94 0.20 9807.32
429.80 465.23 0.20 4695.55
462.35 416.08 0.05 10478.19
555.38 468.77 0.21 7400.52
475.87 488.93 0.20 6210.83
541.54 535.03 0.51 7259.04
459.79 475.98 0.21 6393.91
535.76 585.26 0.13 8807.69
475.10 442.87 0.27 7922.76
535.17 476.42 0.19 5448.07
582.40 527.10 0.51 6940.21
485.52 428.93 0.10 10648.97
525.02 467.22 0.52 6339.21
489.67 517.56 0.23 6989.46
498.02 411.17 0.06 4915.70
483.12 484.81 0.43 6881.92
488.15 527.03 0.37 6080.82
475.12 447.40 0.26 7297.65
426.32 608.18 0.39 6725.72
517.19 470.87 0.43 7055.78
579.84 443.48 0.53 6060.78
451.88 475.74 0.03 8904.98
543.11 430.89 0.45 9788.46
547.04 556.49 0.01 5181.79
438.52 546.75 0.06 8235.99
474.82 461.50 0.36 8410.95
477.03 518.89 0.40 6652.50
571.88 467.74 0.41 7455.80
519.79 483.35 0.15 6969.47
458.70 509.83 0.58 8259.65
467.52 521.35 0.42 10630.35
594.19 483.93 0.58 7326.56
