92.35 176.98 0.10 7405.68
92.80 170.64 0.14 4151.29
78.72 153.18 0.04 9956.74
101.87 181.54 0.25 4981.21
0.35 7.25 0.32 4200.53
48.69 98.89 0.18 1125.43
94.94 101.90 0.11 5642.06
157.59 51.02 0.23 5883.04
97.57 391.06 0.37 9384.76
67.01 317.43 0.07 1525.05
124.37 311.18 0.24 7901.05
91.10 276.76 0.29 3591.04
125.12 298.98 0.28 9495.67
104.93 309.70 0.27 7140.21
154.54 278.86 0.09 4235.78
151.30 358.34 0.12 5659.46
158.02 534.55 0.08 5508.94
149.78 555.53 0.20 6870.39
130.81 540.88 0.22 5358.20
60.58 583.03 0.15 5060.74
147.62 571.49 0.30 2908.66
60.94 549.90 0.06 10356.99
147.31 412.18 0.17 7216.97
125.05 470.33 0.29 3427.27
141.29 731.47 0.10 2449.86
116.89 738.88 0.08 10265.58
81.88 797.23 0.16 1653.76
150.18 715.57 0.43 3704.29
69.55 584.32 0.10 7499.66
155.15 676.54 0.21 3331.53
10.03 721.01 0.20 4547.39
18.17 757.47 0.39 3386.57
141.50 938.21 0.25 3093.55
112.80 880.10 0.11 5271.38
7.33 876.55 0.16 2172.39
167.04 914.18 0.16 2603.97
95.61 946.95 0.15 5718.34
33.59 919.70 0.12 4615.69
112.95 782.59 0.28 7633.10
58.71 812.76 0.15 5134.79
296.16 142.63 0.12 1035.26
317.20 28.01 0.22 4575.61
342.08 174.01 0.35 982.37
244.44 151.03 0.15 3530.65
291.76 178.55 0.29 10117.84
329.60 119.45 0.03 2551.99
376.66 165.17 0.29 8512.99
222.79 21.90 0.28 2333.45
249.51 313.35 0.03 4720.61
335.82 245.75 0.13 4739.51
344.82 268.50 0.23 4170.54
215.74 227.26 0.31 3819.91
264.21 397.11 0.01 4896.15
295.58 326.98 0.29 4389.61
391.15 273.45 0.22 7580.69
290.86 365.65 0.28 2729.68
300.06 575.04 0.34 4432.77
297.90 556.66 0.08 2576.57
276.74 554.58 0.16 4256.62
219.68 592.30 0.41 7399.66
324.20 477.44 0.02 3736.14
306.51 435.48 0.09 4689.81
233.65 482.50 0.26 4483.38
332.78 561.60 0.39 6891.04
333.31 727.10 0.18 5420.36
310.74 685.85 0.22 8649.48
288.81 685.73 0.18 6888.93
327.62 770.00 0.07 3860.33
312.40 682.41 0.26 2719.05
237.93 674.07 0.12 294.56
249.73 668.33 0.28 9930.84
313.72 760.03 0.22 10266.42
255.54 954.61 0.06 4296.06
267.20 879.02 0.22 9759.43
351.58 874.07 0.22 4412.66
252.81 954.87 0.30 6055.14
293.47 869.61 0.02 5230.67
304.91 808.11 0.24 5531.43
263.24 815.75 0.08 8356.94
249.51 949.32 0.23 6138.46
561.80 181.53 0.25 3966.16
479.26 39.00 0.25 2542.44
514.55 122.13 0.31 3043.27
560.10 29.99 0.19 5382.07
587.61 160.53 0.18 2302.90
436.16 51.32 0.19 4879.20
592.20 106.69 0.18 2504.73
549.84 74.02 0.39 1123.87
498.87 391.49 0.28 3205.62
353.59 240.33 0.32 8489.76
547.49 374.51 0.20 1704.97
474.00 332.71 0.34 2023.60
552.55 409.51 0.20 2441.22
496.59 262.49 0.16 1493.38
473.75 284.99 0.38 7866.55
472.59 376.20 0.24 4706.29
563.35 467.16 0.19 6790.79
486.53 483.17 0.26 7560.60
586.29 551.14 0.18 8459.11
479.41 582.20 0.27 3469.75
482.80 490.97 0.03 6085.28
487.05 411.98 0.44 8260.30
427.30 517.19 0.04 5694.66
563.03 484.27 0.34 7386.85
477.97 747.62 0.37 8569.33
554.57 707.87 0.27 6948.72
463.83 650.74 0.24 3464.68
485.49 680.28 0.26 6638.00
572.82 743.82 0.31 5455.60
477.17 713.14 0.10 5718.62
610.18 710.43 0.21 6174.82
424.03 753.31 0.07 9388.60
495.90 956.83 0.26 2541.31
521.63 909.87 0.20 7553.61
493.87 917.81 0.09 5204.57
481.40 999.00 0.07 1617.13
440.63 951.76 0.22 6178.08
487.14 879.79 0.19 6645.43
523.41 886.39 0.04 4198.54
467.62 936.94 0.33 4173.88
690.85 73.77 0.16 2541.25
662.62 41.71 0.40 742.05
577.70 93.88 0.14 3209.28
681.62 35.36 0.22 5638.82
702.75 163.40 0.13 1949.50
572.01 146.23 0.06 2804.01
685.75 147.90 0.23 3514.76
788.30 113.07 0.30 9201.14
668.18 363.70 0.18 2650.55
763.81 335.49 0.35 4130.88
621.40 349.32 0.15 9522.08
661.44 282.58 0.28 404.15
705.42 260.74 0.17 2798.06
703.43 318.29 0.13 3876.21
644.53 210.90 0.22 5593.89
764.27 367.82 0.24 6234.44
657.28 624.66 0.36 6085.66
689.04 421.46 0.28 6714.37
749.93 493.13 0.32 7995.08
722.44 533.15 0.13 4116.14
643.42 508.59 0.30 8219.01
636.47 463.11 0.14 7370.47
645.44 564.41 0.04 1460.58
680.60 450.13 0.28 5111.20
703.90 718.45 0.04 5396.35
744.93 754.21 0.14 7068.12
721.85 714.20 0.21 5819.07
681.65 589.72 0.31 5926.11
679.55 737.55 0.31 3413.64
579.61 710.56 0.17 5419.03
700.38 701.78 0.37 2675.05
687.00 720.04 0.23 5570.47
824.85 899.31 0.03 6491.85
619.10 842.87 0.14 5337.78
757.05 865.12 0.31 3426.14
725.19 873.71 0.26 3291.41
633.47 866.27 0.22 6937.53
742.85 974.69 0.20 4561.83
673.44 899.28 0.17 6735.76
657.93 912.63 0.25 6913.62
844.50 120.48 0.21 4377.01
877.73 54.99 0.24 3375.07
916.56 60.69 0.14 7159.65
804.50 28.80 0.19 5276.99
961.51 89.77 0.28 3772.32
927.57 165.91 0.05 8028.68
919.65 138.12 0.28 5752.90
944.64 93.34 0.21 6046.51
953.07 331.31 0.34 2840.49
999.00 212.87 0.16 2723.47
855.82 242.17 0.04 5271.17
874.29 379.86 0.19 3183.67
892.18 346.38 0.26 4812.24
894.75 262.99 0.12 2362.96
996.88 375.65 0.35 2656.81
858.07 407.55 0.14 3153.20
913.97 399.74 0.02 8822.45
890.77 492.01 0.17 6956.24
866.88 445.42 0.04 5455.46
896.17 547.91 0.14 5678.63
849.26 505.34 0.23 8063.67
841.86 471.62 0.39 4975.18
929.49 524.02 0.30 3349.65
924.39 518.32 0.18 1310.97
947.05 694.11 0.32 1952.90
889.32 705.26 0.13 8520.83
934.19 658.72 0.22 9025.25
884.87 721.65 0.23 8170.83
833.54 637.29 0.29 3925.54
786.94 669.18 0.08 6806.47
840.21 700.48 0.03 4614.11
890.59 702.85 0.26 4902.00
834.57 823.74 0.10 3712.24
805.78 887.49 0.24 4252.88
925.18 952.93 0.03 9376.62
879.33 954.65 0.37 3851.19
926.72 876.98 0.26 4583.06
839.71 892.02 0.16 5241.30
904.05 859.75 0.09 3344.53
872.32 883.81 0.16 1685.20
