555.57 654.87 7045.31 0.45 
755.70 630.23 6274.27 0.25 
564.84 556.49 7216.23 0.54 
630.98 656.14 6800.70 0.41 
581.79 726.80 6218.67 0.49 
590.39 668.23 7217.34 0.53 
626.71 554.60 6132.85 0.44 
575.21 669.69 5239.52 0.38 
639.71 636.58 6213.46 0.42 
757.94 550.41 6878.82 0.43 
638.40 651.45 5433.13 0.44 
565.57 729.02 6335.33 0.39 
566.00 720.16 6932.15 0.32 
565.70 718.85 6003.25 0.47 
555.35 544.73 5564.38 0.35 
859.39 561.45 6855.11 0.40 
611.25 565.51 7059.18 0.50 
698.62 618.96 6080.63 0.45 
576.56 650.71 7065.62 0.44 
545.20 631.99 6537.22 0.42 
594.42 542.76 6546.45 0.34 
563.44 577.46 7140.50 0.40 
565.42 752.78 7607.86 0.37 
777.38 635.92 5472.27 0.37 
629.70 571.34 7979.50 0.37 
916.53 566.34 7452.13 0.42 
570.77 618.74 6469.66 0.30 
625.98 569.50 7714.97 0.52 
580.05 562.35 5955.95 0.23 
567.39 659.04 7164.60 0.35 
635.08 560.19 6807.89 0.38 
