457.37 489.84 0.57 9100.30
509.69 555.80 0.06 8448.59
551.27 489.49 0.25 7589.74
477.32 523.34 0.34 7502.19
498.08 472.19 0.57 7186.29
506.12 463.55 0.55 7619.79
489.23 519.96 0.15 6568.26
501.97 466.09 0.34 6534.35
479.35 514.23 0.25 5951.19
496.97 431.31 0.52 5850.64
421.65 485.03 0.53 8261.75
487.90 522.74 0.29 6326.83
552.46 372.58 0.31 6280.06
474.07 441.45 0.20 8239.22
508.09 467.74 0.43 6920.74
525.74 586.20 0.19 7520.12
536.06 581.10 0.06 7129.20
484.87 438.84 0.02 6016.73
439.63 491.77 0.21 5948.36
482.66 494.76 0.39 8177.57
550.55 466.61 0.59 5010.13
437.67 468.70 0.39 7065.65
556.98 443.12 0.59 7520.74
473.72 526.76 0.42 7904.29
486.38 466.50 0.57 6611.48
520.48 459.28 0.38 7152.89
392.50 487.59 0.46 5939.25
515.95 426.62 0.36 7814.72
487.58 464.66 0.10 5963.01
536.58 574.95 0.20 6361.23
529.68 470.38 0.07 8660.36
490.30 501.94 0.50 6109.49
477.84 427.14 0.16 7041.65
489.39 503.61 0.29 9353.04
462.10 509.63 0.32 7442.23
522.99 375.03 0.58 5112.48
527.76 507.77 0.04 6133.71
495.58 494.77 0.55 6416.46
469.58 497.23 0.51 7559.16
463.03 565.36 0.50 7305.63
369.70 557.76 0.49 5830.27
496.92 414.10 0.11 6240.20
506.26 503.94 0.27 6954.61
529.91 593.29 0.56 6066.10
561.26 497.36 0.07 6063.98
495.43 495.86 0.23 6169.25
569.94 575.25 0.18 7926.93
517.27 496.29 0.33 7227.92
547.84 546.23 0.02 6262.69
514.58 444.41 0.15 7110.15
594.73 520.48 0.02 4890.62
485.57 461.01 0.51 6970.79
502.38 543.20 0.47 5472.90
645.46 529.29 0.15 6106.32
508.30 497.36 0.38 6316.97
495.36 420.35 0.30 8126.00
535.48 477.67 0.37 6578.61
523.28 570.73 0.53 5313.15
528.02 533.33 0.43 6003.65
463.37 458.85 0.35 7876.23
441.37 537.62 0.18 7533.13
458.25 470.06 0.34 6501.32
522.44 386.88 0.18 7450.56
586.39 523.41 0.13 6915.26
519.80 461.79 0.29 6302.29
535.53 495.60 0.51 5882.57
365.40 543.76 0.55 5922.02
550.64 514.36 0.56 7173.87
519.63 404.59 0.20 5880.40
545.19 561.12 0.32 7288.29
589.87 452.96 0.37 5807.10
506.66 495.68 0.58 8104.81
468.95 531.45 0.47 9503.93
537.76 410.88 0.36 6648.38
547.46 488.13 0.32 7283.80

11615.817427326841
