375.87 265.43 0.28 5790.33
102.19 44.04 0.19 8453.41
806.19 169.14 0.12 5836.60
831.31 8.78 0.26 7768.55
223.00 101.02 0.11 7689.15
813.51 966.00 0.35 6540.40
598.23 342.57 0.33 6783.65
594.72 41.02 0.33 5045.88
342.76 430.51 0.18 7440.08
539.06 77.70 0.05 5987.16
494.85 81.66 0.29 7081.92
757.33 55.42 0.20 6199.00
537.49 412.87 0.28 7447.56
504.58 98.30 0.20 6965.83
936.93 694.56 0.32 6570.66
685.12 530.47 0.15 5802.06
868.01 419.40 0.38 6863.91
766.56 459.71 0.05 6799.27
381.35 254.46 0.27 7908.16
244.28 913.64 0.24 5148.56
859.45 728.77 0.16 7507.35
899.27 399.17 0.10 7722.01
976.89 65.73 0.19 4802.05
109.28 715.43 0.23 8389.24
57.18 518.69 0.35 7164.27

22520.779198118908
