71.89 53.54 0.37 10319.76
134.27 18.46 0.52 1925.60
132.44 102.75 0.38 1112.16
79.42 73.84 0.23 9263.19
75.84 240.02 0.25 2757.34
152.47 216.97 0.31 1576.49
146.13 324.05 0.34 10379.26
42.51 224.82 0.29 4354.42
108.58 475.59 0.28 691.20
4.35 533.15 0.33 6001.02
57.96 516.93 0.44 1900.32
26.70 578.19 0.35 867.36
121.74 787.14 0.20 5397.47
143.41 755.08 0.48 5779.24
64.54 749.78 0.29 9026.83
17.54 639.21 0.32 4324.97
19.02 816.72 0.26 3033.78
176.06 814.05 0.20 4609.90
6.99 906.60 0.33 9338.70
93.43 858.04 0.28 1420.64
393.55 2.51 0.42 10583.44
314.07 20.46 0.27 8470.00
232.60 139.52 0.20 5293.03
309.88 16.44 0.38 1390.39
377.40 201.78 0.20 2641.70
339.21 341.11 0.20 3114.26
310.60 212.22 0.28 9463.93
273.31 205.18 0.20 2425.03
298.31 443.87 0.40 10345.81
328.12 525.18 0.43 2776.28
276.32 528.98 0.25 2648.65
307.80 425.37 0.37 10428.82
391.54 792.10 0.20 6058.64
282.48 636.74 0.37 7764.68
338.27 725.31 0.41 1789.32
265.18 740.38 0.20 6663.82
337.80 912.73 0.20 8163.28
258.17 822.65 0.43 6922.91
308.21 948.18 0.34 5089.71
230.22 970.66 0.40 7814.33
575.90 54.20 0.22 8628.57
434.82 44.54 0.42 8230.44
419.57 74.25 0.20 4100.02
570.01 199.94 0.22 6306.42
504.07 252.09 0.30 1250.85
465.90 320.42 0.47 9751.05
438.66 292.68 0.31 6299.80
413.58 279.31 0.21 8148.66
420.75 521.50 0.30 3124.13
417.57 541.78 0.24 1209.63
512.22 408.33 0.20 8940.85
503.55 558.88 0.37 6848.05
469.28 770.77 0.22 1945.85
428.22 766.08 0.28 10420.73
586.87 789.79 0.44 4903.48
400.82 653.30 0.20 2011.36
534.60 893.32 0.20 8298.59
559.18 854.25 0.48 4175.27
446.01 939.84 0.29 1551.42
531.18 924.98 0.38 5745.48
713.11 19.61 0.36 7838.87
784.77 131.13 0.38 7457.49
719.59 184.93 0.47 8241.81
777.16 25.55 0.27 4889.73
620.74 341.58 0.48 1102.60
767.10 205.09 0.22 3082.52
728.39 307.87 0.46 6090.27
663.77 359.10 0.36 9338.46
610.67 593.62 0.37 1741.05
657.23 406.42 0.20 8835.51
654.02 562.56 0.35 9395.44
783.97 544.49 0.20 9755.51
611.70 681.45 0.24 9594.98
733.66 755.27 0.23 10058.43
601.23 764.21 0.43 10217.81
615.08 624.24 0.41 2290.69
667.32 806.92 0.51 6146.14
749.52 854.83 0.32 1713.90
780.67 840.26 0.20 6355.36
742.39 877.62 0.28 3123.01
869.09 164.69 0.32 5558.75
904.30 97.53 0.37 10379.62
992.10 108.00 0.40 2951.95
859.86 77.36 0.23 3191.97
869.57 221.87 0.20 9364.49
876.58 351.28 0.36 1659.46
957.19 345.89 0.24 5929.68
831.06 293.31 0.22 2325.80
805.86 546.36 0.22 9142.74
902.80 419.96 0.30 9830.36
828.76 597.31 0.32 7346.62
969.76 584.36 0.20 10279.68
974.39 632.09 0.40 9744.16
886.51 737.92 0.20 8526.42
813.33 705.88 0.37 2846.68
801.94 668.96 0.22 6865.81
916.62 915.05 0.38 9400.42
810.14 917.37 0.35 6964.71
921.30 901.40 0.24 1485.29
867.15 910.56 0.39 4152.61
