501.58 627.98 7833.92 0.28 
19.30 451.77 7230.82 0.30 
644.46 524.75 7151.54 0.13 
638.61 412.11 7798.47 0.38 
973.11 332.47 3832.28 0.42 
924.45 253.07 4302.99 0.39 
790.29 510.96 3244.89 0.34 
355.14 82.97 7585.56 0.43 
988.12 570.24 2587.26 0.32 
865.69 194.04 6514.63 0.29 
606.52 825.14 4182.94 0.46 
811.76 483.46 7622.18 0.33 
690.00 30.87 1407.18 0.48 
533.89 158.01 7803.92 0.44 
64.51 797.98 5158.14 0.42 
209.65 340.28 1879.78 0.33 
297.11 257.50 7211.32 0.42 
119.87 536.44 5527.34 0.25 
569.54 996.25 6392.79 0.42 
9.39 270.75 1176.62 0.45 
229.83 802.51 4139.48 0.41 
604.62 322.03 1002.02 0.26 
632.41 885.54 1654.12 0.49 
412.46 960.84 5755.81 0.28 
555.74 485.20 2221.36 0.35 
910.54 945.90 5288.10 0.30 
27.43 833.48 3164.90 0.37 
31.77 123.63 6967.72 0.38 
89.73 324.65 5379.24 0.44 
220.24 630.94 5565.72 0.43 
715.35 191.56 6461.72 0.47 
206.74 537.68 3634.18 0.28 
314.62 558.07 1000.26 0.54 
325.42 408.66 2614.00 0.50 
654.55 170.64 2219.97 0.52 
614.90 606.62 6090.39 0.42 
398.71 522.87 1811.18 0.51 
954.89 104.90 6688.63 0.38 
249.94 234.48 6335.07 0.46 
59.32 303.84 1607.17 0.29 
977.83 80.35 2537.37 0.37 
649.28 537.52 1143.63 0.27 
595.79 775.47 7462.76 0.40 
570.20 70.63 3171.04 0.46 
42.56 689.26 870.63 0.50 
899.19 889.48 7288.78 0.27 
857.86 907.92 6257.65 0.24 
248.81 221.06 2642.41 0.50 
225.34 199.80 4805.74 0.37 
944.30 721.22 2938.78 0.54 
109.26 317.04 2749.02 0.54 
603.34 673.82 3203.28 0.33 
17.47 931.28 4654.39 0.39 
842.87 368.94 672.86 0.40 
685.88 235.43 4115.71 0.49 
478.73 379.01 1784.84 0.46 
962.76 621.71 4207.02 0.41 
164.15 538.44 6104.25 0.30 
659.32 783.79 1747.33 0.50 
66.36 636.76 1053.09 0.31 
672.23 392.57 1128.09 0.44 
930.70 749.21 7397.69 0.56 
338.67 109.19 708.77 0.16 
894.50 615.32 2085.26 0.27 
583.61 959.46 5358.01 0.41 
243.28 909.22 5890.34 0.45 
807.39 981.35 2136.41 0.41 
146.75 767.36 7674.27 0.35 
749.43 937.28 2756.81 0.41 
357.92 708.34 3146.21 0.27 
377.17 766.58 3630.11 0.38 
133.18 516.55 1629.19 0.42 
579.44 237.89 7678.14 0.47 
852.74 706.39 6067.88 0.55 
498.44 988.81 5023.31 0.38 
247.64 540.35 4660.27 0.43 
385.67 239.19 2970.43 0.35 
921.84 962.10 6440.23 0.33 
105.02 8.45 7795.12 0.38 
284.94 210.14 884.45 0.28 
782.69 616.05 4241.94 0.24 
763.97 799.67 4470.58 0.52 
590.65 702.53 1232.71 0.51 
562.69 266.85 4103.47 0.29 
480.95 467.13 6220.53 0.37 
495.70 842.27 7537.30 0.24 
615.87 413.12 4400.49 0.41 
895.07 607.70 6851.07 0.50 
777.64 645.63 7845.70 0.22 
12.01 755.12 7984.41 0.31 
725.94 846.28 7022.87 0.45 
99.98 138.90 4677.74 0.42 
97.44 8.02 5770.29 0.50 
741.51 235.39 3603.83 0.32 
324.12 49.92 4822.01 0.40 
385.50 9.66 4901.93 0.36 
264.54 631.46 1742.40 0.54 
299.42 662.56 7308.78 0.27 
889.11 76.65 2388.56 0.53 
658.44 184.19 2265.57 0.31 
797.77 918.97 1564.25 0.30 
