140.20 492.65 2336.32 0.38 
293.38 939.35 2214.53 0.42 
483.26 920.37 7374.54 0.30 
550.49 627.77 6216.78 0.26 
648.66 406.03 7869.20 0.37 
677.52 823.91 5425.65 0.30 
195.00 833.54 6752.11 0.37 
402.95 818.14 3044.43 0.50 
370.78 477.75 2491.13 0.40 
45.72 225.20 1876.56 0.46 
412.75 717.34 7082.00 0.49 
418.55 168.84 2581.43 0.44 
503.38 851.33 5032.16 0.45 
228.92 924.34 1329.03 0.49 
646.16 236.78 1139.08 0.45 
59.54 321.45 3527.10 0.50 
465.88 740.53 6808.10 0.56 
541.54 555.41 6218.69 0.36 
163.13 529.81 7613.95 0.44 
258.34 727.36 1749.93 0.27 
361.75 476.36 2652.81 0.43 
152.87 939.85 5257.32 0.36 
963.12 19.93 5399.82 0.33 
59.50 374.08 4709.46 0.34 
958.12 721.86 3981.03 0.54 
392.63 755.08 1169.34 0.29 
305.31 72.25 2432.96 0.43 
831.70 518.15 6335.89 0.51 
839.05 419.28 6711.82 0.50 
26.43 886.38 4765.20 0.37 
865.58 331.58 1874.76 0.14 
273.45 785.88 2986.90 0.41 
795.36 839.68 6774.73 0.51 
795.41 905.52 2045.08 0.42 
269.14 27.11 1139.79 0.31 
585.59 363.21 558.53 0.37 
702.23 442.19 7485.67 0.28 
804.84 995.85 7455.29 0.47 
699.78 6.00 6292.81 0.49 
864.27 638.01 2232.59 0.28 
105.42 117.90 1377.60 0.39 
667.19 300.65 7186.65 0.38 
522.14 766.81 7220.02 0.50 
980.23 580.52 4116.17 0.40 
488.29 793.26 7282.21 0.58 
658.22 110.06 5429.17 0.46 
369.69 303.95 4865.22 0.39 
952.94 352.03 2490.95 0.46 
723.61 298.20 6203.21 0.41 
528.10 521.60 6860.71 0.45 
949.49 145.45 3429.53 0.49 
103.07 117.19 6139.37 0.39 
527.91 866.14 1679.26 0.42 
24.71 210.39 2828.51 0.33 
893.28 568.93 4405.36 0.35 
72.08 801.96 5493.04 0.39 
830.73 626.33 7045.02 0.42 
632.65 727.16 3862.02 0.40 
345.38 614.47 3129.39 0.39 
134.72 586.86 954.45 0.40 
847.11 973.33 2882.74 0.45 
508.87 305.96 4153.18 0.49 
619.01 178.08 1077.52 0.47 
98.51 254.67 6017.36 0.41 
299.01 754.05 7333.35 0.32 
104.71 507.82 4115.68 0.36 
175.88 165.87 3945.43 0.23 
483.50 121.66 6093.64 0.41 
669.54 799.71 1726.09 0.49 
504.24 152.94 4648.97 0.33 
387.68 416.34 3482.36 0.45 
606.37 173.42 7124.49 0.36 
593.94 448.36 1428.86 0.64 
79.88 900.96 4584.50 0.37 
23.62 857.17 2772.95 0.32 
654.91 198.83 4532.71 0.21 
492.07 352.74 5417.47 0.34 
669.03 527.53 3541.89 0.50 
174.84 153.00 1472.19 0.36 
831.97 170.11 2179.27 0.26 
329.31 49.29 1531.47 0.42 
109.15 414.90 7650.92 0.38 
374.15 921.72 1751.91 0.57 
172.37 852.17 1182.20 0.54 
956.40 475.69 6526.55 0.49 
633.72 25.51 3081.50 0.40 
998.83 449.48 5213.73 0.40 
692.09 640.97 2718.82 0.34 
823.44 867.70 4469.10 0.36 
327.81 159.49 3488.50 0.63 
654.50 718.60 3843.04 0.41 
115.76 928.50 5063.20 0.36 
989.18 240.38 1667.38 0.47 
569.68 610.76 2980.48 0.32 
129.73 477.13 4861.36 0.14 
546.84 871.25 6590.09 0.35 
253.99 964.49 2835.16 0.33 
143.38 430.81 5542.65 0.47 
683.80 25.69 5960.20 0.40 
94.06 299.17 4103.73 0.45 
933.46 785.72 1159.13 0.38 
497.51 385.58 1702.66 0.40 
884.27 374.16 1468.72 0.29 
648.68 643.77 4065.34 0.51 
259.16 2.62 5069.08 0.44 
446.63 347.72 2305.29 0.47 
946.24 430.10 6939.45 0.35 
718.58 187.01 1356.74 0.31 
644.13 418.52 2651.17 0.44 
464.12 305.37 2996.85 0.45 
541.86 920.45 7991.61 0.41 
468.93 636.58 2149.13 0.46 
82.96 113.32 1098.98 0.30 
599.46 387.89 3753.43 0.17 
346.52 819.60 4730.18 0.47 
893.08 18.56 4265.74 0.50 
769.79 43.03 544.30 0.35 
967.43 810.41 5558.72 0.44 
167.03 159.21 3159.92 0.30 
343.21 145.00 4395.32 0.40 
612.02 968.02 5990.52 0.20 
703.63 920.93 4606.13 0.42 
357.98 229.23 3818.68 0.33 
487.34 462.06 2209.00 0.51 
694.02 235.51 7924.62 0.32 
257.59 597.31 7787.95 0.64 
373.25 344.38 1901.68 0.39 
127.11 913.00 4777.60 0.38 
901.80 497.22 2591.26 0.46 
904.21 86.35 1739.88 0.40 
723.46 546.75 3539.57 0.40 
210.43 561.14 6718.53 0.55 
858.46 530.31 2451.81 0.28 
393.65 2.82 1792.93 0.34 
313.37 842.70 5027.00 0.28 
803.71 109.20 3801.99 0.49 
39.79 947.80 1404.52 0.43 
731.68 613.93 3547.02 0.22 
119.17 831.00 6935.48 0.44 
750.18 124.38 6834.57 0.37 
440.43 733.83 7908.36 0.50 
184.54 722.72 7260.33 0.20 
431.95 869.29 3044.81 0.32 
234.14 732.64 4695.03 0.40 
443.25 220.29 5111.89 0.33 
736.53 434.21 726.98 0.34 
441.60 247.00 2170.34 0.33 
495.23 781.04 7241.96 0.50 
607.85 332.77 2781.50 0.37 
393.31 838.32 3711.75 0.37 
764.36 185.76 1970.31 0.30 
