653.15 953.57 2846.70 0.58 
42.63 83.19 1092.89 0.30 
401.92 164.43 6824.73 0.33 
30.88 922.39 1603.41 0.18 
546.14 418.35 2292.78 0.56 
627.98 932.98 925.28 0.57 
398.41 43.14 1962.51 0.42 
382.80 189.96 4616.15 0.51 
347.73 122.33 6213.86 0.49 
232.31 474.29 5322.83 0.58 
436.33 155.22 2092.56 0.44 
915.12 757.92 799.67 0.25 
539.51 868.55 5212.13 0.39 
967.08 596.14 4076.62 0.44 
552.42 102.91 5720.32 0.38 
458.14 141.88 4968.78 0.60 
408.86 977.74 7043.80 0.44 
496.21 378.45 4763.98 0.38 
740.46 990.26 1721.58 0.28 
616.42 559.22 6239.24 0.44 
16.32 447.21 5953.76 0.27 
