382.42 412.34 1636.00 0.42 
332.72 516.26 2943.99 0.45 
632.12 11.46 1362.37 0.27 
335.14 6.72 2173.96 0.27 
536.01 688.46 2555.69 0.40 
244.23 225.48 3621.14 0.16 
34.24 878.49 4255.05 0.44 
670.48 688.39 7928.65 0.60 
864.67 67.57 2363.03 0.47 
219.58 690.43 2164.24 0.54 
193.40 494.11 3485.67 0.47 
293.87 47.90 6642.64 0.46 
285.91 276.61 1363.86 0.37 
332.20 418.71 6637.89 0.37 
509.02 296.24 761.19 0.46 
156.55 857.08 4305.80 0.36 
987.21 156.22 6288.35 0.45 
240.64 807.75 5885.25 0.28 
335.71 38.36 5109.99 0.35 
395.80 269.75 4793.55 0.29 
839.72 477.24 7929.59 0.40 
216.00 471.80 5445.30 0.27 
291.00 61.52 1032.21 0.56 
160.93 726.13 4595.98 0.32 
994.57 76.98 1421.08 0.36 
50.06 557.48 5859.24 0.45 
547.60 744.92 7395.96 0.31 
45.27 144.86 1418.08 0.30 
214.89 242.49 1428.31 0.41 
613.09 239.83 4291.56 0.57 
690.85 266.24 1308.61 0.50 
65.43 224.10 2436.29 0.28 
872.55 808.02 6576.82 0.55 
808.10 795.27 5749.88 0.55 
864.06 733.03 6489.29 0.56 
497.58 893.00 3666.42 0.49 
695.78 5.46 7729.16 0.43 
676.76 133.09 1054.30 0.47 
346.80 208.80 7437.48 0.46 
779.59 955.82 4106.29 0.48 
292.38 708.81 2956.79 0.34 
452.60 433.58 2061.88 0.36 
415.62 150.32 3275.25 0.34 
118.87 753.15 3743.04 0.41 
192.94 347.54 3449.28 0.33 
428.06 589.08 5754.55 0.45 
322.06 297.29 4196.44 0.21 
407.45 228.29 1079.02 0.42 
659.46 428.99 2662.92 0.47 
604.82 472.84 790.15 0.60 
489.11 110.96 1284.30 0.31 
538.98 131.38 7353.33 0.48 
786.99 305.91 7313.54 0.44 
230.27 671.54 4935.06 0.40 
575.40 445.46 4401.43 0.44 
246.96 220.08 1276.36 0.30 
489.35 553.06 1004.23 0.20 
488.50 208.35 2444.50 0.35 
885.51 253.50 1170.51 0.31 
138.93 222.53 7453.77 0.50 
804.81 75.28 2167.66 0.42 
809.83 956.62 6911.71 0.38 
714.91 777.77 652.39 0.66 
688.38 17.14 4593.32 0.49 
583.53 859.95 1454.86 0.45 
491.15 898.31 1871.04 0.39 
609.82 859.78 2049.45 0.22 
564.35 953.21 6142.84 0.33 
25.66 107.44 4257.50 0.30 
577.59 116.45 6371.34 0.31 
195.25 710.03 2516.23 0.54 
828.00 487.45 4081.19 0.52 
727.80 326.25 5589.18 0.51 
246.29 427.90 6396.12 0.51 
178.15 726.37 6927.10 0.40 
206.16 343.80 2895.05 0.40 
864.89 862.91 1452.59 0.49 
254.39 860.07 7054.59 0.46 
368.48 721.98 650.89 0.23 
863.74 217.25 6524.18 0.21 
885.78 252.09 3924.35 0.46 
365.73 754.71 3083.96 0.53 
77.26 229.90 1476.48 0.46 
840.11 637.15 3485.13 0.59 
632.95 718.31 6156.59 0.53 
54.72 142.13 4407.32 0.41 
48.56 388.21 7099.92 0.51 
588.93 981.59 869.32 0.24 
110.24 138.54 5465.76 0.43 
200.69 170.66 1723.92 0.48 
161.66 277.73 4103.65 0.39 
866.46 791.51 1374.93 0.46 
217.26 783.46 7992.74 0.51 
932.51 799.32 3528.95 0.50 
499.78 483.95 2071.58 0.37 
550.68 471.68 6254.55 0.26 
645.01 195.42 3875.65 0.37 
260.68 665.47 6008.41 0.44 
23.41 85.31 3629.70 0.35 
841.13 185.57 4560.01 0.52 
784.68 632.19 1137.05 0.46 
642.89 24.72 7871.50 0.21 
9.26 231.87 7301.62 0.41 
689.32 251.88 5004.55 0.46 
939.88 608.49 3850.39 0.28 
169.14 926.99 5947.54 0.45 
619.78 971.70 5620.37 0.35 
239.94 632.99 3698.48 0.52 
352.21 200.60 1937.30 0.43 
623.82 340.35 5527.56 0.30 
453.61 6.60 683.89 0.56 
525.16 168.80 7969.23 0.43 
551.48 944.86 1896.83 0.40 
284.54 763.47 4371.44 0.44 
693.99 614.57 7419.90 0.32 
647.18 54.33 3009.05 0.49 
323.53 356.82 4160.49 0.17 
951.51 977.90 4190.97 0.35 
519.94 63.17 7897.90 0.36 
209.22 685.39 1624.53 0.51 
152.51 325.52 4062.93 0.33 
366.09 982.80 2716.27 0.32 
774.08 456.24 7290.90 0.54 
809.95 403.84 6030.81 0.35 
339.12 896.11 7576.88 0.37 
873.58 827.90 3618.47 0.41 
491.45 105.86 7387.55 0.33 
4.11 862.42 5660.44 0.33 
122.07 244.01 923.37 0.47 
912.80 14.17 7435.06 0.47 
785.15 201.92 5726.65 0.28 
249.68 698.92 6861.86 0.22 
37.57 965.25 3813.34 0.48 
673.75 367.52 5166.11 0.53 
757.61 763.85 3070.04 0.34 
11.54 960.28 1665.82 0.28 
439.87 159.97 1025.16 0.41 
54.83 806.99 879.16 0.54 
560.13 601.88 3627.71 0.49 
372.33 249.79 2059.13 0.48 
575.73 170.02 6694.02 0.64 
872.12 227.03 3178.63 0.56 
459.22 290.07 1839.20 0.44 
212.94 883.46 2665.00 0.45 
856.74 246.58 2063.99 0.33 
126.12 792.48 1401.57 0.47 
784.11 958.58 3899.25 0.40 
268.46 437.07 2946.54 0.29 
5.35 869.86 7271.07 0.44 
14.79 305.18 1855.66 0.23 
928.44 49.69 7792.36 0.46 
139.50 940.65 5465.69 0.39 
564.34 920.84 4726.47 0.45 
297.05 942.87 3597.99 0.44 
157.59 50.55 2510.98 0.40 
644.85 634.99 7563.99 0.44 
853.90 413.40 4173.55 0.32 
556.89 593.64 6102.92 0.28 
833.93 614.54 5234.91 0.36 
738.06 642.90 2323.19 0.43 
836.52 35.44 4418.74 0.39 
896.21 213.61 1766.69 0.29 
813.61 414.14 1686.08 0.17 
578.80 127.73 5254.17 0.46 
507.24 318.95 667.14 0.38 
592.74 120.61 3882.22 0.21 
191.36 530.09 1361.59 0.51 
249.29 512.67 6490.51 0.39 
365.12 861.25 2406.88 0.55 
300.04 903.44 3133.17 0.48 
274.10 174.63 5151.00 0.33 
36.75 116.71 6689.68 0.34 
241.68 653.76 3422.74 0.59 
437.24 673.83 4198.56 0.56 
649.26 71.15 7418.85 0.38 
164.58 126.24 3329.21 0.23 
262.82 239.35 5159.37 0.39 
519.35 717.82 6390.67 0.48 
480.39 868.22 2002.54 0.48 
348.50 166.43 4487.58 0.25 
3.27 115.98 7636.78 0.50 
312.22 213.06 2768.04 0.29 
710.59 552.85 3137.18 0.37 
577.89 862.29 1620.79 0.42 
955.71 531.42 4927.24 0.42 
861.56 570.58 5032.50 0.48 
683.25 946.08 7294.10 0.39 
78.45 686.43 2683.74 0.31 
281.81 573.20 7231.13 0.35 
641.79 132.25 2914.89 0.47 
800.00 13.26 5687.83 0.34 
499.26 79.29 3503.27 0.31 
438.17 247.39 3601.95 0.37 
297.60 409.11 2217.25 0.33 
227.47 902.16 5507.47 0.45 
985.28 297.15 1564.15 0.54 
677.35 61.54 3585.48 0.39 
710.53 781.53 4771.33 0.48 
337.05 334.05 742.70 0.35 
946.02 694.20 4262.88 0.34 
612.89 479.43 2016.78 0.27 
