960.92 60.31 3845.52 0.50 
291.83 159.71 1878.55 0.42 
140.14 634.60 4698.47 0.32 
268.65 767.50 3364.22 0.62 
400.69 492.87 5823.80 0.45 
760.48 434.26 7630.88 0.32 
824.37 818.10 4906.23 0.40 
35.58 731.02 2715.76 0.57 
646.96 531.57 2609.97 0.39 
720.83 387.44 7681.27 0.40 
662.75 548.78 3993.50 0.58 
971.73 766.43 2133.22 0.45 
931.66 431.37 5775.07 0.57 
434.33 292.84 2126.47 0.41 
234.78 653.34 918.86 0.34 
46.69 303.81 5578.77 0.42 
881.62 248.96 4823.01 0.43 
584.00 158.28 7214.64 0.33 
502.41 217.28 6100.43 0.64 
540.12 825.24 2298.78 0.40 
316.38 263.38 5445.97 0.31 
140.50 771.55 6742.73 0.37 
21.46 190.89 3869.99 0.43 
318.26 7.94 6748.86 0.38 
137.28 95.04 3144.72 0.54 
568.07 113.13 7070.86 0.41 
103.63 901.76 4121.04 0.65 
74.67 941.12 5407.63 0.44 
206.19 359.68 1848.68 0.41 
137.17 291.82 6953.39 0.44 
3.33 311.00 6569.79 0.47 
