281.29 799.32 2646.18 0.30 
114.29 806.13 1311.53 0.52 
845.68 784.02 4126.17 0.39 
466.53 241.97 4726.79 0.32 
935.56 3.97 3980.26 0.33 
775.30 255.07 5488.20 0.21 
914.91 532.64 5475.43 0.41 
458.08 173.38 7758.89 0.38 
841.18 936.64 5648.94 0.41 
878.68 647.68 1082.67 0.50 
641.59 106.10 4564.48 0.27 
128.30 803.99 873.99 0.41 
213.22 994.05 2027.48 0.36 
232.75 576.39 5132.63 0.29 
409.74 848.14 709.58 0.55 
430.55 746.51 2911.21 0.38 
848.71 620.61 3359.09 0.37 
588.69 387.83 6256.49 0.40 
24.02 998.29 4879.33 0.39 
315.77 543.87 7007.03 0.48 
606.30 708.73 6133.02 0.32 
388.88 156.05 2688.52 0.39 
340.62 877.72 4827.26 0.49 
865.45 857.67 4547.10 0.44 
154.13 574.51 2055.45 0.38 
728.10 143.34 1906.74 0.53 
30.69 761.04 7932.28 0.45 
274.64 247.84 3521.38 0.52 
722.29 529.43 6734.03 0.34 
272.70 483.44 1259.46 0.39 
294.63 275.77 2063.99 0.36 
344.46 712.38 4188.60 0.35 
956.20 717.93 674.79 0.52 
219.73 510.20 2923.67 0.11 
222.16 960.50 3211.61 0.27 
621.54 609.68 7329.59 0.45 
609.05 71.46 4661.45 0.28 
246.41 624.55 3353.23 0.42 
149.78 434.75 4681.04 0.43 
830.27 321.97 2390.76 0.31 
734.09 941.71 5771.42 0.48 
