171.15 279.64 6140.92 0.46 
960.36 369.54 578.11 0.46 
705.85 94.26 7310.10 0.39 
458.89 952.93 2042.85 0.31 
204.63 158.72 2406.31 0.33 
635.44 990.66 5843.77 0.31 
407.62 96.13 6927.68 0.32 
99.61 834.76 2069.48 0.34 
595.87 26.23 6936.31 0.34 
321.25 131.76 2561.87 0.34 
1.61 176.70 2080.64 0.31 
205.61 916.94 2778.23 0.45 
632.82 581.68 2364.30 0.42 
711.56 599.36 5643.17 0.39 
747.08 742.97 550.66 0.29 
646.00 356.92 4217.14 0.28 
127.38 766.59 2694.12 0.56 
537.80 546.46 1381.01 0.35 
156.43 544.82 7646.64 0.32 
237.15 375.00 1963.52 0.45 
520.67 619.19 6175.65 0.31 
766.06 401.48 3579.38 0.26 
29.03 159.48 2317.28 0.41 
518.43 334.29 7035.64 0.50 
349.46 147.23 2143.49 0.54 
370.00 967.16 3159.73 0.52 
558.64 116.87 6436.48 0.58 
696.80 125.82 5768.07 0.20 
893.45 334.00 5319.38 0.46 
942.07 870.15 7783.81 0.48 
377.46 867.74 6523.92 0.44 
835.68 364.45 2718.50 0.39 
480.14 823.77 1157.91 0.32 
914.00 262.17 1448.19 0.40 
322.86 867.43 686.40 0.38 
762.45 886.44 1538.92 0.45 
362.66 794.23 6427.93 0.53 
697.59 174.08 5682.43 0.39 
916.63 150.93 6171.95 0.39 
100.16 306.52 3716.63 0.34 
305.64 17.11 1687.42 0.35 
628.27 207.14 1917.07 0.21 
32.36 908.31 3918.71 0.26 
290.47 939.58 7651.99 0.45 
15.04 132.34 7348.23 0.51 
196.19 308.36 2040.71 0.34 
992.60 735.16 1112.76 0.53 
468.39 221.94 3368.48 0.30 
330.25 716.77 1139.06 0.54 
683.61 222.38 2015.75 0.42 
385.97 428.41 4565.62 0.46 
573.39 876.66 6648.38 0.40 
660.17 815.60 2179.97 0.42 
992.26 837.68 3011.30 0.40 
222.89 425.88 7260.52 0.46 
137.51 459.84 6912.58 0.52 
489.69 222.56 6319.59 0.46 
140.75 52.57 5118.95 0.34 
659.33 246.45 1079.16 0.49 
777.83 596.82 2036.50 0.37 
909.07 944.42 3197.67 0.26 
639.52 974.56 4261.91 0.29 
409.48 577.87 3025.62 0.33 
538.74 172.19 1195.94 0.59 
25.72 966.18 1099.77 0.29 
709.65 236.68 1351.42 0.52 
140.93 980.47 852.56 0.56 
879.08 971.97 866.32 0.33 
806.68 644.96 2288.20 0.40 
102.00 965.24 5825.63 0.49 
600.39 527.68 4626.51 0.19 
