360.20 814.54 5119.47 0.28 
168.48 525.64 5656.23 0.65 
644.16 56.04 2437.22 0.25 
436.54 182.48 6549.75 0.40 
781.44 627.65 3037.98 0.43 
157.37 729.75 2879.57 0.26 
12.63 404.99 6691.53 0.46 
32.63 766.43 7866.27 0.21 
924.15 203.53 6007.68 0.35 
555.27 755.33 4406.51 0.42 
671.89 252.91 2706.72 0.44 
236.54 428.20 4003.75 0.34 
480.65 834.49 6134.48 0.38 
61.47 144.36 4767.68 0.29 
872.63 764.48 6082.54 0.32 
221.02 775.37 6374.28 0.46 
742.75 697.25 6026.02 0.49 
857.95 565.28 1407.68 0.39 
605.61 127.46 2568.97 0.42 
823.64 344.33 4983.38 0.50 
494.96 367.34 3379.56 0.40 
534.36 750.70 5114.29 0.53 
774.95 443.38 3171.85 0.52 
86.62 553.76 6044.18 0.45 
711.00 707.48 5420.26 0.21 
132.45 352.61 3320.51 0.57 
2.08 299.62 5118.32 0.26 
307.33 440.09 6065.80 0.29 
563.89 375.78 6829.41 0.40 
567.58 334.63 7224.97 0.21 
910.52 65.83 6159.29 0.37 
842.02 767.74 3728.83 0.41 
260.41 426.71 5325.89 0.23 
286.92 913.18 3160.92 0.50 
508.70 575.81 3178.74 0.35 
897.74 514.60 2717.55 0.54 
993.35 737.04 4990.41 0.47 
658.15 731.60 2816.96 0.52 
335.47 5.53 3125.19 0.25 
72.68 921.41 6592.59 0.44 
868.21 278.56 1431.78 0.37 
247.44 905.92 5993.64 0.51 
362.36 438.44 7439.15 0.56 
460.01 263.50 4580.62 0.39 
5.73 580.96 5787.23 0.22 
841.62 815.92 809.31 0.62 
256.72 821.28 6282.59 0.49 
717.85 254.45 6728.26 0.56 
147.79 80.74 7604.65 0.27 
797.08 32.06 3185.86 0.61 
501.74 756.70 4720.98 0.55 
625.82 523.24 2356.31 0.39 
1.22 435.62 4133.65 0.43 
56.88 566.31 5270.29 0.29 
42.11 853.35 7026.81 0.46 
298.07 920.07 3317.27 0.50 
242.77 299.32 7394.48 0.51 
967.25 714.50 1321.83 0.37 
577.97 160.03 5864.57 0.45 
403.52 500.83 4044.32 0.49 
577.95 497.48 4218.99 0.31 
846.35 117.75 4795.68 0.44 
365.54 546.90 2201.51 0.44 
455.76 915.94 4523.13 0.15 
497.65 23.29 1766.43 0.46 
110.31 312.30 4864.51 0.39 
399.09 765.61 1425.96 0.36 
478.30 586.71 6519.18 0.35 
408.63 780.09 4688.07 0.41 
645.68 959.99 7616.51 0.47 
146.93 318.89 7685.44 0.26 
125.33 490.82 2852.74 0.29 
627.36 538.30 2489.56 0.38 
32.28 155.58 2715.16 0.47 
593.19 201.35 3320.78 0.47 
643.71 598.19 1551.38 0.55 
321.42 145.14 5957.54 0.52 
166.71 692.63 1939.58 0.19 
197.40 34.97 7108.86 0.25 
898.98 999.42 1645.37 0.24 
858.78 628.52 1517.79 0.44 
