448.99 861.40 1088.90 0.23 
816.82 573.96 6650.03 0.45 
210.29 240.92 4870.24 0.43 
203.99 766.49 1453.49 0.55 
554.12 110.86 7153.03 0.45 
879.81 817.53 6452.71 0.33 
659.13 710.54 4104.01 0.48 
959.85 415.63 3796.69 0.23 
439.97 163.92 689.90 0.30 
30.64 694.74 5005.66 0.38 
455.49 591.14 6604.78 0.33 
629.42 546.34 7386.14 0.37 
277.30 3.66 4651.90 0.28 
542.96 401.20 5841.42 0.55 
83.02 837.83 7730.65 0.40 
301.57 13.88 7314.08 0.39 
834.26 250.28 5541.30 0.25 
7.04 938.77 5697.02 0.39 
975.99 291.98 3059.69 0.50 
157.89 138.13 895.77 0.38 
265.58 432.73 3137.51 0.36 
919.83 968.47 5228.03 0.44 
798.68 216.47 2738.20 0.47 
533.51 187.37 7505.02 0.29 
66.15 882.41 6325.18 0.37 
408.83 473.18 5905.18 0.16 
549.68 836.60 7410.27 0.48 
282.12 697.17 2032.55 0.46 
870.53 851.18 4784.25 0.27 
418.14 102.08 6362.59 0.36 
350.82 709.87 7504.64 0.57 
736.96 971.25 5436.54 0.22 
363.01 812.22 3163.40 0.42 
400.82 995.60 2644.74 0.45 
441.69 557.76 2940.01 0.45 
478.30 616.37 6250.00 0.37 
551.97 415.20 5015.03 0.47 
933.60 222.48 2197.13 0.44 
467.92 658.13 6602.41 0.37 
193.19 374.39 6475.87 0.43 
57.88 236.00 4861.39 0.37 
698.64 700.21 6465.00 0.45 
625.38 19.30 7164.63 0.52 
144.88 831.81 3817.39 0.56 
866.03 286.45 6409.33 0.35 
961.15 615.02 3023.69 0.34 
601.73 334.78 7021.09 0.39 
156.60 811.10 4658.73 0.32 
203.11 231.06 4714.12 0.42 
12.96 910.04 4004.37 0.54 
543.70 152.55 4559.79 0.46 
558.82 377.62 7568.69 0.23 
810.88 395.31 3651.43 0.47 
48.86 367.59 6060.10 0.48 
469.99 783.36 7127.05 0.44 
248.91 432.46 6589.20 0.31 
910.94 944.14 2491.42 0.31 
596.03 176.40 2657.99 0.40 
649.12 219.73 6340.46 0.46 
868.77 803.47 4509.25 0.21 
581.04 59.34 6338.21 0.61 
926.39 644.55 1645.83 0.27 
465.71 740.64 7190.92 0.45 
118.70 595.80 7594.92 0.30 
96.70 551.10 2344.42 0.19 
847.58 896.19 1543.81 0.32 
210.51 936.31 5245.32 0.31 
394.62 317.94 2306.74 0.57 
30.91 101.60 4211.01 0.48 
890.14 972.61 6635.64 0.26 
46.20 603.64 5678.44 0.52 
260.95 960.32 6306.47 0.35 
550.38 257.47 7760.17 0.49 
187.20 747.87 3376.95 0.38 
125.20 334.44 5444.28 0.39 
753.13 771.13 7857.47 0.39 
398.39 363.27 5041.01 0.55 
277.05 464.54 5543.61 0.36 
465.20 647.46 1965.48 0.39 
141.07 947.40 3954.80 0.44 
512.50 859.34 6716.35 0.44 
650.16 496.85 4687.74 0.40 
724.48 199.38 3692.38 0.41 
579.08 839.59 784.60 0.41 
89.40 755.27 1242.47 0.52 
109.18 156.54 2635.01 0.58 
461.39 950.90 5622.85 0.38 
18.00 553.62 3685.51 0.30 
179.94 634.18 1733.01 0.33 
913.64 971.18 663.16 0.40 
810.92 161.13 1138.28 0.50 
