124.67 138.09 0.39 10349.77
52.97 71.44 0.37 8314.01
1.78 191.80 0.57 10215.82
92.44 66.53 0.47 8024.37
19.66 211.28 0.51 7248.37
62.47 285.85 0.62 4881.34
133.85 292.27 0.48 1819.80
96.55 332.12 0.55 1660.56
104.70 471.20 0.47 5653.93
211.00 481.78 0.42 9663.98
138.85 502.37 0.58 2496.28
55.58 457.61 0.52 1123.87
155.76 678.79 0.45 10720.87
166.47 709.10 0.56 5779.47
139.57 644.39 0.42 3360.73
86.60 742.75 0.59 1830.90
100.31 843.69 0.51 8776.82
151.72 908.45 0.51 10769.83
93.68 931.24 0.58 4581.89
119.49 989.32 0.50 7895.84
312.17 64.72 0.59 8667.02
338.88 143.95 0.50 6912.34
361.96 69.61 0.38 7226.43
282.97 130.92 0.54 1997.88
284.93 273.51 0.45 9828.96
238.79 300.43 0.52 4389.71
194.67 314.63 0.53 4462.88
243.97 306.44 0.56 10769.89
337.07 514.52 0.43 5948.33
300.96 490.88 0.59 10536.62
323.58 607.73 0.52 7828.99
290.08 456.91 0.62 4267.19
309.34 790.02 0.60 5542.68
341.81 718.26 0.53 2058.39
364.49 806.74 0.45 10519.57
306.02 627.77 0.59 2441.02
256.59 798.91 0.38 2701.50
200.12 882.07 0.61 1319.14
305.12 864.51 0.59 5388.82
340.34 887.67 0.46 7150.72
517.99 93.93 0.60 3075.36
480.13 190.87 0.46 4125.74
516.14 23.50 0.49 9126.60
487.91 107.03 0.54 7727.00
524.61 246.59 0.52 8090.40
526.72 301.53 0.45 9414.44
525.08 203.05 0.52 3412.54
511.09 291.29 0.55 1339.14
486.05 523.62 0.53 1489.83
478.26 520.20 0.48 10611.39
433.52 523.57 0.69 2402.05
518.32 522.45 0.46 5254.83
549.11 709.61 0.51 8371.29
488.36 664.90 0.64 4360.32
509.79 690.70 0.62 5930.55
543.94 747.98 0.50 7179.09
512.29 923.61 0.50 10092.34
536.59 927.21 0.73 8115.70
567.16 907.76 0.59 1053.85
484.92 920.47 0.60 4851.27
652.92 98.16 0.74 2726.65
716.73 120.42 0.50 10384.58
681.58 112.96 0.41 9911.36
684.75 175.33 0.46 10299.52
677.94 348.93 0.44 6226.43
690.15 205.23 0.48 9268.25
635.18 251.80 0.41 6683.82
612.99 171.50 0.63 9052.94
811.74 548.41 0.39 6042.61
731.00 534.23 0.59 10379.84
756.45 544.88 0.43 6397.86
705.36 514.13 0.50 1444.42
677.88 659.79 0.45 2691.76
771.28 729.15 0.45 771.21
797.81 790.24 0.54 10223.75
752.52 529.49 0.77 9168.25
647.05 911.44 0.49 10655.70
714.58 964.32 0.36 4844.92
756.64 961.59 0.53 5205.84
708.56 844.68 0.54 1302.96
908.61 117.46 0.52 8041.12
928.21 100.52 0.68 6083.19
858.32 200.73 0.54 2794.49
860.98 106.98 0.43 7578.07
842.38 292.60 0.50 4709.20
865.25 222.70 0.56 6233.56
828.84 334.65 0.61 1456.93
835.83 323.70 0.40 4936.82
994.75 498.88 0.56 2357.35
996.66 441.57 0.65 2763.79
919.60 464.89 0.50 2002.91
927.12 491.45 0.51 1192.40
942.24 709.94 0.71 985.18
841.29 668.27 0.69 1462.86
988.06 683.36 0.38 9964.32
851.57 763.85 0.41 1303.30
945.25 816.75 0.56 6201.53
973.28 966.97 0.38 3252.79
941.17 893.54 0.75 7471.09
807.78 901.02 0.55 4958.76
25215.50567079678