31.49 274.97 6521.73 0.43 
350.04 241.73 6310.73 0.50 
126.58 633.58 7728.22 0.38 
348.07 428.17 6262.13 0.38 
711.39 6.70 7016.90 0.41 
230.66 994.13 6828.00 0.50 
253.56 916.17 6440.56 0.38 
600.71 664.56 6788.37 0.27 
269.50 106.46 6752.24 0.30 
930.39 157.88 7428.83 0.48 
669.95 554.13 6617.65 0.45 
280.06 896.37 6842.43 0.42 
564.22 508.53 5550.21 0.50 
585.40 571.61 7546.37 0.43 
96.13 610.84 6840.83 0.39 
771.03 625.35 6964.90 0.22 
232.15 657.14 7088.39 0.44 
341.14 949.29 6774.10 0.52 
311.06 329.12 5810.22 0.38 
109.42 484.56 6064.80 0.27 
177.94 334.81 5911.64 0.37 
78.54 229.96 5406.20 0.35 
523.99 706.94 6554.39 0.39 
81.81 594.13 6458.07 0.35 
626.81 276.48 6968.35 0.44 
28.82 272.54 5714.80 0.39 
601.85 554.84 5645.44 0.46 
528.32 449.20 6618.40 0.44 
928.39 854.90 7318.31 0.29 
322.72 243.69 6757.87 0.64 
878.15 596.14 6655.78 0.23 
592.09 905.20 6606.74 0.40 
351.84 463.24 7374.04 0.39 
455.00 332.93 6441.88 0.59 
899.37 715.06 7470.43 0.30 
296.94 440.29 7071.22 0.48 
570.48 218.29 6026.28 0.47 
235.54 621.62 6807.67 0.51 
0.86 158.21 6943.80 0.39 
628.78 894.90 6124.42 0.37 
398.30 260.63 7327.42 0.48 
45.51 30.92 6679.28 0.47 
46.46 350.98 6632.59 0.63 
246.20 315.23 6140.22 0.42 
611.28 237.96 7492.98 0.33 
120.58 278.89 6757.79 0.49 
15.09 3.60 5506.79 0.48 
52.54 360.71 6553.15 0.53 
363.22 523.40 6580.84 0.53 
142.42 687.94 6804.50 0.52 
372.02 350.04 6597.98 0.32 
124.09 974.42 7260.34 0.40 
788.74 342.88 7074.77 0.27 
635.84 501.16 7243.25 0.37 
323.98 688.48 6676.33 0.25 
908.17 661.14 6717.35 0.42 
875.35 263.77 6420.68 0.31 
540.77 89.89 7682.37 0.36 
124.33 873.35 5569.30 0.40 
180.10 769.49 6267.84 0.48 
582.10 431.73 6465.60 0.47 
856.78 64.47 6405.30 0.39 
568.67 46.77 6237.38 0.59 
979.23 632.42 6099.47 0.35 
484.03 533.42 6901.17 0.30 
442.17 836.60 7456.03 0.31 
700.42 691.00 6821.20 0.41 
632.32 284.86 5981.45 0.30 
929.52 709.83 7312.03 0.45 
890.90 623.86 6761.68 0.36 
532.74 33.78 5817.09 0.33 
16.17 747.61 7413.04 0.25 
812.13 548.37 5569.70 0.47 
907.14 235.57 5701.46 0.48 
285.05 945.04 5481.24 0.60 
411.62 543.38 7234.94 0.34 
578.88 841.28 7620.02 0.12 
750.99 234.29 7924.40 0.46 
231.38 725.81 6904.66 0.38 
657.76 194.03 6732.33 0.33 
23.66 13.92 6451.16 0.33 
138.41 228.18 6706.68 0.49 
762.36 609.47 6575.72 0.38 
827.55 936.98 7231.35 0.61 
747.52 998.43 6539.65 0.29 
443.91 116.81 6473.75 0.42 
673.96 370.42 7781.22 0.39 
315.15 794.76 6339.57 0.39 
906.96 856.61 7712.62 0.49 
177.10 86.81 6094.33 0.30 
13.65 166.85 6782.94 0.52 
50.54 432.92 7308.36 0.17 
16.54 640.59 7229.09 0.39 
482.14 33.53 7538.29 0.39 
37.78 631.83 6876.08 0.43 
538.21 949.91 7174.22 0.39 
124.24 820.26 6896.85 0.31 
843.82 870.95 7089.58 0.38 
964.44 271.11 7924.22 0.23 
554.73 856.60 7059.66 0.38 
635.73 104.17 6109.12 0.30 
42 91 46 63 74 10 62 37 44 41 2 86 58 94 30 43 48 24 93 15 95 3 38 50 6 18 59 60 79 97 75 7 12 88 27 11 76 34 28 49 4 36 19 25 80 90 1 82 81 47 9 71 45 83 67 32 66 14 54 73 70 57 78 13 17 20 26 22 39 5 101 68 51 21 33 61 87 56 31 64 69 16 65 8 35 29 89 98 84 40 100 96 52 72 55 23 85 53 92 99 77 
Best fitness: 7.53
41 61 54 27 14 38 15 95 50 36 43 39 47 82 49 32 84 83 23 17 75 6 59 44 30 11 73 28 13 25 37 63 45 81 42 91 26 46 22 19 100 40 96 21 48 1 9 62 10 74 78 58 86 94 101 5 80 68 71 34 4 8 67 66 60 97 52 7 12 76 51 2 87 31 64 69 56 79 24 3 65 89 98 18 88 55 33 90 53 57 70 29 85 16 99 92 20 93 72 77 35 
Worst fitness: 8.97

Mean: 8.12

Standard deviation: 0.12
