968.81 569.24 7083.14 0.12 
652.55 267.15 7083.57 0.46 
76.07 604.92 7831.02 0.48 
727.56 810.20 6738.42 0.45 
815.89 390.61 5929.15 0.58 
55.35 306.09 6521.87 0.40 
679.44 283.54 5643.35 0.35 
829.39 601.60 5936.91 0.49 
984.89 31.12 6535.45 0.39 
626.81 664.46 6636.02 0.39 
377.07 366.04 5010.68 0.42 
411.41 153.00 7214.41 0.27 
947.52 877.01 6197.62 0.37 
127.54 835.20 7128.63 0.38 
141.66 646.30 6041.45 0.45 
66.33 351.03 6418.16 0.29 
759.26 432.08 6447.11 0.51 
98.49 114.96 7275.01 0.40 
558.94 848.91 7867.20 0.41 
963.91 780.08 7021.54 0.32 
972.14 325.92 6739.46 0.54 
18 6 16 3 15 11 2 7 17 5 21 8 20 13 4 10 19 14 12 9 1 
Best fitness: 0.37
18 6 11 8 17 5 21 9 2 7 10 19 14 15 3 16 12 4 13 20 1 
Worst fitness: 0.46

Mean: 0.41

Standard deviation: 0.00
