400.63 696.16 6812.05 0.41 
401.38 219.22 6521.85 0.29 
650.67 547.72 6734.38 0.39 
495.01 27.77 5789.76 0.29 
716.57 368.10 6749.48 0.49 
862.18 567.51 5665.38 0.41 
54.48 290.55 6923.40 0.47 
370.46 543.90 6291.92 0.49 
997.28 848.63 6309.49 0.38 
419.24 942.06 6594.01 0.50 
952.06 851.73 6114.09 0.43 
775.61 206.22 6111.30 0.33 
979.41 552.18 6431.97 0.39 
516.38 934.55 7034.71 0.35 
982.67 205.83 5934.77 0.49 
228.02 583.54 6673.01 0.34 
202.02 834.65 7181.24 0.28 
541.88 256.98 7278.91 0.43 
210.07 886.75 7109.77 0.30 
512.97 217.57 7051.08 0.30 
132.05 741.01 6502.86 0.31 
657.79 183.80 6537.47 0.32 
932.52 508.48 6848.76 0.26 
726.05 469.05 6731.14 0.38 
716.79 180.54 7167.40 0.17 
520.69 369.72 7817.59 0.45 
562.62 910.18 6090.84 0.48 
532.07 29.22 6446.69 0.31 
228.47 582.40 6683.29 0.33 
499.70 987.28 5459.54 0.26 
557.91 35.52 5711.69 0.48 
646.65 289.13 7109.38 0.49 
724.04 487.91 6644.54 0.28 
588.14 976.30 6292.86 0.29 
919.20 262.75 6511.31 0.54 
341.07 935.74 6378.50 0.37 
307.75 595.16 5730.19 0.29 
452.35 952.65 5885.13 0.42 
216.06 664.68 7054.00 0.53 
720.88 726.88 6743.20 0.26 
654.23 487.66 5331.61 0.21 
964.50 984.69 5894.51 0.47 
447.36 596.64 6508.69 0.46 
635.50 386.43 7054.98 0.40 
926.89 650.67 6243.64 0.41 
125.77 13.06 6899.55 0.44 
299.94 85.77 4959.24 0.37 
338.42 956.43 6760.21 0.40 
309.21 407.17 5857.64 0.50 
502.15 163.54 6773.95 0.46 
529.23 726.35 7085.25 0.34 
436.96 744.87 5915.13 0.47 
856.02 90.03 6523.22 0.62 
167.23 581.84 6653.76 0.42 
253.48 173.55 5940.20 0.30 
245.25 215.58 6290.30 0.28 
267.02 107.86 7314.12 0.34 
674.35 706.24 7451.10 0.26 
926.35 872.11 5815.21 0.22 
385.98 781.15 5967.64 0.36 
486.90 558.76 7086.02 0.23 
765.62 85.47 6530.85 0.46 
633.09 356.43 6307.54 0.44 
373.98 480.28 6352.49 0.44 
744.18 700.08 5822.75 0.32 
365.59 948.61 6482.23 0.50 
141.12 315.10 5835.57 0.35 
958.47 947.58 6376.04 0.54 
755.31 891.14 7033.48 0.54 
904.64 738.11 6663.00 0.31 
828.62 625.67 6258.50 0.46 
201.40 916.90 5782.75 0.47 
340.95 592.42 6410.86 0.39 
170.66 728.52 7729.90 0.36 
213.10 734.19 7770.44 0.31 
625.38 738.80 7206.96 0.43 
628.21 626.22 7583.98 0.47 
696.80 670.83 6686.55 0.35 
307.03 79.53 7828.02 0.38 
277.62 37.75 6483.55 0.39 
345.59 182.42 7192.15 0.46 
159.19 125.66 5988.09 0.44 
438.46 743.64 6799.47 0.37 
225.10 686.88 7151.93 0.36 
456.53 987.50 6528.25 0.28 
380.42 779.02 7062.46 0.33 
492.24 146.89 6070.83 0.33 
821.53 735.94 6327.76 0.28 
523.27 645.69 5871.63 0.46 
312.99 569.79 6584.71 0.48 
750.90 401.31 6686.32 0.42 
68.02 792.25 6492.12 0.41 
744.11 408.30 6290.29 0.42 
811.49 901.09 6894.89 0.47 
644.17 884.97 6376.65 0.44 
526.97 625.19 6689.74 0.19 
565.42 530.59 7174.36 0.42 
93.02 555.79 7394.78 0.37 
752.27 706.99 6235.24 0.41 
542.94 441.32 7113.76 0.44 
133.94 934.96 6278.56 0.08 
532.55 191.83 7092.53 0.39 
350.49 995.59 7094.59 0.53 
974.14 360.39 6866.48 0.33 
625.37 115.38 6781.91 0.41 
843.12 453.65 5636.53 0.46 
631.19 360.23 6522.54 0.40 
244.73 111.52 7355.92 0.29 
662.12 89.69 6588.90 0.43 
750.50 803.73 5821.70 0.47 
494.21 454.49 7285.34 0.16 
290.94 864.77 7051.28 0.36 
615.95 734.90 6373.47 0.42 
987.49 151.85 7713.84 0.56 
457.94 297.30 6458.43 0.30 
892.82 414.47 6302.88 0.39 
580.58 25.33 6274.35 0.31 
805.51 239.41 6688.83 0.51 
810.45 898.34 6189.28 0.63 
958.56 639.35 6887.75 0.30 
194.94 533.84 6581.37 0.29 
228.97 522.33 7096.43 0.39 
593.95 776.86 7613.82 0.47 
560.10 278.18 6722.47 0.51 
299.20 53.94 5691.37 0.21 
962.95 988.65 7124.43 0.31 
395.66 163.88 5791.16 0.45 
905.97 580.56 6683.83 0.52 
614.12 353.62 6113.74 0.32 
205.14 945.25 7313.67 0.12 
204.10 33.71 5903.77 0.41 
981.67 319.02 6314.63 0.44 
248.18 881.22 6911.14 0.63 
610.39 313.13 7514.40 0.43 
782.63 623.75 6786.34 0.44 
287.85 981.71 7506.93 0.47 
857.64 709.91 5778.29 0.39 
309.27 382.04 7448.46 0.38 
110.16 770.32 7419.56 0.50 
963.05 704.16 5965.79 0.54 
711.42 128.84 7035.66 0.55 
191.79 292.17 5900.29 0.45 
444.40 213.54 6129.55 0.29 
590.47 644.16 6124.77 0.44 
745.58 67.81 7094.54 0.58 
633.19 734.76 6459.81 0.29 
473.60 5.60 7056.54 0.30 
157.29 55.42 7462.93 0.46 
931.67 976.73 6908.31 0.29 
460.76 492.89 7179.04 0.53 
840.59 294.64 6619.77 0.41 
959.96 273.97 6902.55 0.34 
928.41 871.73 6687.83 0.48 
239.03 480.28 6533.14 0.37 
46.19 50.34 6084.01 0.44 
730.67 195.15 6993.24 0.28 
38.26 7.34 6110.67 0.53 
885.09 877.94 5167.26 0.51 
369.25 747.29 7628.32 0.40 
897.69 589.80 6388.89 0.24 
948.16 36.98 6386.99 0.21 
216.94 817.41 7939.29 0.30 
976.44 629.10 5952.70 0.37 
686.30 785.02 7107.27 0.35 
598.18 583.86 7113.55 0.36 
284.40 814.08 5749.99 0.53 
837.54 938.51 7323.42 0.35 
717.12 817.73 6272.83 0.61 
792.15 860.19 7080.50 0.42 
235.80 815.28 7688.32 0.39 
410.37 417.83 6274.43 0.58 
865.36 158.51 7168.38 0.35 
841.32 344.50 6978.05 0.48 
33.11 295.02 7490.76 0.56 
314.63 459.39 6251.38 0.17 
406.74 499.05 6656.50 0.37 
614.89 555.44 7335.43 0.44 
543.89 301.37 6053.51 0.34 
374.81 516.86 6371.92 0.44 
895.39 897.76 6679.51 0.30 
860.58 644.78 6090.42 0.38 
410.69 741.62 5973.33 0.28 
479.95 776.21 7110.16 0.42 
793.60 786.53 6422.62 0.61 
554.10 873.27 6211.32 0.38 
626.69 477.32 6082.86 0.55 
681.46 628.86 6015.76 0.24 
605.21 955.74 6938.27 0.46 
337.70 30.01 7106.17 0.44 
931.13 992.90 5521.99 0.52 
830.19 190.00 7422.35 0.48 
151.96 655.04 5381.29 0.34 
816.57 509.52 7262.00 0.65 
978.65 500.88 6591.59 0.52 
840.12 961.12 6829.70 0.27 
675.93 374.36 5870.02 0.63 
595.56 69.79 5327.39 0.64 
733.90 351.01 6777.19 0.28 
358.26 749.01 7125.21 0.56 
651.65 702.40 6293.27 0.41 
459.61 261.08 7835.51 0.36 
157 155 4 15 53 62 22 197 31 141 156 142 159 133 36 48 103 27 164 137 153 180 94 190 128 35 161 50 18 135 194 90 39 34 68 167 184 69 169 59 11 181 168 200 110 158 119 113 14 76 63 145 124 107 196 193 6 140 70 45 71 26 100 51 66 123 165 78 40 65 99 93 129 89 77 187 33 41 186 150 127 131 47 12 132 118 74 192 92 199 183 38 85 30 60 166 72 139 121 54 64 176 179 175 49 95 136 10 104 106 173 171 174 82 201 87 32 178 102 81 122 154 80 28 79 46 67 138 52 144 146 5 24 134 163 42 188 73 117 105 109 147 43 29 37 75 21 84 86 185 83 3 97 177 58 116 114 44 1 115 56 7 20 151 191 61 8 19 112 170 96 23 9 13 143 189 55 120 195 126 91 198 152 172 25 160 88 182 98 17 130 16 111 148 108 101 162 149 125 2 57 
Best fitness: 35.13
125 49 35 151 124 97 60 72 170 133 90 155 47 18 61 41 111 26 129 141 105 82 7 42 190 158 94 30 27 137 3 12 118 196 89 183 181 6 8 171 199 166 66 51 138 142 55 81 153 119 24 53 117 79 4 50 108 67 36 103 48 139 43 179 150 186 140 70 71 106 193 63 100 39 197 109 200 113 99 173 93 128 59 110 73 31 152 15 191 104 194 116 145 127 80 148 147 154 54 131 46 143 102 62 157 174 32 5 91 69 169 9 38 52 96 77 144 176 182 14 95 184 76 185 10 17 192 75 84 74 16 107 25 198 44 22 156 123 135 45 13 40 168 88 68 112 19 92 115 201 178 189 87 20 134 177 165 121 122 29 37 1 159 56 57 28 163 58 164 23 172 65 78 187 83 146 195 34 188 180 11 33 21 162 130 149 167 86 136 64 161 114 98 2 120 126 160 85 175 132 101 
Worst fitness: 42.09

Mean: 38.45

Standard deviation: 2.50
