665.59 596.06 6893.83 0.40 
436.55 324.21 5034.43 0.34 
783.86 955.62 6596.37 0.30 
80.88 949.22 6720.77 0.47 
115.75 695.33 6830.89 0.34 
462.05 200.65 7317.30 0.48 
865.77 235.32 5756.75 0.38 
845.82 138.23 6918.08 0.40 
941.98 282.59 7669.11 0.58 
644.31 833.75 6441.99 0.40 
44.82 584.23 6793.81 0.39 
324.90 493.50 7381.90 0.33 
424.16 203.77 6894.76 0.37 
290.87 889.20 5675.07 0.31 
300.51 798.39 6100.16 0.53 
101.19 806.40 6379.31 0.42 
857.39 884.22 5574.44 0.48 
990.15 900.88 7299.02 0.28 
560.78 537.31 6352.67 0.47 
94.03 420.43 6829.18 0.37 
542.15 652.07 6098.75 0.49 
792.14 783.93 6927.60 0.47 
913.98 982.55 6615.31 0.29 
776.39 173.78 6584.05 0.61 
268.72 144.09 7392.85 0.42 
733.69 580.01 6260.00 0.22 
672.08 425.25 6721.49 0.34 
168.58 202.87 6882.96 0.41 
202.66 228.55 7194.19 0.31 
922.25 670.08 6794.26 0.22 
346.70 750.65 6816.85 0.38 
323.85 129.80 6421.12 0.42 
238.92 860.54 7465.87 0.34 
810.38 241.67 6675.00 0.53 
88.53 222.11 7430.07 0.40 
894.36 286.24 6043.82 0.39 
959.93 423.28 7293.56 0.45 
868.60 755.78 6200.07 0.29 
36.46 57.79 7037.07 0.36 
893.48 662.97 6504.09 0.29 
306.35 402.66 7449.45 0.54 
39 35 28 25 32 13 6 2 41 21 19 1 27 36 9 7 34 8 24 20 11 5 16 4 33 14 15 31 10 22 38 17 3 23 18 30 40 26 37 12 29 
Best fitness: 1.02
39 11 5 4 16 33 15 34 24 2 41 20 12 19 21 17 22 37 9 36 7 8 6 13 32 28 35 29 25 27 1 40 30 38 14 31 10 18 23 3 26 
Worst fitness: 1.44

Mean: 1.22

Standard deviation: 0.01
