678.73 214.35 6407.50 0.31 
423.10 86.63 6685.41 0.21 
186.23 339.56 6998.75 0.30 
440.62 290.48 7013.50 0.37 
369.94 902.24 7320.03 0.29 
745.53 441.01 6488.91 0.39 
404.56 691.81 7648.99 0.34 
271.17 63.19 7043.78 0.50 
721.24 13.67 7466.40 0.20 
963.97 791.46 6354.33 0.30 
737.01 677.00 7374.67 0.35 
579.38 463.66 6123.84 0.37 
232.57 437.77 5599.28 0.33 
657.95 911.43 7105.82 0.34 
300.86 77.76 7026.38 0.17 
794.77 7.97 6576.97 0.44 
431.66 147.15 7163.99 0.27 
626.42 694.62 7406.30 0.25 
525.37 103.30 6109.92 0.46 
402.08 408.94 7163.68 0.37 
711.23 902.61 6109.93 0.47 
482.57 162.76 7717.48 0.48 
131.24 762.61 7484.97 0.25 
730.32 129.94 6810.78 0.57 
16.77 726.55 6610.72 0.32 
72.76 989.45 6673.37 0.43 
686.15 204.33 5854.79 0.49 
805.19 997.54 7093.97 0.57 
610.45 907.39 6939.19 0.42 
662.34 228.28 7026.55 0.44 
593.11 569.24 6386.22 0.52 
749.07 98.81 7164.41 0.41 
875.83 778.81 5640.81 0.59 
952.76 985.36 6666.44 0.26 
685.86 836.11 5932.60 0.37 
37.65 819.16 5367.64 0.49 
273.68 155.39 7645.96 0.45 
772.97 234.54 5677.87 0.35 
829.27 732.21 5940.96 0.49 
904.03 412.91 7331.54 0.43 
110.88 99.95 6673.05 0.48 
722.70 837.61 7131.33 0.46 
52.36 27.17 6679.27 0.42 
318.55 940.69 6680.29 0.41 
742.57 648.41 7107.70 0.34 
135.76 102.43 5271.00 0.33 
777.86 431.85 7122.69 0.20 
266.68 756.83 6378.04 0.43 
191.55 224.06 5731.85 0.53 
478.88 888.72 7177.77 0.43 
654.64 883.69 7005.23 0.43 
497.63 984.71 7503.25 0.35 
940.09 736.24 7146.49 0.37 
704.76 354.10 6542.99 0.31 
347.77 215.86 5696.15 0.18 
522.38 578.93 6993.09 0.12 
825.32 776.89 7589.30 0.29 
137.59 922.37 6791.62 0.47 
396.06 79.30 6440.35 0.43 
403.08 640.85 6487.92 0.37 
553.10 904.21 6623.60 0.57 
185.15 951.48 7206.37 0.50 
907.96 515.46 6911.26 0.19 
794.15 627.40 5947.41 0.42 
333.91 733.48 6553.60 0.31 
543.67 880.39 5483.34 0.51 
434.16 761.80 6519.94 0.49 
771.15 973.34 5639.31 0.49 
540.26 443.38 6108.67 0.49 
589.91 342.02 6484.36 0.44 
828.69 713.11 5843.46 0.43 
43 41 46 37 8 19 6 40 71 57 39 35 42 21 51 29 61 14 68 28 33 53 64 45 31 18 66 50 58 36 13 16 32 24 27 1 30 54 70 69 12 11 10 34 52 67 60 7 62 26 25 23 48 44 5 65 20 15 49 55 4 22 38 9 17 2 59 3 47 63 56 
Best fitness: 3.09
8 12 31 64 71 39 62 58 36 25 67 69 30 27 33 21 51 29 50 66 61 52 68 28 19 59 55 49 41 43 46 13 45 10 53 40 70 6 38 24 22 17 4 54 60 7 11 42 35 57 18 56 32 1 20 3 65 48 5 44 26 47 14 34 63 37 15 2 9 16 23 
Worst fitness: 4.22

Mean: 3.65

Standard deviation: 0.08
