549.46 186.12 7464.43 0.52 
426.83 704.95 6876.26 0.48 
556.08 103.32 7050.61 0.55 
83.93 506.27 5964.22 0.43 
27.33 656.49 6959.29 0.27 
965.99 785.84 6483.76 0.52 
486.32 267.93 7393.37 0.34 
808.74 796.32 7024.09 0.48 
678.09 813.24 6089.87 0.41 
374.19 770.80 6475.06 0.42 
458.48 69.93 6461.23 0.40 
29.14 414.11 7247.96 0.60 
448.16 857.74 7432.00 0.22 
512.35 429.68 6444.74 0.48 
912.67 0.25 7240.17 0.23 
385.10 274.21 6397.96 0.35 
457.28 802.77 6563.72 0.49 
131.79 985.27 6121.52 0.33 
470.99 752.33 7509.56 0.62 
925.17 849.58 7180.88 0.57 
211.46 270.83 7085.62 0.40 
724.75 611.74 5844.51 0.38 
467.14 712.99 6177.54 0.45 
867.19 181.45 7257.18 0.44 
664.64 223.69 6360.81 0.41 
319.36 527.54 5685.09 0.53 
489.56 330.91 5921.92 0.24 
685.15 872.89 6773.42 0.37 
764.74 234.03 6917.23 0.30 
228.04 978.08 6816.77 0.28 
767.82 85.66 7405.65 0.30 
135.31 351.59 6568.47 0.41 
984.14 298.02 7503.82 0.24 
5.27 610.60 6797.97 0.33 
673.94 120.69 5856.03 0.51 
784.66 973.60 7331.87 0.52 
604.71 731.37 5679.88 0.36 
774.20 358.58 7711.77 0.36 
959.29 601.30 5868.62 0.53 
711.32 732.09 7313.33 0.61 
204.97 391.63 6981.45 0.43 
640.86 973.21 6810.90 0.32 
602.35 511.34 6912.94 0.12 
309.17 433.78 5232.93 0.20 
879.14 326.23 6856.13 0.47 
130.75 766.29 5776.18 0.48 
303.97 912.29 5448.21 0.44 
547.84 210.64 7222.25 0.46 
207.84 957.94 6809.24 0.34 
454.66 961.91 6192.36 0.51 
733.96 654.26 7074.36 0.49 
614.69 145.66 4952.46 0.44 
895.23 88.89 6582.13 0.25 
938.70 293.62 5926.25 0.36 
606.65 150.24 5947.67 0.42 
596.41 608.66 7266.31 0.47 
289.36 329.17 6953.57 0.28 
138.36 129.05 6051.48 0.39 
542.68 103.43 5728.51 0.52 
745.98 621.93 5777.52 0.23 
710.35 37.54 6823.44 0.48 
997.03 456.11 6737.83 0.39 
460.78 12.14 6736.46 0.48 
924.40 205.41 7709.97 0.39 
625.54 499.56 7671.51 0.51 
906.58 522.46 7029.80 0.59 
935.35 867.26 6906.74 0.49 
6.95 186.95 5885.62 0.35 
230.88 862.33 6646.73 0.50 
680.87 784.51 7885.44 0.28 
554.45 704.72 7187.09 0.41 
400.06 406.01 5782.02 0.54 
924.98 295.14 6739.40 0.43 
262.65 92.65 6218.80 0.41 
817.73 578.45 6640.33 0.34 
327.74 587.34 7274.81 0.15 
494.94 952.00 6104.97 0.42 
450.23 716.00 6411.43 0.52 
524.69 79.00 6231.73 0.52 
215.24 416.54 6071.71 0.25 
572.57 574.50 5630.44 0.44 
52.13 893.29 6822.00 0.51 
921.57 738.82 6855.12 0.53 
323.03 509.98 6653.35 0.35 
64.85 992.51 6182.71 0.18 
656.46 85.37 5869.61 0.34 
98.11 537.19 6447.77 0.42 
765.43 39.57 7177.28 0.27 
814.59 355.31 6621.58 0.41 
636.34 0.73 7525.79 0.40 
255.97 246.22 5552.63 0.50 
58 74 91 72 14 84 76 26 56 9 51 60 62 39 20 67 36 42 17 19 37 22 81 7 1 52 75 6 8 40 70 23 78 30 49 18 82 4 32 41 57 27 48 3 79 11 59 55 61 88 24 73 45 66 83 2 10 69 50 77 13 47 46 71 25 89 38 90 63 16 21 12 80 44 65 86 31 35 29 43 85 5 34 87 68 15 53 64 54 33 28 
Best fitness: 6.21
68 41 80 16 91 46 49 69 47 40 39 6 82 34 5 4 26 72 14 51 66 55 35 86 53 64 81 19 78 48 7 11 52 59 3 1 65 79 63 74 58 21 84 10 9 8 67 20 37 17 77 50 28 75 89 45 54 33 61 90 24 73 38 87 12 44 76 71 56 23 2 18 32 57 27 25 88 31 22 83 70 36 60 62 15 29 42 13 30 85 43 
Worst fitness: 7.55

Mean: 6.79

Standard deviation: 0.08
