390.00 476.52 0.30 3591.67
491.22 445.74 0.50 6594.29
477.78 527.06 0.37 1573.06
501.09 491.80 0.60 6763.04
414.51 556.68 0.52 8749.13
481.88 523.24 0.32 4490.09
496.84 570.30 0.48 4384.23
488.42 573.08 0.47 7983.15
496.08 518.24 0.52 6152.98
511.12 534.46 0.31 10418.46
578.19 519.97 0.60 5787.77
515.14 487.04 0.43 1483.05
464.88 533.25 0.60 4375.18
425.85 454.29 0.60 5766.07
457.77 494.32 0.50 4700.70
517.05 555.86 0.44 5720.39
495.49 537.24 0.48 10624.29
460.04 514.28 0.56 3225.90
541.55 465.78 0.41 4973.30
465.91 424.59 0.47 3242.92
509.59 580.77 0.60 7983.20
496.04 515.78 0.60 6327.83
502.81 490.74 0.31 2809.79
525.16 543.70 0.52 5197.49
517.70 403.84 0.52 5202.70
591.00 518.65 0.38 5273.90
527.41 541.67 0.37 6453.18
557.26 524.16 0.43 2402.76
546.05 621.09 0.49 6429.05
438.54 387.83 0.52 5510.76
517.77 498.19 0.40 8538.52
396.70 437.72 0.54 2765.19
483.92 457.08 0.60 1816.00
452.44 541.27 0.52 4257.45
523.88 503.25 0.45 4091.49
549.83 472.44 0.59 4413.89
526.88 505.73 0.60 3747.33
504.29 451.38 0.59 4371.34
566.02 478.10 0.55 2690.15
439.90 555.57 0.50 5939.44
489.58 478.42 0.60 911.10
415.05 509.75 0.52 5808.39
481.47 522.47 0.60 6663.51
504.69 508.46 0.43 8271.47
458.60 532.91 0.43 3844.83
593.02 538.25 0.50 2651.81
536.82 508.61 0.42 3209.11
533.01 545.74 0.53 7583.30
513.15 564.73 0.60 8357.81
516.82 579.59 0.60 7810.95
531.44 420.40 0.58 8544.14
431.17 454.84 0.60 4732.53
512.98 434.60 0.51 4717.74
458.16 449.56 0.37 6978.49
449.86 509.62 0.41 8963.86
551.63 477.31 0.34 6514.69
427.89 496.39 0.52 9004.16
477.65 491.28 0.56 7692.47
580.06 459.37 0.43 2271.22
442.90 497.87 0.54 7916.68
539.68 568.93 0.43 8324.70
525.26 535.47 0.49 8898.96
437.64 447.78 0.45 4382.51
546.07 478.48 0.57 3989.86
539.12 435.48 0.43 4478.35
513.38 465.03 0.46 1395.18
489.58 435.01 0.54 9467.48
571.71 574.64 0.47 3535.94
537.14 613.59 0.49 1796.14
497.97 511.56 0.50 9757.69
553.15 529.35 0.44 4500.18
517.99 518.12 0.39 10117.36
541.08 540.44 0.60 7412.19
523.75 537.61 0.60 5101.66
497.34 439.79 0.36 1535.29
511.51 524.20 0.42 2849.65
552.74 510.09 0.39 1740.69
503.22 438.80 0.53 2782.89
414.36 551.31 0.33 1964.45
556.77 612.32 0.50 2344.34
439.32 588.87 0.38 8139.99
550.42 450.36 0.60 2728.32
508.07 473.63 0.48 3046.69
386.44 452.43 0.54 6486.36
518.21 448.09 0.28 9069.09
586.39 485.96 0.34 526.76
463.48 498.59 0.52 5495.83
554.14 641.41 0.49 880.64
490.35 502.74 0.44 1597.64
559.04 455.50 0.60 7022.53
491.28 507.82 0.48 4345.95
574.76 579.03 0.60 7604.24
568.76 419.73 0.44 9020.09
470.24 432.73 0.50 2213.68
532.48 528.66 0.27 8759.30
454.81 496.58 0.60 1041.23
430.44 488.19 0.50 -9639.72
569.01 481.45 0.58 8454.22
454.94 412.71 0.45 5101.68
520.25 534.48 0.33 8979.14
486.93 477.60 0.60 5450.18
495.28 375.40 0.60 4803.87
478.41 527.99 0.49 5688.76
508.50 539.79 0.56 3587.12
512.56 524.58 0.43 7817.70
595.88 459.81 0.60 4811.96
504.76 557.77 0.56 3610.48
477.11 501.49 0.46 2659.27
548.66 515.44 0.46 1605.64
463.22 557.35 0.60 6473.42
503.02 480.56 0.17 5295.77
493.83 407.90 0.37 1344.41
587.37 472.94 0.37 4994.37
607.64 577.89 0.58 6562.52
555.65 454.43 0.55 3800.37
569.02 529.08 0.39 7747.42
570.79 483.13 0.46 6576.03
498.48 393.65 0.60 501.35
482.42 450.83 0.60 6879.52
559.75 481.14 0.47 8846.17
509.58 483.30 0.49 1953.11
432.02 442.32 0.60 958.41
551.82 504.29 0.37 10462.86
412.15 394.59 0.44 9016.18
549.56 528.10 0.57 4880.69
486.47 544.65 0.34 9233.46
527.45 416.04 0.60 4488.14
532.81 401.81 0.33 5449.82
482.86 555.83 0.51 3153.51
482.43 510.62 0.53 520.15
519.15 575.93 0.52 2935.77
512.90 569.27 0.44 2225.70
466.80 466.74 0.60 7082.77
563.60 498.01 0.51 1643.18
453.29 576.41 0.46 1245.55
543.35 548.20 0.52 1137.90
545.73 535.83 0.60 6366.38
488.59 514.68 0.49 8654.63
478.81 476.51 0.60 2188.90
471.09 416.00 0.40 947.22
592.49 561.65 0.37 8548.65
439.86 414.00 0.53 10444.55
470.36 603.70 0.43 2751.43
539.53 430.21 0.38 7709.21
524.99 517.73 0.44 2763.69
378.65 498.63 0.60 2071.81
473.20 426.73 0.49 4052.77
464.90 529.03 0.55 5499.59
526.43 514.78 0.54 6522.10
415.74 445.28 0.60 6520.97
524.77 546.11 0.60 8115.09
506.55 534.73 0.51 444.77
536.52 455.40 0.60 2846.36
459.74 501.05 0.54 6723.51
480.65 500.38 0.55 6439.16
564.92 484.70 0.42 8002.04
539.24 445.06 0.40 6455.28
534.90 547.75 0.35 6806.33
534.32 538.68 0.48 1121.07
473.87 463.81 0.44 8029.99
384.75 429.94 0.49 370.84
558.20 415.22 0.31 6342.84
418.12 475.09 0.42 8171.54
513.11 554.53 0.59 3663.20
457.26 475.17 0.60 3120.44
493.97 491.04 0.35 2216.61
454.58 529.85 0.46 1754.18
517.87 504.87 0.56 6493.96
470.96 533.72 0.44 10729.21
458.70 510.07 0.49 6741.37
470.95 512.53 0.34 7493.62
535.26 561.45 0.60 9709.06
476.03 499.38 0.34 8685.90
489.30 389.61 0.44 1641.78
462.33 456.14 0.40 3424.53
441.07 462.81 0.41 5053.66
465.82 460.72 0.60 6361.70
550.42 472.35 0.57 8606.51
554.48 474.56 0.41 9189.51
527.87 463.23 0.46 8273.21
532.16 578.15 0.44 4328.63
514.77 500.12 0.60 2322.23
438.06 500.52 0.57 2764.90
491.95 493.28 0.53 2179.21
429.86 463.05 0.46 8817.77
573.47 524.11 0.60 5912.93
466.25 476.36 0.60 6362.22
440.10 538.40 0.31 8994.06
578.20 574.82 0.42 9829.41
435.83 497.79 0.40 10651.65
421.20 494.43 0.46 731.11
496.91 525.90 0.45 5457.93
504.52 497.80 0.49 8841.51
536.14 499.82 0.51 8783.04
413.09 490.20 0.45 3143.91
515.40 402.65 0.49 4717.86
502.92 524.47 0.43 4831.12
522.73 451.36 0.44 5606.64
510.36 488.55 0.33 8724.56
452.80 533.45 0.59 3275.27
