462.23 577.41 0.60 10577.60
415.72 510.14 0.48 9288.12
523.21 607.17 0.60 7695.58
535.22 500.30 0.28 8711.16
530.74 501.16 0.55 10082.70
488.23 529.72 0.36 3921.05
516.13 583.38 0.37 5824.34
416.16 443.05 0.48 6504.46
431.93 514.79 0.50 1971.90
473.90 451.88 0.52 8630.74
551.70 564.01 0.45 6007.54
498.26 557.40 0.51 5767.09
560.54 438.19 0.53 3628.57
508.50 453.05 0.46 2995.20
519.08 471.27 0.46 8823.84
562.47 485.49 0.41 8960.67
404.67 500.95 0.56 8127.02
545.40 573.92 0.53 6086.75
588.17 536.00 0.60 9855.63
525.61 511.21 0.51 6830.98
576.87 509.89 0.51 2806.99
543.73 363.75 0.39 8755.99
549.09 556.47 0.32 2365.14
392.55 455.90 0.46 10695.68
556.91 476.14 0.51 3446.40
502.42 554.21 0.52 9311.49
536.52 531.90 0.57 2001.95
467.86 536.41 0.47 5036.21
439.05 531.73 0.48 6696.79
503.01 610.67 0.54 5034.48
479.34 544.83 0.49 4048.16
545.47 605.60 0.50 10240.14
569.74 515.20 0.56 7137.56
503.85 555.21 0.51 5426.58
447.77 546.14 0.60 2285.19
516.74 505.97 0.46 1846.85
499.43 508.64 0.59 9271.75
600.57 415.73 0.60 9113.30
556.46 534.47 0.51 8472.24
431.23 398.93 0.46 4044.45
524.62 469.23 0.49 3390.09
507.13 514.86 0.48 8312.55
606.91 518.40 0.47 5450.51
416.16 524.72 0.47 7859.42
597.83 560.25 0.35 1837.56
456.80 439.71 0.56 5623.33
514.45 537.02 0.43 7840.38
558.44 500.43 0.41 6394.89
563.65 543.24 0.50 4363.86
520.50 492.35 0.44 7024.70
535.88 429.26 0.19 9119.95
457.22 560.38 0.60 5203.34
511.47 480.80 0.46 2401.55
385.00 560.24 0.53 7961.86
442.26 525.27 0.44 6833.44
423.73 540.41 0.42 1255.59
469.76 497.76 0.57 9009.32
457.33 486.72 0.26 9514.21
433.53 521.06 0.57 5934.93
579.93 494.49 0.60 8128.20
519.37 553.51 0.46 3753.49
557.71 487.08 0.48 3792.83
499.17 556.96 0.60 8550.57
459.59 479.65 0.43 6181.36
468.64 613.70 0.43 8117.37
488.54 568.00 0.59 9643.83
430.45 532.23 0.46 2897.66
560.58 519.80 0.49 7246.85
478.30 494.09 0.60 5737.50
557.99 498.52 0.53 4529.36
399.32 418.70 0.55 10231.82
471.29 531.88 0.47 10141.11
498.90 575.26 0.57 9399.72
475.99 483.46 0.49 2874.26
347.73 429.70 0.48 4991.88
578.63 535.13 0.46 9449.97
563.92 562.98 0.57 7226.41
489.68 449.73 0.53 1824.55
604.83 519.91 0.60 2260.88
465.32 481.24 0.45 1586.02
413.39 489.58 0.60 2985.14
543.25 547.91 0.57 6616.59
491.97 502.13 0.42 8270.23
425.48 417.31 0.55 8445.27
491.92 490.87 0.53 2676.92
454.25 493.68 0.36 4589.38
514.75 490.62 0.53 7898.52
539.75 529.65 0.31 4640.61
509.22 544.43 0.43 8018.87
512.67 543.10 0.40 8719.60
559.08 505.20 0.56 7372.69
451.06 535.74 0.50 7361.11
536.37 388.52 0.45 5785.60
481.95 454.51 0.43 4580.52
504.01 465.46 0.41 9624.75
502.85 521.82 0.60 3974.61
513.98 578.63 0.60 7887.48
500.24 484.93 0.44 2079.39
496.44 553.87 0.46 9697.63
450.89 491.75 0.54 7426.39
527.56 495.94 0.41 7567.73
504.27 536.08 0.60 5121.37
511.55 499.92 0.54 6859.85
524.99 501.78 0.45 5556.17
543.76 364.48 0.53 4268.71
505.60 511.40 0.37 3724.14
452.51 474.75 0.59 1689.77
503.05 531.13 0.56 5798.98
476.73 508.22 0.60 10198.86
553.76 510.93 0.43 1879.44
562.33 523.70 0.45 4172.99
520.58 482.95 0.50 6491.81
475.96 474.60 0.39 9446.79
516.73 550.68 0.37 1994.85
464.89 469.85 0.36 9458.69
472.24 488.18 0.58 9617.91
557.98 447.99 0.29 2769.48
452.42 423.49 0.53 8219.53
520.56 512.80 0.60 3316.54
490.26 509.09 0.60 3658.72
525.03 478.46 0.42 3862.97
424.36 484.12 0.38 2136.71
543.17 491.33 0.29 10650.89
465.06 492.87 0.54 3843.23
516.24 607.40 0.44 6109.92
