498.06 440.06 0.53 7547.30
520.78 468.84 0.60 9197.95
508.81 478.56 0.60 9993.85
516.00 539.78 0.57 7441.45
419.86 556.10 0.51 384.79
468.16 382.88 0.53 3006.84
410.69 485.69 0.55 8275.83
630.69 521.37 0.60 3030.21
552.89 522.86 0.60 6782.46
475.09 567.87 0.51 5858.04
531.64 465.87 0.40 1357.51
500.45 603.02 0.51 8018.73
508.17 454.63 0.52 2635.90
524.99 535.26 0.39 6273.51
588.65 462.08 0.41 6369.82
534.44 439.62 0.60 5426.83
454.10 529.32 0.50 4663.09
446.04 393.25 0.60 6925.47
570.00 483.58 0.49 7906.59
506.53 545.48 0.60 5693.23
461.52 540.18 0.50 7595.86
509.06 517.59 0.38 1452.26
474.51 514.13 0.34 9464.71
534.04 488.72 0.60 7611.07
486.00 493.33 0.46 3722.37
425.64 462.58 0.56 7712.09
487.50 449.37 0.58 6549.10
491.09 485.31 0.53 8325.32
480.22 453.89 0.46 5912.48
459.99 490.04 0.45 8064.29
452.24 543.56 0.48 9517.69
557.46 525.90 0.48 4251.05
446.50 526.69 0.60 7424.96
465.24 531.82 0.40 10285.87
455.58 476.78 0.60 7912.23
477.95 598.02 0.60 1659.88
540.47 522.30 0.60 9687.75
509.39 551.84 0.56 8306.49
494.57 578.55 0.37 7542.46
538.61 523.80 0.43 10660.65
335.88 462.81 0.60 10206.57
547.02 471.37 0.59 1352.78
360.50 467.18 0.48 4124.10
474.43 562.26 0.38 10394.17
475.51 489.41 0.60 4527.48
485.73 422.55 0.48 10164.03
530.16 645.60 0.35 10800.00
489.46 470.56 0.55 2750.41
451.37 438.62 0.53 4837.06
481.66 508.50 0.33 10270.49
515.14 535.31 0.43 7870.30
599.86 480.58 0.45 2984.21
473.74 560.26 0.40 9930.04
568.50 562.66 0.60 7361.45
469.28 577.72 0.38 9713.72
529.10 503.12 0.53 7034.69
498.93 478.66 0.38 3994.02
527.17 589.55 0.60 3561.91
634.14 461.72 0.45 9996.95
505.06 438.07 0.52 2952.79
487.83 506.47 0.47 1531.74
561.81 503.93 0.57 3093.38
537.77 448.51 0.43 10771.27
475.77 534.86 0.53 7592.38
445.47 486.13 0.54 9167.07
467.24 501.42 0.60 6036.52
517.94 514.40 0.60 3678.06
531.54 491.40 0.60 2039.83
439.02 501.74 0.51 8512.02
419.77 490.79 0.58 7399.80
509.10 399.10 0.53 7114.89
422.72 572.85 0.42 3427.41
537.57 397.08 0.48 10496.35
396.34 545.57 0.34 10755.12
392.94 498.04 0.37 5645.86
509.62 386.72 0.56 3101.04
472.54 427.00 0.60 3172.79
550.24 571.31 0.51 9727.43
511.60 445.05 0.40 7928.29
518.32 574.32 0.40 7047.71
510.33 516.55 0.58 9597.39
614.41 447.76 0.46 7135.19
487.20 391.33 0.60 2692.30
519.83 462.21 0.44 5681.55
472.14 536.53 0.39 10464.83
405.42 518.74 0.52 6359.33
399.20 556.74 0.46 5083.37
444.95 541.00 0.59 6115.87
428.21 381.40 0.54 8247.11
473.82 570.87 0.55 3827.91
357.55 511.87 0.40 10762.94
468.50 481.28 0.49 4331.06
553.10 564.98 0.50 9443.81
430.01 432.51 0.60 5073.31
468.53 502.86 0.42 9994.27
517.93 482.76 0.47 2219.92
539.28 524.50 0.51 6837.70
542.37 455.62 0.54 9387.28
485.52 497.23 0.46 9811.72
519.89 440.77 0.49 3636.25
