168.39 450.35 2106.75 0.42 
128.03 487.23 1243.18 0.43 
380.48 104.32 1111.78 0.34 
195.14 687.48 595.77 0.34 
274.44 704.67 1678.62 0.65 
354.84 125.21 1801.76 0.51 
146.48 851.34 1019.35 0.38 
712.08 16.12 624.74 0.32 
383.58 282.77 1896.92 0.36 
210.87 507.34 1669.12 0.46 
629.84 185.63 1570.31 0.32 
462.18 488.89 2108.12 0.26 
751.07 872.06 2372.73 0.37 
473.89 920.85 2435.25 0.47 
909.24 35.63 2708.45 0.34 
94.85 489.37 1224.71 0.52 
914.26 995.38 2018.29 0.37 
283.86 673.00 1444.17 0.42 
25.28 394.87 2356.83 0.31 
360.89 267.28 1644.06 0.48 
386.92 859.00 1337.97 0.38 
30.48 987.80 942.44 0.51 
684.20 884.47 583.03 0.48 
162.71 122.49 556.51 0.18 
524.29 398.22 1067.55 0.44 
443.76 21.15 661.97 0.46 
661.92 754.02 987.69 0.57 
74.83 948.66 1540.89 0.47 
899.52 629.44 1025.15 0.55 
604.21 957.51 1385.62 0.20 
253.49 156.33 1278.06 0.37 
762.99 689.87 1282.88 0.43 
486.33 378.53 2662.93 0.28 
270.30 652.21 1248.02 0.42 
82.59 634.14 1278.14 0.39 
51.48 530.47 1049.47 0.24 
177.77 949.49 1516.75 0.32 
132.50 565.83 2470.62 0.22 
336.90 890.50 723.51 0.55 
740.66 186.12 1220.06 0.17 
687.84 321.01 1356.11 0.37 
346.53 800.42 2138.56 0.29 
27.08 79.71 2447.29 0.48 
660.56 492.96 1447.74 0.48 
680.49 14.55 1277.25 0.49 
972.73 892.26 1243.32 0.35 
181.00 52.01 1559.45 0.24 
861.59 602.37 1533.00 0.49 
49.60 864.65 585.62 0.60 
754.33 641.49 1312.53 0.41 
979.20 212.59 1459.41 0.31 
289.38 480.37 1532.80 0.39 
633.84 539.81 3174.68 0.42 
3.98 666.66 2378.74 0.58 
713.70 914.46 1667.30 0.45 
768.58 83.43 1094.41 0.43 
292.08 812.34 1402.11 0.55 
236.50 560.23 1165.29 0.18 
109.56 594.65 2321.85 0.39 
629.22 536.70 550.84 0.57 
187.74 255.67 1348.11 0.33 
584.79 491.08 1649.15 0.38 
986.97 184.57 1132.32 0.31 
849.00 876.03 2099.69 0.41 
334.54 259.89 1240.05 0.30 
966.81 850.98 1481.85 0.45 
461.42 677.78 1104.73 0.45 
156.58 431.49 2045.15 0.49 
941.59 999.39 1442.55 0.44 
433.37 74.27 1908.85 0.53 
880.40 122.40 744.33 0.36 
143.11 728.39 1015.82 0.38 
862.26 260.66 1071.03 0.47 
119.44 73.23 1541.03 0.43 
477.53 720.25 1478.59 0.49 
63.24 860.57 1848.17 0.29 
499.22 844.38 3060.91 0.29 
746.59 826.73 1795.06 0.35 
288.15 161.15 728.52 0.47 
671.83 651.05 2179.13 0.38 
846.90 592.38 1719.80 0.62 
679.15 535.36 875.89 0.46 
215.47 798.44 1183.27 0.42 
138.93 557.13 2138.14 0.48 
963.45 958.60 1597.70 0.37 
124.27 413.72 2085.72 0.29 
262.09 780.43 1615.25 0.27 
812.90 199.32 1894.03 0.28 
55.22 442.42 1825.50 0.47 
183.73 628.92 1076.15 0.50 
849.17 792.66 2350.99 0.42 
360.75 598.09 719.28 0.51 
530.31 133.34 2469.94 0.46 
115.05 114.04 1188.11 0.32 
833.68 636.95 1736.50 0.39 
604.37 687.42 1353.95 0.36 
831.32 78.04 668.94 0.40 
339.97 986.32 1349.79 0.32 
304.32 476.10 1166.74 0.23 
192.98 441.00 1742.02 0.38 
593.05 173.99 1007.05 0.48 
