413.59 770.20 1311.83 0.41 
613.53 90.45 1319.30 0.42 
505.25 815.89 956.10 0.30 
253.67 470.02 1528.87 0.56 
456.97 588.56 2004.88 0.25 
809.07 819.50 1877.37 0.59 
529.46 769.69 1775.97 0.45 
625.17 223.68 1178.90 0.22 
743.33 291.40 2113.99 0.59 
326.88 758.48 1340.81 0.45 
150.35 339.04 1713.84 0.34 
81.40 515.10 1670.10 0.41 
870.81 486.59 786.74 0.51 
326.57 811.35 1096.53 0.55 
27.78 978.97 1315.02 0.46 
656.59 839.04 831.37 0.48 
982.86 208.09 1275.58 0.50 
742.11 995.68 1822.01 0.36 
387.96 649.68 1245.56 0.57 
282.68 902.26 1749.57 0.33 
374.25 72.22 1001.93 0.48 
883.71 163.65 1292.77 0.19 
77.81 719.90 1778.75 0.39 
395.03 349.02 1829.89 0.41 
794.20 574.92 979.67 0.40 
11.03 284.01 1315.97 0.25 
517.99 275.56 1691.17 0.53 
323.88 400.62 987.05 0.37 
881.03 2.03 2536.88 0.27 
438.53 694.24 909.91 0.33 
493.21 728.13 1957.56 0.49 
243.59 415.84 1307.36 0.41 
116.87 902.59 1542.37 0.57 
413.97 373.37 1314.75 0.36 
688.40 485.53 2116.06 0.34 
772.99 36.90 1055.04 0.42 
926.11 583.32 1169.11 0.38 
223.43 208.78 1680.54 0.30 
630.22 847.72 2568.35 0.29 
672.66 23.55 2103.60 0.30 
58.08 623.23 811.93 0.19 
718.99 434.74 1680.42 0.63 
225.44 219.67 2627.06 0.47 
468.67 97.80 2682.49 0.44 
192.21 977.97 1899.00 0.43 
739.94 905.29 1612.66 0.38 
401.55 196.53 840.59 0.36 
247.64 123.06 1881.36 0.46 
783.00 846.33 766.60 0.29 
703.80 631.21 885.39 0.32 
449.33 68.91 1311.02 0.36 
313.84 723.14 578.47 0.59 
522.59 105.22 1510.38 0.40 
980.58 58.11 1031.66 0.24 
543.28 820.38 928.18 0.33 
876.96 10.50 1374.00 0.43 
440.18 784.16 1710.61 0.38 
531.65 892.32 982.57 0.30 
573.06 745.42 1184.81 0.50 
447.82 437.67 1666.84 0.32 
580.47 746.98 1213.65 0.20 
694.22 891.28 1666.61 0.40 
857.38 402.44 1080.93 0.42 
159.24 911.72 817.16 0.29 
407.45 475.60 1976.36 0.22 
922.82 926.66 1043.49 0.63 
531.80 735.11 1741.82 0.37 
800.81 218.97 830.14 0.47 
565.10 609.87 1819.94 0.37 
761.44 801.71 2268.22 0.53 
402.53 844.30 1944.72 0.44 
958.57 495.57 1033.79 0.37 
393.26 687.28 586.48 0.53 
312.84 757.98 1491.46 0.31 
840.82 73.85 2628.31 0.40 
284.67 949.26 1881.42 0.41 
644.73 347.72 2055.65 0.57 
996.10 342.09 703.53 0.38 
855.94 785.12 2108.66 0.28 
586.80 288.66 2022.82 0.46 
178.75 120.97 1098.04 0.47 
439.12 320.02 1717.54 0.46 
829.34 438.59 736.33 0.49 
123.90 348.69 843.17 0.42 
16.51 798.50 2503.62 0.34 
939.75 623.79 715.16 0.41 
518.75 375.09 1126.35 0.39 
221.67 214.09 658.72 0.31 
35.63 305.99 1066.75 0.44 
47.21 895.05 799.06 0.24 
848.12 994.91 2040.44 0.57 
80.72 737.81 967.99 0.44 
753.72 939.54 752.05 0.37 
465.16 49.93 1687.73 0.31 
687.71 869.96 1129.36 0.43 
439.80 727.04 1629.04 0.46 
105.11 805.76 893.02 0.26 
658.15 431.47 599.99 0.33 
298.45 692.44 1458.67 0.37 
578.16 226.83 1824.35 0.42 
850.13 315.06 907.94 0.72 
255.35 538.72 992.77 0.29 
365.78 862.65 2076.80 0.42 
993.40 269.69 883.63 0.27 
272.95 617.20 1959.11 0.34 
588.35 25.47 1415.91 0.57 
580.03 949.45 1321.69 0.46 
975.11 179.40 1589.15 0.44 
122.00 939.71 1591.45 0.55 
474.62 647.31 1382.78 0.45 
534.37 218.67 2081.83 0.38 
209.56 18.18 1836.59 0.36 
325.79 892.01 1362.70 0.69 
663.36 102.00 970.23 0.57 
305.63 918.06 1236.49 0.44 
497.07 48.47 578.33 0.42 
877.63 932.28 1484.92 0.41 
197.97 256.13 651.09 0.43 
459.70 31.53 1933.66 0.38 
641.06 144.34 1351.34 0.37 
424.04 358.69 1047.22 0.46 
316.98 80.15 1507.47 0.53 
379.97 771.52 969.58 0.63 
576.80 931.97 1368.96 0.43 
514.77 383.28 2486.10 0.42 
415.20 724.11 2299.32 0.50 
756.20 164.69 1905.30 0.49 
847.70 64.75 1885.71 0.40 
176.28 74.17 2147.37 0.47 
17.04 558.18 1853.17 0.21 
790.66 704.91 1096.75 0.51 
608.47 445.93 1257.86 0.40 
455.90 210.40 544.65 0.23 
676.27 674.77 600.85 0.34 
179.38 196.36 2200.20 0.43 
436.83 399.80 1603.51 0.53 
850.54 384.10 2262.70 0.51 
209.37 303.22 1653.11 0.39 
208.74 590.69 2524.86 0.43 
369.39 762.69 1139.00 0.42 
81.69 5.69 1263.14 0.38 
694.20 823.38 1445.08 0.45 
370.89 833.68 1233.43 0.37 
742.25 615.47 1684.56 0.38 
507.43 220.45 1566.39 0.54 
221.27 580.95 2320.82 0.39 
746.44 480.49 2143.94 0.41 
613.24 911.90 1034.40 0.42 
572.70 128.51 1791.90 0.50 
471.94 505.39 1114.08 0.20 
28.53 112.48 788.46 0.27 
