271.38 829.13 742.88 0.42 
758.42 730.37 1792.62 0.35 
834.79 578.23 1568.71 0.48 
522.45 996.12 1600.54 0.44 
334.15 360.70 1614.72 0.48 
464.18 414.20 2085.16 0.47 
964.67 719.34 888.10 0.43 
834.51 872.98 1894.94 0.25 
393.17 629.51 1917.96 0.31 
408.31 364.26 1459.73 0.28 
537.20 95.50 1009.92 0.47 
364.83 440.88 542.84 0.60 
823.83 259.17 1260.99 0.52 
66.62 177.93 1021.47 0.31 
514.17 584.92 1130.35 0.52 
86.42 272.13 1401.39 0.27 
718.69 58.44 658.25 0.28 
780.52 314.26 1922.83 0.36 
999.82 412.02 883.15 0.47 
223.02 756.19 2171.71 0.19 
666.63 253.18 2333.59 0.36 
