762.67 671.14 2175.26 0.25 
5.98 49.03 2221.55 0.30 
455.82 380.23 877.22 0.50 
744.20 116.83 1850.97 0.41 
58.54 609.37 1628.54 0.50 
593.45 508.54 1294.28 0.47 
352.68 81.01 1065.03 0.39 
186.98 871.85 663.78 0.58 
654.41 976.33 846.40 0.63 
843.68 113.90 1235.81 0.40 
770.87 670.00 1047.36 0.36 
768.47 738.84 1731.07 0.34 
968.36 416.36 1329.47 0.32 
907.26 875.94 1188.89 0.35 
192.35 984.91 889.94 0.34 
517.13 190.85 1708.37 0.37 
880.22 831.98 1553.73 0.34 
584.31 921.57 813.07 0.39 
760.55 346.38 1756.10 0.15 
932.18 130.81 2062.35 0.52 
7.50 901.51 2033.15 0.37 
531.12 215.15 997.69 0.19 
250.57 660.95 1898.63 0.42 
363.04 571.97 1344.81 0.54 
980.76 232.54 1252.72 0.61 
558.11 677.65 862.90 0.41 
359.03 654.63 987.40 0.31 
153.48 268.22 1885.89 0.54 
855.09 771.78 1008.60 0.44 
106.58 698.50 1987.80 0.52 
322.15 655.06 1168.96 0.52 
404.14 262.22 960.70 0.40 
358.42 319.56 1396.01 0.44 
656.59 426.62 1373.17 0.37 
199.61 958.30 1680.47 0.50 
262.53 726.69 1766.59 0.29 
21.82 255.89 871.69 0.41 
514.86 900.12 1692.18 0.41 
772.40 966.04 1352.54 0.50 
236.78 662.62 1289.22 0.59 
362.78 875.09 1534.40 0.23 
158.93 27.86 586.21 0.46 
894.05 959.23 931.83 0.41 
147.22 987.80 2307.73 0.49 
200.15 47.29 1294.85 0.47 
72.65 671.99 1601.28 0.45 
308.06 586.56 1851.03 0.41 
979.72 300.14 1450.31 0.36 
867.38 277.60 1406.17 0.49 
798.17 596.64 1227.87 0.29 
397.72 888.81 866.69 0.23 
84.97 132.62 1430.36 0.47 
560.79 617.68 1651.88 0.32 
750.87 846.14 1436.67 0.38 
70.60 955.04 782.78 0.48 
880.12 829.77 1183.77 0.45 
310.41 299.20 1846.40 0.56 
196.08 195.14 1178.60 0.37 
996.01 111.91 1752.40 0.41 
452.09 270.73 689.41 0.22 
93.22 405.26 1453.42 0.48 
670.44 673.26 848.91 0.59 
711.96 884.45 2317.61 0.40 
236.54 539.75 1189.43 0.38 
422.00 373.22 1804.66 0.39 
45.68 808.71 2703.59 0.52 
697.03 834.82 1387.93 0.22 
251.95 302.16 873.13 0.46 
337.91 631.25 1794.58 0.51 
378.77 157.91 1236.23 0.41 
363.01 784.79 1274.71 0.35 
205.25 82.38 905.76 0.39 
110.70 210.86 831.07 0.43 
670.27 892.51 1682.09 0.35 
65.78 858.74 588.31 0.48 
153.59 860.25 1234.37 0.46 
107.78 749.02 1356.80 0.37 
661.03 700.36 1242.08 0.34 
654.70 245.39 1922.21 0.57 
306.36 403.09 930.42 0.35 
231.91 896.07 2193.22 0.48 
837.91 23.64 2094.27 0.21 
784.89 570.08 2006.36 0.34 
981.95 532.71 1602.61 0.39 
46.73 779.32 1844.79 0.60 
890.08 705.32 1985.68 0.36 
202.23 293.59 1850.46 0.51 
696.07 90.59 625.65 0.57 
210.85 837.29 906.00 0.42 
960.24 443.98 2239.88 0.35 
477.24 609.10 1991.94 0.54 
851.24 708.83 675.75 0.39 
122.71 35.86 1169.01 0.37 
168.87 67.69 1420.34 0.55 
212.33 896.16 1240.13 0.44 
521.58 620.50 1418.24 0.40 
742.72 205.18 867.79 0.53 
54.49 528.89 1869.26 0.41 
575.41 908.17 2300.74 0.26 
382.93 650.35 1694.32 0.39 
403.14 994.86 941.41 0.40 
769.38 695.47 840.28 0.27 
123.78 519.82 1435.85 0.36 
924.87 215.31 1275.69 0.54 
42.76 735.10 1819.38 0.43 
97.72 466.88 668.31 0.32 
273.32 41.19 577.35 0.42 
699.58 633.68 1020.09 0.33 
710.25 312.71 2662.17 0.46 
621.80 479.99 2117.56 0.37 
441.34 817.36 654.65 0.26 
511.98 293.33 1462.72 0.37 
368.77 23.37 1856.56 0.28 
652.07 685.44 1295.60 0.39 
845.03 75.49 1773.08 0.42 
136.02 261.11 1846.79 0.46 
4.01 245.53 2100.29 0.26 
858.09 373.64 2073.09 0.33 
173.30 755.68 1179.65 0.38 
354.05 729.13 1848.58 0.25 
788.89 696.07 2674.37 0.48 
889.98 808.20 714.48 0.32 
866.01 367.64 1588.03 0.49 
859.40 288.72 2666.61 0.37 
590.36 974.47 1014.55 0.53 
663.64 485.24 2123.36 0.37 
532.71 752.20 2183.10 0.52 
836.56 398.23 2167.78 0.27 
417.17 79.42 1450.68 0.60 
398.30 178.54 1297.88 0.21 
121.93 994.57 1439.35 0.51 
839.23 568.59 1508.09 0.61 
502.29 590.89 2289.51 0.42 
940.97 353.18 2001.88 0.45 
812.54 636.07 1066.00 0.36 
923.15 728.76 2062.96 0.09 
589.59 250.59 1701.26 0.44 
390.12 234.80 1571.65 0.65 
240.21 761.39 916.32 0.41 
859.11 952.97 1249.13 0.44 
651.54 745.01 541.30 0.43 
539.50 806.51 1203.04 0.48 
594.89 500.48 1037.23 0.34 
650.56 232.62 1688.60 0.54 
703.35 597.82 1676.62 0.36 
203.36 272.37 798.33 0.23 
329.39 977.40 1508.23 0.55 
511.40 258.09 738.55 0.32 
598.50 212.21 737.07 0.36 
55.16 74.22 1665.15 0.60 
704.34 762.66 1098.11 0.48 
920.87 238.82 1240.60 0.51 
691.79 268.79 2312.70 0.34 
214.91 377.55 1475.81 0.47 
161.58 441.58 2441.82 0.40 
366.22 635.27 1187.99 0.35 
37.99 880.78 1439.16 0.43 
453.73 52.64 1533.19 0.41 
565.74 997.74 2065.87 0.30 
907.67 301.77 1597.54 0.58 
357.95 136.18 1127.12 0.33 
549.24 568.66 725.42 0.51 
683.04 329.02 1432.58 0.30 
756.33 947.00 666.28 0.39 
348.60 914.92 1471.71 0.37 
22.01 891.41 1310.74 0.46 
876.44 363.10 1379.26 0.58 
642.39 7.00 1946.33 0.62 
39.12 159.26 1007.70 0.32 
210.43 429.32 2153.47 0.34 
888.17 919.74 2292.33 0.21 
869.06 995.50 775.01 0.47 
803.20 97.14 1003.69 0.21 
400.47 307.90 1959.29 0.24 
753.27 679.50 2270.21 0.48 
597.33 147.15 1116.23 0.37 
325.19 270.39 2064.82 0.31 
516.56 769.13 989.71 0.41 
341.97 361.21 2017.08 0.47 
87.00 701.73 1409.09 0.49 
288.31 603.74 697.42 0.38 
701.48 290.47 1961.50 0.50 
764.25 485.37 1886.24 0.43 
331.73 490.70 1156.12 0.32 
803.47 165.52 1847.99 0.16 
965.21 96.96 2177.76 0.36 
886.11 906.05 1397.96 0.32 
768.56 582.12 2153.23 0.38 
629.98 717.33 850.81 0.28 
966.94 100.52 1232.11 0.51 
505.39 630.77 2432.54 0.29 
517.24 616.26 1343.11 0.45 
52.53 627.30 542.18 0.43 
909.17 941.89 1252.95 0.34 
313.87 316.32 1375.98 0.49 
909.98 121.00 1389.87 0.59 
873.81 230.47 1071.43 0.49 
469.23 733.68 1035.85 0.52 
632.53 227.33 1677.87 0.35 
909.36 535.00 1451.52 0.44 
357.86 260.04 1682.73 0.49 
