562.26 732.72 1181.69 0.27 
345.12 414.48 1311.13 0.26 
320.62 179.94 1312.55 0.32 
356.08 269.18 1980.30 0.51 
909.49 335.90 1664.32 0.56 
958.33 116.44 1758.06 0.29 
455.14 64.98 724.19 0.49 
407.08 132.98 1452.09 0.40 
916.62 417.42 1303.84 0.37 
416.40 410.47 719.61 0.28 
469.30 280.99 1791.13 0.38 
241.10 450.93 2726.76 0.31 
759.53 938.94 2526.18 0.31 
96.11 751.25 1353.31 0.45 
121.02 236.51 1807.38 0.60 
535.23 564.32 1503.89 0.27 
384.68 31.58 2211.88 0.45 
41.25 770.55 844.19 0.30 
130.94 829.87 1271.62 0.42 
828.97 957.61 1357.51 0.24 
424.26 115.34 1235.91 0.33 
506.91 833.57 914.47 0.42 
47.91 906.02 2231.70 0.36 
696.19 54.36 747.39 0.49 
600.89 660.52 2231.37 0.40 
273.11 259.04 1582.17 0.64 
124.80 385.26 1209.50 0.40 
530.93 420.20 1705.43 0.49 
54.39 844.37 1875.17 0.54 
83.07 643.12 1604.55 0.26 
610.27 239.60 649.20 0.50 
