600.79 966.79 1047.68 0.44 
917.04 620.68 2561.38 0.54 
652.07 183.40 1843.11 0.29 
395.79 527.11 1567.99 0.20 
828.08 157.05 2401.76 0.37 
736.53 131.10 789.30 0.61 
398.22 843.80 672.03 0.47 
268.88 491.57 2053.52 0.65 
18.26 746.79 1914.44 0.53 
515.11 880.83 2974.81 0.46 
9.14 55.40 1452.06 0.41 
351.58 385.89 629.36 0.60 
236.84 685.37 1387.93 0.45 
634.97 705.66 1414.37 0.32 
141.84 548.35 1391.08 0.44 
404.33 302.55 2335.79 0.40 
157.54 823.65 1523.30 0.41 
564.48 825.65 1099.64 0.27 
177.14 188.05 1743.73 0.36 
407.51 465.09 1297.46 0.45 
517.76 61.85 1312.72 0.58 
305.59 92.39 1062.89 0.36 
648.46 772.88 855.34 0.41 
918.12 425.82 669.11 0.59 
715.80 835.91 1859.88 0.31 
699.84 283.04 2457.93 0.39 
57.23 146.40 672.92 0.30 
912.37 263.24 1352.23 0.38 
641.46 37.02 1325.32 0.50 
662.52 968.49 1644.40 0.47 
936.64 727.07 1136.49 0.42 
285.79 428.54 1237.08 0.28 
566.94 483.69 660.07 0.57 
126.04 547.00 1453.64 0.31 
276.19 723.51 1839.08 0.35 
34.67 719.28 1528.50 0.44 
941.60 620.88 2632.63 0.34 
717.15 878.96 1575.28 0.44 
451.93 499.84 1210.80 0.37 
26.68 969.11 1280.49 0.40 
231.90 208.32 1591.35 0.34 
