822.09 771.07 1528.37 0.47 
64.46 597.30 2596.79 0.69 
520.06 530.19 1584.22 0.43 
272.67 244.58 3108.81 0.38 
775.46 134.18 925.67 0.46 
392.44 381.17 615.35 0.39 
859.30 192.53 1007.36 0.61 
927.25 492.49 799.19 0.25 
855.49 428.49 1231.20 0.42 
621.88 297.43 1056.15 0.45 
358.84 245.08 1175.87 0.38 
498.88 544.03 1230.86 0.47 
753.00 281.37 1307.63 0.35 
10.20 872.85 1670.45 0.42 
421.96 217.31 2394.59 0.30 
65.87 290.04 1780.97 0.34 
397.74 269.23 2792.09 0.39 
412.64 136.55 2333.43 0.38 
873.97 687.25 1555.72 0.48 
329.74 628.82 1765.61 0.52 
641.43 191.57 1250.17 0.43 
286.44 63.82 723.72 0.32 
267.75 628.03 718.25 0.42 
607.17 129.40 1357.00 0.38 
951.52 288.61 1439.85 0.35 
244.16 705.44 1932.69 0.38 
652.41 820.67 1723.72 0.46 
37.95 364.94 1603.66 0.33 
817.60 575.82 2422.78 0.39 
812.40 34.62 1037.28 0.35 
792.73 647.65 1422.98 0.36 
907.93 15.35 1398.49 0.24 
589.00 883.92 1255.55 0.46 
295.43 622.70 1365.09 0.23 
858.94 387.50 2245.05 0.60 
869.69 932.58 1640.72 0.28 
759.94 638.91 919.46 0.40 
417.48 614.91 1442.96 0.48 
420.49 467.21 1321.90 0.39 
758.72 238.34 866.30 0.35 
297.73 894.39 2151.88 0.35 
723.36 119.45 709.35 0.48 
171.45 997.98 1377.74 0.30 
649.24 180.96 1317.49 0.44 
469.94 637.26 543.32 0.32 
553.68 45.74 696.63 0.39 
191.78 318.81 2155.23 0.49 
771.09 916.85 1341.59 0.43 
767.85 927.84 1030.90 0.36 
779.45 631.78 1588.43 0.50 
705.60 203.16 1887.50 0.25 
918.39 601.38 2106.76 0.63 
946.54 6.66 1440.68 0.23 
379.87 386.13 982.30 0.30 
236.05 846.08 2766.48 0.50 
20.11 175.51 1151.09 0.40 
906.07 103.01 1410.29 0.46 
378.20 936.37 2073.90 0.36 
776.40 742.06 1328.94 0.24 
614.46 16.09 817.24 0.34 
123.36 313.75 1746.98 0.27 
612.14 323.92 797.45 0.26 
97.51 88.41 691.48 0.32 
71.36 181.74 797.74 0.29 
611.30 586.24 1738.14 0.39 
308.59 614.17 2263.29 0.52 
594.48 404.67 1418.77 0.45 
540.88 330.76 1908.29 0.40 
929.09 535.28 1445.56 0.56 
456.85 301.14 1885.06 0.55 
138.47 645.43 857.31 0.38 
