387.33 459.45 842.08 0.54 
219.32 467.34 1477.96 0.42 
795.43 852.25 1344.10 0.39 
792.37 950.27 937.32 0.35 
744.23 423.80 1753.35 0.41 
549.31 550.19 1413.02 0.52 
379.17 642.29 1511.66 0.50 
521.56 62.66 1496.80 0.44 
129.32 257.07 1573.62 0.34 
103.18 668.05 1350.75 0.49 
44.23 484.00 1174.13 0.37 
185.89 450.36 1582.32 0.39 
779.51 412.71 1255.72 0.36 
627.76 988.94 599.35 0.28 
807.29 832.77 1057.10 0.53 
257.29 960.86 2237.81 0.43 
696.64 874.28 1145.86 0.17 
811.61 562.37 2475.87 0.39 
673.39 682.88 1703.24 0.45 
614.67 517.73 1423.00 0.41 
645.69 167.22 863.74 0.36 
164.63 649.79 1380.48 0.29 
3.32 677.69 2011.22 0.44 
499.75 861.36 1171.05 0.36 
562.18 197.41 1481.86 0.19 
526.76 859.05 1139.86 0.39 
345.83 291.25 848.57 0.11 
836.67 745.25 1052.59 0.44 
550.31 95.52 1456.49 0.25 
708.70 429.06 1593.75 0.50 
123.32 112.15 1831.72 0.40 
457.98 649.22 2187.30 0.26 
263.48 457.67 1193.92 0.17 
354.49 761.55 1125.03 0.24 
686.15 613.02 1797.55 0.38 
506.97 587.28 1416.20 0.54 
350.71 116.22 1670.53 0.51 
234.10 829.06 1717.41 0.38 
157.69 172.68 859.15 0.42 
45.23 386.04 750.74 0.34 
825.06 848.99 867.59 0.50 
823.34 401.85 2594.08 0.56 
180.57 533.18 1459.46 0.47 
684.36 888.60 1387.90 0.31 
664.45 240.77 1677.80 0.30 
209.38 131.20 1525.95 0.45 
144.74 320.18 1645.22 0.24 
881.88 898.90 1214.21 0.43 
690.60 247.90 1610.10 0.47 
71.65 402.24 1143.73 0.24 
728.42 732.58 2233.76 0.34 
394.18 323.59 1014.87 0.44 
788.26 884.96 1230.14 0.35 
731.67 527.19 1289.52 0.47 
615.68 16.31 2093.85 0.48 
262.88 890.96 1631.44 0.35 
825.04 851.94 1291.50 0.47 
39.05 287.79 1010.13 0.44 
67.62 876.93 1887.24 0.26 
626.26 30.70 2074.64 0.60 
210.88 850.89 1822.73 0.43 
167.22 55.92 1095.48 0.32 
618.80 557.29 2443.86 0.37 
593.45 983.71 925.95 0.33 
896.91 803.08 844.17 0.42 
228.90 722.08 1875.65 0.42 
546.94 908.84 645.27 0.42 
396.87 977.52 1947.30 0.29 
754.82 170.81 2403.03 0.44 
989.74 443.73 1150.76 0.47 
920.46 418.95 1961.57 0.48 
46.99 351.08 2068.78 0.47 
700.82 112.34 997.01 0.67 
857.90 788.97 1087.09 0.50 
967.68 821.90 1009.62 0.36 
753.63 841.48 2812.77 0.49 
632.27 254.24 959.27 0.34 
757.95 195.77 987.73 0.27 
230.57 617.04 639.12 0.52 
449.23 855.60 1549.20 0.38 
230.56 452.22 1298.17 0.51 
