781.38 818.20 716.69 0.39 
963.08 737.12 1265.03 0.38 
956.44 413.60 1653.17 0.61 
98.68 392.50 755.88 0.34 
166.48 502.33 1369.03 0.59 
908.04 903.86 1124.03 0.56 
82.08 711.80 1492.14 0.36 
895.88 396.09 1946.57 0.49 
539.99 463.79 1895.71 0.49 
470.58 522.20 2503.33 0.56 
179.08 43.43 1083.55 0.56 
806.19 911.39 2348.20 0.33 
953.07 727.00 1949.47 0.42 
217.52 562.88 803.11 0.44 
439.43 839.72 2040.83 0.48 
46.55 637.46 990.20 0.15 
651.45 56.82 1712.35 0.30 
480.26 791.32 1938.66 0.46 
286.71 309.42 868.40 0.39 
241.82 324.47 1455.63 0.34 
493.48 599.05 2290.65 0.21 
181.36 933.60 861.67 0.48 
309.19 543.47 590.64 0.55 
41.16 736.71 608.67 0.77 
688.09 892.01 543.93 0.37 
76.48 708.17 1903.96 0.56 
271.02 772.94 987.66 0.48 
411.40 481.02 1134.48 0.41 
806.42 421.57 2629.29 0.35 
523.10 152.83 1459.72 0.54 
972.01 328.43 1396.50 0.37 
742.70 806.52 2235.38 0.22 
600.22 525.79 1996.36 0.55 
193.07 724.14 1637.38 0.62 
321.64 372.97 1253.36 0.28 
848.10 44.78 2153.30 0.43 
20.34 120.46 2526.14 0.42 
982.88 975.85 906.64 0.47 
368.87 536.52 1251.00 0.35 
916.12 704.36 2117.69 0.45 
970.18 412.94 1409.77 0.27 
743.70 233.03 1407.05 0.43 
186.25 166.86 1378.30 0.50 
484.17 359.72 1998.67 0.38 
752.03 499.51 648.15 0.52 
352.88 570.30 761.70 0.30 
445.70 30.01 1783.79 0.55 
540.88 381.62 2496.94 0.44 
868.05 499.84 2536.95 0.43 
78.89 575.42 1051.96 0.57 
242.80 942.56 578.56 0.48 
936.45 244.55 2600.31 0.21 
823.22 672.77 898.15 0.36 
153.91 833.55 1581.40 0.53 
227.47 998.96 1334.52 0.27 
382.82 616.71 1029.59 0.34 
844.14 778.22 1674.86 0.45 
961.27 802.85 2364.29 0.58 
381.24 769.02 1275.53 0.52 
459.31 688.70 1298.92 0.54 
975.25 803.19 1350.77 0.40 
269.50 768.73 2731.42 0.59 
844.56 83.56 1617.16 0.45 
204.19 229.60 693.95 0.59 
843.43 53.32 964.43 0.45 
500.22 861.94 1678.58 0.55 
42.63 800.99 1959.97 0.43 
69.13 672.37 1817.70 0.19 
492.01 526.32 1730.70 0.49 
104.13 704.58 869.25 0.48 
983.96 253.01 959.64 0.34 
240.99 125.47 2487.30 0.23 
77.05 430.43 1529.51 0.40 
737.61 108.79 2274.49 0.43 
13.15 904.68 1565.55 0.29 
594.06 583.28 1261.68 0.22 
891.35 688.03 1447.46 0.52 
81.68 394.24 1180.20 0.37 
488.01 132.12 2339.38 0.52 
826.19 765.34 1643.81 0.45 
136.08 273.59 1845.76 0.28 
825.78 313.48 2349.36 0.40 
820.67 920.71 2398.99 0.50 
653.08 952.91 2527.89 0.28 
94.96 275.26 1116.21 0.28 
550.84 278.22 2012.05 0.20 
73.32 717.15 980.57 0.42 
288.07 910.97 669.87 0.37 
882.69 640.43 1391.31 0.36 
989.27 565.20 1245.56 0.63 
831.70 630.73 1026.88 0.51 
